0.2800
0.2450
0.3380
0.0350
0.0480
0.2540
0.0260
0.1610
0.4900
0.5830
0.3980
0.1420
-0.1090
-0.0710
0.2070
0.1460
-0.0650
-0.1770
-0.3340
-0.4300
-0.2710
0.0320
0.1190
0.1200
0.0670
0.2110
0.2230
0.0160
-0.0080
0.0750
0.1470
0.2540
0.5730
0.7950
0.7370
0.9410
1.4750
1.9440
2.1490
2.3010
2.5530
2.2510
1.6350
1.6670
1.8110
1.6100
1.4540
1.1970
1.0020
0.8650
0.5920
0.4290
0.2880
0.0800
0.0280
0.2090
0.1060
-0.1570
-0.1830
-0.1668
-0.1506
-0.1344
-0.1182
-0.1020
-0.0910
-0.3410
-0.3650
-0.6150
-0.7030
0.0340
-0.0890
-1.0390
-1.4630
-2.1340
-2.8360
-4.4080
-5.4670
-2.5540
-3.9490
-5.2830
-3.7800
-1.9420
0.3180
-0.8950
-2.1930
-2.7650
-3.4770
-3.0050
-2.4070
-2.9320
-2.7630
-2.5980
-2.2750
-2.2860
-2.2800
-2.2170
-2.1310
-2.0600
-2.0520
-1.9010
-1.8200
-2.0550
-2.7560
-3.1530
-2.8470
-2.6570
-2.8800
-3.0830
-3.0330
-2.9720
-2.9970
-2.9760
-2.9910
-3.0510
-3.1320
-3.1840
-3.1750
-3.1290
-3.1410
-3.1370
-3.0790
-3.0330
-2.9520
-3.0490
-3.3090
-3.4260
-3.4000
-3.3150
-3.2400
-3.2470
-3.2620
-3.1870
-3.1890
-3.3130
-3.3180
-3.2900
-3.2680
-3.2780
-3.2260
-3.1510
-3.1800
-3.2940
-3.3080
-3.1900
-3.1470
-3.1020
-3.1690
-3.1510
-3.1240
-3.1230
-2.9900
-3.0130
-3.3010
-3.4300
-3.2270
-3.1150
-3.0950
-3.2140
-3.4380
-3.4460
-3.3260
-3.3050
-3.1930
-3.0900
-3.0430
-3.0300
-3.0960
-3.2100
-3.3930
-3.2100
-2.7870
-2.5270
-2.5460
-2.4930
-2.2310
-2.1240
-2.1280
-2.3190
-2.3440
-2.2250
-2.1440
-1.7590
-1.7500
-1.9030
-1.0750
-1.0540
-0.6650
3.4640
6.1600
3.2530
2.0570
3.0850
-0.2760
-4.1270
-5.2850
-7.9950
-7.6170
-3.5300
-3.9545
-4.3790
0.4730
0.8030
-3.7470
-3.2300
-1.7840
-0.6420
2.5130
4.3880
3.3000
3.0230
3.2020
2.3976
1.5932
0.7888
-0.0156
-0.8200
1.5040
0.7880
0.1220
2.6710
1.8010
2.4590
1.9460
2.4680
4.6050
6.8120
5.4340
-0.4710
-2.8330
-5.0210
-5.1110
-2.9140
-1.0790
-5.8700
-6.3090
1.0020
4.5900
2.5510
-2.0990
-2.1930
-1.3020
-0.5810
3.7780
4.1990
2.9820
5.2860
4.6170
2.9430
1.4220
0.3580
-0.4180
-0.8080
-1.0040
-0.7400
-0.7710
-1.0660
-0.5320
1.5040
4.7680
4.3650
4.2950
5.1470
2.6440
0.3950
-0.2610
-0.0630
-0.6470
-0.9650
2.2210
5.4190
9.5110
8.7690
4.3220
3.5590
2.6600
5.6550
4.9580
-0.0330
-1.5470
0.4670
2.9590
3.0070
2.1450
1.8780
-0.9310
-1.7800
1.5480
0.4990
-0.8430
1.3690
2.6150
0.0730
-0.7790
0.9320
3.4140
3.2990
1.7140
2.5550
3.2620
4.9380
6.3360
4.9570
0.8920
-1.7680
-0.4120
-0.1010
2.0040
8.3610
7.1560
5.7850
6.1550
2.8370
5.2140
9.2750
10.0880
9.1280
7.2740
6.0020
6.3880
5.0130
2.3120
1.7910
2.8510
5.7240
6.9910
7.3390
12.1520
9.2050
3.4700
0.1890
-1.2530
0.6320
-0.6250
-0.9610
0.3900
1.7850
0.1300
1.7790
4.7810
3.7290
3.0220
3.2590
3.3330
3.0270
4.0420
6.7860
4.3730
-1.3020
0.3270
5.0000
5.2700
4.4180
3.9000
1.5750
1.6870
5.1940
7.7900
6.8360
3.3840
1.6090
2.6130
4.8350
4.9940
4.3520
4.3430
4.2620
6.4990
9.3920
8.3530
4.7540
3.0840
4.6040
5.5060
2.6930
3.1440
7.5210
7.0870
5.8430
6.3190
5.0790
2.8080
4.0000
6.2350
5.4950
6.1280
8.4820
9.6270
7.8170
6.9430
7.8620
5.9320
5.6930
8.1310
10.4010
11.5310
11.2240
12.8780
16.5590
19.5280
19.6340
15.2610
14.5480
15.0890
16.4550
18.3010
15.5970
11.0190
5.3360
4.2360
7.8120
8.7850
10.8010
12.5050
18.4510
24.9260
28.6270
36.3330
41.9140
43.7060
43.8780
40.9490
39.2430
38.9930
34.3790
30.5760
40.2560
52.1570
54.0170
56.7190
57.2850
52.9690
49.3590
47.8250
47.0540
44.8470
