4.2190
5.3600
7.2830
7.6010
5.6400
3.0230
1.7350
3.8140
10.3670
11.3350
5.8770
3.7220
3.9520
6.3180
6.1110
5.3670
7.7220
7.4370
5.7360
5.5110
7.1440
7.9810
6.8280
6.6650
7.1740
7.1070
8.4890
9.1880
8.0230
7.1980
5.5860
4.3200
3.9020
4.9390
5.9310
5.6770
6.0190
6.0160
5.2850
5.9190
8.1440
10.1550
10.4640
9.0660
8.4610
8.8030
7.0120
4.7180
4.3600
4.8350
5.4440
6.6880
7.9810
8.2160
8.3120
9.1630
8.6810
8.9200
10.8680
11.0170
11.8240
8.2230
5.3490
5.4010
1.8830
0.7030
1.4500
1.7940
1.5140
5.0570
10.0190
11.7650
11.5070
8.8010
6.7570
6.5180
5.4370
4.7040
7.0990
7.4210
5.2400
4.7930
5.7340
4.6000
1.4690
2.0090
4.5030
3.8410
1.6620
2.7700
3.2650
5.3180
7.5350
6.8780
9.9800
9.6140
8.2170
8.2550
8.9810
9.1220
7.2160
5.8200
7.9640
9.3820
6.7100
6.0420
9.5460
7.4070
-0.3730
0.3860
2.3780
-0.8390
-1.7310
-0.0540
1.0850
0.4130
-1.7860
-1.8260
0.3860
-0.2460
-1.4990
-1.2860
-1.8580
1.6290
5.6810
4.9130
0.9950
-1.4250
1.7570
4.3530
5.5420
3.6860
1.8960
3.4270
5.0940
5.7100
7.2990
5.0840
-4.0100
-8.2540
-1.7100
0.0630
1.2550
-0.1190
-4.3280
0.5250
7.0470
15.4440
20.4500
21.7100
15.4580
7.6470
6.9980
7.3520
7.1850
7.1940
7.5300
8.7490
10.2020
18.0230
15.9090
10.5910
11.1130
13.6100
13.8430
8.9360
4.6810
7.7120
10.5840
11.5490
8.5700
6.1680
7.3760
8.7050
10.5880
14.8690
15.5750
11.8380
11.8590
11.6700
7.7980
3.4450
-0.9090
1.1340
4.8470
2.9500
2.6080
2.0790
2.8200
6.1790
5.3890
4.7700
10.3850
11.3120
6.3390
2.8750
5.1520
4.9420
4.9260
10.7110
11.7990
9.2320
8.6720
10.1960
7.1730
6.5940
0.1210
-7.6090
-3.8960
0.0940
2.4350
3.5050
5.0180
4.7260
5.7040
5.6370
1.7220
2.5690
-1.0100
-4.0890
-1.3940
5.4420
10.6550
7.6810
3.2780
4.8440
9.8760
4.1330
-12.3300
-17.9570
-12.7280
-5.6010
-2.0080
-6.9730
-11.8530
-6.6580
-4.9190
-5.8520
4.7550
13.7750
16.7690
7.3840
-2.7910
-9.3480
-8.7080
-0.6180
1.8200
1.8720
6.5660
14.7740
13.4120
12.0500
10.6880
9.3260
7.9640
6.6020
5.2400
3.8780
2.5160
1.1540
-0.2080
-1.5700
-2.9320
-4.2940
-5.6560
-7.0180
-8.3800
-3.9300
1.4300
2.1790
1.2230
-0.0790
0.1750
-3.0030
-4.1600
-3.5630
-10.5290
-10.3660
-1.7210
-2.6570
-6.9670
-11.7250
-14.7890
-11.7340
-7.7500
-1.9100
2.4210
0.0760
-5.8510
-6.6750
-5.2760
-8.8350
-14.2980
-16.7550
-18.5880
-16.9050
-13.9040
-18.1190
-24.0540
-28.5160
-32.6750
-35.4170
-33.2530
-28.5980
-29.2020
-28.3180
-24.9110
-23.9500
-25.1400
-27.7090
-27.5430
-29.7400
-33.6380
-35.7940
-35.7320
-33.8110
-32.9270
-33.8030
-34.4490
-35.8400
-38.3760
-39.9080
-40.8720
-40.7780
-41.4350
-42.7330
-42.8900
-40.9810
-37.3030
-34.4830
