-2.0240
-1.9590
-2.4970
-0.4200
0.8780
-1.8120
-3.3680
-0.1510
4.7640
6.9440
6.5900
4.4680
3.7410
6.1990
7.5020
8.1140
9.3000
10.3830
11.7190
12.7970
13.4130
13.5670
12.2300
10.2670
9.8530
7.1320
3.2540
-3.7210
-9.9170
-9.2010
-9.0300
-9.5910
-8.5040
-7.1790
-6.3870
-5.4820
-6.6270
-6.6410
-5.5910
-6.3660
-5.8220
-5.2330
-4.2330
-1.9220
-2.3000
-3.1100
-2.8690
-4.1820
-4.9930
-3.4960
-2.2670
-1.2690
0.4480
-0.0550
-2.3210
-3.9130
-3.3250
-2.1240
-3.3580
-3.7910
-2.4360
0.7810
-0.1180
-3.2480
-2.5440
-0.0400
0.5610
-1.6700
-2.9880
-2.3000
-1.4030
-2.5210
-4.1720
-3.7570
-2.0020
-1.5280
-1.7390
-1.2220
-3.2180
-4.9240
-3.7160
-3.0920
-3.3380
-2.5490
-3.1850
-4.8070
-4.5530
-3.9710
-3.9840
-3.3150
-2.5440
-2.7370
-3.2780
-3.5350
-4.4260
-5.1750
-5.6100
-3.7350
-1.7040
-1.8020
-3.1240
-4.0800
-2.8730
-2.1220
-2.1580
-2.8880
-2.1530
-1.8210
-2.5700
-2.4730
-2.2250
-1.9190
-2.3550
-3.0770
-3.2580
-3.1600
-3.2970
-2.8100
-1.6020
-1.8230
-2.4670
-2.5320
-2.9260
-1.8510
-0.5530
-2.1430
-3.0490
-1.8140
-1.9260
-2.4390
-2.0810
-1.0630
-1.7240
-2.1480
-0.6530
-0.3680
-2.3930
-2.6420
-0.2590
1.6440
1.8910
0.5320
0.0940
1.8710
3.9220
5.9010
7.3900
7.5840
8.0780
8.8920
8.1170
8.5540
9.3820
7.4660
6.3290
6.6170
7.0430
7.9760
8.4070
7.8490
4.7580
2.8280
3.7410
5.2360
5.7290
3.9650
2.5080
2.2170
2.2330
2.3850
2.4020
0.8000
-2.1000
-0.8900
1.9810
2.4640
3.1660
2.4110
2.5940
3.4800
1.3660
-0.8260
-1.8290
0.1630
1.3730
1.6980
0.7390
-0.8340
-0.2530
1.8200
1.6250
-0.1720
0.0920
-1.1370
-3.8000
-4.5280
-3.0160
-1.7940
-1.4480
-1.2400
-1.0000
0.9650
1.2440
1.4170
2.6390
-0.0510
-2.4420
-2.3310
-0.6910
-0.1410
-1.2150
0.5100
3.3560
3.2290
2.2680
1.1210
0.5860
3.7530
5.0510
2.7410
1.8860
1.4060
0.5870
0.0540
-1.9940
-3.3820
-1.8530
-0.7160
-1.5710
-1.3550
-0.8750
-1.7650
-1.4680
-2.0540
-2.4950
-1.2840
-0.6940
-0.3380
0.5350
-0.1560
-1.2530
-3.0770
-4.8180
-1.9300
1.3220
1.6580
-0.1050
-1.4690
-0.9800
-0.7730
0.5720
0.5150
-2.1700
-1.0270
0.9860
-0.3410
-0.7600
2.7980
1.9230
0.9840
-1.2100
-3.9840
-4.0040
-3.3140
-3.1460
-4.3660
-5.6370
-6.4710
-6.5590
-4.9970
-4.7830
-6.2960
-7.6860
-7.3080
-4.6050
-3.3210
-3.4540
-3.5910
-2.8950
-2.6800
-3.6700
-3.5950
-3.7410
-2.6690
-0.4590
-0.2880
0.4550
2.0830
0.4130
1.2780
3.1130
1.1270
-1.5760
-4.1060
-3.2980
-0.3190
1.9090
2.1040
-0.4910
-4.2560
