17.9540
17.9050
17.4890
18.6720
20.2460
19.8210
19.5490
20.2580
21.1240
21.7280
22.2890
21.4480
17.7670
13.6980
10.7820
6.5450
4.1150
4.6550
4.2590
2.1780
0.6240
-0.5435
-1.7110
-2.8785
-4.0460
-5.2135
-6.3810
-7.0680
-6.6040
-5.9910
-8.7530
-10.9710
-11.0120
-9.4090
-7.3900
-10.3820
-9.5900
-5.4260
-6.3660
-11.1630
-13.0660
-12.8660
-10.8010
-6.4060
-9.0870
-12.8540
-12.3890
-13.1020
-10.8650
-5.8750
-5.4580
-10.3810
-13.0790
-13.2130
-14.8630
-15.1720
-13.0680
-14.0260
-16.0590
-17.0370
-14.5170
-12.7870
-17.2400
-20.1000
-17.0150
-12.1580
-12.4700
-16.4450
-16.0900
-14.6700
-17.9790
-19.1800
-16.3500
-12.9650
-14.5690
-17.0770
-14.9040
-13.6270
-13.0040
-14.8540
-15.0880
-10.2040
-9.2110
-13.2420
-14.0460
-12.1410
-13.6130
-17.8020
-16.7690
-10.8220
-9.8930
-15.7210
-14.9440
-9.5520
-9.5300
-15.0170
-21.1750
-17.9390
-11.7520
-14.6280
-21.2540
-18.8670
-13.4120
-14.3630
-16.9750
-16.0770
-15.6990
-16.5020
-17.9810
-18.5110
-18.6490
-20.3770
-18.7860
-16.9510
-19.5200
-20.6490
-20.4740
-18.4870
-17.9930
-17.9640
-18.7360
-17.6720
-15.4630
-18.5130
-21.9380
-22.7690
-20.4780
-18.8490
-20.5550
-24.2110
-22.9950
-17.7160
-15.2330
-17.9120
-20.0570
-19.4450
-18.5250
-17.9140
-17.7760
-18.5750
-19.5370
-19.4740
-18.5270
-18.7120
-20.5030
-19.8610
-17.5210
-19.1550
-22.1220
-20.8960
-18.1750
-18.6960
-21.5190
-21.3120
-19.4140
-20.6450
-21.4860
-19.5860
-19.6230
-21.3720
-22.9510
-22.2540
-21.0820
-22.8600
-23.0940
-21.8440
-22.3650
-23.1710
-23.1260
-20.6510
-20.2380
-21.8070
-21.2200
-20.8770
-20.4400
-20.4100
-18.3750
-17.9980
-20.4630
-19.0680
-17.2850
-13.3880
-9.9880
-16.5760
-20.5520
-14.1940
-10.3310
-15.3640
-20.6900
-20.4390
-15.0950
-17.6080
-22.2760
-15.7720
-10.7640
-10.6870
-10.9130
-10.2420
-9.6780
-9.6080
-10.1330
-10.6080
-10.2640
-9.9410
-9.6640
-9.9450
-10.5770
-10.4950
-9.9820
-10.0090
-10.2170
-10.2270
-9.7990
-9.7330
-9.9070
-9.9490
-10.2250
-9.7400
-10.0110
-10.7140
-10.2300
-9.8410
-10.1010
-10.1500
-10.0100
-10.0570
-9.7080
-9.5370
-9.8780
-10.0400
-10.1230
-10.0530
-9.9580
-10.1470
-10.2890
-10.2200
-10.1960
-10.0960
-9.9020
-9.6480
-9.6560
-9.9440
-9.8370
-9.8680
-10.0340
-9.9730
-9.8330
-9.6450
-9.5850
-9.8090
-9.7360
-9.5520
-9.6110
-9.6370
-9.6260
-9.7010
-9.7890
-9.6770
-9.5890
-9.6190
-9.5820
-9.6630
-9.7280
-9.6760
-9.6850
-9.7070
-9.7790
-9.7620
-9.6550
-9.6270
-9.5380
-9.4600
-9.2820
-9.2260
-9.4180
-9.4770
-9.4390
-9.4580
-9.4450
-9.2660
-9.1820
-9.1560
-9.0670
-9.2160
-9.2680
-9.1230
-9.0690
-9.0190
-9.0060
-8.9750
-8.9650
-8.9810
-8.9520
-9.0000
-9.0560
-9.0180
-9.0230
-9.0590
-9.1390
-9.0490
-9.0420
-9.0230
-8.9630
-9.1530
-9.1370
-8.9940
-9.0310
-9.1290
-9.0860
-9.1200
-9.1830
-9.1730
-9.2240
-9.2110
-9.2570
-9.2860
-9.1970
-8.9990
-8.8790
-8.8980
-8.8530
-8.8020
-8.7500
-8.7425
-8.7350
-8.7275
-8.7200
-8.6380
-8.6260
-8.6920
-8.7250
-8.7510
-8.7750
-8.8070
-8.7740
-8.7570
-8.7910
-8.8930
-8.9150
-8.8210
-8.7920
-8.6670
-8.7320
-8.7920
-8.7380
-8.7170
-8.6730
-8.7300
-8.6880
-8.5840
