2.2670
2.5940
3.2640
3.4600
2.9820
2.1290
0.8710
-0.8300
-1.6510
-2.2000
-2.6490
-2.9810
-3.2200
-3.4340
-3.6560
-3.4740
-2.6950
-2.3570
-2.5730
-2.9260
-3.4410
-3.7430
-4.4690
-5.0650
-2.4490
0.6690
1.0550
1.1250
1.4320
1.4160
1.0120
1.2040
1.6690
1.7160
1.3440
0.9720
0.9050
0.6580
0.5060
0.5070
0.8690
1.5140
1.7650
1.6100
1.3870
1.0760
0.8330
1.0880
1.0350
0.8590
0.5200
0.0370
0.0760
0.0790
-0.0380
-0.0750
0.2460
0.1320
-0.5790
-0.9160
-1.6190
-2.5960
-2.7450
-2.4810
-3.0300
-4.2720
-4.9810
-4.5890
-3.1270
-1.9790
-1.8760
-2.2270
-2.5970
-2.7740
-2.6760
-2.5400
-3.0420
-3.5190
-5.7830
-8.5250
-9.1240
-9.3390
-9.9820
-10.5550
-11.0830
-10.6820
-9.5450
-9.5700
-10.0610
-10.6880
-11.0240
-10.5930
-10.2380
-10.1360
-9.8120
-9.7560
-9.9300
-9.9610
-10.0720
-10.1060
-10.7800
-13.6370
-13.4400
-9.2170
-7.4050
-8.0550
-8.9700
-8.8630
-8.2200
-8.7790
-10.9290
-12.6190
-10.4780
-9.0730
-11.0800
-14.0760
-13.5860
-10.7610
-8.9850
-8.6010
-8.8510
-9.1220
-9.0000
-9.4050
-8.6090
-6.3120
-5.1290
-6.1390
-8.2760
-8.6710
-10.6260
-13.2980
-11.0870
-9.0870
-9.0380
-6.2960
-5.7200
-9.1070
-10.4860
-9.5440
-9.7170
-11.5920
-11.2120
-10.2210
-11.8330
-11.9850
-11.1240
-10.6460
-11.0490
-11.2880
-9.2910
-8.9770
-10.9120
-11.1930
-9.7250
-10.1030
-11.6040
-11.1690
-11.4670
-12.7450
-11.1930
-8.6370
-8.7420
-10.5900
-10.5920
-9.4720
-9.2090
-10.2000
-11.4730
-11.1480
-10.1700
-11.4000
-11.3140
-6.6830
-6.7970
-8.3830
-9.0090
-8.9250
-15.7470
-16.1760
-10.4080
-15.7690
-14.6400
-10.0510
-15.6570
-17.4830
-14.3030
-14.3490
-11.9900
-9.3090
-11.2450
-14.2590
-20.8280
-23.4580
-16.4850
-12.1370
-17.4670
-21.4750
-16.6840
-12.3570
-16.9050
-21.5790
-22.2870
-18.0840
-6.9360
-13.6130
-25.2770
-18.5650
-5.3430
-9.2790
-22.8330
-22.2100
-9.9310
-4.9430
-17.9440
-19.1960
-9.4330
-11.9830
-6.6430
-7.3320
-26.1050
-26.5400
-15.0130
-9.6280
-8.0850
-1.6130
1.4090
-11.1600
-16.5560
-5.1040
-9.2630
-22.7240
-18.4050
-5.4840
-12.6990
-26.0760
-22.8330
-7.7490
-12.4450
-22.5290
-8.7170
-3.1410
-6.6040
-6.0850
-6.5930
-21.7360
-19.0940
-16.3400
-22.2810
-16.7170
-11.0410
-15.1040
-21.2070
-13.8900
0.6070
3.6470
-8.2980
-11.2100
-14.9000
-24.4990
-14.3880
-3.9590
-5.8500
0.6500
0.7830
-15.4790
-12.5390
-2.6230
-6.2940
-3.3530
-0.3160
-3.3210
-4.0000
-4.8740
-1.1910
-5.5390
-7.9310
1.1600
0.2420
-2.7090
-3.3240
-3.4580
-3.4170
-1.1090
-1.3380
-3.1030
-4.3130
-4.1990
6.4900
11.2500
11.3990
9.8620
2.1720
-0.5580
-0.0800
2.5480
0.9010
-4.2620
-11.4420
-6.9060
6.8380
7.1790
5.4810
3.7800
4.7870
2.2510
-0.8100
5.2800
5.2500
-0.5920
-0.6500
-1.1030
-1.2210
2.5820
3.6560
2.9980
2.9960
4.7930
13.3310
20.1080
20.3670
13.1350
10.4530
15.0360
10.1730
5.7730
7.4740
12.0190
16.7070
18.6540
23.1110
27.9550
30.9750
32.8550
33.6050
33.6580
32.4070
30.1940
29.8330
29.3020
28.2530
27.0650
25.3240
24.3440
22.8140
20.8090
21.9050
25.7450
27.5170
28.1530
28.4640
27.2530
26.6680
28.0100
29.0320
27.6880
27.0260
29.2940
29.9500
26.8650
