2.8390
2.7640
2.8190
2.9010
3.0010
3.0230
2.9730
2.9650
3.0130
3.1060
3.1740
3.2170
3.3080
3.2110
3.0890
3.1330
3.1930
3.2430
3.2860
3.4230
3.5900
3.9760
4.1410
4.0170
3.8100
3.6320
3.6500
3.6210
3.6090
3.5490
3.4700
3.4570
3.4890
3.4910
3.4790
3.5530
3.5200
3.3730
3.2970
3.2120
2.9630
2.7820
2.8010
2.8290
2.8530
2.5150
2.3010
2.7340
2.9840
2.8600
2.9210
3.0260
3.0210
3.0830
3.1750
2.9260
2.5500
2.6110
2.6450
2.5200
2.5010
2.6230
2.7470
2.4890
1.7140
1.2060
1.1890
1.0770
0.8570
0.6660
0.5410
0.0820
-0.6000
-1.0400
-1.2080
-1.3140
-1.2760
-1.0110
-0.8740
-0.9710
-1.1660
-1.1610
-0.9780
-0.9480
-0.9830
-0.8010
-0.6840
-0.6710
-0.5280
-0.4340
-0.2850
-0.1840
-0.5830
-0.8750
-0.8660
-0.9090
-0.9200
-0.8450
-1.0470
-1.1200
-1.1640
-1.3110
-1.1070
-1.2380
-1.1930
-1.1740
-1.2200
-1.0660
-1.5220
-2.2880
-2.7760
-2.2220
-1.3900
-0.9600
-1.1500
-1.4580
-1.1500
-1.0440
-1.0290
-0.9910
-1.0600
-1.0740
-0.8250
-0.3550
-0.0560
0.1100
-0.0360
0.2540
1.9790
3.8300
7.1430
7.1560
6.4860
9.7760
10.0410
8.8810
8.8100
7.3890
8.9010
13.9260
11.2450
5.5560
4.6400
6.4650
6.3340
5.2960
7.7330
8.7650
7.6670
6.3520
9.1140
9.2910
5.3410
6.4440
10.3140
13.5740
11.5920
9.3230
12.7970
12.1930
7.4390
11.3890
13.2300
8.4650
11.2920
11.8740
11.1620
8.7000
7.9290
8.4150
7.3310
9.2180
10.9250
7.6600
6.3570
8.9880
8.4620
7.8890
9.2820
9.3320
6.9570
7.5940
6.4140
3.8890
6.9910
8.7220
5.6110
1.4220
0.9850
4.6700
8.5630
8.5720
7.3880
6.3920
6.1530
8.4430
11.1830
10.5000
8.3540
6.5440
7.0850
9.6540
10.6180
10.7360
6.8740
4.7220
5.8380
5.9490
5.2150
3.4190
4.2280
7.3470
7.5280
7.0200
5.1920
6.4480
10.3400
8.1280
2.9380
2.7060
7.0420
7.2600
4.0390
2.9730
2.4120
7.3470
10.6260
7.9920
5.2970
2.9380
4.6660
6.0480
3.3540
2.8530
6.0950
6.8810
5.2190
4.3900
5.1190
5.9700
5.2520
4.0900
2.9920
2.4730
4.9330
6.5760
2.4300
0.3300
1.5370
1.9470
1.2930
-0.8100
-0.2040
1.8570
1.3510
0.5520
1.0220
0.4420
-1.1120
0.2370
3.2020
5.5080
6.5230
6.9520
7.5560
7.9430
8.2390
6.5890
2.7770
0.1940
0.0640
0.2500
-1.1740
1.0770
3.6680
2.8750
2.6120
2.4780
0.8490
0.3050
1.9180
2.6760
0.9950
0.6950
0.7700
0.8020
2.3930
2.7520
3.1560
0.5680
-1.0930
1.0790
2.1060
1.5960
1.3400
1.4350
0.9940
1.3480
2.5790
1.8140
1.5890
1.3000
-1.6010
-4.6490
-6.4150
-7.1030
-7.1250
-7.4090
-8.4930
-10.1000
-11.7150
-13.1560
-13.9530
-14.0840
-15.8750
-17.1750
-17.4560
-20.6200
-27.0760
-32.4190
-33.6000
-34.1410
-34.9860
-34.6260
-33.9350
-34.4800
-34.1850
-32.3520
-31.5370
-32.6360
