7.0090
6.6850
6.1020
5.4930
5.7920
6.2720
6.5070
6.6780
6.2970
5.8060
5.9050
6.3830
6.4950
6.2810
6.0190
5.3510
4.9230
5.0890
4.9060
4.8880
5.1090
5.2570
5.3690
5.3690
5.4170
5.3470
5.4150
5.6670
5.8830
5.9340
5.6460
5.3230
5.4820
4.1900
3.0550
2.0540
2.4960
3.5620
3.9020
5.2250
6.0600
5.8880
5.9860
6.0530
6.0500
6.1550
5.9000
5.6250
5.5670
5.3900
5.4410
5.6010
5.6460
5.5930
5.4810
5.7120
6.0550
5.9540
5.7250
5.4820
5.3870
5.7670
5.8930
5.8260
5.8780
5.8630
5.7390
5.6720
5.6760
5.6450
5.7230
6.1500
6.3590
6.4350
6.8240
5.7830
5.0420
6.2310
6.9230
7.3510
7.8500
7.5710
7.6860
7.7120
7.4930
7.5150
7.4440
7.2950
7.2720
7.3540
7.3640
7.3920
7.0780
6.8800
6.8800
6.6380
5.9620
5.3570
5.6750
5.6060
5.2300
4.8480
5.6130
6.2720
5.7200
5.6520
6.0380
6.0640
6.3010
6.6360
6.8300
7.1140
8.8870
10.7750
10.0770
6.4480
6.1200
9.3600
10.7790
8.5500
6.2290
10.0260
15.8910
18.1990
17.8990
17.0800
16.2190
15.6150
13.7370
9.7400
8.4530
9.8780
10.7570
12.7360
12.9810
12.9250
14.8890
13.4280
11.8760
12.5490
10.5180
6.7330
4.8470
4.6810
4.5080
4.0760
3.6380
4.0350
5.5540
7.1670
8.8710
9.8410
9.2110
8.9410
8.9320
8.4880
9.0610
9.1960
10.0080
9.7290
7.2790
8.4670
9.2330
7.3040
5.3990
5.1700
7.0110
4.8400
3.3700
7.8120
6.0830
2.6640
5.6530
5.1520
2.4640
2.6270
5.9990
9.4390
8.0990
8.8190
7.7300
5.8190
7.0020
7.1310
6.5600
6.9470
11.3410
11.3160
6.3970
7.3860
6.3560
3.9660
4.2160
7.7230
11.1200
6.7310
5.9950
10.0280
11.1760
8.7850
6.3000
5.9370
9.8000
11.6310
9.2660
7.2980
8.5130
6.9430
3.1910
2.1840
5.1140
5.5080
3.9910
4.9790
5.1050
9.2620
11.9990
9.6270
10.7450
10.1610
8.7180
7.2320
5.6550
7.1430
6.6320
4.3560
2.1630
2.1060
2.4210
2.6820
3.5910
3.2430
5.6930
6.2090
6.4600
7.6740
4.3350
1.0500
0.3120
0.3930
1.9460
5.7660
5.5160
2.0810
2.6470
3.1810
2.3660
2.1760
2.5220
2.8830
4.7400
6.0950
-0.8070
-4.5080
4.3410
4.7450
-1.0920
-1.8560
-1.2820
-0.9640
-2.1740
-2.4590
-1.2090
-0.0080
-0.3710
-4.5120
-4.0440
-1.2700
2.1320
3.8620
1.9480
-3.0800
-4.0420
-4.2340
-3.7810
1.0030
-2.3240
-12.0480
-10.0420
-1.7190
-0.7770
-8.2810
-11.2720
-6.5490
-3.9090
-2.5330
0.1210
1.6600
-5.3450
-7.5220
-4.1160
-7.6210
-9.9440
-3.6980
6.8510
3.2120
-4.8730
-7.6290
-12.7370
-15.7150
-14.1180
-10.4630
-9.4530
-9.1810
-9.3300
-10.8100
-15.3520
-21.8590
-21.6980
-18.6800
-13.3830
-8.9750
-9.4220
-8.3650
-7.0920
-6.7930
-7.6000
-8.1100
-17.5840
-16.5130
-10.1590
-8.6230
-8.7010
-8.1800
-13.3380
-13.6640
-15.5180
-17.9870
-19.2830
-18.1690
-14.7130
-12.4690
-11.6500
-11.0740
-11.9220
-13.1550
-16.0000
-19.2580
-22.0270
-24.5340
-27.9990
-30.5930
-30.2770
-29.3050
-30.6800
