8.6990
8.9260
9.3380
9.9700
11.1370
12.3810
12.6610
12.3750
12.3630
12.5750
12.4720
12.2110
11.9130
11.8180
12.1790
10.5200
7.5010
5.2130
2.9080
0.6910
-1.5170
-4.1280
-6.8880
-8.7270
-10.0750
-11.2480
-11.5910
-10.9660
-9.1430
-9.9040
-13.3110
-15.9050
-18.0570
-19.0330
-17.7840
-15.3120
-13.4630
-13.3140
-13.7070
-15.0350
-15.1930
-10.1020
-6.2160
-7.8610
-11.0780
-14.0080
-15.4660
-14.8480
-14.0960
-13.4220
-12.6320
-13.1890
-13.8860
-13.8360
-13.2990
-11.9370
-11.5270
-12.1250
-12.2530
-11.9690
-11.8050
-11.2050
-10.2790
-10.4270
-11.5490
-12.3740
-12.5490
-12.7140
-13.0840
-13.5560
-14.1230
-15.2850
-17.1300
-18.1580
-17.2590
-16.4440
-16.1240
-16.2340
-16.0030
-15.5420
-15.1940
-14.7720
-14.1450
-13.1150
-12.7730
-12.0630
-9.6210
-8.3430
-9.1820
-9.7060
-9.0640
-8.0940
-3.4960
-3.8870
-7.4960
-8.3030
-8.8620
-9.6940
-9.5670
-9.9190
-11.3950
-12.4910
-11.0610
-10.7970
-11.1460
-10.2190
-9.4820
-8.7620
-9.1830
-9.8260
-9.5210
-9.9650
-10.7310
-9.5700
-8.3570
-8.7370
-9.7100
-10.6120
-10.5620
-10.2010
-10.2820
-10.3630
-9.4560
-7.6750
-7.6080
-8.8890
-9.6560
-9.6070
-8.8010
-7.1460
-5.3740
-5.8740
-8.0490
-7.8610
-5.4110
-4.7320
-6.5200
-8.1800
-8.0820
-7.4930
-6.4110
-3.9730
-3.4760
-7.0510
-8.6330
-7.2320
-6.1930
-5.2100
-6.4740
-9.1760
-9.8520
-8.7050
-8.7650
-9.2040
-8.0610
-7.5890
-7.3100
-6.2950
-8.0760
-9.5190
-9.5160
-9.5150
-8.5600
-7.9360
-7.8960
-7.8080
-8.2940
-9.0020
-8.8140
-7.0560
-7.1600
-8.4240
-8.4130
-9.2870
-9.9280
-9.1550
-8.4890
-8.6060
-8.2440
-7.3480
-7.3420
-8.2940
-6.8520
-5.7050
-6.8330
-7.0790
-7.5800
-8.7150
-6.7040
-4.8610
-5.4280
-5.5550
-7.7930
-8.4410
-6.6510
-6.2750
-6.8280
-7.1580
-7.7290
-7.9250
-6.8600
-8.8290
-11.6300
-10.6590
-8.1340
-7.0990
-7.7990
-9.6480
-10.7610
-11.2250
-8.7990
-6.7880
-7.0470
-8.3240
-9.4070
-10.2400
-10.2720
-8.5940
-7.3050
-7.7100
-8.2440
-9.1320
-9.8280
-9.4100
-9.0170
-8.1300
-7.5080
-7.5410
-8.3730
-9.1950
-9.6440
-9.2490
-8.1120
-7.8650
-7.3940
-7.5380
-8.9060
-9.8280
-9.6150
-9.0250
-8.6680
-7.9720
-7.6710
-8.2110
-7.8620
-8.7060
-9.7890
-9.2610
-8.5210
-7.9230
-7.5890
-7.6860
-8.3300
-9.4430
-10.1860
-9.3390
-9.1860
-8.6580
-8.1280
-8.0900
-8.4010
-8.8920
-9.6100
-10.3400
-10.0970
-9.1490
-8.5810
-8.3940
-8.4530
-8.6970
-9.1700
-9.4300
-9.4070
-9.0640
-8.9580
-9.0560
-8.6130
-9.1880
-10.3930
-10.3950
-9.5900
-8.8410
-8.6160
-8.4960
-9.1290
-10.1990
-9.0630
-7.9130
-8.6330
-8.7920
-9.2670
-9.4870
-8.7670
-8.6470
-7.8740
-7.5100
-8.3900
-9.0450
-9.4760
-9.5720
-8.8560
-7.9690
-8.1160
-8.8210
-8.9660
-9.5090
-9.8290
-8.9250
-8.0670
-8.0880
-9.1190
-9.7170
-9.3310
-8.9920
-9.3380
-9.1810
-8.8790
-9.0590
-9.4130
-9.6450
-9.6300
-9.4820
-9.5300
-9.9210
-9.7360
-9.4600
-9.4440
-9.8480
-10.4350
-10.0680
-9.1750
-8.9040
-9.4370
-9.7980
-10.5070
-11.0430
-9.9510
-9.2140
-9.3630
-9.6240
-9.6220
-9.6100
-10.0790
-10.2150
-10.1680
-9.8420
-9.7240
-9.8550
-9.9520
-9.7460
-8.6100
-9.0470
-10.1480
-9.9060
-9.3810
-9.4900
-9.5890
-9.8350
-10.2740
-10.3000
-9.8740
-9.2250
-9.8930
-9.9830
-9.5950
-10.1680
-10.3540
-10.1130
-9.9850
-10.1940
-9.9100
-9.8730
-10.1050
-10.2910
-10.4060
-10.1190
-9.8340
-9.6730
-9.7460
-9.7660
-9.7420
-9.9670
-9.9180
-9.4330
-9.3010
-9.1780
-9.1250
-9.7650
-10.1120
-10.4630
-10.7470
-10.6230
-10.7450
-10.1300
-9.9880
-10.8580
-10.7120
-10.5860
-11.3020
-11.0250
-10.2260
-9.7200
-10.2940
-11.3840
-10.5010
-9.7830
-10.3490
-11.2090
-12.4480
-12.6900
-13.0430
-12.6060
-11.2220
-11.0830
-10.6270
-9.3400
-8.9840
-10.5790
-12.3750
-12.5910
-12.0030
-10.5090
-9.2200
-10.7150
-11.6750
-12.2890
-12.4340
-12.0870
-12.5450
-13.0870
-12.6770
-12.0920
-12.4980
-13.4000
-12.9750
