-5.4620
-5.2030
-5.1990
-5.2800
-5.4710
-5.7500
-5.7500
-5.5100
-5.2720
-5.2730
-5.3480
-5.3670
-5.0930
-4.8590
-4.5490
-4.1980
-4.1000
-4.2310
-4.6410
-4.8490
-4.8730
-4.8140
-4.9830
-5.1110
-4.9690
-4.7430
-4.6030
-4.5820
-4.5410
-4.5800
-4.6630
-5.8300
-9.3400
-8.8600
-5.3610
-4.9320
-5.3310
-4.9620
-7.8320
-13.5880
-12.3090
-7.1200
-5.2680
-5.2350
-5.4050
-5.3000
-5.2220
-5.1910
-5.1860
-5.0830
-4.9080
-4.7020
-4.7050
-4.7390
-4.6250
-4.3660
-4.3380
-4.2850
-3.9690
-3.9610
-4.1270
-4.2220
-4.2460
-4.1890
-4.0080
-4.2560
-4.0320
-3.7670
-4.0850
-4.4850
-4.7080
-4.6120
-4.6990
-4.6700
-4.6380
-4.3830
-4.2000
-4.3220
-4.5470
-4.7770
-4.7180
-4.6590
-4.6560
-4.5850
-4.8130
-5.0950
-5.1330
-5.1860
-5.3400
-5.3870
-5.2210
-4.9830
-4.7870
-4.9230
-5.3520
-5.3690
-5.1020
-5.1260
-5.0450
-4.7220
-4.4560
-4.7500
-5.0670
-5.3900
-5.8070
-5.5600
-5.2400
-5.3530
-5.3550
-4.9240
-4.8490
-4.9650
-4.7000
-5.3250
-5.6230
-5.3000
-5.4430
-4.9070
-4.4540
-4.6310
-4.5280
-4.4010
-4.9210
-5.5190
-7.0420
-7.2690
-5.3130
-4.1860
-4.2080
-5.5450
-9.0560
-13.1860
-14.4660
-13.1800
-10.3170
-6.3580
-4.6460
-6.3700
-9.4090
-8.9690
-5.4170
-3.9080
-3.7590
-4.3370
-5.0360
-9.2040
-8.5540
-6.5960
-4.7850
-4.6330
-6.0470
-9.9230
-14.4930
-15.7630
-14.8030
-12.5430
-7.8100
-5.0230
-6.0760
-14.0030
-16.7160
-11.3850
-5.0410
-3.8490
-4.1120
-4.1840
-4.3030
-4.8880
-4.8530
-5.0520
-5.9400
-6.1120
-6.7140
-7.8130
-9.5610
-9.4050
-5.5640
-4.4600
-7.1600
-10.1780
-13.3920
-13.8070
-8.6660
-3.5140
-3.6900
-6.8710
-10.5630
-15.4180
-15.7820
-10.0160
-6.5390
-6.4440
-6.5740
-11.9460
-17.9140
-14.3980
-8.3170
-7.9650
-5.2340
-3.5420
-9.6080
-15.1530
-16.8160
-15.2650
-12.0120
-10.4220
-8.9020
-4.9610
-0.5570
1.3250
-1.3000
-5.5330
-9.3810
-10.3000
-8.5620
-8.9290
-6.6910
-1.3220
-3.4550
-5.8040
-3.9060
-5.7890
-6.7980
-4.3660
-3.3640
-6.4100
-9.9720
-9.7330
-5.5630
-1.7680
-0.3860
0.7230
-2.8840
-8.2690
-3.5650
0.0990
-2.9330
-3.7070
-3.3270
-3.9110
-3.8600
-2.3690
1.1090
1.6460
2.1870
-0.5120
-5.8330
-0.6750
5.7240
4.5120
0.8800
-1.3980
-8.9220
-11.2200
-9.3360
-13.3500
-14.5300
-8.4030
1.2980
5.3850
6.0030
3.2790
1.7110
4.1820
0.5470
-4.3940
-4.8530
-1.5150
4.3560
-1.2110
-6.1370
-0.1780
0.4910
-4.7860
-9.8540
-13.1750
-13.6860
-13.6640
-13.2980
-0.5640
10.3320
8.0670
-6.6380
-19.9660
-16.8860
-9.1040
-1.5580
0.4680
-4.4830
-12.8910
-16.0760
-8.4550
4.5220
4.4080
-2.0050
3.5840
6.4280
3.6220
1.9920
-4.8000
-2.4400
5.8710
5.8240
-2.2310
-7.1570
-2.7230
1.0080
0.6310
-2.3930
-3.7610
-2.4740
-5.9240
-9.8600
-7.2640
-2.7610
-3.2090
0.2500
8.4510
8.3370
3.1140
-1.9450
-1.9730
-0.1900
0.3820
1.0460
-0.6100
-6.7260
-11.3960
-7.0250
0.2570
8.6030
10.3920
0.8480
-6.9530
-1.7730
6.0290
5.3660
4.4610
6.8000
7.4880
5.7250
2.4730
4.1980
6.8330
5.5180
4.8360
2.3950
4.0340
7.7130
8.4830
7.7810
8.6560
6.5620
-0.7780
-0.1010
6.8390
9.1220
10.2800
12.5310
13.3900
12.0100
11.9470
12.1240
9.2370
8.5000
9.8210
7.2420
4.9470
5.7950
8.7380
12.6550
14.9650
12.8890
11.3130
12.7850
12.2830
9.4700
9.3740
10.6390
10.0140
9.1350
10.8940
14.1050
14.8970
13.6280
12.7430
14.1300
14.7880
14.3590
13.0590
12.7810
13.0570
13.2820
13.8800
11.9620
13.3970
15.4900
12.5450
10.6400
10.3940
11.5490
14.0890
15.7360
15.2460
14.4000
13.6710
13.1460
12.2190
11.2380
10.7400
9.9270
7.6540
5.1160
5.3880
5.7130
3.6070
1.6490
1.0480
0.4000
-0.7790
-1.1510
-1.2700
-2.4550
-4.9370
-6.2650
-4.6540
-2.6550
-3.5940
-4.7270
-3.5660
-0.7510
-1.1140
-4.9300
-5.6820
-2.5030
