10.1000
9.0850
8.7300
8.3010
9.9000
12.2170
12.3950
12.2600
12.7520
13.5610
14.0780
15.0110
16.5510
16.9430
15.7680
14.6360
13.6160
12.5870
12.5320
13.9690
15.8760
15.8610
14.8830
14.5950
14.7380
15.4520
16.0580
16.5640
17.1370
16.8580
15.5930
15.0450
15.5250
16.9560
17.5420
16.1850
16.6250
16.8320
10.1160
-5.5090
-15.9130
-16.3000
-11.6280
-4.7950
-4.5620
-8.0260
-6.8170
-2.1090
1.5700
3.6340
4.8850
2.4130
1.0230
4.7230
1.3260
-6.9220
-3.2830
3.9470
4.5060
4.4360
6.5660
8.7910
8.9610
3.7360
-1.2950
-0.3520
0.3310
1.2500
1.5220
1.3030
2.7910
4.7760
7.3500
9.1330
10.9250
11.3140
11.3410
9.8700
9.5020
10.0250
8.8650
8.6880
10.6310
13.7660
16.8790
18.2820
17.8820
17.7480
16.2960
13.4990
12.2110
11.5350
11.1840
11.8960
12.3350
12.9200
14.8400
16.2930
16.0740
14.6200
14.1480
14.4820
13.0350
10.9020
9.3340
8.1380
8.2050
7.8490
6.5590
5.1580
3.4110
1.7160
0.4620
0.2730
0.0900
-0.9570
-1.4580
-1.8530
-0.9620
0.6040
0.4350
-0.8660
-0.5170
-0.3760
-1.4910
-1.6860
0.1880
2.8320
2.3270
-0.5110
-1.2670
-0.3470
-0.3330
0.0130
-0.9270
-2.7550
-2.5760
1.1290
4.6600
4.8730
4.8260
4.0860
1.7040
0.6230
2.3260
4.7650
4.1890
4.4370
7.0690
6.9180
5.4920
3.7790
2.3170
2.8450
4.0860
4.0080
2.8370
2.0030
2.4850
2.0810
1.0830
2.6570
3.7000
3.6280
2.8310
3.4070
5.6000
6.0830
4.1930
2.8910
3.0270
3.8770
4.2020
3.1080
2.7980
3.1240
3.4310
2.9460
3.3200
3.7320
3.5320
3.1720
2.3860
2.9180
3.3370
3.2130
3.6640
5.3100
5.4550
5.4710
5.5900
5.6070
5.3380
4.5840
4.7350
5.3080
7.1700
8.2030
6.0540
2.7660
0.3830
0.7990
3.2070
4.2320
3.6330
2.4980
2.0420
2.2130
3.1840
4.6810
4.6460
3.1110
3.6030
4.4320
3.4620
4.1590
3.7080
1.9060
1.2910
0.5430
0.0300
-1.0290
-1.6300
0.2960
1.7030
2.4090
2.8030
1.9380
1.0700
0.8790
0.6910
0.1400
-0.6250
-0.7520
-0.0480
1.0470
1.0190
-0.1120
0.3510
0.0580
-0.6230
0.3200
0.3980
-1.6810
-1.2300
0.7830
0.4350
-2.1170
-4.1730
-4.4690
-4.0060
-3.2220
-2.2850
-0.1600
0.8320
0.4270
0.5700
0.1780
-1.4680
-1.3550
0.6320
1.0350
1.4360
1.5170
-0.4820
-0.7030
0.9160
1.3930
2.1390
1.5700
0.3990
-0.6590
-1.5180
-1.5790
-0.4650
0.3460
-0.8240
-1.0160
-1.1110
-0.9720
-1.0550
-1.7440
-2.7930
-2.9530
-0.9680
-0.0790
0.3620
0.1100
-0.5160
-1.4000
-1.7910
-1.3230
0.0570
-0.2750
-1.5720
-1.2920
-2.4200
-2.7400
-1.8750
-2.4630
-2.3100
-2.3070
-1.6440
-0.8280
-1.9380
-2.8580
-2.9560
-3.5840
-4.3030
-4.8760
-5.6310
-4.3370
-2.3770
-2.0900
-2.7410
-2.4610
-2.6230
-2.7690
-3.0830
-1.7620
-0.2390
-1.5540
-2.0190
-2.9850
-3.5830
-3.1130
-4.1100
-4.9220
-3.6850
-3.6980
-5.1330
-4.4140
-2.6310
0.5150
-0.4960
-3.7880
-4.6760
-7.1050
-8.2000
-9.8040
-9.9980
-8.8100
-5.1970
-3.3020
-8.0750
-8.3630
-2.8360
-0.1140
-1.6110
-1.6370
-2.0420
-1.9430
-4.8430
-5.5300
1.3630
4.0430
5.6010
9.8840
8.0490
-1.7190
-7.4060
-7.9180
-7.5390
-8.1940
-8.7730
-2.8040
4.4150
2.0340
-7.1960
-9.9260
-7.5600
-7.7640
-6.5670
-2.1230
-1.5850
-6.4290
-9.6690
-11.2360
-9.6080
-5.0030
-5.2040
-9.9080
-12.6600
-7.9260
2.0510
4.1260
2.9880
-0.4220
-5.9290
-9.4180
-10.2960
-7.4610
-4.7090
-6.4020
-10.9800
-7.0710
-5.3960
-9.1520
-12.9130
-15.5430
-9.3910
-5.5480
-7.7300
-8.0710
-10.9350
-8.9560
-9.0880
-9.6130
-8.7710
-11.5690
-11.6020
-8.6940
-5.5880
-5.7550
-7.0810
-7.6440
-5.9580
-2.4110
-0.3630
-1.1000
-1.9780
-4.8180
-12.3200
-15.1610
-7.8860
-0.6070
-8.7450
-16.8830
-13.5600
-12.5980
-15.9160
-18.7410
-12.9665
-7.1920
-10.3880
-13.2230
-14.3330
-12.6800
-13.1810
-15.6770
-17.0520
-13.9930
-7.2510
-3.7470
-7.6480
-12.8870
-13.6220
-15.2790
-16.7100
-14.0900
