18.2230
20.3080
19.7240
16.8120
7.3150
5.4860
7.8370
5.3200
5.5280
6.3340
3.3690
0.7490
-0.6580
0.2800
4.0190
7.6150
6.8010
4.6000
6.7900
10.2230
10.2620
6.9920
1.6590
-0.1880
-1.4600
-1.6470
-1.3930
-3.0380
-2.7490
-3.1070
-9.4120
-16.7810
-17.2420
-14.1710
-12.1800
-9.7070
-3.4050
-9.5950
-13.8550
-11.4170
-11.7410
-9.1250
-8.1660
-4.7880
-3.6210
-9.0290
-8.6810
-7.9820
-12.9190
-14.0640
-10.4160
-12.0860
-14.7950
-9.3280
-5.0660
-2.1700
-6.0980
-10.7910
-13.7190
-17.2670
-19.2680
-20.3050
-21.7000
-19.6110
-16.7700
-20.2630
-15.4630
-7.2470
-9.6510
-10.8270
-7.4160
-7.7310
-10.4400
-12.4290
-13.5700
-14.9550
-13.7510
-14.0910
-13.5600
-13.4960
-18.8050
-18.5660
-12.2010
-15.4170
-19.9190
-15.4840
-13.4870
-13.6290
-11.1280
-10.7750
-9.9420
-7.5180
-3.7660
-6.6990
-12.5840
-8.9990
-6.7350
-9.0280
-14.2340
-14.8760
-10.3240
-9.0890
-10.7170
-12.4090
-11.7090
-10.1580
-6.7410
-4.8000
-7.4370
-12.4890
-9.3350
-6.8670
-8.1140
-8.4500
-8.8900
-10.4610
-11.8610
-7.9580
-6.3810
-14.0200
-16.2050
-8.4860
-9.6070
-15.4300
-14.2510
-12.7030
-14.3980
-18.4410
-18.1950
-15.0840
-14.8690
-17.5300
-21.9470
-18.7250
-15.7640
-17.5780
-15.4530
-11.6290
-11.9470
-10.7580
-9.3240
-13.6280
-13.2160
-9.5810
-16.1200
-19.6240
-10.4100
-5.6740
-10.7240
-11.8520
-9.2670
-12.2270
-15.8840
-16.7470
-14.3090
-13.3960
-17.5800
-16.5280
-12.4120
-13.7860
-15.9170
-14.8360
-13.2650
-16.9490
-19.3650
-16.0300
-12.2940
-11.8100
-11.8160
-9.5320
-12.5340
-16.9350
-13.8870
-11.5630
-14.4730
-14.6210
-11.2690
-12.1050
-15.2810
-12.5770
-10.8990
-14.2430
-16.5770
-13.7980
-16.1690
-24.0410
-24.0190
-18.9330
-14.8390
-10.0600
-6.8730
-5.9760
-12.7820
-22.0270
-15.9320
-9.7410
-13.8260
-11.8540
-7.6700
-3.6230
-5.8830
-12.2910
-7.5450
-7.1070
-10.2870
-9.0430
-9.4560
-11.8640
-11.6790
-11.6830
-8.9000
-4.9350
-7.7480
-7.5020
-5.8520
-9.1820
-9.7980
-8.6670
-9.7220
-11.6210
-11.1570
-9.4690
-10.7490
-12.3810
-11.7590
-12.0390
-13.1820
-11.5630
-9.7970
-11.0850
-12.4690
-11.0640
-8.9680
-10.4620
-11.7540
-11.0710
-13.2750
-13.5860
-10.4200
-8.6810
-8.6070
-9.5010
-10.7410
-10.4740
-9.3160
-8.6230
-8.8320
-9.0380
-8.9630
-8.9910
-9.1720
-9.0480
-8.7080
-8.8460
-8.4210
-8.4030
-8.7620
-8.9770
-8.9660
-8.7670
-8.6900
-8.3590
-8.7340
-8.8810
-8.2160
-7.9920
-7.7420
-7.4270
-7.5260
-7.1790
-7.2270
-8.0440
-8.3410
-7.2370
-5.7890
-5.2120
-5.3670
-6.2080
-6.6830
-6.4640
-6.0070
-5.6010
-5.4220
-5.4330
-5.0610
-5.2730
-6.0700
-6.5690
-7.1290
-6.6270
-6.8130
-6.9840
-6.7020
-6.6720
-5.3710
-4.7060
-4.9590
-5.2100
-6.0860
-6.6850
-7.1990
-6.9240
-6.8460
-7.4130
-7.3230
-7.2920
-7.0380
-6.6920
-6.7760
-6.9490
-6.6790
-6.6710
-6.6150
-6.2740
-6.0260
-6.3530
-7.2730
-7.4700
-7.4670
-7.8360
-8.0160
-7.9920
-7.7780
-7.8100
-7.9840
-7.9000
-7.8140
-7.7500
-7.5400
-7.6070
-9.5180
-9.8180
-9.1650
-9.1500
-8.2530
-8.4680
-8.3930
-8.4080
-8.9650
-8.1400
-7.2920
-7.5350
-7.6260
-7.9250
-7.6280
-7.2660
-6.9390
-7.4590
-9.2590
-9.9000
-9.8980
-9.5590
-9.2020
-9.3880
-9.3720
-9.0590
-9.0330
-8.9480
-8.7670
-8.8760
