5.3190
5.2410
5.1080
5.2390
5.4230
5.3590
5.3110
5.5070
5.6480
5.6710
5.5840
5.2980
5.0000
4.8940
4.5200
3.7640
2.5980
2.3520
2.5440
2.1760
3.0090
2.6250
0.9630
-0.0850
2.3130
2.7590
0.8660
1.1440
0.5420
1.8360
2.7610
1.3990
1.2230
0.6630
-1.8590
-7.2440
-10.4010
-5.3590
-1.4160
-3.2550
-6.5230
-8.7940
-8.9900
-10.3800
-10.1620
-6.5450
-5.2180
-5.2160
-7.3060
-13.5390
-15.9150
-13.4590
-11.2550
-9.3980
-9.2760
-7.6290
-3.9570
-1.9010
-1.7530
-6.1070
-8.1430
-8.3180
-8.0790
-4.5120
-3.4100
-3.4200
-2.0950
0.4300
2.0420
0.3530
-1.8360
-2.4640
-4.2970
-3.9120
-2.8120
-4.0400
-3.3280
-2.3800
-3.9550
-5.2630
-5.3120
-5.2990
-3.9460
-5.1640
-8.0120
-5.7000
-2.2200
-0.4020
-0.8060
-1.7800
-1.1270
-0.1820
1.5380
2.4560
0.5400
-3.2460
-5.1920
-5.0430
-5.6870
-6.4700
-7.4270
-9.5120
-9.9370
-9.5030
-9.9880
-10.3200
-9.7990
-9.2660
-8.7160
-7.9200
-8.9810
-7.7010
-5.6020
-5.7780
-5.4440
-4.5240
-4.0650
-4.4750
-4.5030
-4.3430
-2.4950
-3.6120
-7.4280
-8.7920
-7.0970
-5.0030
-6.0120
-6.8180
-4.3460
-1.4690
0.9980
3.6810
4.9500
5.7710
2.6400
-0.5100
-1.5950
-1.5670
-0.1490
0.4640
-0.4160
-0.5760
0.0640
-0.5300
-0.8790
-1.7880
-1.7120
-3.1560
-4.2550
-3.6720
-4.9220
-4.1190
-3.4690
-4.9030
-4.4730
-2.3140
-4.0120
-6.3690
-8.3750
-8.1390
-2.2910
-1.1280
0.8590
2.3950
-0.3110
2.2140
2.4580
1.6610
-2.2600
-8.8370
-8.9960
-6.0380
-3.8370
-4.3240
-5.6390
-6.5570
-6.6190
-5.7820
-6.3430
-5.2430
-5.3570
-5.9470
-5.3030
-6.7250
-6.2210
-4.6030
-2.9460
-1.3740
-1.8150
-4.8090
-7.1580
-8.6620
-8.7860
-5.7390
-3.3940
-2.5620
-2.4560
-3.9120
-7.2140
-9.7270
-10.6600
-9.2810
-9.1840
-9.5480
-9.5840
-9.7350
-6.8860
-6.7080
-9.3470
-6.9490
-4.5337
-2.1183
0.2970
-1.0920
-6.8360
-9.7930
-6.0750
-3.1100
-3.7420
-5.6550
-6.7920
-3.4330
-0.8110
-3.0290
-0.2740
4.7340
5.1560
1.6340
-2.5820
-0.9340
0.6960
5.0910
9.1250
9.0040
5.6420
2.2540
2.8630
1.2440
-0.0370
-0.3760
1.3110
3.1380
2.2970
2.6850
6.2180
7.4620
3.6100
4.9060
6.2570
5.6780
4.9250
2.8850
3.9160
3.0490
0.7280
-4.8530
-6.9180
-4.6040
-3.3770
0.9730
5.7060
5.1500
2.9440
0.1000
0.4260
5.1390
10.6560
10.5830
5.0870
4.9790
7.0740
4.2200
5.2440
9.6190
5.7720
-0.0580
1.0630
5.8780
5.7540
-3.2780
1.1600
5.8940
4.1900
2.9310
2.1360
1.0700
-0.3330
-3.2270
-1.5930
1.2310
1.7450
5.3020
5.1290
-1.1400
-4.8480
4.3740
7.0090
0.8720
-5.3500
-8.1510
-7.0960
-10.0220
-13.7940
-13.9500
-12.2550
-13.2040
-14.6570
-14.0420
-12.9630
-12.7120
-12.9600
-12.9370
-15.3970
-14.3880
-12.0770
-14.0020
-14.5100
-12.7200
-11.6000
-12.2380
-12.1910
-11.5530
-12.8620
-14.7440
-14.1010
-11.9090
-9.9930
-8.0750
-5.1140
-5.7990
-6.5260
-4.3710
-2.9720
-1.5910
0.3320
-1.8310
-6.0370
-7.3480
-5.3250
0.6540
1.0190
-3.7770
-5.3080
-7.0280
-8.8930
-4.8150
-3.9650
-2.3410
-1.6740
-1.9470
-3.6460
-11.4000
-11.4730
-9.6520
-10.2890
-13.5230
-19.3920
-21.4210
-21.5880
-22.8100
-20.4890
-13.8720
-11.5560
-14.4420
-16.6170
-18.1130
-16.9280
-17.0910
-18.6680
-21.8960
-27.1700
-31.8460
-34.3210
-33.7470
-31.1530
-28.1320
-26.4150
-25.0510
-23.1160
-22.8130
-24.4990
-24.7540
-23.7880
-23.8810
-24.4240
-25.8510
-26.4700
-24.4020
-24.1450
-25.2390
-24.2240
-23.7800
-23.6900
-23.6630
-23.2330
-20.3540
-20.9270
-24.6230
-25.3920
-25.4090
-25.1460
-23.9220
-23.8470
-24.7610
-25.0890
-24.5560
-23.6950
-23.5280
-23.8390
-24.1700
-22.5260
-21.5190
-23.4380
-23.8710
-22.9420
-21.4270
-20.9650
-23.4490
-24.3150
-22.0500
-20.5380
-19.8730
-18.2860
-15.3790
-14.0490
-14.8920
-15.3030
-15.4910
-16.4170
-17.4010
-17.8520
-19.1300
-19.6930
-19.2970
-20.4050
