4.7510
5.1780
5.1270
5.3860
5.4740
3.8870
1.7840
1.6620
1.8970
1.7760
1.7670
1.2960
0.8370
0.8880
0.6870
-1.0020
-0.9210
-0.2760
-0.5980
-0.2980
0.7860
0.9080
1.1840
0.8660
0.3990
-1.1880
-1.8370
-0.3190
-1.4660
-2.5360
-2.7880
-2.8390
-2.0270
-1.1360
-1.0360
-2.9360
-2.4370
-0.5920
2.7120
1.6790
-5.8820
-9.0380
-8.3480
-8.3060
-9.2530
-8.2320
-3.8960
-3.7080
-6.4690
-4.0830
-1.2220
3.0730
-0.1810
-7.4050
-4.8060
-3.7590
-5.9410
-7.7100
-7.9140
-5.0440
-2.0430
-1.6180
-5.1840
-6.3170
-3.5880
-5.4480
-8.0350
-7.6930
-6.6690
-4.8710
-0.2520
0.7830
1.8110
6.1040
3.4290
0.0380
0.4260
-0.0970
-1.8630
-0.7910
-1.1810
-2.6450
-2.5510
-1.8190
-1.2540
-1.8770
-2.6000
-3.9770
-4.1250
-3.9320
-4.5870
-3.0530
-2.4540
-3.9270
-3.2690
-2.0030
-5.0510
-6.0530
-4.7760
-4.3930
-2.5740
-1.0470
0.2060
-0.5080
-1.4250
-0.9900
0.6750
1.2150
-3.6720
-9.0690
-9.5440
-8.1330
-7.7800
-7.8210
-6.4630
-4.3880
-1.5450
-3.6430
-7.0260
-6.8670
-7.2160
-4.8530
-2.9830
-0.8510
0.3560
-0.0620
1.8390
3.1810
5.5640
6.6190
2.5570
-1.0240
-3.2650
-4.3740
-3.3040
-1.4310
1.8490
2.0820
-1.1360
-0.1260
0.5030
3.0080
3.9850
-0.3780
-0.3370
1.6120
-0.2470
-1.9030
-2.9500
-2.0290
-0.8930
0.3840
2.8790
-0.1900
-5.1390
-5.6460
-3.5000
-3.4310
-3.2810
-1.4650
1.4570
-0.2150
-4.8780
-5.3510
-3.9810
-1.4000
-1.5630
-3.0300
-0.6910
-0.0640
-2.3950
-8.3640
-12.6160
-11.6320
-10.3310
-3.8140
0.3370
-1.9010
-3.1740
-4.2400
-2.9250
-3.2330
-5.8180
-4.3040
-3.6480
-5.9660
-5.5200
-4.3670
-1.6430
2.2950
4.0610
4.7320
0.9810
-3.9180
-4.2960
-2.9600
-4.4390
-5.8750
-5.4700
-4.3410
-5.1870
-7.2590
-6.8490
-2.8350
1.5910
4.5440
7.4860
8.0790
7.9200
8.7620
8.2610
6.7340
7.1200
8.2740
8.0900
7.6440
7.8490
7.7040
7.4240
7.1860
7.1740
7.4650
7.4960
7.1940
7.1670
7.8780
7.9440
7.7680
7.8450
7.0690
6.7740
6.6680
6.7790
7.3140
7.2200
7.2710
7.3720
7.2520
7.6770
7.8710
7.2480
7.5650
7.8710
7.2950
7.1050
7.3070
7.4310
7.1850
6.9540
6.9360
6.9840
7.4770
7.4980
6.7670
6.6490
7.3790
7.7950
7.2460
6.6880
6.6150
6.3950
6.2660
6.6150
6.6060
6.4010
6.5300
6.9160
6.4750
5.1840
4.2890
1.0050
-2.4160
-1.7120
1.7870
5.5590
6.3030
4.4810
0.5570
-2.7450
-0.8370
2.7030
-2.2780
-5.7390
-0.0640
5.2710
6.1420
6.2700
7.0710
6.9840
7.3050
7.2310
6.7610
6.6840
6.4620
7.2170
7.8940
7.5160
7.3890
6.9430
6.5980
7.4970
7.0350
6.9640
7.5330
7.1910
6.4620
6.1720
6.1060
5.8400
6.7200
6.1820
5.0490
5.7780
6.4280
6.0350
6.0740
6.7050
6.7980
6.1760
5.9380
6.5260
6.2470
6.2850
6.8510
6.6100
6.3910
5.8920
5.4920
5.9410
7.0840
7.8520
7.5310
7.1910
7.1750
6.6390
6.8480
7.2870
6.8280
6.0050
6.2270
5.7360
5.3820
6.0650
6.6760
6.6890
6.1150
5.7530
6.1630
6.6760
6.6040
6.4700
6.9060
7.2160
6.6200
6.2380
6.9130
7.3250
7.5390
8.3920
8.6050
8.4970
8.5350
8.8080
8.2910
7.8790
8.7900
9.5290
9.8610
10.0830
9.9210
9.3160
8.7900
8.8890
9.2370
8.8610
8.5710
8.9900
9.3790
9.6730
9.7600
9.7910
9.9950
9.7870
9.3310
8.9780
8.9150
9.4710
10.5140
10.5900
9.8790
9.6370
9.3770
9.3830
9.7660
9.8260
9.6460
9.9420
9.8970
9.2770
9.1890
9.6860
9.7950
9.9350
9.6830
9.4870
9.9200
10.1050
10.2310
10.3230
9.7820
9.4030
9.6400
9.8690
10.1600
10.4970
10.7580
10.7890
10.5350
10.4710
10.4950
10.6840
10.8400
10.8200
10.8530
10.6780
10.6780
11.0010
11.2910
11.3850
11.4130
11.3430
11.2960
11.4740
11.6520
11.7360
11.8060
11.9240
12.0270
11.9530
11.8870
11.7290
11.5010
11.4780
11.5340
11.9130
12.2940
12.2930
12.2900
12.3860
12.5930
12.7420
12.7040
12.6680
12.4770
12.3640
12.5890
12.5030
12.1010
11.9650
12.3390
12.8470
13.1130
13.3060
13.4770
13.9000
14.3590
14.4840
14.7750
14.9900
14.9780
15.0900
14.8330
14.5040
14.7080
14.8720
14.7820
14.8990
15.1670
14.8200
14.0120
13.1900
13.2840
13.7120
13.8690
13.5960
13.2880
13.5750
13.4790
10.1160
1.8930
-5.8560
-5.0610
0.9730
2.5440
-1.5160
