-3.3660
-3.3820
-3.6550
-6.5640
-11.5150
-12.8290
-11.8230
-11.3030
-9.9380
-8.6670
-8.7300
-10.1230
-10.7230
-11.0420
-11.5030
-11.1470
-11.1140
-11.4360
-10.4090
-10.1150
-10.0670
-9.2010
-9.7620
-9.3670
-9.9860
-10.2930
-10.1300
-10.3210
-9.9450
-9.5660
-9.1070
-9.2820
-9.1880
-10.1210
-10.8330
-10.7323
-10.6316
-10.5309
-10.4302
-10.3295
-10.2288
-10.1281
-10.0274
-9.9266
-9.8259
-9.7252
-9.6245
-9.5238
-9.4231
-9.3224
-9.2217
-9.1210
-9.0203
-8.9196
-8.8189
-8.7182
-8.6175
-8.5168
-8.4161
-8.3154
-8.2146
-8.1139
-8.0132
-7.9125
-7.8118
-7.7111
-7.6104
-7.5097
-7.4090
-8.2350
-8.5690
-8.3560
-8.4660
-7.9320
-8.3390
-8.3820
-8.5520
-9.1470
-8.1230
-7.5450
-6.8430
-5.9420
-5.5840
-6.9450
-8.8950
-8.8550
-7.7670
-7.5210
-8.2990
-8.2980
-8.3680
-9.3890
-9.1960
-7.5970
-6.7870
-8.1670
-10.3630
-10.5760
-7.7630
-7.5850
-7.5820
-5.8040
-6.6160
-7.8880
-9.5720
-10.6740
-10.4660
-9.9360
-7.9840
-5.9640
-5.3770
-5.3080
-5.4880
-5.7350
-6.3810
-6.5430
-6.4460
-7.0810
-8.5530
-10.0310
-9.6360
-9.5410
-10.8150
-10.6180
-7.3880
-3.3660
-2.8990
-6.0310
-9.5230
-9.4720
-6.7900
-5.8390
-6.2830
-9.1580
-10.4970
-8.5500
-6.7040
-5.4880
-7.9880
-9.3230
-9.8640
-9.2770
-7.9300
-4.8120
-2.6260
-2.3310
-1.6300
-3.7240
-4.7920
-4.9700
-4.6620
-4.2590
-1.7650
-0.5510
-1.1090
-2.0370
-2.6940
-3.8890
-5.3280
-5.3490
-5.9820
-6.4630
-5.4890
-4.5810
-1.6440
-0.6030
-2.2820
-4.7850
-6.1980
-3.7300
-2.5800
-4.4570
-2.3770
0.4500
1.5330
2.2860
2.1020
3.7640
5.5170
3.3240
-0.2000
-1.8940
-2.0460
0.1940
1.0660
1.5090
2.1700
1.1760
0.9750
1.1110
0.4670
-0.3280
0.0890
0.1790
0.4220
1.5000
2.3240
3.1560
3.2870
2.5330
2.7630
3.4410
3.1260
3.4850
3.6690
2.4290
1.9580
1.7910
2.3860
3.1370
2.7880
2.9680
2.6250
1.7730
0.0490
-1.7990
-2.9750
-3.8390
-2.7170
-0.8220
-0.9140
-0.9870
1.0960
2.4100
0.8630
0.4820
0.1950
-2.3600
-2.1510
1.8110
4.0180
2.9600
2.6410
2.2180
2.0810
1.7500
1.6410
2.3360
0.6900
-3.4520
-6.4740
-5.7450
-3.6600
-2.5910
-1.1670
-0.6110
-0.1520
1.0450
1.3720
1.9470
2.3480
3.2560
1.7120
1.6010
3.6370
2.7820
1.3540
1.3760
2.2380
4.3680
5.8080
6.2900
6.9920
7.8240
8.5890
9.8700
11.1570
12.6150
12.6100
9.4570
6.0120
5.0050
6.3800
7.0720
7.5720
8.0860
8.8400
8.1860
5.8070
5.0130
5.4110
6.6550
8.2230
9.0190
8.8640
7.9560
8.3670
8.3210
7.5740
7.8040
7.4370
8.0190
9.3770
9.6240
10.0950
10.1490
9.2290
8.6200
8.5320
8.2360
7.7670
7.8490
7.5090
6.6870
6.6240
7.4560
8.2720
8.7350
7.8860
6.2220
5.6190
5.0340
5.9160
8.2600
10.0730
11.2490
10.9070
9.0600
7.6740
7.7200
7.6240
7.2770
7.3920
7.6370
8.0610
9.0260
8.9480
7.9150
7.1590
6.7900
8.1050
9.0580
8.7180
8.1620
6.2010
4.7970
5.8350
8.1980
10.2180
10.8220
9.7010
8.0260
8.0000
8.9240
10.4200
11.5950
10.5820
8.1580
8.4360
10.0310
9.7830
9.2670
9.9230
11.2150
12.1820
12.0360
12.1390
12.6900
13.1170
13.0500
12.8140
12.9770
13.4880
13.7920
13.8600
13.6370
13.3660
13.4770
13.4030
13.4630
15.3720
18.1990
20.1930
21.6130
22.8640
23.4950
23.3190
23.5960
23.1650
21.9590
21.6800
20.8960
19.2030
17.3110
15.8010
14.8720
14.5810
12.5330
8.6810
7.3440
7.2940
7.7860
9.0300
9.2010
8.2520
8.3460
7.4200
5.2870
3.1190
2.4030
4.3430
6.0310
7.6170
8.8960
9.0770
9.0000
10.1060
10.6000
9.7300
9.7580
10.5610
11.4030
12.7170
14.0980
14.4940
14.4130
15.1240
16.1340
16.3850
16.0810
