31.9290
31.7090
31.4780
31.4390
31.5370
31.7260
31.6570
31.0610
30.5140
30.3870
29.9980
29.4680
29.1960
28.9710
28.6890
28.4560
28.0850
27.2580
26.6420
26.2620
25.8780
25.3570
24.8720
24.8100
24.5070
24.2790
24.3110
23.9620
22.9170
21.8200
21.9570
22.6410
23.1390
23.8210
23.6540
22.9040
22.5800
22.1450
22.0260
22.3380
22.2480
21.6630
21.4820
21.6880
21.0670
19.8210
19.2410
19.5580
20.5720
21.2350
20.8080
20.8610
20.7530
20.0000
20.1900
20.6330
20.9740
21.1430
21.0223
20.9017
20.7810
20.6603
20.5397
20.4190
19.6120
18.9630
19.1940
19.5800
19.5720
19.6790
20.1060
20.3600
19.4870
18.1480
15.5880
14.9380
13.4460
11.0310
13.1140
13.8020
13.6960
14.7430
14.4350
13.8300
13.2670
13.9360
14.5670
14.2820
14.2780
14.6680
14.2730
13.9280
15.3010
15.1140
13.1640
14.2270
15.8120
14.6560
14.4640
15.0090
15.2280
15.7740
15.6260
15.3530
16.1430
16.2710
14.8130
14.0850
14.4550
14.4840
15.1150
15.5090
14.6560
14.6830
13.8600
12.9570
13.3370
12.8760
12.3700
12.0830
11.9660
10.0470
8.6960
10.5810
11.2500
11.5110
11.3120
7.7460
6.6000
7.5180
7.6100
8.4100
8.1660
6.4990
6.4450
7.7100
9.8890
8.9520
9.1400
9.7570
11.3210
12.5000
11.9940
12.2840
10.1790
8.5550
8.9930
6.2320
0.8930
-5.0050
-9.2790
-5.6730
-6.1620
-11.8880
-12.1000
-9.8950
-9.2350
-12.0940
-9.2730
-6.8810
-4.2930
0.7220
7.5580
8.0970
0.1630
6.0710
13.3340
6.8890
5.1190
11.2480
11.7800
7.2220
2.0850
2.2810
0.9230
2.4970
4.4190
-0.8190
-2.5330
1.2500
2.2300
3.2760
5.2600
8.5320
10.8460
7.7910
6.7550
9.7710
10.6240
8.4830
6.9080
7.5520
12.0520
8.7350
8.5390
13.2400
10.7130
7.6510
11.6340
11.7010
8.5450
8.5350
8.3220
8.1370
7.6100
7.2440
7.2950
7.5470
7.1440
7.0330
7.9830
9.0560
8.9980
8.0500
8.0130
8.6930
8.6940
8.2730
8.7050
9.0450
8.8960
8.8340
8.9940
8.8870
9.1760
9.7490
9.8740
10.4170
10.9640
11.1120
13.8790
16.7100
17.1610
17.0300
17.5050
18.3160
17.5000
15.4650
15.4150
15.0630
10.6920
7.7620
7.7430
7.4710
6.5770
6.3020
6.0560
5.1430
4.7050
4.7980
4.8020
4.8200
4.6290
4.3630
4.0560
3.1120
2.5980
2.7650
2.8010
3.1100
2.7310
2.1010
2.5800
3.8260
4.5960
4.7430
4.5940
4.1800
4.1000
4.5410
4.7380
4.4630
4.3660
4.4740
4.6570
4.5870
4.1510
4.1570
4.2370
4.0200
3.7180
3.7010
4.4230
4.6800
4.1690
4.1640
4.5030
4.7530
4.7510
4.7150
4.9670
5.2890
5.4780
4.9790
4.8250
5.2840
4.8960
4.3950
4.0490
3.2650
2.3270
1.9710
2.4970
2.6170
2.1160
2.2240
2.9320
3.0440
2.7490
2.5400
2.4160
2.4720
2.5500
2.8900
3.6240
4.3430
4.4420
4.3220
4.3280
4.2520
4.4760
4.6410
4.4970
4.5190
4.5670
4.5770
3.9940
4.0250
4.9200
4.1180
3.1730
3.5630
3.3830
2.9670
2.7760
2.6010
2.7960
2.9670
3.2740
3.4430
3.1880
3.0060
3.1420
3.1080
3.0070
3.5840
3.8590
3.6010
3.5600
3.5270
3.8890
4.4020
4.4630
4.5800
4.7550
5.0910
4.8030
4.1730
4.0610
4.4220
3.9280
3.3070
2.9950
2.5790
2.3880
2.4320
2.4360
2.3220
2.4690
2.3330
1.7650
1.6110
1.7270
1.9840
2.0970
2.2200
2.6090
3.0820
2.5620
1.0460
0.6850
0.8770
0.8000
0.6770
0.3400
-0.0590
-0.4690
-0.1350
0.2660
0.2950
