-13.2000
-14.2300
-13.2430
-10.2670
-12.8900
-14.5300
-11.4230
-8.6730
-10.5430
-9.6690
-10.9250
-13.2320
-10.5920
-6.9700
-8.4240
-7.7720
-3.0420
-5.6840
-7.8270
-5.3730
-6.8890
-13.5920
-16.3830
-14.9490
-13.5190
-12.5920
-7.5270
-2.7320
-8.8880
-13.8410
-11.6380
-8.3120
-12.7980
-16.6450
-15.8820
-15.2660
-13.8390
-10.4210
-10.8910
-14.2240
-13.8280
-13.3570
-13.5450
-12.8210
-12.0500
-12.0150
-12.7890
-14.4990
-14.5250
-12.0220
-11.0710
-10.4360
-10.7760
-11.4580
-7.4010
-8.9450
-12.2290
-11.6900
-12.6680
-12.4920
-13.4380
-13.2440
-7.5880
-2.7890
-3.5020
-7.1890
-12.5330
-13.2150
-9.7670
-8.8630
-9.4600
-6.0670
-6.9640
-12.5470
-14.3790
-12.6630
-10.6390
-9.9990
-7.4020
-7.2730
-7.6910
-7.9720
-10.1620
-9.1050
-7.6900
-7.2590
-3.7220
-4.6820
-8.7160
-8.1070
-7.8540
-8.2210
-10.4480
-8.7430
-10.0080
-11.0100
-4.8340
-6.8890
-12.3730
-12.1940
-8.8320
-3.5610
-4.6770
-8.9470
-8.2170
-7.3770
-6.9900
-8.5970
-9.6320
-6.3880
-4.2060
-3.6610
-6.7250
-8.9260
-5.8470
-4.5750
-4.4300
-4.6510
-6.7090
-6.1970
-1.8870
-4.7300
-8.3050
-5.2680
-5.7240
-9.9080
-13.6390
-12.8640
-6.0020
-3.9110
-8.1980
-6.5390
-0.8350
1.3060
-0.1240
-4.9280
-4.5820
-2.2470
-3.6610
-4.9110
-4.8573
-4.8035
-4.7498
-4.6961
-4.6424
-4.5886
-4.5349
-4.4812
-4.4274
-4.3737
-4.3200
-4.2662
-4.2125
-4.1588
-4.1051
-4.0513
-3.9976
-3.9439
-3.8901
-3.8364
-3.7827
-3.7290
-3.6752
-3.6215
-3.5678
-3.5140
-3.4603
-3.4066
-3.3529
-3.2991
-3.2454
-3.1917
-3.1379
-3.0842
-3.0305
-2.9768
-2.9230
-2.8693
-2.8156
-2.7618
-2.7081
-2.6544
-2.6006
-2.5469
-2.4932
-2.4395
-2.3857
-2.3320
-1.9310
-0.8380
-0.2540
-1.2810
-3.9730
-3.7030
1.6510
4.6780
2.9970
0.7600
-0.5640
-1.9690
-1.3490
0.1550
-1.5530
-4.9490
-5.0940
-5.5660
-6.7090
-5.2430
-3.3690
-3.5260
-5.0510
-4.3360
-3.4170
-3.5480
-0.5530
3.2940
2.5060
1.9320
1.0570
-3.7770
-6.6450
-2.7500
1.5250
1.7720
0.3060
-0.8480
-2.6550
-3.1460
-2.1340
-3.0070
-2.7410
0.1630
2.8060
-0.6090
-6.1620
-6.5530
-5.8130
-4.7760
-2.4780
-1.0890
-1.7390
-0.4520
2.8530
2.6670
2.2840
0.5000
-2.0480
-1.6330
0.3320
0.9900
0.6590
0.2880
-3.3330
-0.2960
1.7760
-0.8670
-1.9880
-1.2680
-0.2710
0.6190
3.2050
3.7900
0.0710
-2.1180
0.6210
1.6930
1.2840
2.2320
2.1000
2.4380
0.7320
-0.6030
0.1450
-1.0920
-0.7020
0.1700
2.6360
3.6200
0.0560
0.7710
-0.1390
1.6240
5.8000
6.4180
7.1280
5.0960
3.8850
3.7720
4.4450
3.4100
0.4870
1.9680
3.3650
-1.4100
-3.6200
-0.3800
3.1780
4.7190
5.3200
5.5610
4.9960
4.5700
5.1710
4.5290
2.5140
-0.2180
-4.0330
-2.4950
1.7010
5.1450
5.9120
4.9890
4.7670
5.5590
6.4540
5.1570
0.7090
0.7630
5.3900
6.2540
5.8930
6.1240
6.5330
7.4240
6.4920
3.4380
2.9720
2.4080
1.9050
3.6930
4.4070
4.8080
3.0840
-0.5150
1.5630
6.3490
7.2870
7.1530
7.0150
7.0990
6.3870
4.2810
3.1950
4.5040
5.8210
6.0110
5.9540
6.6030
6.5710
5.9300
6.4100
5.8970
4.1290
3.9340
5.3110
5.5630
4.8050
5.8750
6.4100
5.8250
6.3950
6.7680
6.6870
6.8750
6.7880
5.8760
4.8360
4.5920
5.7260
7.7040
8.6180
7.3060
4.1400
1.6520
1.4560
2.1240
2.2890
2.4210
2.6623
2.9037
3.1450
3.3863
3.6277
3.8690
3.6480
2.7610
3.2520
3.2550
3.7990
4.1150
4.7100
6.2070
6.2020
5.9070
5.7280
5.2120
5.1720
5.3100
4.6450
4.2010
3.8490
4.9530
6.1440
6.0800
7.0770
8.4310
9.0850
9.3290
8.9300
8.9060
9.1710
9.0860
8.4090
8.0310
8.5310
8.7910
8.3700
7.4630
7.0920
7.7710
7.9610
7.8440
8.5840
8.0810
7.8690
9.0950
10.5250
11.7550
12.1920
12.8040
13.4400
13.0740
12.2350
11.3790
11.5890
12.1330
12.0490
12.3614
12.6738
12.9862
13.2986
13.6110
13.7000
13.6330
14.0800
14.5180
14.4330
14.7640
15.9820
15.7120
14.9300
15.0340
15.7160
16.1430
16.0350
15.7500
15.4370
16.2290
17.9420
18.7110
18.7490
18.6690
18.5030
18.9070
19.7320
19.9860
19.6170
19.3990
18.8750
18.6240
19.7030
19.9900
19.7870
19.9380
19.8140
19.2930
18.7100
18.3980
18.6210
19.3310
18.9370
18.7200
19.0330
18.8550
18.9660
18.8230
17.9890
16.9010
16.5740
16.8260
16.9910
17.3230
18.7540
19.2200
17.1740
