14.1280
14.6580
17.9290
20.3810
20.8435
21.3060
20.1770
18.7690
17.5150
15.8850
14.7530
14.2670
14.4180
14.9820
15.3890
15.3270
14.2060
13.6470
13.4930
12.6980
12.4610
12.3990
13.2070
14.6380
15.4720
15.6860
15.7180
15.0950
13.6760
13.0790
13.9570
15.1180
15.4490
14.8990
15.5340
16.2020
15.2430
15.5630
15.8210
14.7000
13.7370
13.3900
13.6180
13.3230
12.8350
12.9570
12.7170
12.8360
14.0270
13.8710
13.6330
14.1620
14.5430
14.4590
14.3280
14.7480
15.1530
15.2260
13.9280
12.5140
12.1380
13.6010
13.9720
13.6570
15.1010
15.3860
15.2100
15.0310
13.6980
12.9620
12.0090
10.5740
9.7280
9.6400
10.4020
10.7700
11.4750
11.0410
8.3750
6.5080
4.9860
3.0540
2.6490
4.0630
4.9000
4.8200
3.2920
3.6360
3.9060
3.9900
3.2780
2.9070
3.6800
3.6900
3.6740
3.4950
3.2330
2.5620
2.2120
0.7850
0.2490
2.1460
4.5020
5.6410
4.8060
3.3040
4.4920
9.2320
11.3480
8.7470
2.6000
-1.7370
-0.0680
2.7670
3.1300
1.7600
6.0140
10.1170
6.6860
-0.0760
-5.0900
2.9320
7.0240
2.0790
6.1210
6.0350
-0.2920
-0.2080
1.2660
2.9640
3.7150
2.1820
4.1160
6.6590
0.7910
-2.4720
2.9610
6.1620
6.3160
7.4080
7.3520
5.4520
7.5270
9.5280
9.8320
6.4440
7.6490
11.8480
10.0882
8.3283
6.5685
4.8087
3.0488
1.2890
0.8240
0.7020
0.9890
1.1660
2.6070
4.6370
3.3970
1.0200
1.3460
3.5460
4.7070
4.1190
3.0620
1.4570
4.3540
9.9210
6.8580
0.6650
2.0690
5.7490
7.0090
8.3530
8.7630
8.3730
5.0930
1.9370
5.6420
11.3860
9.5760
3.5680
0.1610
0.0130
-4.5900
-6.1690
-2.5030
-5.8470
-10.0320
-7.2240
-0.6320
3.7120
4.3380
3.9690
4.0370
2.9420
3.6330
4.6610
5.0080
4.2640
3.1610
3.9050
3.8940
2.4070
4.6430
5.6550
0.5420
-3.2110
-7.2030
-3.2930
-2.4330
-10.2600
-5.6080
1.2900
2.7230
-3.4280
-6.5670
-3.1420
-3.4930
-4.4510
-1.9550
-0.4180
-4.1580
-5.8900
-1.0540
1.3560
1.4460
0.3880
-0.2080
-1.2640
-4.4110
-2.3900
-0.9080
-3.2640
-1.9620
2.7820
1.7730
-1.0100
-2.1900
-1.9120
-3.7330
-7.0790
-5.2810
-1.9190
-0.9970
-2.0290
-5.3680
-6.3620
-3.5560
-2.6130
-0.9820
0.3150
-0.3330
-1.0210
-0.5950
-0.6510
-3.0490
-5.3420
-4.7040
-2.2640
-1.1320
-4.9840
-6.8590
-3.1030
-2.5730
-1.9370
-1.2400
-4.1030
-4.5970
-3.1670
-4.6930
-7.7750
-7.5460
-7.0830
-8.7910
-9.0210
-7.7220
-4.9480
-0.7060
-2.7660
-5.4940
0.1740
3.2450
2.1550
-4.4910
-8.3960
-3.9940
0.0600
-2.1980
-6.8250
-5.1360
-6.7030
-8.8210
-4.7540
-7.8430
-12.8380
-8.7800
-3.6890
-2.6910
-4.0810
-6.2890
-4.5550
-1.2930
-5.2690
-8.2360
-8.9610
-9.4700
-7.4660
-7.5460
-8.2120
-8.8780
-7.4630
-5.5620
-6.6460
-9.2410
-9.7000
-9.1060
-7.1570
-6.9980
-8.7110
-9.6940
-8.3760
-8.7400
-10.8300
-8.0070
-6.2570
-8.6860
-10.4850
-10.7840
-4.3250
-5.2190
-9.9000
-8.8740
-7.9020
-8.9130
-10.1990
-8.8440
-5.0760
-6.6980
-6.9600
-5.1220
-9.6610
-9.1120
-5.6530
-8.9120
-11.0620
-9.7930
-9.9560
-7.7910
-4.6690
-5.6080
-6.4070
-7.1120
-6.7160
-6.3640
-9.8100
-11.4470
-11.7120
-12.9090
-11.9360
-10.6800
-9.0470
-7.3550
-7.8500
-10.0020
-9.8430
-9.5950
-11.4680
-11.3010
-8.3670
-3.7250
-6.8150
-8.4130
-5.9480
-5.9990
-6.2100
-8.9720
-10.0990
-7.9340
-4.6030
-4.5310
-6.6280
-7.2530
-9.6100
-12.2060
-11.8220
-10.8980
-10.7240
-12.7510
-13.5590
-10.2850
-7.3510
-10.0470
-11.9420
-7.4660
-8.9530
-14.3900
-14.9010
-14.0110
-10.5720
-8.8200
-10.8930
-12.5220
-11.6830
-10.9280
-11.7640
-13.6100
-12.3110
-8.5280
-10.2200
-14.2110
-11.5540
-8.8150
-10.0640
-9.7190
-6.5860
-7.4250
-10.9030
-8.7610
-7.8290
-9.7260
-9.7550
-11.3960
-13.2570
-12.3410
-9.6890
-5.0040
-4.6850
-9.9090
-11.0120
-6.3080
-5.2750
-11.4970
