26.7790
27.2300
26.2408
25.2516
24.2624
23.2732
22.2840
21.9250
20.8820
19.0090
16.2840
15.6020
15.5220
16.0310
15.7110
12.6880
9.5560
6.2990
4.7850
6.2310
12.2110
13.6030
9.8560
10.9840
12.3390
9.3480
8.7710
12.2330
12.4280
12.3980
12.4030
12.8210
14.8040
14.3090
13.1980
10.4700
8.3130
9.9550
11.1440
11.0920
10.7150
10.3380
7.6000
8.6610
10.3050
9.0760
9.6020
12.4690
13.7310
13.3840
10.7240
8.0600
8.3300
11.0000
11.4960
9.4670
9.5610
11.5080
13.9320
15.4740
15.3950
11.9250
7.4550
8.1130
13.5550
17.1840
16.9060
12.9880
8.9260
8.3930
7.7720
7.2010
7.5840
7.2540
10.5880
15.3360
14.1350
11.3210
10.7130
8.5730
6.1920
5.2350
5.7930
7.4090
10.2030
11.6960
8.2810
5.2710
3.6000
1.8990
1.4490
4.1070
4.7540
6.1670
7.9380
8.2680
7.2260
6.7710
11.1700
12.9950
8.0510
5.7220
5.8260
6.0310
5.9270
3.2620
4.7970
8.5950
7.1180
6.8950
7.8370
7.6170
7.1500
6.3430
9.8600
8.8430
1.5900
4.3520
11.2870
11.1000
9.7610
10.2910
6.9630
3.9550
8.9860
12.0550
12.4290
11.0820
8.7930
12.5450
9.7830
4.9950
6.8800
7.0210
6.4830
6.2000
4.9790
4.3590
4.6590
4.8380
5.1190
5.3200
5.3980
5.0670
4.7350
4.8030
4.5340
4.7050
5.2830
5.4630
5.2590
4.8600
4.7700
4.8750
5.1150
5.2030
5.3400
5.3300
5.0700
4.9790
5.1400
5.4260
5.2280
5.0150
4.5420
4.1450
4.3850
4.5360
5.0690
5.7310
5.9310
5.9230
5.1030
5.1380
5.4240
5.4240
5.0630
4.6550
5.0650
5.8190
5.7190
5.6040
5.8270
5.9740
6.1210
6.0160
5.7850
5.4440
5.0650
5.3460
6.1460
7.1730
9.0910
5.2440
-3.0270
-4.3710
3.2460
7.9040
6.5240
6.4480
7.0400
6.9460
5.7750
5.2600
5.5690
6.7770
6.3280
5.2220
5.0740
4.8230
4.6850
4.6180
4.5850
4.6690
4.9120
5.0110
5.0210
5.1300
5.2810
5.5520
5.4820
4.9280
4.4600
4.7580
5.5140
6.0510
7.9790
7.8110
4.7690
2.9640
2.6420
4.8510
6.1780
7.0610
6.4100
2.2900
1.0130
2.6660
3.4410
4.4450
5.0300
3.8970
3.2040
3.8790
4.1390
3.4150
3.3410
3.5470
2.9760
3.0930
3.6980
3.6080
3.9740
3.8690
3.5920
3.1350
2.6430
2.7450
2.5170
2.6980
2.7520
2.1370
2.1710
1.5190
-1.5800
-0.6530
2.1240
1.9730
1.5860
0.7100
-1.2800
-3.2000
-0.6500
2.2340
1.8230
1.8440
2.4410
2.0740
1.8770
1.4190
0.7200
0.6450
-0.1730
-0.7050
1.2640
3.0470
2.8060
3.2640
3.1720
2.5650
4.9780
4.8520
2.0930
1.4970
1.3900
1.4250
2.6110
3.2860
2.1420
1.2820
1.2300
2.4540
3.3720
2.1240
1.3790
1.6370
2.1310
2.6220
2.7910
2.6990
2.7320
2.5210
1.9040
1.9700
2.7390
3.0520
2.2880
1.7770
2.1550
3.1210
3.6950
3.3570
2.6360
3.7260
4.0640
3.2930
2.7670
3.0460
2.8390
1.6460
