-2.7730
-3.9560
-4.6500
-4.9990
-4.6680
-3.7450
-3.8590
-6.1460
-8.5400
-8.8580
-8.3390
-8.2880
-10.1680
-14.1530
-15.7750
-15.8670
-17.1140
-17.3350
-16.7080
-16.1370
-15.8400
-15.5780
-14.2680
-12.5520
-11.7960
-10.8950
-9.8380
-10.5260
-12.2980
-13.5390
-14.5100
-15.4460
-16.7340
-17.0900
-16.0650
-15.2490
-15.6070
-16.9970
-18.0460
-18.1080
-17.1090
-16.6550
-17.7300
-19.0990
-19.2200
-18.4140
-17.8850
-17.3280
-16.2640
-14.7250
-14.3310
-15.4390
-15.9480
-15.6625
-15.3770
-17.5440
-16.9680
-13.9320
-13.8800
-15.0520
-15.4730
-14.6400
-12.7530
-11.4280
-12.3120
-13.5390
-14.1690
-14.5090
-14.1760
-12.7120
-10.9830
-10.1140
-8.3930
-3.8520
-3.3240
-10.0610
-14.6910
-15.6890
-16.2480
-16.7620
-16.0710
-13.2110
-8.8200
-8.6600
-10.9350
-8.9350
-6.9240
-8.3160
-11.3480
-13.6680
-12.4290
-11.1310
-13.0540
-14.3700
-13.7190
-11.8410
-11.2590
-11.7180
-11.6670
-12.1170
-12.5460
-11.2870
-9.9080
-9.6390
-11.5270
-13.8010
-12.9390
-10.4640
-9.2260
-9.4320
-8.8390
-6.6260
-6.4410
-8.7510
-8.7780
-8.1220
-7.9620
-6.9440
-8.8880
-10.6910
-8.0450
-8.1560
-9.7810
-9.2640
-9.3760
-9.2130
-8.1570
-7.8760
-10.5280
-13.6650
-12.9220
-10.2970
-7.1390
-5.2940
-8.4860
-12.0290
-9.9220
-7.9120
-7.2590
-7.1150
-7.7090
-7.2820
-9.3280
-10.4210
-10.6290
-12.0680
-12.0080
-10.9560
-11.3610
-11.7710
-11.1780
-11.4210
-12.8170
-12.8290
-11.5140
-11.3340
-10.9890
-9.2800
-8.6290
-8.1510
-7.4450
-8.6110
-10.6340
-12.0630
-12.3660
-11.4540
-10.2850
-10.4150
-11.2090
-11.5190
-10.4040
-10.5440
-12.8080
-13.8440
-13.1390
-13.1280
-13.0680
-7.8180
-2.0660
-5.2050
-10.0960
-9.3830
-5.2320
-3.1330
-11.2680
-11.7410
-6.4320
-3.2630
-6.7880
-7.1210
-4.6080
-4.1280
-6.5680
-9.1350
-10.8690
-12.6350
-10.7670
-6.6050
-7.2940
-9.5170
-8.6710
-9.6970
-11.0950
-10.4735
-9.8520
-9.2305
-8.6090
-7.9875
-7.3660
-6.7445
-6.1230
-5.5015
-4.8800
-4.2585
-3.6370
-3.0155
-2.3940
-1.7725
-1.1510
-4.1570
-6.3750
-5.6670
-3.8110
-3.0580
-7.9470
-9.5410
-6.0890
-4.5620
-5.1210
-8.7960
-9.8050
-6.5310
-5.7160
-3.8310
-2.9680
-6.2910
-7.6620
-8.0400
-5.4570
-3.2860
-8.5190
-11.4750
-4.3760
-0.3290
-3.6000
-9.7280
-12.1660
-9.0470
-9.3350
-5.5440
3.9740
6.2580
-0.0140
-8.7530
-7.1150
-2.2340
-3.3240
-4.2950
-6.9200
-9.1250
-8.9320
-9.4140
-8.9680
-8.2150
-8.3710
-8.4400
-8.2379
-8.0357
-7.8336
-7.6315
-7.4293
-7.2272
-7.0250
-6.8229
-6.6208
-6.4186
-6.2165
-6.0144
-5.8122
-5.6101
-5.4080
-5.2058
-5.0037
-4.8015
-4.5994
-4.3973
-4.1951
-3.9930
-6.2130
-7.8990
-5.7890
-6.1970
-9.2620
-10.0460
-9.8030
-8.9370
-7.7870
-7.1920
-7.4520
-5.5020
-7.1520
-12.3580
-9.0760
-8.0990
-10.5660
-9.3980
-10.1330
-10.6290
-11.6600
-11.3890
-10.2020
-12.9410
-11.9770
-9.2020
-10.4500
-12.7250
-13.4140
-11.6720
-9.1700
-8.7140
-8.9320
-8.7820
-8.7290
-9.9650
-7.3210
-6.9770
-5.5590
-2.3560
-4.7810
-6.7750
-9.8530
-12.5730
-12.5780
-11.1900
-12.9710
-15.2030
-14.3990
-12.3610
-10.2500
-11.5780
-14.0380
-8.9080
-4.4970
-7.0350
-7.7210
-6.3330
-9.2390
-12.6450
-12.3340
-11.6340
-10.6920
-7.8450
-7.5550
-10.3390
-11.8910
-9.7040
-6.7280
-5.4960
-5.8850
-6.5720
-8.4280
-10.6920
-10.8530
-9.8440
-6.2840
-5.9290
-5.6400
-5.3510
-6.5360
-7.5110
-5.6920
-4.9040
-3.4940
-1.7640
-3.1320
-3.3500
-3.4040
-6.7480
-6.9400
-4.0020
-3.8580
-7.4420
-10.1290
-9.3040
-9.0730
-7.1970
-3.7090
-3.0960
-3.7770
-2.5000
-3.1380
-4.6970
-0.7100
-3.7150
-11.5090
-4.2410
3.0220
1.1630
2.0380
-1.4640
-5.7950
-2.1770
-0.0230
-2.6740
-5.0640
-7.9980
-11.5110
-10.9670
-6.1220
-1.6270
-1.2310
-2.1730
-2.1460
0.2660
-1.0450
-5.6210
-6.7410
-4.3310
-2.8720
-4.2400
