0.9750
-0.3500
-0.7850
-1.1820
-2.8920
-5.5680
-4.1630
-3.5430
-4.9610
-2.1570
-1.9110
-5.5280
-6.8660
-5.4470
0.0300
2.4690
-0.7800
-0.7830
0.7920
-0.6090
-2.4190
-2.7150
-4.8750
-3.9730
-3.4950
-6.4420
-5.4230
-2.2350
-1.6570
-2.4800
-2.8550
-3.5990
-4.5080
-4.7030
0.1520
1.2680
-4.5700
-5.0450
-0.8910
-1.3040
-3.4360
-1.8230
-2.5090
-1.1960
1.1360
1.0230
3.2300
3.4370
0.7040
1.0370
-0.9630
-1.0590
-0.4000
0.2670
1.5010
-0.4440
-0.9830
0.6280
3.1860
1.4210
1.2360
2.6530
-1.5500
-4.6450
-5.0390
-6.9380
-6.5710
-4.2160
-4.7510
-5.5570
-8.0440
-9.7350
-7.8260
-5.3490
-3.0880
-7.6660
-9.1910
-4.8190
-2.5300
-1.6760
-4.4020
-5.0680
-4.8140
-5.9150
-6.3830
-7.0680
-8.6160
-7.2580
-4.6160
-5.7740
-7.4300
-7.6440
-2.9250
0.8770
-0.9090
-2.1600
-4.5840
-5.8470
-6.1310
-5.0840
-3.0400
-4.1010
-5.7600
-3.8290
-2.9140
-1.8350
-0.6810
-3.9110
-6.1490
-4.4580
-2.3830
-1.1240
-0.2100
-0.6040
-1.5340
-2.0370
0.0370
0.9970
0.3150
-0.6010
-2.9670
-4.2450
-1.0270
3.0160
1.0400
-4.0890
-3.0430
1.0120
3.4340
1.9970
-2.1120
-2.7900
-4.0860
-4.1120
-0.1770
2.7030
3.2460
3.2970
2.2580
1.0140
0.3270
-1.1260
0.0990
-0.4430
0.0370
2.6700
-0.0130
-5.0190
-7.2610
-5.7370
-1.9610
0.2060
-2.8820
-4.9680
-3.0220
-3.0960
-1.9460
-0.6990
0.0370
1.2710
1.7180
1.3570
-0.4310
-2.2310
-4.3580
-6.7300
-7.3000
-5.9820
-1.8510
5.6660
7.8040
2.6470
1.9070
3.7560
6.2840
8.5410
5.6490
3.3740
3.6450
2.8960
1.6180
-0.1300
-2.2950
-4.4110
-3.5340
-1.1960
-0.2580
-0.6910
-3.6000
-4.8860
-1.6070
-0.8260
-1.0970
-0.7890
0.1160
3.2010
5.2550
6.7780
7.5290
8.0630
7.1600
4.5140
2.2940
0.8280
1.2230
3.3190
4.5000
4.9610
8.2120
7.4830
3.8030
3.1270
1.6310
1.4460
2.8220
2.9810
-1.6830
-6.0960
-7.3720
-7.5890
-6.4510
-7.4710
-7.4530
-6.7380
-8.3380
-9.6830
-9.7970
-8.6660
-7.4090
-6.6850
-4.9020
-5.8090
-7.7690
-6.8910
-5.8290
-4.4860
-3.0290
-1.4900
-0.2580
0.9170
-0.1620
-2.6020
-3.6230
-5.1900
-7.8090
-10.8350
-12.3300
-10.2780
-8.5170
-9.4740
-9.6670
-9.0050
-8.1070
-8.0690
-8.5230
-8.6200
-8.5210
-8.0300
-7.6970
-7.6810
-7.8070
-8.2200
-8.7010
-8.8500
-7.7560
-6.6460
-6.8170
-7.0250
-6.9010
-6.4400
-7.1270
-8.8460
-9.3640
-8.8010
-8.5600
-8.4330
-8.0880
-8.1540
-7.2300
-6.8000
-7.9090
-8.0840
-8.3150
-9.0910
-9.4850
-10.1820
-11.1400
-11.3740
-10.6560
-9.9950
-8.4870
-8.7580
-8.9640
-9.1900
-9.3080
-8.7100
-8.2860
-8.4170
-8.7330
-8.9610
-8.5100
-7.6720
-7.6890
-7.9330
-7.9390
-8.0110
-8.2720
-8.6140
-9.4130
-10.3090
-10.4880
-10.1100
-9.1260
-8.8030
-9.1610
-9.3500
-9.8630
-9.7540
-8.8130
-7.8950
-7.7830
-8.2500
-8.4650
-8.0850
-8.1290
-8.9640
-9.1800
-8.8640
-8.9210
-7.8250
-6.9590
-6.9550
-6.2020
-5.5530
-4.0770
-2.5890
-2.7790
-3.0280
-3.4700
-4.6240
-4.9840
-4.4440
-3.4110
-2.4540
-1.4110
-2.2380
-3.8650
-5.0490
-6.4970
-5.6000
-4.3360
-3.9080
-5.8820
-8.2040
-8.7950
-9.2430
-9.1960
-8.7290
-7.9860
-7.4680
-7.8710
-8.2740
-8.6770
-9.0800
-9.4830
-9.3400
-9.8390
-9.1720
-7.6250
-7.7510
-8.9680
-11.0630
-10.6210
-9.4010
-8.1400
-6.9240
-5.5400
-4.7510
-6.4590
-9.3230
-10.7520
-10.9170
-10.6110
-11.6190
-12.4490
-13.3080
-13.6940
-13.4480
-13.4540
-13.7540
-14.4680
-14.6500
-14.2860
-14.0070
-13.6870
-13.9780
-14.4650
-14.5690
-14.5320
-14.4020
-13.9550
-13.0490
-12.7610
-12.8220
-12.3480
-12.5660
-12.8900
-13.1980
-13.9260
-14.0380
-14.0020
-14.4040
-14.3290
-14.1220
-14.6670
-15.2380
-15.7850
-16.4140
-16.6570
-16.5550
-16.1250
-15.0370
-13.8480
-13.5830
-13.8190
-14.3190
-14.6700
-14.0030
-12.9420
-13.4680
-15.6860
-15.4180
-14.5430
-14.6870
-14.1470
-14.6432
-15.1394
-15.6356
-16.1318
-16.6280
-17.1600
-17.2280
-17.3080
-17.1710
-16.1270
-16.2310
-17.3730
-17.1810
-17.7550
-18.5460
-17.9590
-17.7420
-18.5540
-19.6340
-20.0280
-20.1910
-20.0310
-20.1210
-20.4940
-20.8340
-19.9890
-14.1740
-13.0480
-20.2860
-23.8370
