22.3180
23.2950
20.8300
15.9460
11.7570
12.4880
15.5990
17.7420
18.3110
17.6770
18.0310
16.8280
17.2030
18.8910
18.8680
18.7030
17.2470
12.2420
12.9970
15.8520
12.9430
9.0980
11.0250
14.3800
12.2950
7.1010
3.1120
-2.6280
-7.6400
-6.1050
0.9400
13.0270
3.7400
2.8200
10.7190
6.8220
9.9010
15.3080
14.2300
11.6410
8.0410
6.9070
6.5100
1.1910
-6.7290
-7.9020
-6.3230
-8.2950
-3.4290
2.8720
1.2630
0.4870
-1.1460
-5.5220
-8.0880
-6.8460
4.8160
14.3860
11.8510
6.4200
0.1580
-5.3280
-8.2950
-0.1180
0.3580
-6.9220
-10.2740
-16.5720
-13.1730
-7.3510
-9.9030
-7.5700
0.4560
0.0090
-4.5440
-10.3140
-12.9630
-10.7220
-3.6440
3.2190
3.3610
-3.0780
-11.3850
-12.3550
-6.4580
-2.1450
-0.8000
3.8980
1.9710
-2.9760
-2.7310
-2.7190
-7.1430
-7.7300
-3.1200
-1.2480
0.7310
0.8220
-2.1380
-6.7530
-5.1770
0.5770
0.9030
-1.8150
-2.7690
-4.0540
-7.3220
-8.6640
-7.2890
-5.3120
-5.4050
-5.8980
-6.2640
-5.9140
-3.6500
-2.9700
-3.3180
-3.3850
-4.3960
-6.8260
-6.3540
-3.2040
-2.5340
-2.9780
-3.6630
-3.8680
-4.2030
-4.7340
-4.9740
-6.2270
-6.7750
-5.4120
-4.2450
-4.0150
-4.4390
-4.6500
-4.7400
-6.3880
-9.0520
-10.3270
-8.4930
-5.2810
-3.9130
-3.8380
-3.8350
-4.7920
-5.9370
-6.2610
-6.7380
-6.0230
-4.3590
-4.2460
-4.4160
-4.2630
-4.3970
-4.6590
-5.1220
-5.3530
-5.2700
-5.0710
-4.8820
-5.0050
-4.9480
-4.8550
-5.0280
-5.0380
-4.7260
-4.3710
-4.3050
-4.3550
-4.5280
-5.1590
-4.9020
-4.0900
-3.7730
-3.5500
-3.9060
-4.1350
-4.3790
-5.2180
-6.3560
-6.2320
-4.2510
-3.1240
-3.9990
-4.6740
-4.7980
-5.1540
-5.0700
-5.0180
-5.1660
-5.4560
-6.3430
-6.6090
-6.0290
-5.3670
-4.7040
-4.5910
-4.9590
-5.2090
-5.3590
-5.4580
-5.6290
-5.6410
-5.3550
-5.1400
-4.9920
-4.8740
-4.8420
-4.9200
-4.9780
-5.0890
-5.1420
-5.0930
-5.0720
-4.9230
-4.8580
-4.9000
-4.6730
-4.4370
-4.4100
-4.4390
-4.4670
-4.4680
-4.3240
-4.1450
-4.0740
-4.0670
-4.1030
-4.1160
-4.0730
-4.0480
-4.0790
-4.1610
-4.1550
-4.0790
-4.0800
-4.0710
-4.0330
-4.0340
-4.0580
-4.0320
-3.9850
-4.0350
-4.1170
-4.0740
-4.0260
-4.1590
-4.2710
-4.1850
-4.0810
-3.9940
-3.9100
-3.8390
-3.9770
-4.2520
-4.2360
-4.1360
-4.1630
-4.1670
-4.1830
-4.1790
-4.1520
-4.1850
-4.2330
-4.2060
-4.1750
-4.2090
-4.2050
-4.1320
-4.1010
-4.1310
-4.1670
-4.1710
-4.1220
-4.0930
-4.0990
-4.1270
-4.1050
-4.1080
-4.1180
-4.1290
-4.1450
-4.0210
-3.9340
-3.9680
-4.0100
-4.0330
-4.0510
-4.0560
-4.0890
-4.1940
-4.2850
-4.3360
-4.3670
-4.3440
-4.3540
-4.4730
-4.6080
-4.6990
-4.7140
-4.6650
-4.6270
-4.5820
-4.5000
-4.4450
-4.4530
-4.4180
-4.3550
-4.3820
-4.4150
-4.3840
