-0.7700
-0.7880
-0.8080
-0.5900
-0.6030
-0.7870
-0.4420
-0.2400
-0.4250
-0.5060
-0.3060
-0.2400
-0.5200
-0.5540
-0.2390
-0.1790
-0.2740
-0.2740
-0.1510
-0.0220
-0.0560
-0.1010
-0.1280
-0.0320
0.6010
1.0980
1.1180
1.1040
0.4550
-0.0710
0.1840
0.3690
0.3270
0.3246
0.3222
0.3198
0.3174
0.3151
0.3127
0.3103
0.3079
0.3055
0.3031
0.3007
0.2983
0.2960
0.2936
0.2912
0.2888
0.2864
0.2840
0.2816
0.2792
0.2769
0.2745
0.2721
0.2697
0.2673
0.2649
0.2625
0.2601
0.2578
0.2554
0.2530
0.2506
0.2482
0.2458
0.2434
0.2410
0.2387
0.2363
0.2339
0.2315
0.2291
0.2267
0.2243
0.2219
0.2196
0.2172
0.2148
0.2124
0.2100
0.2020
0.2440
0.3120
0.3370
0.4750
0.7670
1.1240
0.9740
0.4720
0.3010
0.2510
0.2050
0.3400
0.4670
0.3560
0.3030
0.2510
0.1890
0.1070
-0.0330
-0.1440
-0.2400
-0.4100
-0.5070
-0.4860
-0.4480
-0.3180
-0.2260
-0.2550
-0.3200
-0.3670
-0.4130
-0.4780
-0.1200
1.1780
2.4630
2.7680
3.1700
3.5960
3.3490
2.7620
2.7710
3.8030
5.2400
6.0240
6.8400
8.1820
9.7440
7.9630
4.8760
5.3620
5.9250
6.8800
7.4130
6.6660
5.6920
4.0050
1.6660
0.1940
0.5960
3.2930
6.7290
6.7760
4.6860
2.0100
1.2920
2.0560
8.8140
12.9930
8.3980
6.1980
4.4330
2.5630
2.9210
3.3120
4.7180
5.2800
4.7270
4.9350
5.7880
7.3240
7.8730
6.7120
4.5890
3.5640
3.4040
3.5530
3.7140
3.8910
4.7080
5.2430
5.0550
5.7150
5.8240
5.0270
6.5450
6.9070
5.3360
5.9040
6.4950
4.7000
3.3630
7.8425
12.3220
12.6240
11.2430
8.7190
4.7700
2.6560
3.5120
3.2570
4.5700
4.2350
2.5960
3.0640
3.0580
3.7430
4.2550
4.4850
7.9810
12.4670
13.1210
11.0520
8.2840
5.6830
3.7930
2.8490
3.9130
5.9610
5.5110
5.4430
5.8940
4.4710
3.7520
2.8190
3.1410
4.6570
6.6430
7.7940
9.7250
6.3630
1.3950
5.8800
10.3610
11.7970
10.6270
9.6340
6.9680
9.0100
14.3980
12.0100
8.2860
5.9050
5.0910
6.1490
5.7390
4.9430
4.6270
4.4810
4.2590
4.4090
5.7870
8.2070
9.5780
8.7320
7.5360
6.0360
4.8230
3.8400
3.6780
5.8510
7.0230
8.3090
8.8390
8.8150
9.4080
6.7540
6.2420
7.9930
8.9080
8.9840
10.2700
10.0790
6.8910
5.9970
6.5140
7.0940
8.5460
9.2750
8.5120
7.3070
6.4960
7.1070
7.9630
7.4660
6.7360
5.2920
2.3930
2.6010
3.4570
1.5970
1.0300
1.2020
3.0180
4.8710
4.4470
5.7640
6.6940
5.5330
4.1450
4.2510
5.1720
5.7500
5.9560
5.5840
2.4950
-0.6100
0.3390
0.5880
1.9910
2.9650
4.1010
6.0400
7.2600
8.3420
7.4690
6.6750
4.7480
0.5860
-1.5820
-0.4260
-1.0790
-0.3580
5.2840
8.6580
9.0530
5.7790
-0.2390
-1.2070
-1.2230
-3.8370
-1.3660
2.3880
0.2540
-0.2700
2.9510
4.4410
3.5400
5.2620
9.9620
10.3170
7.4770
6.9120
8.5520
9.2430
10.4380
11.9330
11.1110
11.6070
12.6250
12.7420
12.3440
13.2540
17.8340
16.4360
12.7370
12.7910
16.0710
17.0700
15.8800
15.0080
16.6570
16.6810
13.1580
10.8910
12.5900
15.8680
17.0650
13.7870
13.1790
15.1980
14.7560
13.4320
12.5880
9.2110
1.7720
-2.8040
-4.3770
-7.7020
-8.0100
-5.8310
-6.9840
-7.6760
-6.2730
-5.3630
-7.2480
-8.1110
-4.1730
-2.2680
-3.4650
-3.5240
-4.2480
-4.2480
-4.0990
-5.1440
-5.9910
-8.5310
-9.7370
-7.9360
-6.5630
-6.1000
-4.6900
-5.5400
-6.6720
-7.6970
-9.2460
-7.7690
-8.6980
-11.1410
-10.5960
-8.1090
-6.8620
-6.5260
-5.9890
-9.1230
-9.3650
-6.3080
1.6350
10.8300
13.0900
13.0260
15.3850
18.5380
19.7770
22.4080
24.0130
22.3380
21.9130
