0.4360
0.6430
0.9140
1.0070
0.9200
0.7970
0.7430
0.7520
0.7740
0.8150
0.8420
0.8780
0.7490
0.5620
0.5650
0.7170
0.8370
0.8570
0.8810
0.9300
0.9910
0.9490
0.9120
1.1240
1.3210
1.3360
1.3390
1.3220
1.4030
1.3290
1.2440
1.4700
1.5650
1.5230
0.2770
-1.1700
-1.4630
-1.4950
-1.2660
-0.9470
-0.5680
-0.2090
-0.0990
0.0160
0.1630
0.2340
0.3470
0.4560
0.4900
0.5280
0.6340
0.7290
0.8220
1.0600
1.4600
1.8690
2.0720
2.1340
2.3000
2.4630
2.3470
1.9510
1.6850
1.6080
1.7250
1.8270
1.8730
1.7940
1.1760
0.4160
0.3760
0.8520
0.8440
0.7950
1.4270
1.1260
0.8920
1.2580
0.8800
0.4650
0.2920
0.2170
-0.2870
-0.7030
-0.7050
-0.8530
-0.6440
-0.0080
0.4110
0.5370
0.5270
0.4380
0.3990
0.4680
0.6540
0.8010
0.7210
0.4230
0.1160
0.0800
0.0640
-0.0020
0.0890
0.1570
0.2790
0.4870
0.6200
0.7110
0.5970
0.4880
0.4840
0.4750
0.3730
0.1820
0.3080
0.7020
1.0500
1.1650
1.1350
1.0040
0.8850
0.8150
0.7500
0.6330
0.4940
0.2520
0.0340
0.0320
0.0970
0.1530
-0.0540
0.0270
0.4200
0.5710
0.6520
0.6010
0.5490
0.5590
0.5130
0.3600
0.3690
0.4770
0.4080
0.4160
0.9620
2.0890
2.8640
2.6250
2.2430
1.9910
1.7590
2.0330
2.4600
2.7550
2.8370
2.3530
2.2350
2.8120
2.8380
2.7380
3.0570
3.1000
3.0320
3.0520
3.0610
3.2360
3.2700
3.0950
2.9860
2.9260
2.8080
2.7590
2.7660
2.6960
2.6680
2.7330
2.7970
2.8050
2.7910
2.7940
2.7440
2.6510
2.6940
2.8420
2.5280
1.5190
0.5390
0.0580
0.0700
0.3320
0.6220
0.5470
-0.8210
1.8020
5.7750
5.1710
6.1210
8.0070
8.1800
10.4000
9.3050
9.0030
8.9000
7.1880
6.8150
6.0860
6.4920
6.8860
7.3200
8.7990
7.2910
4.9740
5.6420
5.6920
5.8880
7.2710
8.6630
9.0980
6.8160
5.5870
9.1480
11.9980
8.8850
5.4250
6.7040
8.5300
7.0080
2.8080
1.2180
3.9920
6.4140
5.8970
6.3670
7.5120
7.7540
8.6160
7.2870
7.5130
8.2360
9.5850
9.9580
8.0930
8.9700
9.0240
7.7580
5.9940
7.3890
10.3790
9.7740
8.5750
7.3380
6.6760
8.7650
7.2400
3.9220
3.3590
4.1870
6.1150
8.0440
8.1440
10.6560
12.1270
10.7320
11.0280
10.4480
10.5660
10.1900
9.9520
10.6970
10.8060
10.6680
8.7200
8.7450
11.3790
11.2950
11.2630
9.5070
9.0850
10.4610
10.1380
10.0000
11.4700
11.0450
10.1110
11.7620
10.5310
9.2140
11.1920
11.7150
11.5720
11.9790
12.7090
12.5980
12.2330
13.9910
13.6120
14.7470
14.1280
13.6580
14.0350
11.3810
12.1040
12.2380
11.2130
11.2840
11.7990
10.3410
9.4740
8.5300
8.0380
9.2030
8.5590
4.6210
0.0970
-2.3510
-2.3680
-4.1020
-6.3350
-6.5320
-8.5050
-8.7530
-8.5780
-9.1560
-9.2520
-10.1280
-11.1740
-10.4810
-8.5580
-8.6620
-10.0740
-9.6340
-11.0270
-12.8690
-12.7040
-12.5390
-12.3740
-12.2090
-12.0440
-10.1230
-9.7570
-12.1450
-16.0840
-19.8220
-21.9860
-23.4860
-22.2260
-22.3890
-25.0550
-23.4660
-21.3810
-22.0980
-22.0550
-23.0580
-23.8960
-24.5040
-27.0930
-28.9040
-29.7370
-30.3680
-29.8970
-27.7140
-19.5220
-18.6830
-19.9040
-20.6880
-22.1400
-27.8240
-32.4660
-32.9480
-30.8940
-28.2630
-27.9720
-27.7220
-21.9860
-17.8910
-17.2990
-14.9780
-15.8580
-16.0580
-15.0560
-15.0990
-16.6390
-17.1500
-13.6180
-11.1000
-11.2700
-15.0150
-18.6940
-21.9670
-26.8090
-33.2760
-37.1870
-37.4590
-37.3510
-36.7390
-32.9580
-29.2170
-38.2120
-35.6000
-32.2220
-30.7780
-30.7560
-34.2020
-37.1620
-37.3940
