-37.0430
-36.8460
-36.5970
-36.5240
-37.0600
-37.5770
-37.6150
-37.6760
-37.6360
-37.2630
-36.8770
-37.0990
-37.4630
-37.4880
-37.3950
-37.1750
-36.5780
-35.9810
-36.2280
-36.7430
-36.8760
-36.9020
-36.8560
-36.8640
-36.8650
-36.6030
-35.7340
-34.5250
-33.9620
-34.4470
-34.7170
-33.8630
-33.6340
-33.9680
-33.1660
-32.0870
-31.5590
-30.8600
-30.2580
-29.6610
-29.2050
-30.1370
-29.0630
-29.7500
-32.7420
-33.0380
-32.9440
-32.5470
-31.5150
-30.9860
-31.7050
-32.3440
-32.3830
-32.4680
-32.2140
-31.9810
-31.0900
-28.9820
-27.4030
-24.6580
-22.9810
-22.9550
-22.0600
-21.9110
-22.9660
-22.8630
-21.4810
-13.8630
-12.4830
-18.7300
-18.8730
-13.5260
-2.9650
3.0930
-1.4030
-8.0520
-7.7070
-12.1920
-19.6830
-18.3960
-18.9520
-21.1050
-22.5410
-20.0060
-15.1490
-18.8140
-22.2560
-22.9040
-22.5340
-18.8120
-17.7970
-22.5810
-27.1980
-26.5410
-24.9000
-22.6750
-21.4290
-22.4530
-22.9450
-20.9580
-18.9750
-19.9780
-20.5430
-21.5650
-21.6960
-21.1490
-21.3920
-20.5620
-18.4680
-17.3400
-16.4550
-15.4310
-16.1180
-18.2880
-20.5650
-21.4800
-20.4440
-18.9240
-18.0500
-18.6500
-18.9010
-18.4020
-18.2760
-17.0850
-12.7550
-15.3380
-17.1120
-13.9560
-14.8660
-14.9440
-15.0750
-15.6340
-14.4490
-13.2740
-11.4980
-9.7870
-11.1750
-14.2070
-16.3960
-15.4160
-12.2270
-11.0630
-11.8520
-11.9860
-12.3150
-11.1200
-9.9920
-10.4430
-10.0190
-9.1890
-9.6170
-9.3850
-10.6670
-11.2910
-10.7030
-11.8040
-11.7540
-12.0710
-13.1970
-12.3030
-9.5860
-7.3560
-6.3010
-6.8940
-8.4460
-8.0930
-6.7620
-5.7560
-5.9600
-6.8960
-7.7310
-7.6370
-9.0270
-10.5190
-9.7920
-10.1610
-10.2560
-10.2360
-8.8250
-6.9630
-7.4800
-7.6990
-8.1200
-7.6960
-7.5440
-7.5770
-7.4670
-8.0450
-7.6620
-6.0120
-6.9420
-9.3260
-8.5620
-7.8680
-7.6940
-8.3070
-9.6790
-9.9910
-8.8990
-8.1320
-7.1270
-8.6990
-12.5000
-11.3110
-0.2550
-0.3890
-5.9280
4.9400
10.8880
4.5680
2.8140
1.1060
-9.9930
-16.9340
-16.7090
-16.3820
-15.5330
-14.6940
-14.7460
-14.5470
-10.3830
-1.9330
5.5470
5.3490
9.9420
12.6100
7.4960
5.7660
-0.9580
0.9190
4.9310
-3.1920
-5.8110
-0.6990
-1.2250
-4.8720
-1.4520
1.7520
8.5250
17.7700
18.8840
15.2480
10.8730
9.1530
7.4910
-1.4840
-2.8510
-0.7370
-0.1880
3.0200
-3.3170
2.6220
10.9810
-1.5020
-12.1640
-14.3900
-10.0410
1.4110
-0.4110
6.1590
21.6960
17.9710
4.8750
-9.2720
-14.8170
-14.0410
-13.4580
-13.5310
-14.4670
-13.7580
-12.4910
-11.5890
-11.5700
-12.1360
-13.4260
-15.1400
-15.3110
-13.4620
-12.0520
-9.5380
-8.7970
-10.5510
-8.4730
0.7420
1.8980
-2.9370
1.1090
5.0850
5.1350
5.1850
5.2350
7.5180
9.0410
6.1440
5.9710
11.4230
11.8090
11.7840
8.5190
3.9770
3.3850
6.4560
9.5270
8.5330
5.2420
3.6960
2.8580
2.7000
2.6050
2.0920
1.3450
1.0000
0.9080
1.6280
1.3860
1.1750
3.1520
1.0190
0.1350
1.6780
0.6360
2.0710
2.8740
2.6200
1.9740
2.3560
3.2500
2.3830
1.8810
1.6430
2.1930
3.6380
3.0280
1.1360
0.0940
-1.1030
-1.4080
-1.0920
-0.7040
-0.2000
1.0200
0.4390
-1.0640
-0.6690
0.4430
2.4130
3.0450
2.7800
4.0290
5.1320
6.1050
5.8920
5.0220
5.6410
5.8220
4.7630
4.0240
4.1700
3.8330
1.9590
1.6150
1.2710
0.9270
0.5830
0.2390
-0.3510
0.3780
0.2500
-0.0840
0.9650
0.7610
0.6530
1.7920
2.3270
1.9380
1.7120
0.9490
1.0260
1.1880
0.7040
0.0690
0.2350
0.8880
0.9680
1.2180
0.9970
0.6580
1.6710
3.5470
4.6700
5.1260
5.2160
5.0780
4.9880
5.0830
5.5350
6.1000
5.9750
5.7980
5.4510
5.2340
5.3310
4.7660
4.5670
5.0080
5.1360
4.8080
4.5590
4.0630
3.9180
4.1780
3.9270
3.8880
3.5940
2.5730
1.6560
1.7170
2.0600
1.9260
2.2040
