28.1990
26.6550
27.5600
30.5440
32.2120
31.4540
29.7350
28.5620
26.9170
24.8480
24.6360
21.9360
18.5200
18.0740
18.1960
19.0940
20.0620
21.2890
22.3940
24.1460
23.5420
18.1960
15.3780
15.4670
13.7700
11.6750
10.2400
11.0530
13.3760
16.0660
16.3030
14.7300
9.0280
8.4040
14.7110
16.8420
17.1300
13.1770
14.1430
14.3260
15.0100
16.3800
14.7450
11.2150
10.1140
10.3950
7.9740
6.8740
5.4290
4.4930
7.6730
10.9720
6.9260
8.0620
17.0700
15.0640
10.9800
12.0680
11.2710
10.4740
9.6770
8.8800
8.0830
14.3840
17.5090
16.8920
16.6080
16.1360
14.2380
10.1900
10.8240
14.2370
14.1150
10.3820
2.6400
0.3470
0.8740
-6.3510
-10.8250
-4.7360
-2.0250
-7.5160
-8.2830
-7.6640
-8.6120
-6.4920
-5.4870
-6.7630
-8.4730
-11.7850
-15.7340
-13.4480
-11.0650
-13.0740
-10.9650
-9.8070
-12.1080
-10.7280
-7.2160
-3.6150
-0.8290
1.2820
4.9950
5.0940
0.1160
2.7330
2.8590
-1.8360
2.4400
-0.5470
-9.4090
-10.1060
-4.0240
-0.9500
-4.7900
-6.3720
-3.3030
0.8570
0.2660
-2.0580
-1.8540
-5.9590
-10.5110
-13.0350
-18.5930
-15.1030
-6.4060
-4.8410
-2.7790
-2.1940
-3.0200
-3.3930
-4.2040
-4.1070
-5.8690
-5.8950
-3.8940
-2.4490
-0.2880
0.0270
-1.4160
-2.5130
-3.1250
-2.0160
-0.6120
-1.1710
-2.1070
-2.3330
-1.5160
-1.1820
-1.1450
-1.6560
-3.4670
-4.6690
-5.3900
-6.2530
-7.8540
-8.8790
-7.6630
-6.8060
-5.9150
-5.9030
-9.8380
-7.2210
-2.2710
-4.0460
-6.6760
-8.3930
-8.5140
-7.1530
-5.4460
-4.4990
-3.3000
-3.6350
-4.5030
-5.6770
-7.3110
-7.4160
-5.7920
-5.1240
-5.0330
-4.9660
-4.5120
-4.9650
-5.2860
-5.0690
-6.1340
-7.3740
-8.0590
-7.7610
-5.9470
-4.3310
-4.3000
-5.1440
-7.1090
-7.5240
-5.9900
-5.7100
-5.3010
-4.7000
-5.2310
-6.2410
-7.8800
-8.5270
-8.2050
-7.8940
-6.6660
-5.5960
-5.1150
-5.3630
-5.8530
-5.8520
-5.5040
-5.0650
-4.7180
-4.6679
-4.6178
-4.5678
-4.5177
-4.4676
-4.4175
-4.3674
-4.3173
-4.2672
-4.2172
-4.1671
-4.1170
-4.9090
-5.7110
-5.1800
-3.8150
-3.0850
-4.3750
-6.0230
-5.7900
-4.5050
-3.4040
-3.3200
-4.7440
-6.7910
-6.8680
-5.1970
-5.2590
-5.2870
-4.2590
-4.5800
-5.7920
-6.5290
-6.6310
-6.0990
-5.1100
-4.5870
-4.1700
-3.7910
-3.7710
-4.0590
-5.5620
-7.3060
-6.8510
-5.3530
-4.2860
-4.0210
-4.7120
-5.9730
-7.1800
-6.9310
-5.5180
-4.9000
-5.1280
-5.6880
-7.1570
-7.7660
-6.4140
-5.1480
-5.0560
-5.5200
-6.6960
-7.8880
-7.2130
-5.6810
-4.7750
-4.5710
-5.4570
-6.4030
-6.6910
-6.1370
-5.4180
-5.1390
-5.4760
-5.8440
-5.3420
-5.0120
-5.0080
-5.0530
-5.2880
-5.6250
-5.7950
-5.7390
-5.6030
-5.2240
-5.1520
-5.5210
-5.9470
-6.7340
-6.5760
-5.2980
-4.2750
-3.8030
-3.9040
-4.4240
-5.2920
-5.6960
-5.5670
-5.7410
-5.9280
