-6.6760
-6.7270
-5.9730
-5.4070
-5.6900
-5.9000
-7.5170
-8.8650
-7.2070
-6.6500
-7.4350
-7.5690
-6.9690
-6.3870
-6.1170
-5.5640
-5.2150
-5.1880
-4.9510
-4.6270
-4.5890
-4.3490
-4.4800
-4.6740
-4.6430
-4.7960
-4.9470
-4.5970
-4.7050
-5.1190
-4.9600
-4.9350
-5.0890
-5.2010
-5.3380
-5.7320
-6.0740
-5.9500
-5.5620
-5.7160
-6.5140
-6.0080
-5.4340
-6.0700
-6.2120
-5.7930
-5.6930
-5.3260
-5.1690
-6.0360
-5.9820
-5.6440
-6.0690
-6.0460
-6.2620
-7.1730
-5.8640
-5.1450
-7.2860
-6.5360
-7.8930
-9.9180
-7.7680
-5.0500
-3.0000
-4.2950
-5.4000
-6.0500
-5.7350
-4.5840
-6.1120
-4.0500
-4.5460
-7.3700
-6.2370
-6.6720
-7.5570
-9.0520
-8.5420
-6.0770
-5.5930
-6.4100
-3.9570
-2.6320
-3.9530
-5.1350
-5.9030
-5.7340
-6.1680
-5.8530
-5.3720
-5.0610
-4.8500
-4.8670
-4.7230
-4.5670
-4.6680
-4.8750
-5.0920
-4.8410
-4.2550
-3.7970
-3.7610
-3.9180
-3.5750
-3.2280
-3.2160
-3.0300
-3.1190
-3.2760
-3.1190
-2.1620
-1.6820
-2.4760
-2.9840
-2.8350
-2.7930
-2.9170
-2.7050
-2.4430
-2.6280
-3.1100
-3.4760
-3.6930
-3.6740
-3.5290
-3.2280
-3.0250
-3.1070
-3.4570
-4.1030
-4.7600
-5.4830
-6.2810
-6.5520
-6.3530
-6.3440
-6.1920
-5.3050
-4.7730
-5.0630
-5.3670
-6.2610
-6.5990
-6.2940
-6.1340
-5.4650
-5.6410
-5.9520
-5.7950
-5.6300
-5.3470
-5.1890
-4.8650
-4.3950
-4.2500
-4.8420
-5.0640
-4.9490
-5.0230
-5.1790
-5.7100
-6.0560
-6.0880
-6.3940
-6.6920
-6.9520
-6.7060
-7.0080
-7.6600
-7.8150
-7.5790
-6.1380
-6.3980
-5.6960
-5.5060
-7.3540
-5.9640
-5.6940
-7.4260
-9.2430
-15.5510
-20.9900
-19.1790
-18.3990
-22.0690
-20.2160
-15.8440
-12.3420
-7.5580
-6.0730
-6.0450
-6.1360
-6.0500
-5.6770
-5.6630
-5.3380
-5.4880
-5.7140
-5.5770
-6.2150
-6.6160
-6.4550
-5.8150
-5.7010
-5.0190
-5.2800
-5.8970
-5.5520
-6.8390
-7.6660
-6.6190
-6.0010
-6.3660
-6.7280
-7.8600
-9.4570
-15.5310
-20.8100
-21.3590
-15.9550
-8.2180
-6.1630
-6.4820
-6.7590
-6.5430
-6.6870
-6.4510
-6.0110
-6.6540
-6.3590
-4.8540
-5.6850
-5.5760
-7.8290
-10.9970
-8.2390
-6.4370
-9.3980
-13.7070
-16.2080
-17.6830
-18.2610
-17.6960
-15.8900
-14.6110
-11.7790
-11.5580
-16.7620
-21.0860
-23.4960
-20.2150
-8.7960
1.3240
-0.3450
-8.6330
-3.5300
1.3740
-4.1540
-1.1400
0.9420
-4.4660
-3.5760
-6.6170
-12.1580
-6.3180
-5.2010
-10.6680
-16.0810
-14.0470
-11.5850
-17.7390
-12.5670
-6.7880
-4.1820
1.4210
-2.9050
-7.4250
-5.7890
-0.8100
4.1150
7.3140
4.0280
0.5880
0.5080
4.7760
7.7230
5.7740
1.5490
-3.6470
-3.3630
-0.6890
2.5910
1.5100
2.6930
7.5570
8.3380
-4.0560
-12.9500
-4.9780
7.4720
5.7900
1.1540
-1.3180
3.6160
4.8660
-0.0730
8.7870
20.2880
16.7370
6.4220
10.9690
19.5570
13.6780
5.1360
1.8520
2.7658
3.6796
4.5934
5.5072
6.4210
2.0690
-0.0110
1.6810
2.7740
3.9580
3.3540
7.9990
16.4590
18.4640
17.4630
16.8860
10.8150
4.5230
2.5790
-0.7340
4.3630
8.0460
4.8310
5.9690
11.0070
19.2160
22.6960
23.0010
24.4800
21.6180
20.6000
23.3490
22.4130
18.0300
18.0190
23.4850
24.7000
25.4890
26.9940
27.3020
28.6900
31.0010
33.4310
33.3430
32.7610
33.5420
21.0470
6.9410
10.0040
11.3620
12.9450
18.6540
23.3640
27.9350
29.2090
29.1370
23.9650
21.8450
24.8090
26.5600
27.0520
26.1000
24.4165
22.7330
27.7460
33.4550
34.1020
35.8950
41.2360
41.5600
37.2150
35.4660
36.7430
35.5180
