9.2200
7.7300
7.3520
7.2970
6.9080
7.1800
7.9170
7.5610
7.3040
7.2400
8.1300
9.5610
9.3080
8.8640
8.6540
8.4150
8.0960
8.1900
8.5000
7.1120
6.0250
7.4430
9.1570
9.8030
10.9930
12.3710
12.6140
12.3970
12.0910
12.2670
12.7910
12.5190
11.2230
10.8380
14.4530
18.6160
18.9090
17.1240
14.5260
13.1700
12.6140
13.3090
13.5820
12.1520
11.5000
11.8470
12.6510
13.3630
13.1050
10.3630
6.5540
2.2700
-2.3630
-2.6490
-0.9600
-1.8530
-2.6540
-4.1800
-6.0360
-6.6750
-7.9660
-9.5560
-9.6300
-7.3420
-5.0220
-4.3170
-1.4420
0.2230
-4.7620
-11.8620
-12.8960
-10.6180
-7.3940
-7.7620
-5.5210
-4.0590
-7.1140
-7.7150
-7.5310
-8.3060
-10.3540
-10.0530
-7.3550
-5.7540
-5.8320
-7.4550
-8.7860
-8.7060
-7.9040
-7.2610
-7.2600
-6.7440
-6.4760
-7.5720
-7.7150
-6.6640
-6.3010
-6.5920
-8.0950
-7.6240
-5.1080
-4.5980
-5.0200
-4.5660
-4.5140
-5.1530
-5.4380
-5.3960
-5.2570
-4.8530
-4.2220
-4.3440
-4.6210
-4.7040
-5.1250
-5.8600
-5.5140
-4.4450
-1.9930
-1.0180
-2.0500
-1.4750
-1.4750
-0.8170
0.4020
0.3510
-0.8720
-2.7250
-3.0440
-2.6140
-2.6820
-2.4920
-1.2840
-1.8620
-2.6930
-2.5970
-3.4950
-2.7670
1.2200
-0.7020
-1.1430
1.0910
0.6350
-2.3030
-3.5410
-0.7660
2.2010
3.3720
2.7830
2.2120
1.9890
2.1380
3.9770
6.3840
6.6410
4.2970
2.1650
2.0230
2.9460
4.4530
5.9020
5.5110
5.1570
5.8370
4.0120
2.5820
3.2950
2.4140
3.7770
5.2630
4.5300
4.6500
2.6670
1.6610
4.2210
5.8430
7.2350
9.1830
7.8560
6.1450
6.9010
8.7040
10.1210
7.7790
5.9570
6.8930
5.9640
3.3470
2.6010
3.7900
6.4640
10.1990
11.2160
8.8660
7.9370
8.3030
10.8190
11.7180
10.3530
10.1150
7.6650
5.3210
2.9650
2.5690
3.9730
3.6140
4.1630
7.0650
8.5790
8.3350
8.2970
9.5080
12.8310
12.9390
13.2460
12.8930
12.5520
11.6410
9.3540
9.3900
10.1500
8.4740
8.5030
8.3550
7.9030
8.3730
7.5290
7.7400
9.3100
10.0350
7.7390
6.7370
8.3540
9.0200
10.7840
11.0040
10.8410
10.5740
9.0880
9.1910
9.6710
10.5750
10.8780
11.0930
12.0030
11.3330
10.4810
10.8260
10.3050
9.6740
7.6130
6.0540
7.0020
7.2640
7.5500
7.0010
5.5700
7.4990
10.7570
10.0630
7.7750
6.6250
5.6930
5.1040
4.0210
2.9930
3.7370
3.9970
4.4670
4.5280
3.8910
4.6210
4.2780
3.3300
2.9380
3.0630
3.2880
2.7700
3.2850
3.8770
3.0260
2.5500
2.1950
2.6750
2.7340
1.1230
0.7300
0.0260
-0.0730
0.4460
0.5340
4.4980
8.3030
5.6890
2.5060
2.7480
2.9480
0.8560
-0.0980
3.7210
3.7940
3.3290
1.2610
3.4410
6.6880
3.1550
-1.5320
-2.8840
1.1940
-1.2080
-2.2660
1.5880
3.9730
4.1160
0.7260
0.3740
4.5710
6.5330
5.0580
3.4410
4.3430
5.9320
2.8310
0.3660
0.9850
0.2410
-0.3520
-1.5720
-1.8100
-0.6570
-0.2310
-0.8250
-1.2040
-1.2820
-1.6870
-1.7980
-1.0160
-1.4280
-3.5050
-5.6790
-4.9610
-2.6440
-2.1290
-2.8780
-3.8860
-4.2700
-3.5060
-2.6900
-2.6180
-3.5410
-2.7000
-2.2040
-2.9510
-3.1700
-3.3490
-3.7440
-3.6500
-2.7950
-2.0420
-1.8140
-1.1320
-0.5730
-1.4380
-2.4450
-2.4330
-2.3880
-4.0640
-5.8320
-6.6770
-6.7930
-4.9530
-4.2510
-4.6380
-4.9250
-4.3330
-3.8100
-4.9340
-6.3150
-6.8660
-7.2560
-4.9320
2.0580
6.0910
6.0440
5.3430
4.8800
4.2170
3.5140
4.0860
4.5760
6.3330
8.0570
8.2360
9.2060
7.3090
4.8680
4.8981
4.9283
4.9584
4.9885
5.0186
5.0488
5.0789
5.1090
5.1580
5.0470
4.2310
4.4420
4.7310
4.9870
4.3170
3.8110
4.2030
3.9640
2.5730
0.3240
0.5280
3.5720
3.4360
1.9080
