-4.0210
-4.3040
-4.4080
-3.7670
-3.5910
-4.2090
-3.1840
-3.0110
-2.6310
-7.6190
-8.2650
-3.3770
-4.1960
-6.8280
-9.0530
-7.3230
-5.0350
-4.7630
-6.3050
-5.5530
-3.8980
-6.0490
-6.5930
-6.0440
-8.3610
-6.6900
-2.4170
-3.2080
-4.0790
-1.9470
-2.3000
-2.5760
-2.4280
-4.6880
-6.2210
-5.5910
-4.0470
-4.6610
-5.3670
-5.0320
-4.2540
-4.7260
-5.1560
-3.6580
-5.1440
-7.1760
-6.7730
-7.7650
-9.6020
-7.4820
-5.9020
-8.4430
-8.1040
-6.2340
-6.5520
-6.2470
-5.6000
-6.6280
-7.4110
-7.2220
-7.1720
-6.5010
-6.2040
-7.4830
-6.9690
-5.3670
-5.5900
-6.8580
-7.2740
-5.7820
-5.1520
-6.7990
-9.5320
-9.1070
-6.9610
-7.2100
-8.0450
-8.8260
-9.9560
-9.4770
-7.7250
-7.8910
-10.6930
-10.4180
-8.5360
-8.9540
-5.5160
-0.1810
1.8310
-1.6400
-6.2770
-7.3700
-9.2550
-7.7360
-1.7630
-3.7590
-7.6460
-12.1800
-13.2090
-3.6060
2.3600
2.0710
2.2620
1.4450
-1.3180
-10.5260
-19.8620
-17.3970
-8.4920
-2.3180
-3.6660
-3.8740
-11.7500
-17.3030
-11.3770
-5.0220
-2.0170
-6.2010
-3.6750
-0.9810
-2.5640
-0.8320
-3.4020
-9.3700
-14.1750
-15.7080
-13.1300
-12.0170
-8.5840
-4.0800
-3.4940
-2.5620
-4.4490
-8.2910
-5.9730
-4.6380
-5.2910
-3.5350
-3.8990
-8.4640
-9.5970
-6.1290
-5.4490
-5.1240
-4.5700
-3.5450
-3.9770
-4.8640
-3.6940
-1.6720
-0.3950
-1.2170
-2.1420
0.6960
2.5460
2.0200
2.4090
2.9590
3.2400
2.6370
2.8050
1.9340
-0.1870
-3.9970
-9.4800
-12.5170
-12.4180
-12.9160
-12.5620
-10.8620
-10.6280
-9.9350
-9.8420
-9.3630
-9.2230
-10.8480
-11.5630
-9.8530
-9.1940
-11.3480
-10.4600
-8.9620
-10.4440
-10.4770
-9.0140
-9.1300
-11.1620
-11.7260
-10.6500
-11.4170
-11.0860
-10.1160
-10.8770
-10.7070
-10.2580
-10.9070
-11.2300
-10.9890
-11.4020
-12.4550
-13.0350
-13.8390
-13.7670
-12.0480
-11.2070
-10.5550
-10.1870
-11.1080
-12.3220
-13.4390
-14.2060
-14.2300
-15.3900
-16.9680
-16.0470
-13.6680
-12.7440
-13.6840
-14.1140
-13.7740
-13.5770
-13.0460
-13.5240
-14.8740
-14.9070
-14.4160
-14.4370
-15.6060
-15.9450
-14.9850
-13.8640
-13.8780
-13.7590
-12.8300
-12.9590
-12.3140
-13.7850
-14.7090
-14.2600
-14.0020
-14.3310
-16.0340
-16.3270
-17.1110
-18.0180
-17.6950
-15.9340
-14.3010
-13.7870
-15.3880
-18.2400
-18.2170
-16.7490
-15.8080
-15.7820
-15.9530
-15.0210
-14.9870
-16.3600
-18.1430
-19.2000
-18.2590
-16.5730
-17.1030
-17.4120
-17.4930
-18.4430
-18.8440
-17.2310
-15.7240
-15.4740
-15.3240
-15.8970
-17.4270
-17.6890
-18.3260
-19.4850
-19.5150
-20.0760
-18.0810
-16.6860
-16.7220
-17.6860
-19.0110
-19.8560
-19.7430
-19.2550
-20.9710
-21.0730
-18.9180
-16.8020
-14.5810
-13.7630
-15.3730
-17.1630
-17.2280
-17.7210
-18.3520
-17.0080
-16.3530
-16.8560
-18.9290
-20.0590
-15.2200
-6.4260
4.6510
7.5850
5.8920
10.3410
12.7600
14.5510
15.4140
15.1600
16.4540
16.3380
19.3870
23.0110
21.9050
20.1020
19.7220
20.6120
21.8850
22.2190
22.8410
23.1510
23.0390
22.4700
22.9370
23.6160
23.1200
22.9790
23.4520
23.1220
23.8030
27.5130
29.3190
26.3830
23.4580
22.7620
21.3070
19.0610
17.5240
17.5020
18.1030
19.3760
22.2030
19.8150
16.2280
20.7750
26.3580
29.9620
31.5570
29.0010
28.3340
33.6640
36.8160
35.5800
38.8970
41.5080
37.7040
36.6560
38.1780
35.3120
31.6850
30.9200
30.1480
29.9930
29.4740
27.3810
25.5900
22.9480
26.0030
28.8310
26.2130
26.3170
