5.4750
4.9410
4.7940
4.5400
4.2330
4.3340
4.5580
4.8770
5.0290
4.5360
3.6150
3.2200
3.1540
3.4800
3.7400
3.5070
3.2300
3.0700
2.9330
2.9460
3.0900
3.1830
2.9900
2.7820
2.9160
3.0810
3.4140
3.8890
4.0600
3.7690
3.5470
4.0120
4.2950
4.0870
4.0640
4.2720
4.1900
4.1130
4.1550
4.2220
4.4240
4.2070
3.9540
3.8580
3.6730
3.5790
3.3840
3.3870
3.5240
3.7730
4.0650
4.0760
4.0690
4.2370
4.2310
4.2080
4.5200
4.8590
4.6500
4.3850
4.4930
4.3990
4.2440
4.2180
4.3490
4.1880
4.1020
4.2680
4.1870
4.4370
4.7300
4.5130
4.2330
4.0920
4.0790
4.1140
4.2050
4.3310
4.1560
3.9620
3.7110
3.4590
3.1760
2.9410
3.3070
3.9190
3.8340
3.8150
3.8510
3.4680
4.1120
4.6760
4.3840
4.2020
4.1510
4.0440
3.9220
3.7620
3.6880
4.0490
4.4400
4.3870
4.1600
4.2370
4.6950
5.0220
4.6320
4.5370
4.6410
4.4440
4.7220
5.1470
5.3410
5.7310
5.7200
5.5140
5.5600
5.1610
4.6300
4.7750
5.0640
5.3790
5.2050
5.2880
5.0730
4.9790
5.4760
5.2400
5.4470
5.2730
4.8930
5.0200
5.4710
6.2510
6.6500
6.4380
5.3870
5.1400
6.0140
5.2700
4.8110
4.8870
4.9080
4.8100
4.8200
5.4820
5.1700
5.1140
5.7490
5.8490
5.6830
5.7410
4.8550
3.6600
4.0840
5.5000
4.5070
3.8580
4.6490
4.1280
5.1770
4.3140
2.2880
3.0160
5.1680
6.9290
7.0060
6.7640
6.6330
6.3570
6.7690
6.5070
6.5840
6.3310
6.7680
8.7330
9.3360
10.7590
11.8300
11.1910
7.0900
5.8040
6.1740
6.9760
7.9680
4.7970
3.7560
4.3070
8.6690
12.4360
8.6650
8.7800
13.4100
10.9100
6.0760
2.6430
1.5520
4.2390
8.7740
14.5740
12.5100
11.1520
11.4170
6.7440
4.4800
2.5760
0.7560
-3.8620
-7.4620
-5.2570
-3.1250
-3.8270
-5.4950
-5.3680
-5.3800
-3.4540
-0.9950
-0.2280
-0.3300
-1.2910
1.1930
3.7740
1.5500
-4.3800
-8.9150
-7.4460
-6.3050
-3.4820
0.3760
-4.3260
-6.0110
-4.9320
-5.7140
-4.2640
-6.1880
-8.7290
-2.8580
4.4930
8.0730
8.3140
5.9090
6.1560
6.8510
8.1370
7.4860
7.9440
10.4350
7.4390
8.3430
9.9300
9.3850
8.8470
7.4840
3.5480
4.7990
7.6260
8.8530
9.3440
6.4880
3.1210
2.1660
2.8810
0.3230
-1.5440
-1.2880
-2.7350
-4.2810
-6.1500
-7.5940
-5.2180
-2.1850
0.0470
4.3220
0.2210
-3.8450
-3.0750
-4.5550
-3.9550
-3.3550
-2.7550
-2.1550
-1.5550
-0.3880
3.0510
2.8160
-0.8180
2.1940
4.4380
1.4830
-3.6270
-6.8520
-4.2840
-5.3660
-5.5110
-2.6650
-3.2210
-4.5280
-6.0600
-5.4920
-4.6060
-6.3040
-5.2420
-6.0130
-9.9960
-8.9600
-6.2650
-5.7160
-5.9270
-5.5520
-6.3420
-7.1830
-5.6080
0.0670
4.2690
3.5080
0.4600
-3.3580
-6.3100
-9.6030
-14.7670
-18.6650
-19.9050
-21.8070
-20.8000
-18.7750
-21.2160
-24.6330
-26.1600
-26.9210
-26.7590
-26.2720
-27.4760
-27.9330
-27.5430
-26.7020
-24.6470
-20.5590
-18.4820
-19.4830
-18.6960
-15.8550
-12.6780
-11.9110
-10.8300
-12.2660
