16.5260
17.6670
20.8040
22.6360
26.1310
28.0700
24.3280
18.6180
19.0000
22.2050
21.7910
21.4370
21.8860
21.0630
20.6440
21.9730
24.4010
26.4680
27.0070
27.2610
27.3970
27.7930
27.6280
28.3720
33.0260
36.3520
34.4720
31.5080
27.5320
19.3920
18.1620
19.3670
15.8020
10.9160
1.0530
-1.6880
4.9960
7.6750
7.5160
14.3360
18.0420
19.1260
22.1570
24.0980
26.5800
26.8130
25.5530
22.9110
21.6490
23.2680
25.7900
24.5820
17.4440
17.9770
23.2800
23.3320
23.2670
23.4180
20.7370
16.5990
15.0570
14.1850
13.6280
12.4000
13.2520
13.1240
10.0360
7.7870
8.6220
9.8080
7.2470
5.2480
6.8290
5.4360
-1.1350
-1.5970
1.5830
1.6060
-0.4550
-1.2190
1.1440
3.6870
4.2670
1.7540
-0.2790
0.6080
-0.3770
-1.4110
0.9730
-1.4260
-5.0510
-5.8510
-6.1830
-5.2680
-2.6120
-2.0970
-5.3890
-5.0220
-5.5110
-8.4570
-7.4650
-5.5650
-6.2740
-8.9180
-9.2380
-8.5810
-10.3810
-7.4850
-2.1070
-5.7840
-10.5770
-7.3330
-3.0980
-3.8570
-9.2990
-10.7640
-7.3770
-4.6500
-7.6480
-12.2550
-9.5390
-6.5100
-4.5630
-1.0770
-7.3140
-15.4390
-12.4030
-6.4820
-6.7940
-12.2490
-12.3100
-6.7450
-1.1910
2.2190
0.5260
-4.7050
-7.7690
-8.7360
-10.5090
-10.5040
-9.2830
-8.6630
-5.1740
-9.7870
-15.1970
-11.4050
-9.7090
-13.4990
-18.1060
-15.7780
-7.3200
-10.3460
-18.2530
-12.5270
-10.3410
-15.5740
-17.4970
-16.1610
-16.1680
-14.4830
-6.6110
-6.7390
-13.1030
-9.0580
-7.3540
-11.6270
-12.4350
-6.2910
-8.8280
-13.0180
-7.8080
-8.5290
-14.7360
-14.5950
-9.9300
-10.9980
-14.5010
-12.8400
-11.1430
-10.8560
-12.5410
-9.6650
-8.3310
-16.9460
-17.7660
-12.1730
-14.0580
-20.0880
-22.3130
-22.7850
-18.3540
-5.2550
-4.5460
-17.1400
-19.9180
-12.8580
-11.7130
-10.9540
-4.4820
-10.7910
-15.8100
-5.0960
-5.3500
-14.9770
-14.7520
-15.4860
-14.1120
-6.3180
-2.9160
-9.0600
-12.5960
-11.1650
-13.6420
-7.6500
1.7870
-6.4810
-17.8510
-20.6760
-22.0480
-19.1310
-3.2270
7.0570
-7.5390
-17.5830
-14.1250
-4.8100
3.8500
-3.5080
-13.4860
-14.4310
-15.0840
-11.1830
-6.6540
-6.1170
-7.1930
-14.5320
-16.9060
-15.1320
-13.3820
-5.0840
-9.5700
-17.7420
-13.8530
-12.5920
-11.6170
-9.9270
-8.3800
-10.5130
-9.7430
-6.0200
-9.3420
-14.4370
-15.8850
-11.1490
-4.4220
-4.6980
-8.2580
-10.0630
-10.1270
-9.7510
-6.7610
-4.7590
-6.0970
-8.7940
-10.2670
-11.0970
-9.7880
-7.5350
-6.8360
-6.8290
-7.7000
-7.3500
-6.6840
-6.2100
-5.7800
-5.2720
-4.5500
-6.0890
-7.0390
-5.7450
-5.5710
-5.6700
-5.3540
-5.2680
-7.3810
-9.9130
-10.1920
-9.4810
-7.8790
-6.3290
-5.6040
-4.7450
-5.2270
-6.8340
-8.7250
-9.0220
-7.6130
-6.8490
-6.5260
-7.2260
-8.0110
-7.9270
-8.4350
-9.0970
-8.3380
-7.0180
-6.6610
-8.2640
-9.7130
-9.0570
-7.5400
-6.6190
-6.8440
-7.3720
-7.2010
-7.5260
-7.5850
-7.7560
-8.6330
-9.0050
-9.0470
-8.7150
-7.6590
-7.0010
-7.8530
-8.9950
-8.9220
-8.1250
-7.6850
-8.3410
-10.4540
-10.0270
-7.7200
-7.6640
-8.3940
-8.7520
-8.6140
-8.2530
-8.2120
-8.2114
-8.2109
-8.2103
-8.2097
-8.2092
-8.2086
-8.2081
-8.2075
-8.2069
-8.2064
-8.2058
-8.2052
-8.2047
-8.2041
-8.2036
-8.2030
-8.2024
-8.2019
-8.2013
-8.2007
-8.2002
-8.1996
-8.1991
-8.1985
-8.1979
-8.1974
-8.1968
-8.1962
-8.1957
-8.1951
-8.1946
-8.1940
-8.1934
-8.1929
-8.1923
-8.1917
-8.1912
-8.1906
-8.1901
-8.1895
-8.1889
-8.1884
-8.1878
-8.1873
-8.1867
-8.1861
-8.1856
-8.1850
-8.1844
-8.1839
-8.1833
-8.1828
-8.1822
-8.1816
-8.1811
-8.1805
-8.1799
-8.1794
-8.1788
-8.1783
-8.1777
-8.1771
-8.1766
-8.1760
-7.9570
-7.8940
-8.0080
-7.7710
-7.3230
-7.1570
-7.4390
-8.0720
-8.3290
-7.8330
-7.9470
-7.9530
-7.6050
-7.5690
-7.6450
-7.8950
-7.8710
-7.5400
-7.1010
-6.8960
-6.6670
-6.3780
-6.0780
-6.5380
-7.0840
-5.2830
-4.1830
-4.7640
-4.9100
-5.0040
-4.3170
-3.5460
