28.0300
28.9220
30.2450
29.9560
29.5220
28.5160
27.9310
28.5310
29.0890
29.2240
28.9720
29.0930
29.2500
29.8970
29.7520
29.1720
29.1770
28.9830
28.4190
27.6090
27.3690
27.4750
27.9350
29.1530
29.7520
29.2460
28.9150
28.5330
28.1610
27.8740
27.5870
27.0190
25.9970
24.7410
23.8340
23.5700
23.9300
24.7410
24.6710
24.3970
23.5100
23.2230
23.9150
23.7820
23.8130
24.0090
23.6100
23.0390
22.9580
22.5040
21.8340
22.2280
23.2200
23.6630
23.8700
23.8200
22.4510
21.3460
21.5120
21.4000
21.4260
20.8660
19.7730
19.6350
20.2500
20.2740
19.7090
20.0130
20.5560
20.4740
19.9210
19.1750
18.4380
17.9760
17.8950
18.4050
18.8850
18.9600
19.6530
19.0260
16.6620
14.0500
13.0730
11.1880
8.8900
9.0480
9.3370
10.5960
13.2130
14.1460
11.2880
10.2110
13.3030
11.4700
6.6910
8.3540
12.6360
12.5880
10.4970
9.4510
7.1560
6.0270
7.0600
8.5400
9.2010
9.8610
8.1820
5.6460
6.2780
8.0430
6.0700
2.8220
6.7140
11.1270
11.9640
13.2410
13.6750
11.6100
11.1430
14.6070
15.3170
13.6390
14.4570
17.7750
21.5400
23.1580
22.2560
18.8200
15.8570
16.6380
16.8000
16.3630
16.7920
16.1980
16.2650
16.9000
17.1760
17.8760
18.0100
17.2440
17.0130
16.9300
15.0260
14.3590
9.6150
2.4060
3.5490
5.8040
4.1340
4.0090
5.2540
5.7470
4.5820
6.7890
10.4070
10.6150
8.4610
0.4640
-1.0520
-0.8210
-5.3390
-0.6310
6.3370
8.9420
9.7740
10.1280
6.8240
-0.6100
-9.0060
-15.1640
-13.2430
-6.4400
-0.6640
3.8380
7.6000
4.0920
-0.9900
4.0830
3.3100
-2.9760
-1.3120
1.4400
2.3720
-0.4290
-4.1650
-1.2690
-1.5910
-1.7110
2.8800
1.9550
-3.8050
-7.0970
-2.0520
5.3670
7.8490
5.9470
2.7550
0.7080
4.4440
2.7750
3.8400
7.2090
4.1240
3.0296
1.9352
0.8408
-0.2536
-1.3480
-5.0860
-0.7790
-1.8320
-4.6160
-2.1800
-2.5250
-10.1090
-8.2240
1.0480
4.6340
6.6300
6.5060
4.9890
4.8100
4.5160
2.6350
1.8510
2.7610
4.3630
2.9130
0.8710
1.1950
2.3380
1.7020
1.2940
0.5290
0.2720
2.7250
2.1430
0.2610
0.6180
1.6670
1.8270
2.5570
1.3270
1.4200
1.8210
-0.1820
0.0840
2.4740
1.3330
-2.0510
-0.3100
1.9040
1.2960
0.5070
-1.0190
-2.2740
-1.8660
-0.2790
1.4010
0.4410
1.4220
5.4310
7.9180
8.2440
7.3420
6.7170
4.9060
4.0620
2.0120
3.8730
8.0820
7.8610
7.7620
7.3720
5.3340
4.2140
4.8240
5.8810
5.6660
5.1780
7.0440
7.9450
8.0700
7.7520
6.7730
5.4310
4.6310
4.1430
4.1810
3.5920
1.1650
-0.9250
-1.5830
-1.4540
-1.8690
-2.5570
-3.2770
-3.5850
-2.6330
-2.5150
-3.4830
-5.0020
-6.9450
-4.9600
-1.6880
-1.7420
-3.1450
-4.3870
-5.0540
-5.3220
-5.4010
-4.0590
-3.2950
-7.5950
-9.9470
-9.4250
-8.5530
-9.9280
-14.3630
-15.7430
-13.4760
-12.9790
-14.4150
-14.8800
-15.4130
-16.3370
-16.0410
-15.0590
-16.4640
-20.0230
-20.9430
-19.1590
-17.7310
-9.0700
-0.3930
-0.3710
-3.4780
-8.1400
-6.0940
-6.2470
-9.1860
-1.1320
1.7440
-7.9410
-14.6730
-13.1820
-11.1120
-16.7960
-16.6570
-14.3820
-15.1370
-12.8480
-16.1030
-18.5960
-5.5700
-8.3950
-21.7250
-21.0930
-10.9590
-2.6410
-11.0750
-17.0050
-8.3550
-4.1960
-4.5220
-7.5900
-5.1930
5.3040
-1.4680
-12.8020
-8.8210
-4.0540
-7.9820
-11.2910
-1.9100
11.2270
12.6680
12.4560
9.9170
2.9580
-4.0750
-5.2990
-4.7410
-5.7160
-6.1980
-1.8690
0.7160
3.9150
7.0860
6.1960
6.4020
5.9790
5.4460
5.4570
2.1130
-9.2970
-13.8500
-11.6290
-7.0300
-4.1610
-12.6020
-12.4900
2.2440
12.2450
12.7170
11.0040
6.5450
2.7250
6.7290
7.5590
7.2390
5.1270
-3.4440
-5.1360
0.5870
-5.2130
-10.7340
-4.1600
-0.4680
0.4640
0.6530
2.2380
3.0980
2.8750
3.2720
3.5460
3.1810
2.6320
2.1760
2.7770
2.9170
2.5340
3.7670
3.0440
0.6490
