-3.9220
-3.9730
-4.3090
-4.8410
-5.0060
-4.6280
-4.5960
-4.7590
-4.7560
-4.6730
-5.0220
-5.2360
-4.5880
-3.9130
-3.2580
-3.1060
-3.4500
-3.7100
-4.1140
-4.4870
-4.6050
-4.6700
-4.6320
-4.8330
-5.3620
-5.4560
-5.3460
-5.2340
-5.2260
-5.1690
-5.1460
-5.0450
-4.8080
-4.9070
-5.0840
-4.9530
-4.8510
-4.7810
-4.5390
-4.5030
-4.4260
-4.0480
-3.7280
-3.7920
-3.9290
-4.0450
-4.5000
-4.5700
-4.3860
-4.3770
-4.2430
-4.1350
-4.6940
-5.4770
-5.5510
-5.3900
-5.4120
-5.4230
-5.4420
-5.3220
-5.1280
-5.1050
-4.9270
-4.7660
-4.8970
-5.0560
-5.2990
-5.4820
-5.3600
-5.2010
-5.1130
-5.2170
-5.3680
-5.2180
-5.1650
-5.2460
-5.2610
-5.1460
-4.9680
-4.7700
-4.0710
-3.9380
-3.7350
-3.8140
-4.9790
-5.2680
-5.6950
-5.8900
-5.0470
-4.6680
-5.6890
-6.4490
-6.0860
-5.6130
-5.8920
-6.4330
-6.2270
-5.9710
-6.0470
-6.2070
-6.1820
-5.4010
-5.5520
-6.2200
-5.7730
-5.3880
-5.5540
-5.6860
-5.2690
-11.7870
-7.0750
1.0800
-5.0390
-6.5290
-4.1760
-2.0690
-3.0210
-4.5470
-4.5180
-4.8180
-4.0670
-3.9440
-4.5460
-5.7460
-7.2160
-7.1960
-7.0210
-8.3760
-10.5420
-9.8900
-7.9500
-8.4610
-9.2470
-7.8430
-6.5470
-7.9280
-10.3780
-9.3400
-6.3700
-6.4850
-6.9810
-5.1250
-2.4650
-1.6000
-6.9860
-9.1820
-7.1950
-3.7540
-0.3570
1.9540
0.5480
-3.8560
-5.3290
-9.0730
-8.1420
-4.7590
-4.3550
-3.5310
-3.6100
-5.4430
-6.3310
-5.7590
-5.8390
-6.0870
-4.9980
-5.1100
-4.2870
-4.3150
-9.7770
-11.7930
-6.3730
-3.3620
-4.2880
-1.7970
-0.8370
1.4950
2.1860
-4.3030
-7.0380
1.2790
2.3680
-4.2400
-5.9610
-3.6500
-3.0660
-1.0890
-8.4380
-13.6460
-12.3480
-18.7030
-22.3630
-18.1740
-13.9010
-11.2300
-14.0370
-16.3260
-13.4170
-8.8980
-14.6780
-22.7420
-17.7230
-10.9620
-9.3650
-13.6330
-18.2160
-15.0010
-10.6970
-13.6350
-15.5060
-13.3250
-14.3100
-17.3030
-11.2920
-2.2590
-3.0550
-6.4770
-11.0240
-15.4860
-13.4270
-5.5400
-1.0820
-10.5150
-12.5670
-4.1190
-6.7140
-8.5590
-5.5560
-9.2740
-11.4110
-11.2770
-10.4060
-8.7050
-12.5470
-17.3550
-11.2680
-3.3600
-7.7390
-13.6670
-15.0420
-16.9090
-10.8100
1.1710
3.8900
3.1830
2.9540
0.5550
4.7330
12.1260
11.2250
7.1580
5.7730
5.6930
4.7450
6.0010
7.0450
9.8900
10.9470
7.9760
9.1970
12.5970
17.4450
17.8010
12.0530
8.5980
5.6770
7.2410
12.6200
19.8730
22.6260
19.0650
18.2090
21.7570
29.3640
34.2230
36.3640
37.6250
37.1290
36.1360
36.2510
37.5940
38.3190
38.4130
37.8490
36.6360
30.7850
25.4690
26.0010
26.4710
26.6660
28.7560
33.7820
41.6050
45.4610
42.8940
42.3690
45.7860
43.7880
36.8370
34.7960
36.5010
37.5660
37.8860
38.3210
38.4090
39.0000
41.6020
41.9860
37.6850
32.8280
30.2840
24.7520
18.6970
15.2330
15.2520
17.1110
