3.3760
5.3310
4.2980
2.1210
3.4140
4.3020
3.9570
4.7500
4.9420
2.7450
2.3190
3.3100
3.0090
3.7760
4.5000
3.8950
4.0050
5.2750
5.3520
4.2300
4.1590
4.5620
4.1090
3.3100
3.2560
3.3310
3.7950
4.1290
4.9950
6.1370
5.9060
5.4060
3.6530
4.5120
6.2400
5.3450
5.3120
4.7200
3.9710
3.8700
2.3750
2.7780
3.8600
3.9330
3.4970
2.5910
2.5420
2.2040
0.4590
-0.5530
1.2380
3.1260
2.3820
1.3500
2.1770
3.5410
4.6000
4.0820
3.0460
3.1350
3.3130
3.4410
4.1110
3.8680
3.4740
2.9180
2.4110
3.8120
4.6490
5.5670
6.0920
6.3990
6.2120
5.9880
6.7550
6.2760
5.6260
5.3650
5.3750
3.9540
3.1850
1.9980
0.7980
2.0950
1.4040
1.2740
2.4920
1.6590
-0.1740
0.1860
1.4210
1.2960
1.2530
0.9890
0.6890
2.9910
5.7740
6.9690
6.6420
5.3600
5.1580
4.3820
4.3080
1.7740
-0.7570
0.6070
3.2070
7.3180
7.0670
4.6130
4.2910
3.4480
2.9020
2.3420
1.5300
1.3400
2.5060
3.2040
1.9830
1.2530
0.0250
-2.6080
0.3200
4.2320
2.5400
-0.4020
-0.4780
1.3560
2.0580
4.4280
6.8500
6.0590
4.7230
5.1650
3.5690
3.4610
6.8830
7.0570
6.9450
8.5140
7.2530
5.6270
5.5580
5.2140
4.4640
3.2940
2.5180
2.8050
3.5060
3.6900
3.9240
3.4290
3.4870
4.0830
3.1310
2.2670
3.3890
3.9380
2.3500
2.0700
2.5340
1.6990
0.6060
1.0200
1.3490
0.5250
0.0350
0.2550
0.7920
1.2820
1.9600
2.3760
2.2090
1.7080
1.8380
0.5920
0.4770
1.2400
0.8480
0.3950
0.6350
0.4480
-1.0980
-1.6530
-0.5490
0.7610
1.6670
3.3700
3.1810
3.0000
3.6220
1.6730
0.2960
0.8970
1.0550
1.5240
1.3880
0.9500
0.9060
0.3720
-0.7640
-0.6950
0.3150
0.7360
1.7030
1.9020
2.2070
2.6500
2.1020
1.7640
1.9740
2.4920
2.0480
1.6340
1.7940
1.7310
1.5060
2.2170
3.3010
2.8690
2.1440
1.8340
0.8430
1.2160
1.4340
0.6320
3.9630
6.5640
6.5770
6.6090
5.2850
5.6990
8.3200
7.6580
5.6400
3.5530
3.0500
3.8690
3.4420
3.9070
4.0150
5.1200
6.0560
4.1660
3.2890
6.2940
6.5940
5.7600
8.3370
9.6620
6.8990
4.8810
5.3490
8.0530
6.3650
4.0910
8.8460
8.2410
5.7700
1.2160
-2.2030
0.9970
0.5110
0.2110
0.5890
1.5830
0.4950
-3.9370
-3.2950
0.0250
1.4100
0.7340
0.9610
0.4110
-0.8540
-1.1790
-0.4720
-1.5740
-1.9410
1.2290
0.2390
-1.7210
-0.9883
-0.2557
0.4770
1.2540
2.2510
2.5070
3.0860
3.5750
1.9460
0.4900
-0.0190
-1.2890
-1.5830
0.8660
2.1660
1.2740
0.3430
0.7940
1.5430
-3.4790
-7.5930
-7.7760
-9.3050
-9.4930
-6.6970
-3.6330
-2.4820
-3.4390
-6.5120
-7.5800
-7.1090
-7.7020
-8.3960
-9.6040
-8.7590
-7.5310
-6.4430
-6.2830
-7.4810
-7.1530
-8.1310
-10.1130
-10.2810
-8.6120
-9.4170
-12.7920
-12.0310
-9.4260
-8.6210
-7.0150
-5.9560
-5.4430
-2.6100
-2.8560
-3.0510
-0.0490
0.1750
-0.9450
0.7410
2.0720
0.8780
-1.5510
-1.2600
1.6720
1.8820
0.9100
0.4120
-0.4740
0.1630
1.7030
0.2200
-3.2720
-4.2420
-2.9350
-0.0130
3.1990
3.7340
1.9680
0.2120
-0.4330
0.0816
0.5962
1.1108
1.6254
2.1400
-1.0090
-6.9170
-8.7010
-8.6750
-10.5600
-10.9770
-6.2370
-5.4860
-12.9070
-17.7520
-15.4960
-12.8130
-12.9530
-10.9420
-8.9360
-9.4570
-10.1100
-11.6960
-12.4590
-12.7890
-15.4180
-17.3220
-17.6980
-17.3980
-16.5560
-15.4380
-14.7330
-14.5780
-13.8050
-13.5290
-14.6700
-16.1730
-16.5700
-16.0570
-14.6060
-12.7960
-12.6940
-13.5410
-14.0120
-13.9340
-13.8130
-14.2700
-15.0950
-15.4570
-15.5150
-15.5340
-15.6360
-15.8460
-16.2060
-15.8910
-14.6570
-13.9410
-14.8730
-16.6660
-17.6250
-17.9650
-18.0720
-18.3080
-19.4890
-20.8580
-21.3150
-20.1620
-18.2630
-17.7680
-17.8810
-17.3840
-16.7970
-16.5990
