-20.8070
-19.5150
-18.1110
-19.0090
-19.5150
-18.5980
-18.6050
-20.2270
-23.5170
-25.5680
-24.4490
-22.1840
-21.9430
-21.6210
-20.2230
-21.0490
-21.7790
-21.2620
-21.6300
-23.5160
-23.2370
-21.9690
-22.9020
-21.9830
-19.3700
-18.8490
-21.7630
-23.1250
-18.6960
-12.1170
-7.8570
-7.4030
-9.0240
-10.2600
-11.2640
-13.1100
-17.3090
-18.2320
-15.3440
-12.3510
-13.3550
-16.5830
-15.7850
-13.7260
-11.1630
-8.6310
-9.0140
-9.7540
-4.8420
3.9570
6.5170
-2.5910
-9.3420
-8.2290
-7.9220
-10.5390
-10.4750
-9.5230
-12.3240
-13.8790
-12.7130
-12.2250
-11.0210
-4.0700
-1.7600
-5.2850
-6.1310
-7.5980
-11.0860
-11.0870
-6.1320
-1.8470
-3.7030
-11.5660
-13.5110
-11.7550
-9.9870
-8.1560
-6.4440
-5.4490
-7.5140
-8.5610
-9.2190
-3.5620
5.2850
5.9890
-0.0070
-6.3850
-9.2470
-8.5520
-7.1990
-2.9570
-1.5770
-0.5060
3.4650
0.3450
-4.2630
-3.0060
-0.3470
3.2580
-2.5970
-1.8090
6.3670
-3.0070
-5.9900
-1.7140
-3.6300
3.4510
12.8580
9.7800
3.0020
-1.8270
-7.0640
-12.6060
-12.8940
-9.2020
-8.2830
-10.3200
-11.9270
-10.4830
-8.1760
-5.0750
2.2510
3.6800
1.7070
9.2270
9.7750
6.1310
12.2570
11.9450
4.3210
5.4230
7.9580
4.3150
0.6330
1.0850
6.1410
11.2400
11.0240
9.4600
12.4060
10.7580
8.1950
11.2690
11.4220
4.3300
0.6140
2.3550
1.9150
0.8120
2.2020
6.1630
9.1380
6.8150
5.6050
9.1870
11.9210
12.3030
9.5120
4.6840
2.7920
2.0160
1.9390
6.5330
5.8570
-0.8900
-3.2300
1.6980
4.0130
2.0690
6.7000
13.2360
10.4340
6.0470
10.7080
13.1620
6.6120
3.3850
7.1230
5.4660
-1.8820
-3.2630
0.5290
9.5690
13.9090
9.5630
1.8710
0.5790
1.7190
3.7640
12.0500
10.7330
10.9150
10.8890
1.6010
0.4620
7.5380
12.8920
11.6150
6.8900
4.9290
6.2740
10.0760
6.2870
0.4490
-0.1090
2.3780
4.3170
4.9610
3.9190
1.5410
6.3740
12.1530
12.2720
13.6350
13.9950
9.1210
6.0410
5.9470
6.5510
6.8840
6.2310
5.6200
5.0490
4.8060
5.2340
6.8810
7.8040
5.6160
3.8120
4.4050
5.4700
6.7300
8.6000
6.3100
2.5310
4.7100
6.6780
6.5910
7.5620
6.1860
3.5910
4.3500
6.6560
7.4410
6.3560
5.3360
6.1810
7.5510
7.7300
6.3640
4.6500
4.5360
5.3290
6.0220
5.9660
5.4910
6.0070
6.8900
6.6960
6.3140
5.4950
4.5190
5.5420
7.1980
7.6430
6.7330
5.6400
5.7190
6.5270
6.8090
6.2510
5.5960
5.5360
6.2420
6.5950
6.0220
5.6050
5.7190
6.0320
5.9210
5.8120
5.9170
5.7120
5.8240
6.2290
6.3340
6.0110
5.7190
5.1020
5.1350
6.0200
5.7810
4.4110
4.2690
5.5580
5.9850
5.1740
4.3220
5.0540
6.2070
6.1640
5.5450
5.3000
5.5880
6.0920
6.1600
5.8890
5.8770
6.3270
6.5760
6.5480
7.2150
6.8690
6.0520
6.1500
6.0120
6.0780
6.1930
5.7080
5.3630
5.7390
6.0190
5.7340
5.4160
5.6850
6.2420
6.3760
6.0640
5.9380
6.3070
6.3290
6.1380
6.3010
6.4010
5.9870
5.8820
6.2480
6.2410
6.1080
6.0470
6.0210
6.1830
6.6260
6.9720
6.9700
6.6060
6.1380
6.1980
6.6980
6.8860
6.4850
5.9790
5.8610
5.6320
5.2210
5.2220
5.3570
5.2600
5.1220
