28.3570
27.5010
24.0660
20.5250
23.9190
26.4670
25.7110
24.5660
20.6410
17.7100
18.3040
17.9430
16.3770
15.0220
10.0370
11.2300
19.8980
24.7870
23.6070
17.5530
13.8930
11.0980
7.0630
9.2130
10.7990
10.1970
9.1290
5.5730
3.7660
4.4070
4.6270
4.8680
4.8620
6.3180
7.2300
6.9010
4.3960
3.2390
2.6210
1.8800
3.9110
1.4610
-0.7690
-1.7490
-0.9220
-2.8540
-6.9720
-12.2830
-16.0970
-15.7100
-12.7270
-10.9080
-13.7010
-12.6800
-8.2470
-9.9450
-11.8020
-3.2530
4.5170
3.0430
-0.2030
-2.6430
-4.6770
-11.1910
-18.9780
-21.1470
-21.7780
-21.3160
-19.0330
-17.7490
-11.7220
-8.8560
-6.0020
1.1730
-1.3650
-2.0230
1.2970
2.1550
1.7840
-0.9900
-3.5460
-4.3530
-4.4450
-2.5650
-3.3030
-4.9460
-1.6740
-4.5290
-12.4240
-16.0100
-18.3360
-18.1930
-10.5740
-2.8660
-1.6090
-1.9060
-0.3030
-0.2550
-4.2070
-10.1480
-9.8180
-5.7840
-6.7810
-8.7280
-9.4810
-11.4770
-10.5400
-9.3090
-10.1750
-7.5730
-6.3140
-7.6870
-9.9600
-11.5370
-10.4550
-9.6150
-9.7000
-8.2800
-6.4740
-6.6090
-11.5300
-15.8350
-14.8548
-13.8746
-12.8945
-11.9143
-10.9341
-9.9539
-8.9737
-7.9935
-7.0134
-6.0332
-5.0530
-5.0560
-5.1800
-5.5350
-6.1430
-6.5510
-6.4810
-6.2180
-6.1420
-6.4520
-6.4990
-6.1730
-6.2740
-6.5440
-6.3310
-5.8640
-5.5920
-5.5930
-5.7020
-5.6500
-5.7400
-6.1500
-6.3120
-6.2230
-5.9910
-5.7780
-5.7550
-5.7130
-5.7060
-5.7530
-5.8190
-5.9020
-5.8750
-5.8270
-5.7980
-5.7550
-5.7630
-5.7140
-5.6790
-5.7040
-5.7190
-5.7340
-5.7570
-5.7720
-5.8300
-5.8740
-5.7710
-5.6640
-5.6590
-5.6900
-5.6840
-5.6540
-5.6680
-5.6750
-5.6670
-5.6930
-5.7270
-5.7450
-5.7840
-5.7800
-5.7180
-5.6250
-5.5580
-5.4480
-5.2810
-5.2340
-5.2460
-5.2110
-5.2180
-5.2530
-5.3460
-5.4370
-5.3640
-5.2160
-5.1190
-5.1580
-5.1550
-5.0770
-5.1110
-5.1910
-5.3380
-5.4900
-5.5240
-5.4360
-5.3430
-5.2860
-5.2680
-5.2680
-5.3080
-5.3210
-5.3190
-5.2490
-5.1900
-5.3400
-5.4510
-5.4150
-5.3400
-5.2920
-5.2790
-5.3190
-5.3580
-5.1410
-4.5700
-4.2020
-4.2110
-4.2330
-4.2160
-4.1940
-4.1260
-4.0470
-3.8420
-3.6570
-3.6250
-3.5700
-3.5570
-3.5930
-3.5610
-3.4850
-3.4390
-3.4270
-3.4200
-3.4580
-3.5240
-3.5300
-3.5010
-3.4890
-3.4730
-3.4690
-3.4890
-3.5220
-3.6010
-3.9110
-4.0820
-3.8920
-3.7320
-3.6620
-3.5570
-3.5450
-3.5770
-3.6760
-3.9440
-4.0560
-4.0270
-4.0430
-4.1010
-4.2370
-4.3540
-4.4650
-4.5280
-4.5260
-4.6070
-4.6430
-4.6260
-4.6150
-4.6140
-4.6160
-4.6000
-4.5740
-4.4980
-4.4820
-4.4960
-4.4230
-4.4790
-4.6000
-4.5880
-4.5350
-4.5710
-4.6060
-4.6100
-4.6780
-4.6930
-4.6200
-4.5200
-4.4960
-4.5360
-4.5020
-4.4780
-4.4900
-4.4930
-4.4980
-4.5570
-4.6710
-4.7220
