0.1180
0.4930
0.6160
0.4330
0.3340
0.3270
0.3430
0.3890
0.5080
0.9050
1.1360
0.8320
0.3040
-0.0750
-0.0590
-0.1440
-0.5720
-0.7380
-0.6210
-0.4060
-0.3940
-0.9540
-1.3690
-1.2830
-1.0190
-0.8380
-0.9100
-1.0640
-1.0251
-0.9862
-0.9473
-0.9084
-0.8695
-0.8306
-0.7917
-0.7528
-0.7139
-0.6750
-0.6360
-0.5971
-0.5582
-0.5193
-0.4804
-0.4415
-0.4026
-0.3637
-0.3248
-0.2859
-0.2470
-0.2290
-0.1860
0.0250
0.1600
-0.0840
-0.0260
0.0370
-0.2740
-1.1700
-4.8940
-9.7940
-12.4170
-9.8360
-6.1100
-7.5890
-14.2040
-17.6800
-16.7190
-16.0830
-17.0350
-18.1940
-15.5570
-12.0610
-11.5490
-14.6660
-16.0550
-15.0450
-14.4030
-13.2920
-11.9120
-11.5540
-12.0170
-14.0680
-14.8160
-13.3810
-13.0460
-13.4910
-14.4580
-15.0280
-13.9280
-13.9020
-15.0960
-13.9270
-14.6200
-15.5760
-14.2710
-14.1010
-14.1720
-13.4860
-13.0100
-12.4730
-12.2890
-13.9960
-14.3140
-13.7380
-16.1040
-15.1890
-13.4580
-16.2940
-15.5240
-15.2840
-15.2250
-13.4430
-14.1720
-15.0350
-16.9330
-16.3660
-14.1680
-13.0340
-12.2730
-11.2240
-13.4610
-15.0860
-13.8010
-14.9270
-13.2370
-12.5930
-14.7820
-14.4820
-12.9810
-12.9390
-15.6280
-17.3650
-14.6580
-13.3670
-13.6490
-13.6230
-14.2090
-14.0700
-14.3470
-15.3270
-16.0040
-15.6510
-12.9030
-10.6420
-12.9590
-15.7180
-14.5610
-11.3960
-11.4330
-12.8420
-12.1280
-12.3720
-12.6950
-14.2130
-14.3580
-11.9100
-12.0690
-12.5660
-12.6410
-13.3500
-13.5670
-13.2980
-13.3230
-13.1580
-12.2070
-12.8480
-13.4930
-13.6460
-13.8080
-13.6840
-12.0890
-10.9150
-13.5310
-16.0600
-13.9430
-13.4750
-14.1030
-11.4110
-10.8930
-12.9540
-14.7450
-13.1640
-10.6920
-12.9500
-14.8620
-12.1190
-10.1330
-10.3530
-10.7360
-12.7660
-13.1480
-13.1520
-12.9890
-12.4030
-13.6950
-13.0610
-11.7330
-12.0800
-13.8920
-12.7700
-11.5710
-12.7430
-14.5860
-12.0300
-9.1060
-12.2320
-15.3290
-12.4990
-8.6900
-7.7120
-10.4070
-13.2660
-13.4760
-14.0830
-13.7020
-12.1530
-13.7400
-14.2070
-13.9200
-13.0250
-12.2840
-11.3270
-10.4240
-10.5530
-9.9540
-12.6590
-15.8640
-15.7430
-13.4090
-11.6970
-10.2600
-10.5490
-14.1750
-15.1170
-13.0290
-11.9660
-11.0730
-9.9530
-10.0700
-11.1330
-11.4100
-12.9960
-16.0720
-15.9370
-13.9980
-13.6700
-14.3190
-13.6480
-12.6280
-13.4180
-14.1740
-14.4310
-13.3840
-9.9500
-9.2010
-10.6580
-12.1360
-13.5760
-14.5850
-14.1140
-13.0380
-15.6330
-16.3210
-13.1760
-11.2910
-11.5250
-13.6440
-15.7670
-14.7100
-12.1200
-11.0360
-11.4590
-13.0920
-15.1910
-14.0730
-11.6230
-11.9590
-13.7840
-13.8030
-14.4480
-15.8480
-15.1620
-14.8610
-12.6360
-12.4490
-15.3020
-15.5990
-13.4030
-13.0540
-15.5010
-15.4290
-13.4790
-15.9150
-15.4580
-12.3040
-13.5950
-14.3090
-14.0570
-14.1110
-14.0850
-14.4190
-13.7410
-13.7110
-14.4940
-15.8680
-17.0620
-15.1000
-14.7470
-16.2730
-15.2970
-15.9220
-17.5570
-16.6110
-15.8800
-15.4880
-15.6920
-16.7610
-17.1920
-17.0440
-15.6890
-15.7220
-16.7960
-17.5650
-15.3840
-14.4100
-15.5330
-14.0180
-14.8830
-15.3090
-14.9040
-14.1560
-14.0160
-15.5050
-17.1220
-18.2010
-15.7210
-16.3690
-17.6810
-16.4960
-16.1540
-17.0110
-17.4570
-18.2380
-16.9960
-13.3010
-14.2090
-17.0560
-13.8310
-12.9330
-14.3330
-9.7170
-8.3550
-10.0660
-10.2670
-12.1690
-13.5560
-14.2600
-14.5980
-14.9360
-15.2740
-15.6120
-15.9500
-16.2880
-17.4800
-16.5920
-12.8420
-11.5970
-13.9940
-14.5940
-12.5390
-11.1310
-11.0290
-11.8280
-12.3550
-16.3400
-19.7550
-20.7300
-22.8110
-23.2070
-22.9830
-23.6220
-23.8550
-24.4110
-25.5900
-25.1040
-24.2820
-25.1780
-25.6290
-25.8020
-26.7420
