-3.1680
-3.2250
-3.3420
-3.4460
-3.4690
-3.5240
-3.5530
-3.4840
-3.3830
-3.3500
-3.3370
-3.2890
-3.2720
-3.3970
-3.5110
-3.5220
-3.5260
-3.4940
-3.5070
-3.5620
-3.5490
-3.5980
-3.6530
-3.3640
-3.1330
-3.1330
-3.1020
-3.0560
-3.1170
-3.2620
-3.3470
-3.3830
-3.3300
-3.2830
-2.8640
-2.5220
-1.9150
-1.3860
-1.2530
-1.5340
-2.0320
-2.3380
-2.3630
-2.4100
-2.3460
-2.3570
-2.5780
-2.8740
-2.8840
-2.8910
-3.0630
-3.1090
-2.9440
-2.7380
-2.6600
-2.6590
-2.6390
-2.8740
-2.7700
-2.1740
-2.1200
-2.2210
-2.2510
-2.2320
-2.2100
-2.3210
-2.4950
-2.5080
-2.3320
-2.0310
-1.9750
-1.6200
-1.0010
-1.0000
-1.1530
-1.3310
-1.6070
-1.6820
-1.6040
-2.1040
-2.8320
-3.1520
-3.0950
-2.8780
-2.6720
-2.6540
-2.7930
-2.9110
-2.9870
-3.2160
-3.2540
-2.9000
-2.7880
-2.7120
-2.8040
-3.2030
-3.2660
-3.2170
-3.1750
-3.1090
-2.9160
-2.6290
-2.6200
-2.5290
-2.4040
-2.4570
-2.4290
-2.4440
-2.6560
-2.6660
-2.6480
-2.9660
-3.1230
-3.0680
-3.2830
-3.6500
-3.6780
-3.6790
-3.4800
-3.2730
-3.3890
-3.4470
-3.4520
-3.6150
-3.7520
-3.7380
-3.7580
-3.9360
-4.1090
-4.1710
-4.4170
-4.5100
-4.3400
-4.2470
-4.3220
-4.3810
-4.3290
-4.3310
-4.3250
-4.3030
-4.2960
-4.3090
-4.4280
-4.4150
-4.5490
-5.1110
-5.2670
-5.6250
-5.7590
-7.0900
-8.9360
-8.8470
-15.6450
-21.1560
-16.5290
-13.5160
-16.6400
-15.7980
-15.8430
-20.5890
-18.3250
-11.5560
-9.9690
-12.9550
-12.9470
-10.7390
-10.9710
-13.6840
-15.1920
-14.9790
-13.6620
-13.1940
-14.5850
-10.1550
-11.9950
-17.3370
-18.7560
-18.2320
-14.1310
-10.8530
-7.6940
-6.4520
-9.9560
-16.2800
-14.8380
-9.1560
-7.9640
-11.6720
-13.1070
-10.3090
-8.4440
-8.4790
-10.6450
-17.2800
-20.7610
-15.5450
-7.2790
-1.6910
-3.6850
-10.9210
-19.5380
-23.4450
-23.0410
-19.6400
-14.9330
-15.6510
-19.7170
-16.9510
-10.1140
-7.8140
-8.8020
-9.7900
-12.6640
-16.2360
-12.5180
-7.2190
-11.1400
-18.2580
-18.7570
-15.5340
-12.4720
-8.0300
-6.2120
-8.7820
-10.5330
-10.5520
-10.1660
-11.3030
-13.0270
-13.2750
-11.8630
-10.7810
-10.9330
-10.3060
-10.0900
-11.8110
-14.3990
-13.5790
-12.4680
-14.7750
-15.6270
-13.6450
-13.7270
-15.1280
-16.8520
-18.1070
-18.2750
-16.7410
-14.4700
-14.4830
-17.5060
-20.9300
-15.6530
-11.3890
-11.2240
-9.2220
-8.7940
-9.7660
-9.9970
-10.8240
-15.6960
-17.2300
-14.9630
-11.9790
-14.1700
-19.5100
-17.4270
-11.5020
-12.7210
-18.5730
-17.5840
-13.5880
-13.3370
-13.2630
-12.6180
-12.1760
-10.7380
-11.6520
-12.6340
-10.2040
-7.8210
-11.0650
-11.0050
-10.3740
-11.1720
-11.4490
-9.4690
-8.8030
-9.2410
-11.9000
-14.1840
-13.5110
-13.5380
-13.9540
-12.5210
-10.6910
-9.9720
-8.1710
-9.2910
-12.1490
-13.7950
-14.1220
-11.9540
-12.2400
-13.1480
-13.2400
-15.0010
-15.8300
-16.1660
-14.8130
-14.8350
-15.6990
-14.6390
-14.3900
-15.4870
-15.7520
-15.0180
-13.8870
-13.0490
-13.5790
-15.0040
-16.5450
-17.3020
-17.2540
-17.5820
-19.7920
-21.3250
-20.1100
-19.7780
-21.2470
