-12.6760
-13.0740
-13.0360
-11.9900
-11.6090
-12.0590
-12.3710
-12.5300
-12.4940
-11.6540
-11.5200
-12.0700
-12.3000
-11.7130
-11.8530
-12.6950
-12.7640
-11.8680
-11.1810
-11.2120
-11.7790
-12.6610
-12.5370
-11.8570
-11.6530
-11.5960
-12.2290
-12.7190
-12.1010
-11.8670
-11.8200
-11.6420
-12.4220
-12.4190
-11.6580
-11.2350
-11.7790
-12.3440
-11.7540
-11.0560
-10.7760
-11.1010
-10.8040
-11.1330
-12.0030
-11.7560
-10.8520
-10.6510
-11.1390
-11.8960
-11.9070
-11.3170
-11.0990
-10.6770
-11.0550
-11.5110
-11.5530
-11.1730
-10.7780
-10.9690
-11.4030
-11.6290
-11.7560
-11.5290
-10.8820
-11.1400
-11.5500
-12.2280
-12.3710
-11.2830
-10.9440
-10.8790
-10.6210
-11.3310
-11.4570
-11.6130
-11.7560
-10.8120
-10.8400
-10.8290
-10.5150
-11.2160
-11.7930
-11.3870
-10.6160
-10.4190
-10.6590
-11.2680
-11.3780
-10.5340
-10.6590
-11.0000
-11.1320
-10.9050
-10.7300
-11.2360
-11.0810
-10.9310
-10.7610
-10.9040
-11.0470
-11.1900
-11.3330
-11.4760
-11.6190
-11.7340
-11.1300
-10.3480
-9.8380
-10.0520
-11.0420
-12.0530
-11.0260
-10.3120
-9.5390
-9.8170
-11.5670
-12.4680
-12.0140
-10.9650
-10.0640
-10.2810
-11.8090
-12.4330
-11.2590
-9.8640
-9.4570
-9.5710
-9.7020
-10.3130
-10.4810
-10.2810
-9.7380
-9.4370
-10.3680
-11.7320
-11.4890
-10.2580
-9.8750
-10.3210
-11.3790
-11.8270
-11.1280
-9.8820
-9.8360
-10.7520
-11.9350
-11.9610
-10.6300
-9.2610
-8.7830
-9.7460
-11.2430
-11.5180
-10.8530
-10.3660
-10.0400
-10.4280
-11.3120
-11.5150
-10.6410
-10.4060
-10.3560
-9.3250
-9.5920
-10.8570
-11.0420
-10.8850
-11.1960
-10.9690
-10.0960
-9.8070
-10.0920
-10.8560
-10.8190
-10.4370
-10.9770
-10.7110
-10.6690
-12.0740
-12.9060
-12.0040
-10.3340
-9.6000
-9.8300
-8.5820
-7.1750
-7.3820
-7.9090
-8.3100
-9.2180
-10.1700
-10.1650
-9.9040
-9.7200
-9.1360
-8.7940
-7.8900
-7.3410
-8.3220
-8.2600
-7.9400
-8.8300
-10.2520
-10.8330
-9.5430
-8.3030
-8.1790
-8.3840
-8.5810
-10.0690
-11.3100
-10.2260
-9.1420
-8.8120
-8.9710
-7.1430
-6.0940
-6.3480
-7.3650
-7.8680
-7.1610
-8.0390
-9.6120
-8.5640
-5.9890
-6.3940
-7.9190
-7.5700
-7.2070
-6.7050
-5.0270
-5.9990
-8.2360
-8.3730
-9.2970
-10.5130
-10.0470
-7.6080
-5.5510
-6.1340
-7.6970
-8.1450
-8.0450
-8.1270
-8.7580
-10.1520
-10.1820
-8.6090
-7.5920
-8.5800
-10.1540
-9.3130
-7.3420
-6.3310
-7.6700
-8.4410
-7.6010
-8.6980
-10.3260
-10.4010
-10.3780
-9.0440
-5.2980
-3.6910
-6.4240
-8.9840
-7.9770
-6.8240
-6.5630
-6.1000
-6.2250
-7.4070
-9.2490
-10.1160
-10.1130
-9.9730
-9.3470
-7.5600
-5.6650
-6.3220
-6.6990
-6.3780
-9.0860
-10.7270
-9.3980
-8.0780
-8.8370
-10.0040
-9.6360
-8.8590
-8.1320
-7.3440
-7.5160
-7.6740
-7.2890
-7.1810
-6.0140
-4.7940
-3.6650
-3.6560
-4.8440
-6.5380
-8.2320
-7.2950
-8.7980
-10.3160
-8.5280
-6.3680
-7.2740
-11.1980
-11.8850
-11.2030
-11.8110
-11.9640
-11.6100
-10.4430
-10.3320
-12.4760
-14.0960
-13.3250
-12.6520
-13.1150
-12.4980
-11.0400
-11.4240
-13.2110
-13.4700
-13.3660
-13.4170
-13.7290
-12.0940
-9.8330
-8.6250
-9.1220
-11.4100
-12.6750
-12.8820
-11.4550
-9.4660
-10.2590
-10.9320
-9.7160
-9.1620
-9.7030
-9.7150
-9.6430
-10.5850
-10.9740
-11.1390
-11.0170
-9.7330
-9.3890
-10.1830
-9.6830
-9.2330
-10.2340
-11.5530
-12.0610
-12.0290
-11.9030
-10.4000
-9.6200
-10.6670
-10.9920
-10.7210
-10.4220
-10.8370
-11.4730
-11.4070
-11.9190
-12.6300
-12.4680
-12.4520
-13.2130
-13.8290
-14.1390
-14.6350
-15.2060
-15.6490
-16.4140
-17.2570
-17.4680
-16.2990
-15.2230
-16.6380
-17.8680
-17.0400
-15.6360
-15.5770
-17.9610
-19.6380
-19.1060
-18.3960
-17.9810
-17.6530
-17.7430
-18.8000
-20.0370
-20.7560
-20.7240
-20.4770
-20.9230
-21.4390
-21.7470
-22.4100
-22.3640
-21.3990
-20.3340
-20.1390
-21.2380
-22.2620
-22.8560
-22.6560
-21.8960
-21.3020
-20.6390
-19.6090
-18.2760
-17.2210
-16.5020
-15.8810
-15.6630
-15.5490
-15.2900
-15.2010
-15.4370
-15.9800
-16.7010
-16.5920
-15.8270
-14.9300
-13.6530
-12.6130
-12.6800
-12.6320
-11.8940
-11.7140
-11.9750
-11.9940
-12.1900
-12.1790
-11.9240
-12.0560
-12.0000
-10.7780
-9.9010
-9.7470
-8.1500
-5.4920
