26.6330
27.4090
24.1860
23.0830
23.5370
26.5150
31.5050
32.2240
29.7970
22.5440
18.2770
23.1120
26.6350
21.9820
16.1940
15.2420
15.8190
17.7940
16.2590
12.1170
9.9970
10.9680
13.0570
11.4820
10.5750
12.8100
15.6750
16.7020
16.2380
13.9540
13.8550
17.3610
16.5590
15.6280
14.4530
13.0700
15.4780
16.1390
10.0870
7.1790
7.4880
3.5990
-0.2630
-3.8620
-2.9030
0.8630
3.8360
4.6800
2.1980
3.6150
2.7520
-0.8230
-1.2220
-1.1280
0.3000
-1.8870
-1.3420
-2.7600
-1.8510
3.0600
2.7500
3.6200
8.2820
8.6520
3.9620
-1.2000
-5.6150
-7.0340
-5.0960
2.3420
1.8860
-2.3350
0.2100
-1.5880
-1.5470
3.5900
4.1010
1.2710
-2.8620
-4.5200
-2.3150
-0.1680
-0.8480
0.2020
1.6500
2.0110
-0.2380
-2.3150
-1.7250
0.7650
3.3020
2.5670
-1.0480
-0.9900
-0.2860
0.8800
2.0680
-0.2240
-0.9370
-0.2670
-2.4510
-2.2690
-1.5370
-0.3970
1.5170
0.5400
-0.0610
-1.5100
1.2380
0.0680
-2.3210
-2.8390
-1.5110
-0.7640
-0.7940
0.3780
-1.0770
-0.0900
-1.4420
-1.3780
2.5360
-2.6470
-5.2350
0.1810
-0.9420
-3.3020
-3.7090
-4.4820
-4.1180
-3.6820
-3.1850
-2.8710
-3.2730
-3.2670
-3.1140
-4.6030
-4.6900
-3.9160
-3.3510
-2.8750
-2.8000
-3.2500
-4.1660
-4.3910
-3.6350
-3.1980
-3.0200
-2.6730
-3.3670
-3.9130
-4.1630
-4.4260
-4.4520
-4.5560
-4.4100
-4.1720
-3.8710
-3.0850
-2.7070
-2.8520
-2.5530
-2.2990
-2.1710
-2.3780
-2.4990
-2.5300
-3.0570
-3.7210
-3.9530
-4.2090
-5.0130
-5.6140
-5.5130
-6.0540
-6.9770
-6.2190
-5.8800
-5.9190
-4.7970
-3.6180
-3.9080
-4.4320
-4.2690
-4.2700
-3.9100
-3.6560
-2.8130
-2.6740
-3.3540
-3.4160
-3.5630
-3.4820
-3.6040
-4.1080
-4.4230
-4.5550
-4.6020
-4.5430
-4.6490
-4.8460
-4.9310
-4.9410
-4.8870
-4.9700
-4.8280
-4.8540
-5.0210
-4.8160
-4.6810
-5.0030
-5.6590
-5.6520
-4.7440
-4.1550
-4.5200
-4.5050
-4.1280
-3.4780
-2.3390
-2.7530
-4.4890
-5.2200
-5.0840
-5.1010
-5.1680
-5.2790
-5.3780
-5.2010
-4.6580
-5.7080
-6.9140
-8.1580
-7.8880
-5.6640
-3.9290
-1.6270
-1.9790
-1.3580
-2.6240
-6.6670
-6.4710
-5.1690
-4.7360
-4.5250
-4.2850
-4.3340
-4.8850
-5.0990
-4.9740
-5.1010
-5.3240
-5.5510
-5.6570
-5.6290
-5.4770
-5.4450
-5.4020
-5.2970
-5.6010
-5.9190
-5.8130
-5.6130
-5.6070
-5.7470
-5.0450
-4.4810
-5.0140
-5.6050
-6.0700
-6.1040
-6.0110
-6.1290
-6.2180
-6.5240
-6.9260
-7.3420
-7.7190
-8.6400
-8.6790
-6.9410
-5.7090
-4.9410
-2.1520
-2.7180
-5.8770
-5.7100
-5.4480
-5.2310
-4.7680
-4.5840
-4.5410
-4.2160
-4.3390
-5.1080
-5.3200
-5.3510
-5.2150
-4.7070
-4.4230
-4.5020
