-8.5350
-8.4360
-8.3890
-8.1490
-7.7330
-7.6550
-7.6360
-7.6260
-7.7150
-7.7070
-7.8360
-7.9690
-8.0040
-7.9980
-7.8240
-7.7650
-7.8600
-7.9250
-7.9770
-8.0000
-7.9460
-7.8830
-7.8440
-7.8330
-7.8790
-7.8740
-7.9280
-7.8780
-7.9180
-8.0390
-8.0170
-8.1140
-8.1150
-8.1240
-8.1280
-7.7830
-7.6440
-7.7600
-7.8260
-7.9270
-7.9770
-7.8700
-7.7180
-7.7650
-7.8420
-7.7690
-7.5470
-7.5090
-7.6990
-7.8850
-7.8830
-7.4810
-7.2930
-7.3570
-7.1370
-6.9390
-6.8490
-6.9650
-7.3990
-7.6050
-7.5620
-7.6190
-7.5390
-7.4690
-7.7100
-7.8920
-7.8270
-7.5350
-7.5710
-7.6350
-7.2840
-7.4640
-7.5340
-7.3270
-7.2860
-7.3460
-7.4740
-7.5250
-7.6210
-7.6870
-7.5980
-7.4630
-7.4580
-7.4770
-7.4800
-7.4170
-7.3230
-7.3500
-7.4500
-7.6130
-7.6970
-7.5590
-7.5850
-7.6530
-7.5750
-7.5090
-7.6510
-7.7030
-7.5020
-7.3810
-7.4480
-7.4950
-7.4920
-7.5310
-7.5560
-7.6180
-7.7030
-7.9560
-8.2300
-8.0390
-7.9200
-8.1240
-8.1230
-8.1650
-8.4450
-8.7130
-8.3000
-8.0980
-8.3210
-9.7030
-10.9500
-11.4670
-14.0610
-19.0410
-20.4120
-21.3010
-24.1360
-24.6290
-24.2010
-23.3930
-22.8370
-22.2490
-22.5630
-21.1590
-20.5620
-21.5370
-21.2260
-20.2190
-19.1080
-17.6050
-17.8020
-18.2750
-16.8030
-17.1240
-17.0200
-16.0610
-16.2530
-15.7090
-15.1610
-13.9440
-13.7410
-14.7990
-14.9740
-15.9500
-14.5220
-12.8780
-13.9650
-13.2310
-13.0090
-13.5970
-14.9190
-15.4270
-12.3210
-11.6750
-13.1160
-12.7220
-11.7910
-12.6460
-13.5010
-14.3560
-15.2110
-16.0660
-16.2790
-17.4920
-16.9010
-16.3190
-16.7780
-15.3150
-15.2470
-15.9230
-14.8070
-14.3710
-15.5470
-16.3810
-16.6640
-14.0880
-12.1150
-14.2870
-15.2220
-13.6650
-14.9630
-15.0920
-13.3460
-14.4750
-14.3550
-14.2630
-15.5680
-12.9860
-12.3920
-14.7820
-15.5810
-14.0990
-13.0110
-12.4950
-12.5190
-10.9800
-9.6970
-9.5420
-11.1200
-10.6350
-8.2400
-9.1290
-10.8840
-11.3760
-9.4320
-9.3570
-8.8050
-6.6640
-6.0990
-7.8240
-9.8820
-10.0590
-6.8290
-5.2910
-8.6510
-9.5780
-10.4680
-9.4480
-9.0400
-9.1450
-8.8870
-10.4290
-6.1320
-4.2070
-8.6360
-9.8900
-10.6160
-11.5950
-11.7080
-13.3290
-11.0710
-9.4850
-10.0070
-8.0080
-12.4030
-17.0940
-12.4980
-9.4630
-10.6210
-10.2060
-8.7780
-11.0290
-12.4410
-8.1760
-7.0400
-8.2910
-11.5640
-13.5340
-12.1500
-7.5240
-5.6140
-9.9970
-9.1040
-5.5270
-5.9510
-8.7490
-10.2760
-8.7300
-8.0390
-9.3010
-8.1120
-5.6980
-6.2550
-5.0350
-0.2420
-1.7200
-4.0750
-2.4620
-3.8010
-3.5810
-0.3150
0.7980
2.4120
2.8130
1.7210
2.4580
1.1980
1.3180
4.7170
5.1840
5.7370
5.3990
1.4050
1.5540
2.6550
0.6990
-0.4090
0.2410
0.0780
-0.9930
-1.9020
-1.7670
-0.0110
3.3220
8.1810
9.7050
6.3000
6.2890
3.8430
1.2000
1.8570
-0.3970
1.5050
5.2520
9.9950
13.7340
12.3970
7.9230
10.2170
15.4540
11.1750
9.4970
13.4360
7.9450
4.4470
10.4690
18.5800
15.2830
7.6570
9.7880
1.4630
-7.7700
-8.1950
-7.1420
-10.1020
-16.9820
-14.3200
-1.9750
3.9100
0.5750
-0.0940
0.4410
1.7480
6.4280
9.6090
10.6160
11.6150
10.5150
8.6020
13.2150
19.1040
18.2960
12.3600
10.0790
13.0690
14.6430
13.5020
10.8270
9.1830
9.5710
12.4190
14.5880
7.4220
-1.5120
-5.1300
-5.7550
-8.0990
-6.7140
-2.8230
-2.7310
0.7270
1.7890
-6.2570
-11.6210
-10.3970
-3.8420
3.7410
1.0780
-6.5690
-16.1600
-22.5800
-21.5280
-20.6070
-17.2350
-15.1190
-20.9060
-24.9620
-22.7640
-20.2710
-15.3180
