-3.2680
-3.6780
-3.7230
-3.5910
-3.4320
-3.4030
-3.4060
-3.4410
-3.5340
-3.2910
-3.1800
-3.4450
-3.5170
-3.3280
-2.8540
-2.8900
-3.1360
-3.0360
-3.5380
-3.8850
-3.4780
-3.2180
-3.2140
-3.2890
-3.6400
-3.7720
-3.7260
-3.9140
-3.9720
-3.8600
-3.8660
-4.0080
-4.0800
-3.8550
-4.2070
-4.6300
-4.3050
-4.0690
-3.9240
-3.7260
-3.5080
-3.2570
-3.0700
-3.0320
-3.1480
-3.3210
-3.4290
-3.4600
-3.3410
-3.1950
-3.2900
-3.3750
-3.3810
-3.4930
-3.5000
-3.5430
-3.5500
-3.3470
-3.3560
-3.6420
-3.8350
-3.7110
-3.5310
-3.5800
-3.5140
-3.3220
-3.3160
-3.2310
-3.3030
-3.6350
-3.9700
-4.0480
-3.9970
-3.9430
-4.0230
-4.0330
-3.1440
-2.9460
-3.7530
-3.6680
-3.3290
-3.7820
-4.6990
-4.2320
-4.9920
-6.9060
-5.5960
-5.8740
-10.0820
-8.9910
-7.6470
-6.5100
-5.0560
-2.6710
-0.5580
-1.2910
-2.3210
-2.2770
-2.0730
-2.0940
-2.7590
-3.3320
-3.7340
-3.8950
-3.2230
-2.8780
-3.5480
-3.3710
-3.0550
-3.5520
-3.7130
-3.5280
-2.5830
-2.8720
-2.9480
-1.4820
-0.9260
-0.8870
-0.2300
-0.1400
-0.9300
-1.6630
-1.9430
-1.9840
-2.5660
-2.7130
-2.0580
-1.6610
-1.0460
2.3390
6.0280
7.2080
8.2110
9.1180
9.9430
9.3790
7.7420
6.7790
5.3960
5.6770
7.1420
6.7900
6.4990
8.0240
9.2240
8.2330
6.9160
6.3410
6.6340
6.7460
5.9450
6.5640
7.2910
6.9350
7.3610
8.0300
8.0730
7.4670
7.4500
7.0470
5.6950
6.5040
7.9770
7.1450
6.3120
5.7350
6.4230
7.4550
6.5290
6.3790
6.3490
5.6730
5.4740
5.2410
6.3150
7.1190
5.8160
6.0230
6.9690
3.0480
3.4390
4.9280
5.8990
6.7960
6.5510
6.4550
7.9630
7.0760
7.0850
7.2920
7.4220
7.4640
7.2620
7.8810
7.9170
8.4170
8.6440
9.8820
9.7770
8.5920
8.0740
5.3860
5.7760
6.6540
6.3640
6.6510
4.6210
1.5960
2.9960
4.2920
2.5100
4.2610
6.2650
6.4100
5.1500
3.7040
4.5360
7.0900
7.2930
4.9020
5.8080
7.5730
5.6860
4.4510
6.5690
8.4250
8.9970
9.9340
10.0190
9.0550
8.3370
7.9390
6.7570
4.4350
5.2890
5.9010
7.2270
10.3460
10.5720
11.0690
12.1520
12.5770
5.5620
1.0040
5.5960
7.0820
6.1890
5.2220
5.5730
3.5980
1.1280
-0.1130
2.7700
2.8120
-4.5400
-5.3510
-2.1330
0.9520
2.3280
3.3840
4.6810
1.3550
0.7520
4.6990
8.3600
5.0940
3.3480
4.3180
2.3160
-0.6190
1.1610
4.3610
3.7680
2.2120
1.1860
0.6910
0.8360
0.8250
-0.6140
-2.0940
-2.9240
-3.4770
-3.5390
-5.8720
-8.1110
-8.9600
-9.9810
-8.5100
-6.1010
-5.6910
-6.9950
-7.1940
-6.2330
-3.9590
-2.2920
-5.0080
-4.9870
-2.9740
-5.5250
-9.2200
-11.0140
-10.8780
-11.0830
-10.2300
-9.0950
-10.1810
-11.1630
-12.2670
-12.5160
-15.2990
-16.0170
-13.2010
-14.4160
-16.0400
-13.1570
-9.9770
-14.8970
-19.1780
-18.5640
-19.5900
-18.2930
-14.7650
-12.6920
-14.6360
-16.1750
-13.8660
-12.9290
-15.5010
-17.1720
-17.3980
-15.8230
-12.4000
-12.8900
-15.0710
-16.0750
-16.6790
-14.2700
-12.9240
-14.3330
-15.0960
-14.9730
-16.2840
-19.4990
-17.1830
-17.3070
-18.0380
-15.4030
-13.6160
-14.8460
-18.2010
-18.9410
-16.6800
-15.3750
-17.2290
-18.0350
-18.3760
-18.7820
-19.7530
-19.9570
-19.8400
-18.4980
-17.7390
-20.2220
-22.4890
-21.8970
-19.5480
-19.6270
-22.3700
-24.0940
-23.4530
-22.3660
-22.6890
-23.3660
-23.0250
-22.0730
-22.8390
-25.1920
-27.0710
-28.0740
-24.5030
-25.1720
-27.7070
-24.8810
-28.1690
-31.3560
-31.0870
-31.2420
-31.7490
-32.3040
-32.8910
-32.7890
-33.0130
-33.7900
-33.6610
-32.8500
-33.0730
-33.1660
-31.9180
-31.5850
-31.0080
-29.9060
-29.9000
-29.3680
-29.2410
-29.4280
-29.2060
-29.7610
-30.6960
-29.6570
-27.3550
-25.5290
-22.0800
-19.3320
-21.1190
-21.0300
-17.4480
-15.8680
-15.7770
-17.3310
-17.1270
-14.8130
-14.6980
-15.4720
-16.8690
-17.6370
-16.7040
-15.2250
-14.1560
-13.2920
-11.3370
-9.5310
-8.4720
-7.1700
-7.6430
-18.7150
