23.5950
19.3230
23.2890
27.3830
30.0140
30.5570
29.0610
28.9460
30.5910
29.9440
28.8270
28.3140
27.4360
30.8240
32.6100
31.6510
29.6260
29.4660
31.0970
31.0170
31.7330
28.3560
23.6540
22.4510
21.1890
23.6680
25.0390
21.8560
21.8220
20.4080
18.5750
17.7460
15.9990
17.1210
18.1830
21.8180
21.4280
17.2990
15.4500
14.3880
15.2150
19.9790
22.4600
20.1620
19.1950
20.1550
19.9020
19.0650
20.2010
21.4090
19.7440
15.9940
16.9930
16.5910
14.0250
13.0790
12.6460
12.4580
10.8870
12.0540
13.9180
12.7460
14.1380
15.4300
13.7680
13.7630
12.3330
11.9600
13.6460
13.9970
14.0890
14.6240
13.8620
13.0410
12.1650
10.6810
11.6530
13.2490
13.5000
13.9980
14.0060
11.5220
11.0320
14.1050
15.4860
14.7590
13.6550
12.4180
11.9940
11.9820
12.5050
13.8380
15.7190
15.2110
13.5200
13.7380
12.7240
12.3610
12.1270
9.9460
8.6960
7.7040
5.8570
-3.1240
-7.5910
-1.8190
-6.3490
-11.9610
-11.1780
-6.1820
0.5450
1.6520
-3.9930
-3.5820
2.6520
1.9500
-1.2970
-4.2690
-7.0020
-9.5210
-10.1160
-9.9240
-9.4770
-7.1130
-5.6430
-8.9320
-10.9270
-8.3420
-7.7810
-12.0010
-11.8170
-9.1680
-7.4290
-4.4720
-2.7610
-3.4150
-4.2400
-4.8920
-6.7970
-8.5090
-7.6270
-4.1750
-4.9750
-4.8630
-4.6850
-7.1020
-8.1330
-6.5120
-3.1180
-6.9830
-8.6330
-9.4720
-9.8560
-5.1490
-4.8750
-5.3830
-1.7360
-0.8530
-5.2400
-8.1150
-8.0210
-7.1100
-6.4130
-5.3770
-5.2250
-6.7210
-8.6110
-11.3120
-12.9140
-8.8650
-4.1980
-3.0560
-4.0010
-4.1570
-5.8700
-10.1380
-11.7760
-10.5300
-6.8220
-3.9520
-4.6240
-4.3880
-5.1580
-8.6160
-8.2960
-5.6610
-5.2890
-6.3870
-6.4730
-6.3640
-4.9730
-3.6430
-4.8280
-5.6390
-4.0760
-3.3450
-4.2460
-6.0720
-7.4230
-7.5850
-6.4370
-7.2810
-9.1670
-8.4060
-8.9390
-9.6680
-9.1380
-8.5080
-8.8410
-8.5020
-9.8750
-11.4220
-11.1370
-9.9130
-8.5900
-8.1390
-7.8260
-8.0570
-8.1950
-8.1700
-8.4120
-8.4970
-7.9530
-7.2990
-7.2830
-7.5470
-7.5660
-7.7170
-7.8980
-7.5500
-7.2630
-7.4860
-7.6640
-7.6280
-7.5830
-7.0080
-6.4880
-6.9950
-7.4060
-7.4530
-7.5990
-7.7690
-7.8210
-7.8420
-7.8350
-7.8650
-7.7170
-7.3810
-7.2550
-7.0730
-6.8400
-6.4870
-6.3650
-6.4390
-6.5070
-6.5600
-6.5590
-6.6290
-6.7160
-6.6580
-6.4310
-6.2700
-6.0910
-5.8580
-5.8990
-5.8990
-5.8440
-5.9470
-6.2480
-6.3570
-6.4610
-6.2560
-5.9510
-6.2210
-5.9720
-5.4420
-5.3210
-5.0600
-4.8250
-4.6950
-4.5980
-4.5900
-4.6790
-4.9020
-5.0640
-5.1580
-5.3210
-5.4820
-5.6960
-5.6970
-5.5810
-6.0120
-5.9830
-5.7770
-5.7710
-5.7570
-5.4560
-5.1850
-5.1080
-5.0380
-5.0630
-6.1480
-7.4290
-7.7580
-7.7030
-9.4660
-11.0930
-10.0630
-8.5210
-7.6610
-5.7050
-4.1960
-6.2690
-7.1680
-4.7490
