3.8650
3.8780
3.9440
3.9890
4.0750
4.1160
4.0830
4.0530
4.0280
4.0250
4.0360
4.0380
4.0350
4.0950
4.0850
4.0530
4.1060
4.1160
4.0590
4.0700
4.0990
4.1000
4.0790
3.9940
3.9550
3.9820
4.0000
4.0070
4.0080
4.0190
3.9320
3.9070
3.8460
3.8040
3.8350
3.9000
3.9010
3.8430
3.8550
3.8910
3.9060
3.8360
3.7630
3.7810
3.7420
3.7620
3.8320
3.7820
3.7984
3.8148
3.8311
3.8475
3.8639
3.8802
3.8966
3.9130
3.9294
3.9457
3.9621
3.9785
3.9949
4.0112
4.0276
4.0440
3.9240
3.8490
3.8640
3.6720
3.6300
3.7150
3.7640
3.8770
3.9000
3.8290
3.9100
4.0970
3.8480
3.6810
3.7410
3.6460
3.6370
3.9670
4.3250
4.0710
3.8160
3.9730
4.1900
4.2790
4.3960
4.9980
5.4560
5.0580
4.8130
4.7760
4.5580
4.4870
4.6680
5.2200
6.1960
7.9280
11.8010
14.3180
14.3200
11.7870
7.2760
4.8800
4.7410
5.3010
5.8010
6.2190
6.5920
5.8550
4.8710
5.2600
4.9760
7.0410
12.2950
13.5470
12.3530
12.5590
13.2630
14.1820
14.8510
14.5540
12.8340
11.1920
11.0250
11.1710
11.3050
11.6650
11.5750
10.9690
9.7710
8.7330
8.5740
8.7980
8.6940
8.8900
8.4200
8.6550
9.5320
8.9770
8.1240
8.7520
9.9880
11.0110
10.8950
10.4280
10.3400
9.4100
9.6880
10.0550
10.4390
10.5870
10.6880
10.0790
9.0710
9.4320
9.7890
9.6300
10.4810
10.3420
9.8360
9.8560
9.5710
10.0050
10.0670
9.5750
9.3250
10.0790
10.7610
10.4660
10.9450
11.2190
10.0500
10.4400
10.6600
9.9640
10.0140
9.4750
9.5320
11.0140
10.3960
9.1850
9.6740
9.8420
9.2210
8.0570
7.9010
9.8810
10.3900
10.2540
10.2110
9.9210
9.8970
10.0780
9.9170
9.1670
9.3750
8.7580
8.3580
9.4470
9.7780
9.4400
9.1060
8.9350
8.7110
8.0340
8.5900
10.8550
11.7940
11.3610
9.4810
6.5350
7.2420
9.1710
10.7650
11.1790
9.6530
8.6720
8.6420
11.1250
12.6360
11.1590
10.1520
9.0350
7.7430
7.9000
10.0090
11.9760
11.3570
6.5270
3.6180
5.5550
7.4410
8.6520
9.4410
8.2140
6.1360
6.8690
6.2890
4.7210
6.2660
8.0930
9.5160
10.2390
11.3150
13.5020
14.7870
15.0100
14.1430
10.4730
5.6180
3.3920
3.5560
3.7170
4.8066
5.8962
6.9858
8.0754
9.1650
6.2730
6.4210
6.3980
3.9560
2.5670
3.7600
7.0230
7.5720
4.8890
4.4430
5.9840
6.4760
4.6620
4.0240
5.7670
10.5110
13.0350
9.3910
7.8570
8.0170
4.4390
1.4610
2.0490
3.0370
5.4340
8.5680
8.3140
4.6750
0.9180
0.4770
5.3550
11.2570
12.2900
10.2920
9.3230
8.2730
7.2520
7.9980
9.0950
9.8130
9.0140
8.9500
10.2740
11.7390
13.7540
14.0010
11.5230
8.7900
6.6270
5.6780
6.5160
6.9140
8.6470
10.5240
11.4160
11.3950
8.9320
5.1830
2.3460
2.4430
4.0750
5.9790
7.9950
9.9970
11.4320
11.3620
7.4160
4.0450
4.2530
1.2080
-2.9650
-4.2510
-3.4120
-2.6690
-0.5990
0.1160
0.0780
0.5090
-0.0100
0.5600
1.2960
0.3600
-1.8340
-3.3520
-4.5480
-5.1990
-3.0450
-0.7880
-2.1540
-3.9400
-4.3800
-5.3420
-4.6970
-2.9840
-3.9860
-5.5930
-7.1720
-10.7520
-13.1390
-11.0580
-7.8380
-6.4340
-6.7440
-7.4820
-8.1630
-7.5240
-6.0100
-6.9520
-9.2730
-10.2140
-10.8490
-10.9610
-10.4100
-10.6200
-10.7930
-10.7160
-10.1480
-10.6110
-11.3160
-12.2560
-12.7700
-12.4470
-13.1300
-14.0290
-14.5740
-14.9520
-14.9430
-14.2630
-13.8510
-15.3630
-16.5170
-16.0770
-15.8300
-15.8810
-15.8840
-15.7340
-15.1760
-13.2290
-10.2590
-7.0070
-6.3880
-9.1330
-11.3910
-12.6920
-13.7380
-14.2870
-14.9680
-15.5840
-15.9050
-16.3850
-17.1600
-18.0090
-18.4260
-18.4100
-18.0550
-17.4040
-17.0590
-17.0330
-16.9730
-16.9440
-16.6790
-15.6430
-15.2470
-14.5290
-14.1360
-14.9790
-16.4530
-18.9510
-21.3400
-21.2720
-19.5940
-17.7420
-16.1560
-14.6890
