-3.2220
-3.2310
-3.2130
-3.2100
-3.2010
-3.1700
-3.1580
-3.1610
-3.1700
-3.1890
-3.1980
-3.1670
-3.1300
-3.1450
-3.2130
-3.2150
-3.1300
-3.0660
-3.0280
-3.1220
-3.3130
-3.4360
-3.5250
-3.4560
-3.2720
-3.3450
-3.5820
-3.5880
-3.6860
-4.1880
-5.0730
-5.8430
-5.7050
-4.8810
-4.2300
-4.0190
-3.8830
-3.8910
-4.1700
-4.2300
-4.1210
-4.3670
-4.4990
-4.3060
-4.2870
-4.4160
-4.4890
-4.7210
-5.1320
-5.2990
-5.2280
-5.0730
-4.7460
-4.4760
-4.3440
-4.3250
-4.9270
-5.6610
-5.6280
-5.2670
-4.9740
-4.6580
-4.2670
-4.1030
-4.1610
-4.2000
-4.0840
-3.8830
-3.6930
-3.6060
-3.5450
-3.4720
-3.4340
-3.4220
-3.4400
-3.4690
-3.4750
-3.4730
-3.4800
-3.4710
-3.4260
-3.4650
-3.5710
-3.6430
-3.6990
-3.6810
-3.6930
-3.7750
-3.7820
-3.7820
-3.9090
-4.1010
-4.0930
-3.6340
-3.4240
-3.7730
-4.1620
-4.4040
-4.3120
-3.8040
-3.3450
-3.2700
-3.2950
-3.3370
-3.4240
-3.4800
-3.5150
-3.5770
-3.6210
-3.6430
-3.6140
-3.5980
-3.5220
-3.3640
-3.3000
-3.2810
-3.2800
-3.3200
-3.3600
-3.4180
-3.4680
-3.4510
-3.4090
-3.3540
-3.3390
-3.3350
-3.2980
-3.2980
-3.3620
-3.3700
-3.3900
-3.3930
-3.3430
-3.3130
-3.2810
-3.2600
-3.2630
-3.2900
-3.2440
-3.1930
-3.2180
-3.2220
-3.2090
-3.2220
-3.2030
-3.1560
-3.1470
-3.1680
-3.1950
-3.2160
-3.1790
-3.1290
-3.1480
-3.1740
-3.1270
-3.0650
-3.0700
-3.1170
-3.1450
-3.1630
-3.1970
-3.2040
-3.1980
-3.1930
-3.2010
-3.1970
-3.1990
-3.2220
-3.2340
-3.2310
-3.1920
-3.1630
-3.1800
-3.1950
-3.1650
-3.1570
-3.1510
-3.1340
-3.1410
-3.1590
-3.1690
-3.1740
-3.1770
-3.1860
-3.2720
-3.2710
-3.2350
-3.2440
-3.2410
-3.3070
-3.3340
-3.2110
-3.1730
-3.2220
-3.1800
-3.1040
-3.0750
-3.0820
-3.0870
-3.1070
-3.1430
-3.1230
-3.1900
-3.1440
-3.0510
-3.0860
-3.0640
-3.1700
-3.3900
-3.5180
-3.5480
-3.4210
-3.2130
-3.2060
-3.3870
-3.5400
-3.5170
-3.3840
-3.3050
-3.4360
-3.6270
-4.3290
-4.8130
-4.7420
-4.5770
-4.1950
-3.5670
-3.0530
-2.9750
-2.6580
-2.3920
-2.7030
-3.1240
-2.7610
-3.7590
-6.1430
-5.8880
-4.1500
-4.5120
-7.0670
-4.6440
-2.1420
-1.8640
-0.9700
-1.1090
3.5660
1.6250
-5.7090
-7.8240
-7.6580
-7.2547
-6.8513
-6.4480
-6.0447
-5.6413
-5.2380
-3.8380
-6.0270
-2.6490
-5.2100
-5.8350
1.3030
2.0340
-0.1810
0.4080
2.1390
0.7690
-3.7210
-2.2130
-1.9260
-1.6080
-0.4700
1.4040
-2.6260
-1.4270
4.4050
1.8970
0.8460
0.3690
3.2960
12.3910
19.2370
11.2100
4.9070
4.1700
5.5370
6.8180
3.4390
9.0210
14.7510
9.1220
4.5900
8.7820
14.0080
10.5940
7.5050
12.0060
14.1580
13.3890
14.3790
13.7560
12.2030
16.0330
22.0700
24.3420
23.1840
19.7280
20.6380
25.7650
28.3140
29.9630
31.0310
28.2580
22.2020
25.0180
