14.1600
11.1980
-0.9350
-8.5890
0.4690
7.4170
8.2090
3.1550
-2.4660
-0.1710
0.7510
3.6480
3.6960
1.4380
2.4900
2.1590
-0.7560
-3.6530
-3.6860
-2.6270
-9.9300
-14.0970
-4.2180
2.2680
0.1060
3.6290
8.4880
3.9430
-4.2680
-8.0420
-4.2950
1.5510
5.2770
1.8250
-0.2370
3.6910
-0.3290
-10.1530
-12.3340
-4.9370
3.7820
0.2900
-4.0620
-5.8860
-8.0940
-6.3140
-7.1000
-6.0540
-4.7830
1.0280
4.6380
0.1760
-4.6420
-7.2080
-8.5210
-5.3450
-3.5850
-6.6810
-7.3940
-3.1560
2.3420
-8.5540
-9.1970
1.9670
1.3170
-6.0180
-8.4810
-4.1200
-1.5500
-2.2870
-7.6900
-5.9110
-4.8580
-14.5910
-10.8020
-3.7590
-4.6690
-2.0380
-1.7290
0.4440
0.0360
-6.8920
-5.6750
-3.1660
-7.7730
-4.0960
8.3510
9.4880
-1.7960
-4.0320
-8.7930
-17.4950
-8.8270
-0.6020
-4.7360
-15.7260
-10.7770
0.5770
-4.5990
-6.6600
-4.9790
-4.3980
-3.1250
-4.3410
-7.7220
-5.6250
-2.7630
-6.2590
-6.5600
-6.4330
-5.8210
-1.8230
-7.2570
-7.9430
-0.2620
-4.0390
-7.0230
-4.1990
-2.6370
-0.9160
-3.5470
-6.8440
-5.7530
-4.4440
-4.2970
-2.7380
-1.8730
-4.3610
-5.3380
-3.6700
-3.2260
-3.8910
-5.4380
-5.8610
-4.4980
-3.9040
-4.7570
-5.0240
-5.4760
-6.2430
-5.7710
-5.4650
-5.2350
-4.9480
-5.4583
-5.9687
-6.4790
-5.6200
-4.5540
-3.8540
-3.8850
-3.8350
-3.0580
-3.1960
-4.0840
-2.9350
-2.0800
-3.5460
-4.0560
-2.0940
-0.5730
-1.9270
-3.6980
-5.1320
-5.6320
-4.4480
-3.6840
-3.5340
-1.9920
-1.2520
-3.0250
-4.1660
-1.3800
-2.3720
-3.3340
-2.8500
-3.8500
-3.8060
-2.4540
-1.5900
-1.5640
-1.4820
-1.6270
-2.5510
-3.0360
-2.9110
-3.5850
-4.1920
-3.5680
-2.3500
-2.0540
-2.7480
-2.9650
-3.1550
-3.8090
-3.9470
-3.2010
-2.4280
-2.3580
-2.5010
-2.9490
-3.5690
-3.6660
-3.5860
-3.9490
-4.1680
-3.8560
-3.6930
-3.9600
-4.5130
-4.3610
-3.7460
-3.4100
-3.2670
-3.2380
-3.7930
-4.0200
-2.9470
-2.5950
-3.0390
-3.3070
-3.4660
-3.7650
-3.8300
-3.3400
-3.2270
-3.6600
-4.1400
-4.4170
-4.1420
-4.0490
-4.0020
-4.0570
-4.3920
-4.4360
-4.1200
-3.8830
-3.9240
-4.1410
-4.2150
-3.7490
-3.1000
-3.2920
-4.2240
-4.4910
-4.0290
-4.0660
-4.4020
-4.3750
-4.6250
-5.0160
-4.7460
-4.4280
-4.3050
-4.3690
-4.4150
-4.3450
-4.6750
-5.1500
-4.9030
-4.5830
-4.9620
-5.7540
-5.8710
-5.0180
-4.5340
-4.3700
-4.0540
-4.3010
-5.1640
-4.8650
-4.1550
-4.4310
-4.5000
-4.4530
-5.2690
-6.6180
-6.6160
-5.7070
-5.1800
-4.7690
-4.5980
-4.7440
-5.1640
-5.4470
-5.3010
-5.0870
-4.9230
-4.8350
-4.7710
-4.9520
-5.2360
-5.2640
-4.9510
-4.6110
-4.4440
-4.4670
-4.6200
-4.7430
-4.7890
-4.7310
-4.6160
-4.5140
-4.4600
-4.5160
-4.5320
-4.5070
-4.5340
-4.5580
-4.5240
-4.4810
-4.5220
-4.6600
-4.8080
-4.8580
