2.1830
2.3780
2.4520
2.4030
2.4170
2.2540
2.2460
2.2450
2.1430
2.2460
2.2970
2.2210
2.2250
2.1140
2.1240
2.1110
2.0120
2.0430
2.0770
2.1300
1.8840
1.7190
2.3160
2.4900
2.2780
2.3030
2.1920
2.2760
2.6160
2.2520
1.7860
2.0640
2.6170
2.8490
2.6500
2.5570
2.5620
2.6490
2.7840
2.9530
3.0200
3.2950
3.8870
4.0540
3.5400
3.6490
4.9620
5.7870
4.7200
3.9120
5.4310
7.0500
7.7100
6.2850
4.2240
4.1020
4.2170
4.8160
5.9240
6.1860
6.1910
5.8500
5.5490
5.8880
5.9520
5.5810
5.1390
5.9320
6.2060
5.8880
6.2790
6.1300
6.1270
6.3230
5.8630
5.2220
4.9270
4.8660
4.5530
4.0560
4.2550
4.7610
4.8920
4.8580
4.9530
4.9050
5.0470
5.2070
4.9080
4.7910
4.9950
5.0390
5.1800
5.3250
5.4870
5.6700
5.5240
5.2860
5.2250
5.2710
5.3560
5.4360
5.5020
5.6360
5.9590
6.4530
6.4900
6.4670
6.5870
5.9880
5.3400
5.1370
5.2460
5.7540
6.2490
5.9990
5.6152
5.2315
4.8478
4.4640
4.2560
4.1790
4.5620
4.8590
4.7140
4.2570
4.7240
4.7700
3.9240
3.6140
3.7840
3.7750
3.3820
3.2950
3.5440
3.6540
3.8620
4.0230
4.0970
3.9620
3.4480
3.4630
4.3290
5.4480
5.5480
4.5170
5.3800
5.5460
4.4240
6.7060
7.4750
6.7460
6.7250
7.1710
6.7960
5.1270
5.7520
6.2610
5.1680
2.4290
0.6780
1.9210
1.9180
0.9040
0.8590
0.5170
0.6550
0.8720
1.2980
1.7690
1.0810
1.0130
1.2140
0.7540
1.4840
1.4130
0.6060
0.2280
-0.9120
-0.3890
0.4570
0.3520
-0.3690
0.0840
-0.1450
0.9810
1.4340
-3.3690
-4.4190
-2.8480
-1.2070
0.5890
0.0410
-1.3960
-2.7960
-4.1020
-1.4520
2.4000
6.1840
9.4330
6.7260
2.1910
-4.3850
-6.3550
-1.1640
1.1100
-2.1300
-4.6500
-0.7900
1.8840
2.4520
2.2290
1.8040
-0.9830
-4.7180
0.4330
4.8100
8.7590
11.1600
8.7120
7.0950
4.5220
4.8220
1.5310
-1.7440
0.0250
-0.8340
2.0060
6.2470
4.1050
-1.4000
-7.0540
-7.6250
-7.8040
-10.6180
-5.7770
-2.8980
0.1260
3.7010
2.1670
-1.3040
-4.5310
-1.1150
1.3930
-0.1720
7.9690
17.3490
8.8220
-2.6230
-1.1220
2.6850
3.5110
3.4020
1.3130
5.5620
4.7490
-5.4660
-9.9900
-9.9790
-8.1470
-7.1910
-6.3120
-3.1990
-0.1800
2.6070
-0.3280
-3.9410
-2.0620
-2.0920
-10.6120
-17.8530
-12.2050
-6.6150
-6.8140
-5.0445
-3.2750
-3.8230
-2.1640
-8.6290
-14.3120
-6.5180
1.5000
-4.0840
-6.1840
-4.8600
-4.2690
2.8670
4.5330
3.1170
-0.3570
-4.0620
5.3090
6.7000
1.6340
3.1940
-0.5930
-2.7990
3.1570
6.5460
1.6940
-2.9570
-4.3120
-4.2740
-4.8370
-9.2400
-6.4150
-2.2400
-4.0370
-2.7140
-3.2220
-4.3040
-5.6360
-8.1100
-8.7830
-6.2150
-2.0730
-1.7040
-7.8730
-11.5780
-15.0880
-18.7190
-18.1400
-18.9920
-25.2930
-28.6000
-30.2460
-28.7380
-24.9640
-22.9250
-22.0100
-27.6730
-35.9670
-33.6460
-27.5830
-25.5720
-22.4670
-21.1070
-26.7870
-32.1800
-30.5080
-28.7660
-26.9620
-24.8060
-25.9660
-26.3370
