11.6460
8.4540
10.8510
18.3530
18.1510
15.4520
12.2490
11.6820
15.8530
16.7220
15.2330
14.2760
14.0120
8.5300
2.0650
3.1690
13.1730
21.5040
18.8040
14.1340
12.9760
14.6920
6.5450
-2.1510
4.0450
10.8240
13.3320
14.7630
12.1600
2.9780
-2.4360
4.2910
14.3240
22.3490
24.8870
18.9610
12.8300
10.9570
11.5440
7.9655
4.3870
-0.7320
0.1780
2.7900
-1.6550
-6.1910
-4.9400
0.5100
8.2780
13.7860
10.0100
7.2100
6.0410
0.1700
-5.6840
0.7240
9.9040
7.7380
-4.7610
-14.3600
-13.2320
-11.8080
-5.6650
0.2250
-5.2410
-13.1230
-12.0060
-7.0670
-5.1080
-2.0750
1.9920
-5.3930
-15.0080
-16.8210
-18.4830
-12.2350
-0.2920
5.4240
1.2700
-11.4490
-11.2650
-2.5450
0.1130
2.8080
6.5840
8.8300
6.8730
2.4160
-6.7770
-10.6000
-6.4580
0.0490
4.6360
-1.1410
-6.6660
-4.2540
-1.7340
-0.3800
0.0420
-2.3350
-3.8380
-6.9220
-7.8160
-3.4710
-0.9480
-0.7010
-2.8350
-5.5720
-8.4030
-10.1160
-9.2390
-5.5940
-2.2540
0.0680
1.3670
-3.4620
-8.4080
-7.5170
-4.7790
-1.9160
-1.6370
-3.0320
-4.1510
-5.8680
-6.2420
-4.9650
-3.9280
-3.4660
-2.9160
-2.9120
-4.7890
-7.3760
-6.6510
-3.6360
-1.9080
-2.3980
-3.5550
-4.5720
-7.1540
-7.7850
-6.0930
-4.8920
-3.0840
-2.6750
-3.4270
-5.3710
-6.9850
-5.3330
-3.8610
-4.3090
-4.4890
-3.6040
-3.4310
-4.4860
-6.1110
-7.8070
-7.6010
-6.3370
-4.3980
-3.0830
-3.7940
-3.8940
-4.8260
-7.4270
-8.1410
-7.1440
-5.8460
-4.3400
-3.9120
-4.5800
-5.0120
-5.0170
-5.3250
-5.8000
-6.4440
-6.2820
-5.4390
-4.8370
-4.4750
-4.6000
-5.7040
-5.4990
-3.5660
-2.4080
-3.4840
-4.3240
-2.7930
-1.2390
-3.2890
-7.3970
-8.2770
-6.4160
-3.6220
-2.6620
-3.3810
-3.9500
-4.8560
-5.9750
-6.7980
-6.2110
-4.9060
-4.9240
-5.3140
-5.0340
-5.0680
-5.4410
-5.9610
-6.3620
-6.0110
-5.8050
-5.6000
-4.9810
-4.5320
-4.6050
-4.9680
-5.2620
-5.3070
-5.1630
-5.1740
-5.0860
-5.0620
-5.2220
-5.4380
-5.2610
-4.9270
-4.8890
-4.9460
-5.0900
-5.2240
-5.7010
-5.9380
-5.6580
-5.2570
-4.8930
-4.9070
-5.0310
-5.0750
-5.4040
-5.5800
-4.9940
-4.3790
-4.5620
-5.3530
-6.0060
-6.1370
-5.7060
-5.1780
-4.8590
-4.9920
-5.6080
-5.9180
-5.4690
-4.7690
-4.6470
-4.9070
-5.3620
-5.8040
-5.7850
-5.1730
-4.7880
-4.8420
-4.9210
-5.3530
-5.7860
-5.8570
-5.5430
-5.3870
-5.4240
-5.2530
-5.2160
-5.5900
-5.8020
-5.7620
-5.4390
-5.0520
-4.9680
-5.0290
-5.2460
-5.4300
-5.3760
-5.1750
-5.0470
-5.0430
-5.1020
-5.1880
-5.2670
-5.3140
-5.2220
-5.0850
-5.0860
-5.2640
-5.4080
-5.4900
-5.2840
-4.7810
-4.6570
-5.0480
-5.4720
-5.2910
-4.6730
-4.6090
-5.1160
-5.5580
-5.8080
-5.8350
-5.8060
-5.7130
-5.5380
-5.4610
-5.8240
-6.2410
-6.0330
-5.5740
-5.3710
-5.3400
