-22.4730
-19.3780
-22.0780
-24.0910
-21.7800
-18.3930
-17.8010
-16.0170
-14.1870
-13.6850
-14.7380
-18.0990
-16.8340
-16.5930
-18.2580
-17.7910
-15.9760
-14.5420
-16.1460
-14.8810
-11.2670
-9.3760
-6.2770
-9.8830
-15.8670
-15.1620
-17.4750
-21.1220
-18.9860
-17.6690
-18.7000
-19.6800
-18.7450
-14.6570
-15.9500
-16.2420
-14.1410
-16.6890
-18.7830
-15.2460
-14.2800
-14.5050
-17.0370
-21.2630
-22.0330
-19.7430
-17.6790
-18.8700
-16.3640
-13.8530
-13.4460
-12.8530
-14.6840
-16.1330
-15.9480
-14.9630
-14.0180
-13.9860
-13.4930
-12.2960
-14.5250
-18.5600
-17.6640
-14.0420
-13.5420
-16.2440
-16.9770
-15.3560
-15.5380
-15.5720
-17.7170
-20.7680
-20.0000
-15.9190
-13.6620
-14.2930
-14.5430
-15.3600
-15.6780
-15.6210
-14.6110
-13.8020
-13.9850
-15.2410
-15.4970
-15.0160
-16.1330
-17.2020
-17.1400
-14.6070
-15.0100
-17.9440
-18.2030
-17.4790
-16.5440
-16.1620
-17.1940
-18.4910
-18.1900
-18.2400
-19.6030
-19.4160
-17.8030
-16.8170
-15.9660
-15.9820
-17.7930
-17.8000
-16.7470
-17.0200
-19.2810
-19.3130
-16.3610
-17.7410
-19.6500
-16.8350
-15.3690
-18.7350
-19.0680
-13.9260
-12.7400
-15.4190
-15.2800
-16.5250
-21.0480
-22.5330
-18.3270
-13.4290
-11.8070
-10.9100
-8.1640
-9.0570
-8.9060
-7.3840
-8.2300
-11.3100
-14.0550
-13.5790
-15.1120
-15.5850
-13.5960
-13.4540
-16.4670
-19.0390
-18.1110
-15.5910
-12.3230
-9.9990
-9.6960
-7.3980
-4.7210
-3.6920
-7.5950
-11.9970
-14.0000
-16.2950
-18.2560
-17.5590
-15.2380
-14.7670
-13.9540
-11.6370
-10.9020
-9.6690
-8.1580
-9.0670
-11.2680
-13.5160
-12.5820
-6.9340
-3.7160
-5.9180
-9.4290
-11.2860
-9.6110
-6.5120
-4.3780
-5.9200
-5.5520
-4.2870
-4.4340
-7.6150
-7.7580
1.3080
2.6920
-4.7370
-4.7050
-4.7570
-6.7050
-7.5230
-1.9950
-5.4540
-9.3760
-2.3400
1.2190
1.2810
-0.1800
4.1740
6.7840
7.0180
8.6740
9.3290
6.7160
2.2270
0.4890
0.7510
-0.6300
-0.9850
-0.9100
-1.6480
-0.5150
0.8770
0.2580
-0.7590
1.0360
1.5520
-2.7480
-6.1980
-2.3600
1.4970
2.7920
0.6750
-4.3590
-3.7520
-4.0210
-6.6680
-4.6420
-1.7420
-2.1370
-4.6720
-7.2760
-7.5020
-7.3050
-7.4090
-8.4760
-10.2920
-8.3690
-9.1570
-10.8300
-13.3790
-16.2050
-15.6450
-13.8060
-11.4590
-11.7120
-11.8030
-10.7230
-10.3330
-9.7360
-9.6920
-10.2650
-8.9030
-8.3320
-10.7990
-12.2020
-12.7700
-13.4040
-14.0210
-14.7910
-14.5000
-14.0100
-14.3360
-15.9030
-16.3560
-14.4350
-14.1860
-13.1830
-11.0390
-11.0640
-14.7820
-15.3100
-15.2220
-14.6170
-15.7140
-18.3580
-19.3330
-17.9570
-18.1220
-19.4830
-20.1320
-20.6390
-20.4690
-20.9210
-21.6860
-19.9630
-17.3440
-17.2080
-17.9760
-18.5420
-19.2420
-18.8200
-17.7630
-17.0710
-16.4280
-16.2990
-16.8070
-17.2410
-17.2620
-17.4430
-17.3850
-17.3040
-18.0120
-18.1710
-18.6470
-18.8410
-17.7960
-17.2840
-18.3480
-18.3360
-17.5610
-18.7590
-20.0600
-19.6560
-17.5570
-17.0660
-18.3980
-18.0630
-17.5260
-17.6700
-16.1830
-15.3960
-16.7580
-17.2250
-16.8720
-16.4730
-16.3030
-15.7550
-14.6460
-15.7020
-17.7260
-17.5800
-15.9330
-15.2800
-15.2340
-14.8640
-15.0620
-16.7800
-17.7510
-16.8560
-16.8100
-17.1900
-14.8120
-11.4540
-12.7940
-15.9420
-16.4100
-16.3470
-15.2320
-14.8710
-16.4490
-15.6830
-12.6310
-11.8280
-14.7080
-17.1180
-17.4400
-16.6910
-15.0740
-13.9930
-14.5800
-14.7930
-13.2700
-13.4320
-15.3850
-14.9910
-12.6960
-12.2640
-12.4100
-11.6570
-11.8500
-12.5340
-12.7220
-12.7740
-11.4580
-11.1340
-12.2300
-10.5980
-11.2390
-13.5050
-13.5640
-13.3480
-13.3920
-10.9110
-8.6340
-8.6340
-7.7590
-8.9140
-11.1580
-12.9020
-13.4340
-12.6530
-12.7370
-13.6870
-14.2540
-15.1420
-16.4030
-17.5360
-17.3490
-11.9670
-7.5530
-8.0570
-4.8020
-3.8800
-4.4370
-2.0150
-3.4670
-3.5480
-4.2970
-4.6860
-3.7150
-8.6190
-13.1850
-16.5970
-19.9340
-21.3100
-20.1260
-17.5960
-16.2780
-14.0890
-11.1420
-11.0240
-9.0050
-2.7290
2.4290
4.1710
5.3090
3.0680
-5.4340
-13.4250
-11.0220
-4.9700
-5.3180
-6.6150
-5.6850
-7.5870
-7.6800
-0.2080
3.0290
-4.5650
-6.6640
-4.0830
-2.7610
-5.9800
-14.0550
-16.2330
-16.1100
-16.3000
-16.1120
-16.4570
-16.4920
-16.9970
-18.8150
-18.4250
-18.3660
-19.6720
-19.4330
-19.2650
-20.5590
-20.6770
-18.8670
-16.5870
-15.0480
-15.3490
-16.1540
-16.7560
-16.6250
-16.2620
-15.6010
-15.3270
-16.5200
-16.3610
-16.3940
-17.7240
-16.4260
-13.6960
-14.0150
-15.4640
-15.3030
-15.2350
-13.9070
