-10.6860
-12.8550
-15.5800
-16.0470
-16.6910
-17.3120
-15.3110
-16.7050
-20.9410
-20.4710
-17.0360
-18.0520
-21.6740
-22.4680
-23.0950
-23.4490
-23.8510
-24.0870
-22.7640
-21.9190
-22.1010
-21.0910
-17.4570
-17.0310
-18.4910
-16.7490
-15.2380
-14.5250
-15.4030
-16.2650
-15.9900
-15.8340
-13.5440
-11.4250
-13.2450
-15.9020
-15.4420
-15.2180
-16.3690
-14.4515
-12.5340
-13.6130
-13.2130
-12.5050
-13.6990
-10.3820
-7.6170
-7.9070
-7.7920
-8.3930
-8.9210
-8.9010
-10.8620
-12.1240
-9.3680
-7.0050
-6.0840
-6.4880
-7.8370
-7.3620
-7.7310
-9.2850
-8.5950
-9.4590
-9.9390
-8.7950
-7.9670
-5.9060
-5.1430
-5.8660
-7.1750
-8.1780
-8.0090
-8.2110
-8.7980
-8.3780
-8.2130
-9.0190
-9.6840
-8.7080
-7.9800
-9.2680
-9.1020
-7.4360
-6.5920
-5.9250
-6.0100
-6.9090
-8.3160
-7.1850
-5.1060
-5.6910
-5.9610
-6.1440
-6.1240
-5.6460
-5.5770
-6.0220
-6.3850
-5.5700
-5.8150
-7.3360
-7.8510
-7.9940
-7.6560
-7.2080
-7.4560
-8.4190
-9.1820
-7.7550
-6.5390
-6.7550
-6.0220
-6.4210
-8.8270
-10.4820
-11.0250
-9.2360
-6.6560
-6.5080
-7.9900
-7.5800
-7.5560
-9.1710
-10.4530
-8.8790
-6.8160
-7.7630
-8.7180
-8.5260
-8.5910
-8.1140
-8.7480
-10.0090
-9.4190
-8.3910
-7.7700
-8.0000
-7.4530
-7.9700
-9.2990
-8.4510
-8.2770
-9.1040
-8.5910
-7.9390
-7.6450
-6.4750
-6.9010
-7.2770
-6.8310
-7.7880
-8.9850
-10.9910
-10.8130
-9.6990
-10.6410
-9.4860
-7.1170
-6.5330
-6.2000
-6.6730
-5.6720
-5.6980
-8.0020
-9.0670
-11.1070
-13.1060
-12.8090
-9.5480
-6.6430
-6.9100
-5.9990
-8.5370
-10.4710
-7.2600
-7.3120
-9.4650
-9.1840
-9.3880
-9.5620
-7.1200
-7.9190
-8.5710
-8.0870
-8.0560
-10.6400
-11.4730
-7.9700
-8.9030
-9.0570
-9.7800
-10.2120
-8.8680
-8.3990
-7.5190
-6.5140
-8.7060
-11.6260
-10.4710
-9.4730
-10.3180
-9.9240
-8.0490
-7.5225
-6.9960
-6.4030
-9.4000
-9.4780
-9.3090
-9.8590
-8.9960
-9.2210
-11.2450
-13.5190
-11.8980
-10.1560
-9.8160
-11.1010
-11.0830
-12.0930
-14.4360
-13.8490
-14.1020
-14.2010
-15.6510
-16.4210
-14.0420
-12.0470
-13.1880
-12.9240
-7.8050
-4.7340
-4.6280
-5.2000
-6.4070
-10.6080
-10.9170
-6.5380
-4.8690
-4.3360
-4.2790
-4.2670
-4.2300
-4.1370
-4.1580
-4.4530
-4.3130
-3.8630
-3.7290
-3.7110
-3.6490
-3.6140
-3.6490
-3.7500
-3.8600
-3.9680
-3.8720
-3.7410
-3.8100
-3.9370
-3.9740
-3.9910
-4.0630
-3.9470
-3.8190
-3.8860
-3.9060
-3.8700
-3.8510
-3.8910
-4.0220
-4.1050
-3.9870
-3.8090
-3.7840
-3.7840
-3.7770
-3.8070
-3.8830
-3.9310
-3.9270
-3.9590
-4.0150
-4.0490
-4.1210
-4.1540
-4.2690
-4.4350
-4.6720
-5.0620
-5.3480
-5.7140
-5.9570
-5.5790
-5.0820
-5.3990
-4.3290
-1.5610
-0.4100
-2.6090
-5.0630
-8.6510
-8.2470
-3.4060
-1.7760
-1.3020
-4.1050
-5.7700
-4.0680
-2.1370
-1.4200
-2.8820
-3.0670
-2.7420
-3.4900
-3.0500
-2.2490
-2.3260
-2.7845
-3.2430
-4.8600
-3.9230
-3.8390
-3.7730
-0.7200
-0.0110
-0.3850
-3.8950
-7.3020
-6.5070
-5.8700
-4.8290
-1.8030
-0.4330
-0.3790
-0.5280
-2.5810
-5.5530
-6.9580
-2.9630
0.0080
-2.1740
-2.2468
-2.3197
-2.3925
-2.4653
-2.5382
-2.6110
-2.6838
-2.7567
-2.8295
-2.9023
-2.9752
-3.0480
-3.1208
-3.1937
-3.2665
-3.3393
-3.4122
-3.4850
-3.5578
-3.6307
-3.7035
-3.7763
-3.8492
-3.9220
-3.9948
-4.0677
-4.1405
-4.2133
-4.2862
-4.3590
-4.4318
-4.5047
-4.5775
-4.6503
-4.7232
-4.7960
-4.8688
-4.9417
-5.0145
-5.0873
-5.1602
-5.2330
-5.3058
-5.3787
-5.4515
-5.5243
-5.5972
-5.6700
-5.2360
-2.4080
-0.3720
-1.4370
-2.9930
-4.1320
-4.4000
-5.1230
-6.2020
-4.0730
-2.0880
-2.7480
-3.2810
-3.2610
-2.8350
-2.5890
-2.5750
-2.6680
-2.9340
-3.5920
-3.8000
-3.6920
-3.7590
-3.8620
-3.5810
-3.5530
-3.3450
-2.2910
-2.3790
-2.9100
-2.8660
-3.0000
-2.7050
-2.3570
-2.6700
-2.7200
-2.4900
-2.4020
-2.6040
-3.0610
-3.2430
-3.1760
-3.0710
-2.8050
