9.6380
14.1260
11.9460
11.6930
12.2590
12.9000
13.8110
13.5220
13.5420
10.6080
8.0260
9.5840
10.8950
13.4410
11.1380
6.2230
5.2980
5.3150
6.2590
8.8640
10.9290
6.5290
8.3430
12.1500
10.2220
10.1450
7.3710
4.9200
0.9860
1.0310
6.4800
14.4950
22.5530
23.0590
18.2480
9.9870
8.2190
8.5590
13.5750
14.9230
12.9710
13.6360
10.1640
9.1640
12.6890
10.0680
10.8190
15.0450
14.4170
13.5440
15.3920
15.1890
11.1670
14.4800
17.0850
12.7260
12.7270
17.1220
19.1110
19.2790
20.8550
24.9880
23.4950
18.8930
19.1280
16.3700
4.5250
2.2660
9.1980
8.4830
9.1710
9.1950
17.2440
29.9780
22.9330
10.7980
16.5830
20.6890
12.6680
15.0540
19.5190
17.4020
18.2440
21.5890
21.7810
19.3630
16.9440
13.2410
12.0470
13.3290
13.6810
23.7480
30.3610
15.7200
6.1190
9.6100
12.5600
15.0840
10.7260
4.0840
9.0860
12.8970
11.5220
10.3640
15.2910
16.5910
10.3690
11.1900
13.1950
12.8200
11.8000
11.2180
11.3930
14.6530
14.4730
14.8780
14.8690
14.8050
12.7100
10.0290
11.7010
10.3260
8.8210
11.0150
16.4720
14.5410
11.8820
12.6290
9.0610
9.4140
10.6560
9.3890
9.1540
13.1990
13.9640
9.8670
9.3990
8.2150
13.8120
12.6670
7.4190
12.3140
12.1120
9.7290
11.6310
13.7880
11.9620
8.9540
8.9520
11.6370
11.9210
7.2840
5.8560
10.5250
12.6240
10.7670
9.4790
8.5790
8.9160
9.9210
9.7850
9.5840
10.1280
8.0650
6.5750
7.4600
8.2220
8.2380
7.9400
9.6020
7.9300
5.4670
8.8000
8.2150
6.6500
7.9260
7.0720
7.2100
7.2230
5.6840
9.7640
14.9370
11.3850
7.5970
8.5780
10.0180
8.9090
7.9160
8.7110
10.0840
9.6690
9.2250
8.6030
7.2030
7.2660
7.4510
7.1630
6.6790
8.3420
7.2800
5.4200
7.2110
9.4530
9.8160
7.9490
7.8770
8.8570
7.2730
4.7830
5.0550
5.7900
6.2180
6.7180
6.6930
7.4950
7.6170
7.8770
5.3990
3.5730
5.4310
6.8910
6.7210
5.0720
4.4490
5.1390
6.5710
6.6110
5.3600
5.0310
5.8750
7.6330
8.0010
6.0490
4.9040
5.0480
4.8020
7.4640
6.0970
0.5560
1.4830
5.9060
7.2420
4.5880
3.0120
4.8750
6.4390
4.5210
3.6400
5.6460
6.9700
7.4470
9.2240
9.1630
6.7010
5.9390
6.3540
8.3920
8.0320
6.0850
6.2550
5.5810
3.7630
3.3880
4.3950
3.8650
3.7230
5.5460
6.3870
7.0850
6.6700
5.5880
6.6290
6.7300
7.4230
7.4460
5.5820
6.0970
8.1470
7.2880
5.6600
3.5990
3.7310
6.7810
8.5800
6.1840
3.1910
4.9190
7.4260
7.9090
7.0870
5.8780
6.0490
6.6380
5.7280
4.8330
5.3090
7.0190
7.1940
7.0370
8.0940
8.4930
7.2260
6.8100
6.8770
6.9290
7.0330
6.8080
6.0490
6.1050
7.0000
7.2770
7.6740
8.1590
9.0270
8.6600
