-4.6060
-5.9900
-6.0720
-5.2600
-5.1400
-4.1976
-3.2552
-2.3128
-1.3704
-0.4280
-0.5690
-0.5730
-0.5730
-1.4340
-2.0710
-2.6160
-3.0350
-2.7100
-2.2160
-2.7760
-3.5390
-3.1590
-3.8010
-4.0590
-2.1290
-2.6430
-4.3960
-3.0970
-2.0970
-0.1570
0.8390
-0.3230
-0.4270
-2.7250
-4.9130
-4.6360
-3.8600
-3.1630
-2.9140
-4.8380
-6.2760
-5.6200
-3.8830
-2.3000
-1.9980
-1.1640
-1.7430
-2.8410
-1.9350
-0.8580
-0.4630
-2.6840
-4.5780
-2.6990
-0.8150
-1.0920
-1.5720
-1.7180
-1.2380
-1.0740
-2.8000
-4.2560
-4.6520
-2.5930
-0.3660
-1.4350
-1.0130
0.3520
-0.8760
-1.6490
-1.9950
-4.1710
-2.6120
-2.7910
-3.6690
-1.5220
-3.2460
-3.3250
-1.5150
-0.1370
0.6430
1.2100
2.4680
-1.0410
-4.4100
-1.3290
-2.4680
-5.2260
-3.1990
-2.4170
-3.4650
-3.5340
-2.1310
-0.1850
-0.2040
0.4070
0.1850
-2.4770
-3.6660
-3.6960
-9.2270
-17.8200
-18.8730
-15.1760
-10.3450
-9.2560
-11.8730
-12.1340
-13.4720
-14.8700
-12.8460
-10.4390
-8.5470
-8.7250
-9.8150
-13.8160
-15.5890
-12.1200
-10.1480
-8.7670
-5.7230
-6.5280
-10.6230
-9.1610
-2.7700
-0.3660
-1.4750
-1.6070
-4.0000
-5.9280
-7.3680
-9.4610
-8.4310
-6.6960
-8.2140
-9.6630
-5.1680
-1.3290
-3.6650
-10.4450
-16.2420
-17.3700
-16.1990
-16.0410
-10.9050
-4.9160
-5.8680
-4.2150
-2.8290
-3.6520
-3.9690
-3.5840
-3.3730
-3.8270
-3.3110
-2.9350
-2.8580
-3.1200
-3.2370
-2.9600
-2.8460
-2.9470
-2.9040
-2.7280
-2.5760
-2.5540
-2.5670
-2.5140
-2.4620
-2.4330
-2.4230
-2.4870
-2.5720
-2.5770
-2.6050
-2.6700
-2.7210
-2.6980
-2.6220
-2.6250
-2.6240
-2.6970
-2.8160
-2.7140
-2.5740
-2.5790
-2.6320
-2.6250
-2.5560
-2.5520
-2.5510
-2.4630
-2.4170
-2.3990
-2.2560
-2.1950
-2.2210
-2.1770
-2.1130
-2.0670
-2.0490
-1.9490
-1.8940
-1.9740
-2.0410
-2.0310
-1.9710
-1.9770
-2.0130
-1.9990
-1.9350
-1.8510
-1.8610
-1.9270
-1.9440
-1.9750
-1.8910
-1.6690
-1.4290
-1.3380
-1.4570
-1.5620
-1.6080
-1.6030
-1.6150
-1.6550
-1.5320
-1.3920
-1.4120
-1.3950
-1.3120
-1.1870
-1.1260
-1.2040
-1.3310
-1.3990
-1.3540
-1.3150
-1.2920
-1.2630
-1.2700
-1.2830
-1.3170
-1.3160
-1.3270
-1.3300
-1.3250
-1.3260
-1.3280
-1.3370
-1.3500
-1.3740
-1.3650
-1.3260
-1.3370
-1.2930
-1.2420
-1.2870
-1.3620
-1.3790
-1.3680
-1.3860
-1.3920
-1.4410
-1.5080
-1.4690
-1.4460
-1.5010
-1.5060
-1.4370
-1.3930
-1.4020
-1.4360
-1.4920
-1.5300
-1.5600
-1.5720
-1.5490
-1.5340
-1.5140
-1.4930
-1.5320
-1.5340
-1.4860
-1.4590
-1.4400
-1.4020
-1.4030
-1.5320
-1.5460
-1.4680
-1.4880
-1.5370
-1.4740
-1.4110
-1.2970
-1.2930
-1.3780
-1.3720
-1.3600
-1.3150
-1.3170
-1.3280
-1.3080
-1.3390
-1.3600
-1.3860
-1.4110
-1.3980
-1.3800
-1.4040
-1.4620
-1.5080
-1.5090
-1.4280
-1.3950
-1.4370
-1.4390
-1.4460
-1.5100
-1.5090
-1.4550
-1.4270
-1.3580
-1.3730
-1.4790
-1.5190
-1.4910
-1.4930
-1.5290
