-2.2480
-2.0510
-1.3140
-2.1040
-3.1120
-3.4840
-3.6540
-3.8240
-3.9940
-4.1640
-4.3340
-4.2500
-2.1430
-1.1930
-2.0510
-1.0790
1.1060
2.1560
1.7490
0.6440
-0.4340
-0.3710
-0.1910
-0.9150
-1.3430
-1.5370
-1.7060
-1.8670
-2.4110
-2.4530
-2.1050
-2.6170
-3.3440
-3.2720
-3.5270
-3.6810
-3.0460
-2.8490
-3.3290
-3.6750
-3.5870
-2.5960
-1.2150
-0.6160
-0.2770
-0.3130
-0.6080
-2.0650
-3.7880
-4.2420
-4.2020
-3.8960
-4.0220
-4.0890
-3.6600
-2.5650
-1.3790
-1.3990
-2.4120
-3.1610
-3.1240
-3.1860
-3.2160
-2.0760
-0.0590
0.9910
1.3650
1.1200
-0.6090
-1.2320
-1.1370
-1.8010
-2.7670
-2.9770
-2.8140
-2.9460
-2.7280
-2.8140
-2.7110
-2.4590
-2.4430
-2.3430
-3.0130
-3.4890
-3.1510
-2.9950
-2.6530
-2.6360
-2.5160
-2.4750
-2.6250
-2.4690
-2.5680
-2.3060
-1.8320
-2.0710
-2.0240
-0.9800
-0.4540
-0.4230
0.4840
1.5700
1.9170
2.2310
2.5890
2.8850
2.8190
2.8270
3.2340
3.0470
2.6400
2.4870
2.2760
2.5130
2.8010
2.8920
3.1260
2.7610
2.2740
1.3490
1.4160
2.1580
2.4860
2.1770
2.0220
2.3810
2.4470
-1.0000
-4.4340
-3.9670
-3.0540
-2.6240
-2.4920
-2.1470
-2.0800
-2.5250
-2.4260
-2.4140
-2.3070
-1.9370
-2.0410
-1.8000
-1.5520
-1.6740
-1.4090
-1.2230
-0.9740
-0.7300
-0.6740
-1.3070
-2.9190
-2.7110
-2.4060
-2.5920
-2.6840
-3.7420
-3.9930
-2.5850
-2.1740
-2.7050
-2.5310
-2.3100
-2.8640
-3.8860
-3.4350
-1.7530
-1.3330
-1.3380
-2.1890
-4.1700
-6.1470
-6.8180
-5.7500
-6.1620
-7.0490
-12.2410
-18.2120
-12.9890
-7.5140
-5.2790
-0.6640
3.9640
4.3920
5.4220
4.9840
-0.1720
-0.0160
-2.2760
-6.6310
-7.4330
-4.3720
2.5100
6.8890
6.9820
6.1740
5.2650
3.4740
2.8540
2.2150
2.8770
4.0950
4.8080
5.0930
0.5520
-3.4770
-2.3010
-2.0170
-3.3910
-1.6050
-1.0050
-4.0350
-4.3190
-1.9860
-1.4940
-1.2290
-1.6850
-3.0010
-4.4060
-5.6890
-6.0070
-6.8310
-8.8210
-10.3110
-8.9600
-10.0130
-8.4660
-3.2020
1.4150
4.2890
4.8230
5.1140
-2.9610
-8.8610
-2.7850
2.0300
7.0210
12.6080
7.8420
-2.9970
-8.4250
-11.7490
-11.6610
-9.3840
-8.3500
-7.9810
-9.4720
-7.0160
-1.7750
-3.9200
-1.0620
14.6620
14.1930
12.9040
13.5950
13.2030
12.6760
11.8510
-1.0320
-15.1380
-15.6310
-14.2480
-5.2940
5.3380
4.5770
-1.8870
-13.9500
-20.0440
-11.8650
-5.3190
-5.8370
-1.3490
1.1630
-2.2040
-6.9670
-0.4670
8.0920
4.4750
0.8350
-5.6630
-10.4070
-9.5810
-0.6030
3.7280
-1.0750
0.5920
-1.7270
-8.4070
-17.2580
-22.1440
-15.0150
-8.1060
-13.8020
-22.2950
-22.0220
-23.7690
-24.9680
-22.3660
-18.4770
-16.0450
-22.3860
-24.1030
-22.4780
-26.0590
-24.4110
-21.3620
-22.2950
-21.9540
-23.1850
-21.8730
-19.1360
-24.6790
-30.3380
-32.2830
-33.5390
-33.7120
-23.4390
-17.8000
-23.0060
-26.6480
-29.8400
-32.3440
-34.0420
-33.4230
-29.2480
-30.8950
-29.2790
-26.1450
-25.3390
-25.8250
-30.7120
-33.9140
-33.0170
-28.0310
-25.7610
-28.0200
-29.4900
-28.8510
-28.3960
-27.7870
-27.8760
-27.5150
-26.4350
-30.6270
-36.7100
-38.7600
-37.1510
-37.0700
-37.9660
-38.9460
-40.1520
-40.7500
-44.3460
-44.3040
-41.9840
-44.5190
-46.0740
-43.5610
-38.4470
-35.8100
-36.3310
-34.6470
-28.7830
-21.6610
-11.8100
2.0550
15.6710
23.4760
13.7710
0.1560
-2.3410
7.9360
18.4800
22.2470
26.0360
24.2410
