-10.4460
-11.3570
-10.7810
-10.8080
-10.7530
-9.7010
-9.8500
-10.7290
-11.4930
-10.5110
-10.1320
-10.3640
-11.7310
-13.5640
-12.6400
-11.9610
-12.2720
-12.1230
-10.8420
-9.8070
-11.2500
-11.4670
-11.4150
-11.1640
-10.8480
-12.0540
-11.5200
-10.2500
-10.0750
-10.9630
-11.8280
-11.6580
-10.8820
-10.7870
-10.9790
-10.9250
-11.1040
-10.8240
-10.6520
-10.4080
-9.6580
-9.8660
-9.3820
-9.6300
-10.1670
-10.0010
-11.6710
-11.6960
-10.4190
-9.8680
-10.1840
-11.2180
-10.9600
-9.4230
-9.1850
-9.6090
-9.4100
-10.1760
-10.3250
-10.1000
-9.2980
-9.8810
-11.2170
-11.6780
-11.3170
-11.0170
-10.6865
-10.3560
-10.0255
-9.6950
-9.3645
-9.0340
-9.7610
-10.0530
-10.0880
-10.2300
-8.9560
-8.0590
-9.1200
-9.9570
-9.0250
-8.6890
-9.0760
-10.2610
-11.1390
-10.0960
-9.5730
-9.4070
-8.5260
-9.3610
-9.7860
-9.1790
-10.2870
-10.3770
-9.5590
-10.0800
-10.5530
-10.2530
-9.5310
-8.8990
-10.2320
-11.3740
-11.1670
-9.9885
-8.8100
-9.8930
-10.7020
-10.3080
-9.0350
-8.6860
-9.6000
-9.9090
-9.5080
-9.7690
-10.2490
-9.9990
-10.4430
-9.1150
-8.2080
-9.6560
-9.6890
-9.8420
-11.0620
-10.5260
-8.9830
-8.0940
-8.1030
-9.4200
-10.7210
-10.7770
-10.0720
-9.0190
-8.9520
-10.1390
-10.3110
-9.9810
-9.6470
-8.4430
-8.3300
-10.0850
-10.9780
-9.4200
-7.8620
-8.3920
-9.1510
-9.8270
-10.0150
-9.8060
-11.0660
-11.0550
-9.9800
-9.9330
-10.0120
-10.5250
-10.5260
-9.3690
-9.3230
-9.9820
-9.8060
-9.5480
-8.9930
-9.1820
-9.6450
-8.4960
-8.8050
-10.2490
-11.0370
-11.1510
-9.7140
-9.1950
-9.0038
-8.8126
-8.6213
-8.4301
-8.2389
-8.0477
-7.8565
-7.6652
-7.4740
-7.2828
-7.0916
-6.9004
-6.7091
-6.5179
-6.3267
-6.1355
-5.9443
-5.7530
-5.5618
-5.3706
-5.1794
-4.9882
-4.7970
-4.6057
-4.4145
-4.2233
-4.0321
-3.8409
-3.6496
-3.4584
-3.2672
-3.0760
-2.8848
-2.6935
-2.5023
-2.3111
-2.1199
-1.9287
-1.7374
-1.5462
-1.3550
-2.0690
-2.2820
-2.1160
-2.4190
-1.8840
-0.3870
-1.3740
-3.6170
-3.6090
-2.8080
-1.4390
-0.7410
-1.2080
-2.1530
-3.2360
-3.7670
-3.2910
-2.6200
-2.4350
-2.9210
-4.1910
-4.2160
-4.6820
-4.8440
-3.9000
-5.1270
-6.0550
-6.2530
-5.9930
-4.7530
-4.7450
-5.8300
-7.8920
-9.1860
-9.7610
-11.9890
-13.6000
-13.9880
-13.6890
-13.8680
-14.9900
-14.6770
-14.7320
-14.9500
-13.7000
-13.8920
-14.5430
-14.7420
-15.3780
-15.1920
-14.7390
-14.0740
-13.4260
-13.1330
-13.3090
-14.0320
-13.7010
-12.8760
-13.2110
-12.7310
-12.8600
-12.9930
-12.5180
-13.2420
-13.2340
-13.8290
-14.5680
-14.1760
-13.7280
-13.9600
-14.4970
-14.2070
-14.3390
-14.1440
-14.4780
-14.5090
-14.1720
-14.7590
-14.9340
-15.0970
-15.0580
-14.8320
-14.5670
-15.0010
-14.9480
-14.6770
-14.8010
-14.9720
-15.3590
-15.3280
-15.2970
-15.6160
-15.3530
-15.0300
-15.2780
-15.2480
-15.0930
-15.3340
-15.6920
-15.7660
-15.6710
-15.5520
-15.5850
-15.9070
-16.2260
-16.3650
-16.3490
-16.3180
-16.4010
-16.2430
-16.0170
-15.7830
-15.6120
-15.8650
-16.3640
-16.7430
-16.8020
-16.5040
-16.1650
-16.1110
-16.4850
-16.6880
-16.8150
-17.2150
-17.2690
-17.2180
-17.3090
-17.2030
-17.5100
-17.9420
-17.8360
-17.7590
-17.6650
-17.5090
-17.4220
-17.5820
-17.6220
-17.2950
-17.3530
-17.8330
-18.2240
-18.3180
-18.3270
-18.4030
-18.5420
-18.7310
-18.8550
-19.1260
-19.4870
-19.3810
-19.1740
-19.1420
-18.9440
-18.8960
-19.2710
-19.5490
-19.6480
-19.6670
-19.5770
-19.7570
-19.8800
-19.8620
-20.3110
-20.5160
-20.5150
-20.5510
-20.7110
-20.8800
-20.8340
-20.8090
-20.8280
-20.8970
-21.1120
-21.4280
-21.7220
-21.7610
-21.6590
-21.5370
-21.7030
-21.8770
-21.8800
-22.0010
-22.2620
-22.5600
-22.8100
-22.9960
-22.9840
-23.4060
-23.8140
-23.7210
-23.7620
-23.9760
-24.1750
-24.1450
-24.1670
-24.1140
-24.0620
-24.3290
-24.4970
-24.5170
-24.5980
-24.6150
-24.4900
-24.2550
-24.1970
-24.3380
-24.1400
-23.8330
-23.6370
