25.4690
26.9180
27.8750
28.9410
31.1440
32.9200
33.2680
32.3870
33.7290
35.2540
35.4110
36.5970
38.1690
38.8760
38.1360
37.5370
37.1320
36.4390
36.2540
36.6360
36.3300
36.0040
36.3640
36.3580
36.6070
36.3730
35.5630
35.5690
36.1650
36.6810
36.7180
36.4180
35.2430
34.4020
32.9120
29.8350
28.6810
30.1480
32.3020
33.0910
33.4130
33.7190
32.9580
31.4020
31.0170
31.5520
29.5150
28.7480
30.1300
31.0190
30.0630
28.9960
30.2620
31.1120
30.3490
28.8090
29.6760
30.2560
28.4910
29.2160
30.1290
29.6630
28.9040
28.4870
28.3940
26.2620
24.1650
24.6850
25.6570
25.4730
23.9130
23.2630
22.6140
20.3620
21.3150
23.5560
24.1180
23.9300
23.6010
24.5230
24.7600
23.7360
21.9750
21.5260
22.0130
21.8150
21.8410
21.7240
19.8490
17.5440
18.0200
17.3970
18.4910
19.3660
15.2190
15.7600
17.5000
18.7450
18.9180
17.0810
15.3730
11.5230
11.5970
14.0820
12.2720
9.4840
11.2430
13.5540
15.6460
17.2490
14.3990
11.3400
12.0160
13.2920
13.8670
14.5720
14.9030
14.6720
12.0690
10.7690
11.4920
9.6160
6.8810
7.4550
9.4350
8.8400
8.7230
8.0410
5.7360
6.2930
6.2510
6.4330
7.0250
8.1030
10.8850
11.2040
8.0100
7.7780
9.0400
6.8210
7.3420
11.7470
14.4890
14.3810
13.9460
12.9260
12.1450
12.7680
12.4270
11.6890
11.2620
12.4460
14.2840
13.8460
14.8640
14.5200
12.1520
10.1100
10.6970
12.5430
11.2070
12.3950
13.4180
12.5070
13.2020
13.9310
13.5270
11.6110
11.3450
11.5230
10.2330
10.2490
9.7200
8.1030
9.7820
11.5890
11.4790
11.5690
12.5920
10.6270
9.4870
9.5460
7.1160
6.6740
9.2050
12.3320
11.3120
10.9580
10.4160
8.7250
10.2290
9.9940
7.9180
8.6220
10.8070
10.9010
11.3490
11.0350
10.1090
9.6520
9.6470
10.2510
10.4330
10.3910
10.4900
11.2620
12.0320
11.3600
10.4300
10.0380
9.0400
9.6480
8.8830
8.9420
10.2840
9.5790
8.2690
7.5540
9.0850
10.3100
10.4710
11.9950
11.3710
9.3900
8.8760
7.3880
6.5950
6.7860
6.7440
8.6300
10.5700
11.8340
9.9710
8.0860
9.2130
10.6260
9.6890
7.9270
7.9240
7.6380
9.1170
9.8350
8.7220
9.3420
10.5820
9.9850
7.7050
8.8580
10.6370
9.0640
7.9970
5.9500
5.4140
5.9720
5.5240
8.1160
8.9560
6.7610
7.0830
7.9940
9.2380
8.0130
6.6150
7.8600
7.7300
7.3720
8.9120
8.3040
5.8890
5.2800
4.0700
3.4500
5.1040
6.6820
7.9910
6.8350
3.9710
3.5000
3.1760
5.0390
7.6260
7.1470
5.8660
7.7770
8.1130
4.8930
4.1330
6.2080
7.7050
7.1340
5.9670
5.2870
4.4740
3.3980
2.4530
0.7980
2.0050
4.3100
4.7480
4.5490
3.3060
4.0280
6.6410
7.3620
6.8470
5.7490
4.8200
5.7480
5.7850
3.4580
5.2860
6.3350
5.1800
6.1360
6.3090
6.3970
3.9860
1.8550
1.5130
4.1410
6.2040
4.1100
2.3530
2.5390
5.4460
6.8870
5.2320
2.2830
2.4360
4.2180
2.3390
-1.2650
-3.7380
-1.9950
5.0890
8.1910
6.0390
3.5810
2.0670
1.0890
0.3280
1.7960
2.8470
2.0690
3.3230
4.9820
2.6430
2.1650
5.6130
8.6540
7.9620
7.5040
8.5190
7.5410
5.2430
4.4170
4.8450
7.8370
8.6070
6.8350
7.4530
7.4430
7.1620
7.4320
6.0850
6.2600
6.3220
4.1230
3.6170
3.7860
3.6360
4.7760
6.0060
5.2070
4.2700
4.2780
4.1340
3.2680
3.6510
4.7100
4.2960
5.1870
6.0670
6.7960
6.8290
3.9710
2.6790
1.6600
2.7210
3.5010
0.7290
-0.6220
-0.0400
-0.0440
-0.3110
0.3410
0.9160
0.2080
-0.2060
1.1190
1.2140
-0.8510
-2.4540
-2.0220
-1.0080
0.1770
1.3240
2.8580
3.2990
2.8950
4.2920
5.1110
5.4900
6.5940
5.9250
6.2600
5.1200
2.5400
0.7020
-1.3980
1.8370
2.4620
1.1990
2.4370
5.3350
10.3960
9.3220
6.0530
6.4210
7.3200
7.6540
4.9470
3.1690
4.1780
5.1720
