-8.1240
-4.4450
-2.4570
-2.4210
-1.9230
-2.1800
-2.7940
-2.8900
-3.1500
-4.5930
-4.8100
-4.8300
-5.8610
-4.7580
-3.4450
-4.5840
-6.5740
-9.7780
-12.6170
-14.9190
-18.1000
-18.4990
-14.6620
-9.1270
-6.8080
-9.8470
-10.0010
-7.6970
-7.1220
-7.0380
-9.4230
-12.8590
-10.6410
-10.2300
-15.1130
-20.3140
-26.4690
-31.0720
-33.3980
-34.1250
-34.6670
-37.5550
-35.8630
-34.2690
-36.0190
-34.3330
-35.5080
-32.6150
-20.4250
-22.1690
-32.7160
-32.0090
-27.6250
-18.5080
-11.5900
-4.6820
6.5520
11.1160
12.1100
9.3570
9.1710
13.5230
17.1090
19.9250
19.0480
14.1540
10.1710
12.2460
13.4200
12.1450
14.4160
15.4980
14.7420
13.8450
11.3310
9.0140
7.0220
8.4760
10.9660
10.0870
10.0090
11.2230
11.5420
11.8820
10.7100
10.1660
10.7770
8.3130
7.4220
9.1140
9.7990
9.1530
7.7090
6.3790
4.9480
5.5830
6.0320
5.3070
4.4370
1.1890
-6.1710
-14.7660
-19.3940
-19.6770
-14.1640
-6.4600
-4.4270
-6.3260
-8.0530
-9.8820
-8.8120
-5.7950
-5.5780
-10.3810
-7.2110
2.3400
4.2360
4.3190
3.8430
4.3800
3.1800
1.4300
2.7600
2.6400
3.0480
2.2920
3.2860
5.2380
4.9700
4.5710
2.9650
0.9350
2.0000
5.9160
7.5060
6.8880
6.6720
4.5180
2.9830
4.1610
4.0520
2.5250
-0.9930
-4.7970
-3.7560
0.3290
-1.8690
-4.4410
-0.0520
2.2240
0.1040
-0.1470
1.0210
2.1960
0.9370
-1.1950
-0.4800
0.5790
1.5760
2.9230
2.0800
0.3250
1.1410
2.6340
2.7730
3.1190
2.6070
3.7720
4.1600
3.4900
3.4570
2.3660
3.5740
2.0350
-1.7780
-4.0400
-8.9330
-17.7430
-27.3130
-31.6280
-32.0150
-30.4540
-26.4070
-22.4040
-21.9180
-22.2770
-20.6630
-23.4910
-27.8120
-32.9460
-33.4680
-29.4190
-23.6190
-18.9050
-17.7890
-13.6400
-8.2950
-6.0160
-4.1830
-4.2380
-2.3910
-2.2920
-6.9660
-5.5140
-1.7050
-2.5810
-7.7670
-11.7860
-13.6250
-16.2090
-17.8710
-19.0840
-21.2820
-21.2250
-20.3240
-18.3660
-14.3400
-16.1140
-20.8690
-18.4030
-20.1010
-24.5980
-21.9610
-19.6000
-18.7900
-20.6160
-20.3930
-19.8110
-23.0220
-23.0320
-22.7150
-24.6760
-25.7770
-23.4170
-21.5550
-20.1840
-20.1070
-19.4870
-17.3230
-16.7770
-13.0340
-11.0260
-10.1720
-7.5260
-7.0110
-9.3460
-12.1770
-12.0810
-9.9270
-7.5450
-10.9790
-15.2270
-14.8840
-15.2000
-13.4870
-12.6690
-12.2500
-12.5260
-13.8430
-10.8850
-9.1880
-9.3230
-10.2560
-12.4230
-12.5550
-12.8880
-13.2260
-11.5600
-10.5160
-11.8880
-12.7850
-13.9810
-15.2000
-15.9740
-19.5850
-20.4050
-18.1180
-15.4050
-15.9090
-17.9460
-19.2460
-16.9410
-11.5560
-10.2860
-10.3230
-11.9570
-12.3610
-8.4210
-6.6200
-6.4420
-4.6240
-4.0410
-4.2850
-3.3570
-2.5960
-1.6880
-1.3580
-3.3490
-5.4050
-4.9660
-4.1190
-2.6620
-1.5660
-1.0270
0.9990
1.9670
3.9720
5.2460
4.5730
3.6030
1.6480
1.5730
1.5960
1.7230
1.7550
2.1880
5.8610
4.2870
-4.5210
-1.6490
10.0450
14.8850
13.5130
12.7070
12.3020
3.2390
-4.8830
-6.8330
-7.5750
-7.9340
-8.8220
-8.2000
-6.9360
-7.5390
-8.6900
-9.1000
-7.9050
-7.4290
-8.7430
-9.9550
-11.6340
-12.3350
-11.4480
-11.3120
-11.3860
-11.5590
-11.9760
-11.2110
-10.7440
-9.8370
-9.0530
-9.3430
-9.2800
-9.0940
-9.3070
-9.3110
-9.1500
-9.1500
-9.0480
-7.7276
-6.4072
-5.0868
-3.7664
-2.4460
-1.9300
-0.6820
-0.4140
-0.9590
-2.4190
-5.5810
-5.7290
-6.3670
-7.4790
-6.6560
-6.0510
-3.0080
-1.3850
-5.0610
-4.2320
1.6190
-0.8500
-2.7240
-1.5630
-3.1840
-0.7680
6.9960
2.2350
-12.6100
-11.5430
-1.1950
-5.1440
-6.1700
-5.4430
-3.6560
-3.4610
-6.3240
-6.6730
-7.8110
-6.9030
-6.0480
-7.0510
-6.9130
-7.0390
-6.4750
-6.0910
-7.2250
-7.0860
-4.0430
-2.3730
-2.0020
-1.7370
-1.2580
-0.6060
-1.1090
-1.2740
-1.8630
-3.1180
-4.5230
-4.7310
-3.2330
