7.547400
8.865440
9.610280
9.700080
8.997980
8.868490
9.703080
9.284060
10.262800
9.400240
9.661330
10.044100
11.160400
11.099400
9.985920
9.311090
10.527500
11.409300
11.090300
10.508400
10.056000
10.789200
9.955910
10.036900
10.848200
10.706900
10.640600
10.455200
11.162200
11.025800
12.595400
12.437700
11.412200
10.790100
12.013700
12.782000
11.248900
10.465700
12.049000
12.509400
11.378900
11.368800
12.805300
12.233200
12.403500
11.836000
13.163500
13.634300
13.517900
13.869700
14.789400
14.559200
13.849000
12.229600
11.867600
13.533000
16.429900
16.885500
17.835200
15.198000
17.834900
16.695500
17.682600
16.415000
15.383300
16.652900
16.850500
15.555800
16.392900
16.837800
15.187200
14.996400
15.278700
15.215700
14.780600
17.731400
17.991000
16.995500
17.860600
17.117200
18.095300
16.958400
19.177200
17.190700
17.275400
18.323900
17.771100
18.098000
19.150000
18.619700
17.812000
17.876900
18.303600
19.051700
18.491900
18.252900
17.533000
17.690900
17.807500
16.862400
16.729900
20.513800
18.173000
19.461500
17.647000
17.160600
17.141400
17.494200
17.842600
18.203300
17.233200
17.668100
21.206800
21.851200
18.145100
16.977800
18.188600
17.028500
15.711700
17.811100
17.914600
17.539600
18.102500
18.493500
23.570800
23.987100
28.782000
13.554500
14.175000
12.123000
14.474900
11.476900
12.284000
10.912000
11.264600
10.258100
9.702150
10.078500
9.792440
