1.418550
1.744980
1.448180
1.551370
1.341650
1.611110
1.482220
1.501190
1.600050
1.464090
1.412530
1.483880
1.462440
1.487130
1.430220
1.519630
1.526420
1.269280
1.446190
1.464920
1.655860
1.523880
1.396660
1.700730
1.482170
1.516050
1.363180
1.622980
1.456780
1.258980
1.494000
1.579930
1.392590
1.721310
1.424220
1.617950
1.463120
1.381220
1.235810
1.535680
1.696900
1.490340
1.792270
1.463480
1.515460
1.575910
1.376510
1.287070
1.560170
1.895440
1.510140
1.407460
1.431000
1.804040
1.610010
1.597400
1.340530
1.661530
1.862420
1.748970
1.890250
1.584940
1.468240
1.474500
1.651260
1.766900
1.897010
1.765530
1.630230
2.031590
1.849560
1.938860
2.027830
2.067970
2.032600
1.693000
1.620320
1.249300
1.708460
1.553040
1.443370
1.503190
1.479370
1.755900
1.800590
1.615850
1.692420
1.497800
1.758150
1.438130
1.890730
1.668170
1.662480
1.993150
1.611220
1.329430
1.564460
1.479270
1.651540
1.475110
1.608840
1.622960
1.384750
1.893130
1.705880
1.594150
1.700350
1.132600
1.621100
1.610670
1.590330
1.491160
1.555960
1.716860
1.859060
1.714200
1.683300
1.645030
1.530850
1.876200
1.534970
1.613500
1.753390
1.945380
1.585990
1.467370
1.642190
1.522750
1.497770
1.800320
1.516830
1.904880
2.050220
2.070800
2.040520
2.045620
2.451950
2.543340
2.561550
1.975890
1.655000
1.794200
2.013940
2.118370
1.754950
1.945760
1.725160
2.391700
2.088940
1.922940
1.559300
1.783000
2.337120
1.943940
2.184390
2.732090
2.308570
1.934830
2.252950
2.093680
2.013510
2.333210
1.919780
2.322570
1.805570
2.453010
1.624330
2.529110
2.220030
2.564190
2.838430
2.600910
2.292160
1.993010
2.592480
2.224800
2.744550
1.696420
3.114920
2.727940
3.004190
2.598430
2.896550
2.229200
2.458370
2.650950
2.690950
2.121400
3.305350
2.782940
2.944240
2.515560
2.689430
2.887500
3.109420
2.710820
2.645370
2.706260
2.752830
3.852120
2.545060
2.852860
4.160890
2.807620
2.999770
3.159970
3.374530
3.740270
3.093550
3.761570
3.277250
3.218600
3.609240
4.078540
2.080010
3.421340
2.934560
2.891350
3.068690
3.495410
3.568570
3.596950
3.642830
4.941620
2.992990
2.835220
3.260650
4.851340
3.568960
3.238230
4.211850
3.083390
3.746420
3.605280
4.923470
4.588450
4.728700
3.733450
3.721020
4.424640
4.938120
5.099250
4.758480
4.122650
4.659770
4.136460
4.083940
4.440380
4.584440
3.952510
3.876830
3.982460
4.431610
5.194660
5.574750
4.213020
4.534680
5.461700
3.891890
5.503720
4.739850
4.434670
5.204590
4.807150
5.155040
5.433370
5.368020
5.596310
5.932990
6.066610
5.358940
5.655090
5.070950
5.207940
6.064800
5.176710
6.314700
4.878860
5.729940
7.089760
6.338290
4.859980
7.046020
6.941180
6.852200
6.104520
6.977220
8.164370
6.101750
7.250560
5.717580
7.416370
7.843850
6.265180
7.232800
8.942720
9.186030
7.969800
6.839960
5.257750
7.495660
9.079230
7.228830
7.887110
6.569290
7.886650
7.508570
7.721050
7.180990
8.330990
8.283630
8.750120
7.753550
7.538720
8.126440
10.787000
8.109690
9.029480
7.805450
8.237870
9.826660
8.510850
8.549360
8.319510
9.887970
8.822310
9.144200
10.401000
8.583660
9.331180
10.233300
10.887200
9.741840
8.083540
9.293880
9.620510
10.646500
9.112750
9.270560
8.681730
9.781840
9.194930
10.736700
11.383400
11.418800
10.801200
10.177100
13.199700
10.953000
12.917900
11.855200
11.029700
10.235800
11.203200
10.438800
10.355100
10.522600
11.615000
11.088400
10.674900
12.555800
11.574200
10.995200
12.769300
10.480100
12.953800
12.728800
12.277800
12.473100
11.950500
13.738000
12.645100
13.085900
12.184400
12.319900
11.745900
11.345500
13.295700
13.578500
13.344800
11.000000
10.308100
12.303900
10.901500
12.460100
10.172200
11.429400
9.009960
10.338800
9.989590
12.361000
13.722900
13.656400
10.180700
12.142000
17.828500
14.994000
15.467100
15.195200
15.183300
11.682400
13.592300
13.486900
16.843500
13.604100
9.416740
15.236100
15.559900
19.456700
14.221400
10.007400
14.894600
13.549800
13.773900
14.201500
14.168100
19.827600
14.885500
17.932900
15.048600
14.166000
16.832400
26.794800
14.631200
15.820600
21.614500
14.142000
20.849800
14.754000
32.779400
26.158000
17.277100
16.299700
15.407600
16.272100
18.370500
13.083400
11.447200
15.585900
21.236300
15.783300
14.006900
18.139800
20.254400
12.562800
20.825200
16.817700
11.738900
17.034100
13.689800
14.012800
6.991230
7.152810
7.661540
9.429910
5.600590
7.621440
5.457250
4.670460
7.136670
5.452110
5.621270
5.921960
5.011700
4.320680
4.592560
4.085110
4.400970
5.242240
4.676640
5.349120
5.551760
4.942080
4.969380
4.551930
5.248890
5.677010
4.255700
4.339320
4.372580
3.985120
4.247670
2.937170
4.078070
3.904740
3.791070
3.966490
4.404110
4.592390
4.242780
4.266970
5.242720
4.059190
3.583380
4.378880
3.927630
3.931440
4.128120
3.911500
4.421640
3.897630
4.246040
4.755280
5.482240
12.563900
23.265900
16.430600
14.559900
16.910800
16.865200
16.781700
22.462100
20.537900
15.373500
18.853900
15.020000
22.930700
14.098500
14.132200
19.395300
23.834800
14.890400
15.400800
24.601000
12.940800
23.128500
13.362600
9.199500
14.184000
8.918300
7.922850
9.453120
7.709740
