0.000000
9.695490
11.202600
14.196100
18.440500
12.810300
10.730200
15.025900
14.152100
11.323200
15.844800
23.916500
23.084200
23.066100
23.487900
26.209500
29.246300
29.003000
25.336400
23.242600
24.308300
25.539200
24.537400
23.967800
24.098100
24.731000
23.685200
23.245900
21.812100
21.254100
21.592500
21.658000
23.503500
23.759300
23.597200
25.485800
25.923700
23.845000
22.083500
22.029200
22.206200
22.276500
22.334500
22.647000
22.899500
22.967800
23.698300
23.778500
23.343400
23.846900
24.132200
23.531700
23.676600
22.702400
23.604600
24.002000
23.777700
22.274400
22.641100
24.123400
24.231200
23.542900
23.240800
22.801100
22.152800
20.884800
22.060100
22.734200
22.269300
24.143200
24.271800
22.802800
22.874000
23.327000
23.210100
23.518800
22.703000
23.177000
23.687700
22.542200
22.226600
23.329700
23.553300
22.312200
20.491900
21.806500
22.762400
21.091800
22.283900
22.082000
22.430300
23.856300
24.616300
23.150100
22.677000
21.939600
21.998200
21.101700
19.389900
18.402800
19.546000
20.460400
23.953900
24.657800
23.322100
22.152200
21.923300
22.084500
21.743400
22.257900
22.259400
22.556900
21.845100
21.512400
21.802000
21.890900
24.692500
24.226300
23.256900
21.967800
22.495200
25.663400
25.714800
20.107600
23.121000
25.278900
23.981600
22.579100
23.744700
24.650000
22.531200
20.227200
20.609700
22.664600
22.712200
22.049700
21.582800
20.453400
19.386500
18.765800
22.049200
25.835600
27.412500
27.789000
29.327900
29.890900
29.047100
29.184600
30.178600
28.966300
27.231100
0.000000
