5.527260
5.750810
5.931550
6.012030
5.751890
5.770660
5.730370
5.965120
6.358930
6.589660
6.038670
6.691150
6.459190
6.728230
6.555060
6.315880
6.833320
6.874540
6.405890
6.470110
6.468880
7.099920
6.995330
7.383430
7.025480
7.224830
6.647890
6.348400
6.830760
8.348430
10.633000
10.390900
9.589840
9.688000
9.185730
8.241010
8.083210
8.538240
9.010380
9.727850
10.134300
9.658740
9.018850
8.977530
8.612730
9.234420
10.058500
9.097050
9.828410
9.720580
9.283310
9.117920
10.184100
9.199050
10.418400
10.254500
9.933950
9.101110
9.549530
9.027150
8.611230
8.343130
9.562960
8.964580
9.779380
9.086400
8.326890
9.371890
9.018390
9.716040
8.925590
8.537980
8.713090
9.110940
10.028800
10.103600
9.540610
9.505320
9.330380
9.745930
8.937370
9.948930
8.253500
9.395310
9.379530
10.367900
8.779690
9.324720
10.677200
9.801280
8.313170
7.214630
7.742390
6.221080
6.762710
5.866720
