3.354330
3.439790
3.379090
4.698750
4.260960
5.246100
5.022500
5.184970
5.760970
6.125490
6.682190
6.524920
6.484180
7.748280
7.345680
7.852410
7.795000
8.135360
8.473980
9.136220
9.011000
8.709860
8.522660
9.828850
9.375440
9.708990
11.250200
10.943700
9.293340
10.667800
10.772100
11.872600
11.606200
11.721800
11.161000
11.130900
13.144700
13.032500
13.596300
14.423900
14.842800
13.332100
14.108500
16.389000
15.141800
14.704900
15.614000
15.929400
16.425800
17.638500
16.401400
16.879700
18.065800
17.302700
19.122200
15.736800
18.106600
16.252400
16.395800
17.434500
17.810300
17.997800
17.006500
17.134600
16.122900
17.870800
16.818400
16.940500
18.335700
19.543300
17.628900
14.704500
17.967100
19.416600
15.548900
17.136600
15.811400
19.961900
19.459300
16.662200
22.538100
17.826800
19.587400
19.939200
21.733800
18.060200
20.712400
19.626400
20.992200
18.524900
22.559200
21.216000
19.444300
16.139300
20.161400
20.112100
19.571500
18.799100
20.513400
18.626600
19.000900
21.669500
19.282800
17.888400
21.006100
19.876100
18.222400
23.023100
21.929500
21.358600
20.445300
17.987800
23.707200
20.545100
22.642300
23.850500
18.936000
22.753500
21.360300
20.002500
22.827200
22.363300
22.157800
25.646000
24.708300
21.803200
23.755600
25.034700
22.969100
23.933300
22.381600
23.929900
26.238500
23.848100
24.591900
25.007700
26.619000
25.326500
21.176600
24.965700
24.037300
22.381800
28.260400
21.844000
24.508100
25.869700
20.713400
24.512800
25.160000
20.966200
25.402700
26.544700
24.862000
28.328900
18.647300
18.771400
25.434000
25.006600
19.375100
17.490100
17.095800
19.065900
28.623300
28.262100
28.189400
28.943800
27.164900
29.665100
28.718600
30.159600
29.718900
28.430600
14.795800
