9.447070
7.611300
8.402540
9.501120
9.255210
9.052780
9.228810
7.431970
7.259350
8.695320
7.587760
7.523060
8.975520
7.499960
8.678220
9.686460
10.251600
10.698400
8.765960
9.148650
9.850820
9.648830
7.631580
10.522700
7.161070
6.323520
9.209540
8.862690
7.763020
7.622920
6.615180
5.909690
5.882810
5.378850
5.685380
5.233770
5.575860
7.021100
7.177410
5.775170
6.119910
5.237470
5.256130
6.586880
4.393730
5.142850
4.465580
4.622620
4.960000
4.766650
4.805030
5.237270
5.260960
4.658450
3.902020
4.122670
4.831790
5.668050
7.783150
8.503540
8.563330
11.976800
5.654080
4.971510
6.536580
5.311080
6.878430
5.346310
9.173970
4.394840
7.079830
5.413980
6.602990
5.950540
4.240740
6.008120
6.812140
6.724400
4.610920
4.889770
8.824830
5.750230
4.836140
5.417080
4.473650
5.046690
5.442200
5.238280
4.947710
5.815450
5.329000
6.202930
6.083990
6.328750
3.677040
4.513870
5.510570
5.749230
7.207890
10.531700
7.592340
5.408850
7.473960
7.593010
6.471700
7.166180
5.372150
6.561490
5.193260
5.375980
7.105180
7.572160
6.464980
5.389500
5.149660
5.115090
6.120090
5.977680
6.072410
5.900240
5.630610
4.724130
6.140240
5.029450
5.023270
4.898450
6.503190
5.428110
5.956560
6.471850
5.415850
5.808440
5.566500
5.490180
5.942680
6.205110
4.860800
5.415010
5.231220
4.987380
5.242490
4.763960
5.390700
5.235600
4.217010
4.973190
4.444450
5.170800
4.237660
4.054360
5.463770
5.847880
4.099860
4.909960
4.368990
4.688850
4.688550
4.551360
4.709900
5.316040
5.189880
4.825930
5.225710
5.400470
3.850310
4.042870
4.263510
4.662300
4.074640
3.597900
3.802590
3.927270
3.226520
3.587970
3.802990
3.582840
3.491120
3.862250
4.357460
4.066590
4.185050
4.957760
3.980630
4.248520
5.008410
4.824380
6.117560
4.639370
5.028790
4.557410
5.323510
4.938140
4.537750
5.120520
4.339570
4.608420
5.921610
3.947480
4.493710
4.246200
4.143580
4.348770
3.727400
3.658590
3.747620
3.972600
3.776560
4.071760
4.457290
3.840920
4.432010
4.638030
4.627840
4.321040
4.441250
4.234460
4.519190
3.842330
3.936400
3.835860
3.694740
4.052770
4.280030
3.788430
3.719900
3.545650
4.066510
3.462350
4.339880
3.750650
3.666770
3.778340
4.000460
3.923970
3.675380
4.350410
4.180840
3.953360
3.943850
3.574970
5.067650
5.012680
4.913500
4.334080
3.999580
3.788750
3.591040
3.945910
3.881400
3.843160
4.309870
3.923410
4.157870
3.874720
3.562000
3.456990
3.677060
3.470310
3.859210
3.028160
3.681180
3.634040
3.882030
3.286920
3.262120
3.349060
4.132800
3.387220
3.551800
3.589580
3.578700
3.449790
3.569860
3.431500
3.243200
3.354610
2.848720
2.864240
2.996960
2.694790
2.822690
2.723270
2.624690
2.621820
2.832000
2.958750
3.096530
2.991770
3.130270
2.826560
2.686820
2.787160
2.386690
2.570570
2.545940
2.993170
2.865890
2.329400
2.437870
2.651960
2.834550
2.978430
2.790930
2.796240
2.827380
2.553300
3.533160
2.890840
2.655850
2.536620
2.830970
2.512660
2.732860
3.189710
3.383300
2.568890
2.427720
2.775620
2.806430
2.517320
2.755680
2.914660
2.878990
2.618140
2.652010
2.530070
2.404380
2.514340
2.593560
3.000950
3.666590
2.617590
2.230390
2.310890
2.562350
2.467870
2.966320
2.580500
2.374170
2.695440
2.755120
2.772860
2.376670
2.404720
2.627430
2.985910
2.660120
2.675950
2.373830
2.326020
2.248130
2.101000
2.361650
2.606530
2.371080
2.172480
2.147430
2.455900
2.568470
2.380950
2.446530
2.190500
2.216350
2.228380
2.234170
2.042430
1.947580
2.239050
2.486460
2.424650
2.261600
2.353470
2.547460
2.794360
2.434930
2.543100
2.292720
2.308460
2.575870
2.496500
2.648230
2.327330
2.375610
2.336400
2.838450
2.183390
2.320880
1.963830
2.171060
2.517760
2.180710
2.234160
2.154070
2.279320
2.208780
2.398020
2.606430
2.480850
2.218350
2.307360
2.303650
2.258780
2.326330
2.240850
2.438520
2.252450
2.294740
2.281240
2.332910
2.159880
2.171540
1.874650
2.095430
1.987480
2.196630
2.178660
1.885690
2.205520
1.910240
2.147260
1.931570
1.917840
2.030680
1.989110
2.029650
1.981360
2.079230
2.088950
1.871690
1.908270
1.885830
1.883800
1.996570
2.054290
1.920720
1.782220
1.864880
2.086910
2.046350
2.081440
2.037570
1.976300
2.018700
1.934220
2.061760
1.823920
2.200150
2.280850
2.151990
2.057200
2.126570
2.013550
2.226090
2.002730
2.166740
2.213150
2.074200
2.220830
2.041160
2.088370
2.042080
1.757600
1.810020
1.851440
1.863100
1.881630
2.042610
2.076020
2.060890
2.002790
2.207330
2.228170
1.786060
2.027920
2.074600
2.084390
2.141320
2.259760
2.287260
2.216420
2.220470
1.978390
1.806950
1.718100
1.735480
1.915690
2.116110
1.785320
1.567390
1.784580
1.840010
1.716970
1.704220
1.671760
1.736010
2.187600
2.194890
1.944430
2.046160
1.983300
2.029890
2.053950
1.987010
1.949230
1.939920
2.205680
2.035170
1.824850
1.630330
1.607440
1.796190
1.547280
1.883670
1.736220
1.725960
1.742640
1.849730
1.498210
