2.008020
3.370640
3.303830
2.725330
2.526300
2.417000
2.725460
2.915490
3.440800
2.821290
2.639820
3.158740
3.372650
3.552580
3.392190
3.133690
3.625620
4.352110
5.417500
4.473990
4.400640
4.025590
4.945850
4.626180
4.089290
3.984220
3.752770
3.547070
3.316800
2.741690
3.197680
3.350170
2.887200
2.975500
2.712190
3.308340
2.807810
2.339420
3.150760
3.938440
4.190680
4.031730
3.561520
3.966500
4.239270
4.554380
3.124240
3.976060
3.083580
3.283940
3.594370
4.184680
3.071780
3.644070
3.504420
3.971550
4.093270
3.609800
4.045020
3.830810
3.299870
4.057660
3.984720
3.947520
4.371750
3.772610
4.253020
4.327760
4.345890
4.213020
4.174610
4.804270
5.536220
4.623250
5.103660
4.282370
4.495320
4.899710
4.030220
4.700740
3.828780
4.816910
5.126580
5.053530
4.507290
5.176020
4.929580
5.516020
5.455840
6.118980
5.325360
7.218820
7.052090
6.117730
6.817320
6.540570
6.932600
5.679850
6.901810
5.587210
5.827800
5.760520
6.149180
5.283880
4.863500
5.689820
5.837060
5.589060
5.709170
5.856800
6.493360
5.839180
6.877740
6.771360
7.717010
7.365420
6.571310
7.300630
8.620620
8.572970
8.692390
8.089450
7.169020
7.294650
5.979680
6.851410
9.008360
7.249700
7.549260
9.239070
7.390710
7.435840
8.490010
7.946980
7.800010
7.745390
7.312820
7.441660
9.045780
8.112700
9.858620
9.923620
8.152130
8.522500
9.560220
8.995530
10.224000
10.802600
11.252000
11.359100
10.601900
12.182000
10.735500
10.382600
10.897900
12.311900
14.091200
15.478200
13.176000
11.272200
9.857590
9.090040
9.570180
9.169640
10.398900
10.775800
15.386400
11.353100
9.740180
10.162600
9.010090
11.610300
10.055000
14.104100
12.188500
12.806600
9.112260
10.578600
11.184000
11.712700
14.377600
13.799100
12.144800
15.085900
15.237900
17.881100
18.193500
14.985700
15.969300
15.570800
15.641200
15.423900
13.264200
18.896500
13.381300
15.224000
15.110500
13.667800
16.093500
15.078500
13.515500
14.121500
13.588800
11.549400
15.980400
14.206100
16.495100
14.281800
11.140100
14.581900
18.054000
15.496700
16.438200
15.801300
14.240700
15.619100
15.432900
12.651200
14.328100
16.735300
16.617700
14.615400
16.238600
14.809100
13.972000
15.696600
15.690400
14.856400
13.589000
16.300800
14.605300
15.830200
14.816200
13.790200
17.296800
14.614900
15.640900
15.423800
13.619400
15.340300
16.367500
15.705400
13.694000
15.850000
14.761900
15.042900
14.463000
12.132200
14.962400
15.057900
14.072000
15.084500
14.072500
17.584700
17.710900
20.929100
17.815000
19.793300
13.136100
15.624500
18.386100
17.961300
15.945100
15.904100
17.594600
16.559400
16.753400
16.027100
15.822500
16.885800
15.341400
14.089300
15.855900
14.330600
16.448100
13.576800
13.843900
13.909700
16.230900
15.019600
13.377700
14.469800
14.275300
14.116400
13.852800
13.198200
13.410000
13.067900
12.721000
13.684400
13.288700
13.248300
12.549300
14.805200
12.129700
14.014100
10.631000
11.645700
11.848000
11.794300
11.862600
11.290900
11.914400
12.372000
13.419900
10.435100
12.695000
11.937200
11.811000
10.447400
11.142000
11.734800
11.883000
12.663100
13.286100
13.258000
10.867200
10.864400
13.575700
11.949000
10.033900
11.468500
10.837200
10.948000
10.766900
10.532200
12.355500
11.905900
11.032700
11.020000
12.039200
10.708800
14.318800
11.879400
14.117200
12.413800
12.831800
13.359500
12.475500
15.609900
13.974200
12.775000
12.303800
7.233500
7.853200
6.304800
8.380990
6.873610
5.663000
5.913950
5.528910
6.274970
6.204500
6.353830
6.507470
8.900650
19.966600
17.878400
14.378600
13.006500
10.950700
13.071400
13.406800
13.474100
8.704140
9.797510
12.486900
11.575700
11.746200
10.260700
8.796200
9.819020
9.958130
10.308900
10.601300
8.963430
9.324850
8.743190
7.946560
7.618750
9.344470
10.185200
10.748100
12.061400
12.051200
13.125100
13.008800
12.040700
13.120300
14.633500
12.980800
13.359900
11.421200
12.418200
13.726300
14.063400
11.110700
13.741700
12.739700
12.044500
11.837300
8.511570
