1.928950
2.781140
5.532960
5.897650
7.541720
7.049310
8.118380
7.963790
5.326990
5.942690
5.132170
4.241980
2.616310
2.581030
2.470680
3.604360
3.008090
4.608530
6.482110
6.044990
5.276160
4.438660
2.783620
3.339930
3.531570
4.530360
5.285500
4.691000
4.160120
4.216250
6.770590
5.264720
7.567790
4.361110
4.146760
5.464640
5.969380
5.400150
4.778100
5.994220
4.490490
4.962850
5.258900
5.897850
5.968670
5.507250
5.807940
5.931520
6.428280
5.222160
6.580760
5.269060
5.614780
5.252010
4.450140
3.921080
3.569760
3.807980
4.516320
3.117050
4.353480
3.944220
4.146510
5.153780
4.517940
3.477560
4.388730
4.877440
5.559980
5.772200
5.727590
5.366400
6.492040
6.357110
5.757120
5.818080
6.239560
5.673180
4.692560
5.970930
4.921600
4.184240
4.105070
4.467840
5.123080
4.495020
4.413700
4.652550
3.122010
3.749800
3.545880
3.273810
3.925470
3.618100
4.414840
4.000150
3.579130
3.644000
3.738280
3.429860
4.122430
3.563040
4.237930
3.223620
3.286190
3.410630
3.786580
3.646920
4.181890
4.470200
4.345780
3.670780
3.677100
4.009230
4.152630
4.562000
5.281400
5.639180
6.138510
5.117240
5.543570
5.928600
4.525590
4.543850
5.647620
5.661350
4.745250
5.565010
5.210110
5.580420
5.512570
5.856600
5.854820
4.408470
5.665370
5.173910
4.159790
5.169080
5.104430
4.770560
4.136100
4.007420
4.247420
3.604440
4.124480
3.752230
3.620040
3.890690
4.018390
3.842530
4.754450
4.408350
3.608670
4.804670
4.346860
3.973140
3.757200
3.806480
4.030400
3.650380
3.856200
3.658120
3.242500
3.738140
3.709950
2.962680
3.294290
3.516080
3.361370
3.464500
3.483090
3.343430
2.966710
2.904950
2.163780
2.658440
2.195330
2.333250
2.252960
2.295530
2.190600
2.047290
2.343100
2.152400
2.323480
2.118180
1.830430
1.901380
2.687170
2.070350
2.370570
2.678030
2.669580
1.929720
2.180090
1.688090
1.775140
2.241800
1.392470
2.619230
1.891690
1.993540
2.459350
2.465950
2.761050
2.594580
2.185970
2.268460
2.935640
3.055460
3.205410
3.224600
3.699790
2.977950
2.812760
3.427340
2.954530
3.422300
3.289100
2.542100
3.299970
3.160550
3.456730
3.317550
2.977580
2.914280
3.392570
2.905800
3.043350
3.079190
2.840680
3.155780
3.248210
3.921870
3.587840
3.370910
3.908430
4.154720
3.901670
4.268680
3.493130
3.963600
3.401080
3.588240
2.893650
3.266370
2.979950
3.487120
3.420150
3.211040
3.082070
3.102960
2.874390
2.854260
3.002160
3.382430
3.116000
2.901350
2.745600
2.463060
2.784080
3.381910
2.835180
3.189370
3.175540
3.980110
3.331640
3.053900
2.895420
3.114510
2.729550
2.878400
3.207940
3.303430
2.468210
4.085400
3.503720
3.689730
2.902020
2.175270
2.531980
2.475750
2.384370
3.618870
2.432070
2.007980
2.308460
3.042070
2.960570
3.283180
2.714750
3.169840
3.310380
3.301680
2.912820
2.691780
2.713960
2.921580
2.249350
2.436810
3.171800
3.615980
4.697130
5.108520
4.758160
4.009100
4.296500
4.250530
4.660170
4.336300
3.888960
4.030150
4.118320
3.960950
4.728720
5.607600
5.544830
4.583780
4.414780
5.192910
4.151900
3.748840
3.530850
4.090270
3.506220
3.550100
3.507950
3.321560
3.541730
2.965530
3.216680
3.761270
3.135630
2.530150
2.738230
2.721070
2.964200
2.965180
2.579360
2.889800
2.968670
3.198020
3.353510
3.542220
3.270150
3.499470
2.921680
1.880340
2.050350
1.975840
1.873750
2.602510
2.389340
2.960330
1.978030
1.416180
2.216890
1.627230
1.554990
1.509140
1.281490
1.453050
1.575530
1.952090
1.352650
1.561710
2.174770
1.700400
1.785380
1.810690
1.893810
2.116810
2.721470
2.602830
4.220670
4.699370
3.296030
2.763700
2.920070
2.970590
2.767800
2.520320
2.377450
2.791910
2.685120
2.522480
2.316980
1.986470
1.631810
1.369040
1.995940
1.505620
1.264290
1.693180
1.688470
2.756450
2.005320
1.503590
1.911970
2.875550
2.915890
2.636900
3.473910
2.396890
1.795790
1.471960
1.777820
2.540760
2.004660
1.380790
2.622250
2.278180
1.638580
2.229560
1.985870
2.779650
2.666120
2.575460
1.913960
1.982060
1.951990
2.173920
1.805630
1.715990
2.056960
1.836330
2.038620
2.382530
2.375600
1.848090
1.981260
1.810560
1.869430
1.900750
1.816880
2.731420
2.344110
2.342640
2.338720
1.719180
2.653720
1.386600
1.271560
1.793720
1.592870
1.512070
1.467270
1.745130
2.507120
2.463350
2.297400
2.543510
2.030100
1.811780
1.803060
1.866740
2.447570
2.359680
2.260670
1.826780
1.914360
1.912640
1.937160
1.881970
2.018010
2.116890
1.614130
1.734950
1.665280
2.229850
1.451940
1.603710
2.323390
1.880920
1.619730
1.978970
2.059480
1.530600
1.629950
1.692060
1.850200
1.670400
1.778080
1.742350
1.559740
0.804351
1.246870
1.105180
0.966618
1.269380
1.049950
1.048340
1.312100
1.289100
1.267210
1.411410
1.651120
1.344500
1.690100
2.139460
2.706470
2.558440
2.450840
2.815940
2.573630
2.065570
1.987900
1.848880
1.792810
1.963850
2.279250
1.872790
1.946780
1.749380
2.248460
2.550340
2.270330
2.174330
1.851950
2.367290
1.743000
1.922990
1.984020
2.138930
2.374550
2.517160
2.638940
1.957220
1.866650
2.114570
1.857780
1.949160
2.068760
2.030310
1.935940
1.903440
1.933180
1.802420
1.526630
2.023300
2.041670
2.249390
2.071830
1.848580
2.092730
2.071270
1.947500
2.127600
1.981400
1.706670
1.778080
1.930980
2.033730
1.622630
1.563250
1.692150
1.801370
1.874690
1.633690
1.838660
1.702480
1.645580
1.625680
1.655410
2.085990
1.691680
2.002210
1.815830
1.869590
1.612130
1.531840
1.693710
1.559190
1.725560
2.133510
1.763150
1.492930
1.687320
1.866610
1.584740
1.759030
1.901230
2.054710
1.985900
1.639560
1.687970
1.552330
1.331140
1.365950
1.341170
2.073230
2.007420
2.070090
2.048280
1.901030
1.854400
2.257330
2.488920
2.416330
2.139200
2.264330
2.342440
2.155840
2.199950
2.157790
2.052740
1.651260
1.803420
1.839610
1.518960
1.298790
1.486290
1.641900
1.615930
1.540820
1.657690
1.556660
1.533950
1.299230
1.404430
1.312190
1.217030
1.260530
1.235240
1.204290
1.231110
1.150390
1.412830
1.229110
1.627960
1.617930
1.172210
1.226900
1.413710
1.645790
1.601650
1.520830
1.409320
1.375560
1.377100
1.629090
1.639710
1.738780
1.853900
1.924240
1.729240
2.103810
1.951010
1.896750
2.051340
2.211640
2.318910
2.110800
2.262630
1.970380
1.865330
1.658800
1.682930
1.765020
1.822740
1.669740
1.806870
1.561030
1.737560
1.405330
1.687520
1.440770
1.562930
1.508990
1.605060
1.490340
1.614840
1.495770
1.402490
1.646520
1.501330
1.331250
1.455010
1.647700
1.467040
1.682320
1.507350
1.342320
1.524610
1.475760
1.600020
1.610640
1.662890
1.625240
1.637840
1.236110
1.451450
1.354520
1.383360
1.593950
1.506910
1.439500
1.563090
1.474540
1.345220
1.335630
1.501200
1.452740
1.301850
1.285730
1.444820
1.433350
1.301720
1.525780
1.301520
1.289510
1.292270
1.390260
1.315510
1.290910
1.396020
1.303840
1.277550
1.266210
1.195690
1.119930
1.465780
1.496510
1.304670
1.363120
1.203700
1.324460
1.211520
1.309100
1.436760
1.345640
1.290980
1.222860
1.229680
1.239260
1.244560
1.375730
1.277900
1.339330
1.227390
1.306230
1.296230
1.335490
1.437910
1.372570
1.306130
1.224600
1.449870
1.387510
1.514580
1.622870
1.455210
1.292650
1.345890
1.302200
1.326630
1.342870
1.362580
1.237890
1.385060
1.331160
1.744700
1.509340
1.603550
1.519860
1.529200
1.796520
1.488400
1.507780
1.828330
1.667100
1.777530
1.686030
1.576370
1.440810
1.432980
1.770890
1.330650
1.549570
1.597090
1.454360
1.397850
1.646550
1.815310
1.765660
1.800410
1.415590
1.478490
1.340130
1.448510
1.313030
1.461290
1.603860
1.454780
1.748180
1.494160
1.977670
1.817440
1.588760
1.690770
1.813220
1.594770
1.882810
1.898490
1.856910
2.475680
2.016550
2.372230
1.982840
1.974950
2.112750
1.857540
2.115630
2.100860
1.501680
1.414580
1.493350
1.348400
1.206450
1.362170
1.493960
1.627520
1.748500
1.462590
1.788830
1.909440
2.077010
1.753340
2.203200
2.165820
2.526660
2.214550
2.125280
2.121980
2.072020
2.442740
2.688600
2.376090
2.370660
2.437130
2.005220
1.692100
2.336060
1.946440
2.289340
2.174230
1.998470
1.378830
1.599900
1.723940
1.563170
1.770030
1.938250
1.744640
1.675910
2.020770
2.088350
2.071590
1.975950
2.383770
2.246720
2.443390
2.556440
2.672890
2.302820
2.136510
2.368380
2.082000
2.054220
2.298170
2.539050
2.169140
2.519220
2.238660
3.083480
2.246360
2.021240
2.648850
2.612360
2.061370
2.010740
1.941940
2.446760
2.239990
2.044310
2.053810
1.634290
2.124450
2.077000
2.057830
2.066400
2.137150
2.020830
2.489020
2.872480
2.730280
2.900210
3.289170
2.745780
2.525740
2.213610
2.448990
2.263710
2.258590
2.253290
1.943500
1.850730
1.926020
1.843560
1.991980
2.105060
1.822560
1.649260
1.558930
