3.684220
3.486520
3.339460
3.390710
5.922950
4.232050
6.377380
6.754740
6.123770
5.270100
6.866960
7.187070
7.755390
6.589000
5.688600
7.135450
7.160220
6.363690
6.456140
6.660230
6.794980
6.097860
6.602520
6.207660
7.206610
7.207780
7.006060
6.570190
7.709780
6.016790
7.493670
6.893560
6.472310
6.500470
7.833560
7.068600
6.961810
6.565860
6.319020
6.666590
6.409620
6.869480
6.715420
6.358390
7.023920
6.055080
6.311300
5.351770
5.820290
6.440720
6.447540
6.566370
5.918450
7.010970
6.955010
6.558390
7.359590
7.158240
7.474350
7.245090
7.536930
6.641410
6.397320
6.852020
6.773580
6.966230
6.869720
7.150340
6.935990
7.343930
7.529910
7.737130
7.433650
7.547100
6.598010
8.130070
6.506850
6.647130
7.674890
7.041740
8.043210
7.588350
6.641780
7.806490
6.828930
7.337270
9.018210
6.020720
7.063440
7.554140
7.634790
7.977190
8.009110
8.480420
7.941220
8.463540
7.213550
7.923030
8.544350
8.046800
8.761050
8.087040
7.392580
8.209470
8.610790
7.770640
7.512290
7.708860
7.482820
8.246700
7.996830
7.908460
8.785250
8.317520
7.431840
7.924200
8.931570
7.873180
8.244150
8.354000
7.522580
8.042240
8.178790
8.806890
8.376130
8.887380
9.304410
9.786800
9.653430
9.447160
9.673570
9.299080
10.392000
9.129280
9.359680
9.213790
8.825270
9.357790
10.641100
9.069040
9.439720
10.297200
9.156560
9.868870
9.466940
9.264740
9.968590
9.135020
9.290410
9.789300
9.441480
8.866990
8.708590
7.618910
9.120350
8.736720
9.191670
8.663170
8.601450
8.540780
9.161890
10.455600
9.131680
8.452190
8.765370
9.305100
8.541930
8.936400
9.108470
8.368660
8.926810
7.989420
8.018510
9.386550
8.724840
8.634630
8.085940
8.719630
9.153630
8.840910
8.858500
9.143400
8.795820
8.979140
8.469950
10.073500
9.433970
8.814360
10.090700
9.208840
9.448840
7.971090
9.066510
8.969440
9.560410
9.239000
9.587810
9.196120
9.746220
9.303400
9.720760
9.721050
8.464780
8.520550
9.342560
9.316010
8.979930
8.109890
8.131540
9.734220
8.394300
8.513700
8.941130
9.199490
8.948910
8.216630
9.483470
9.407790
8.676790
8.620980
9.676640
9.780250
9.730950
10.080600
10.117000
9.146780
9.852260
10.248300
10.838300
9.228410
9.184380
9.886010
9.216310
9.829590
9.384780
9.198230
10.197400
8.753610
8.813600
9.322640
8.259920
9.154010
9.532010
9.585620
8.974640
10.560000
10.818300
11.254400
10.443600
11.617700
11.343700
11.547600
11.063400
13.580500
12.285600
10.335000
10.374900
9.675750
10.385500
10.548300
10.556300
11.667300
11.101300
10.847100
10.759400
11.095000
10.853400
9.874050
9.943110
9.412340
9.691530
11.044500
10.174700
9.975300
11.155800
9.967890
11.804700
11.408200
12.004000
9.128920
8.356270
9.411370
10.371900
11.039800
7.006350
7.234910
11.133500
7.399200
8.903110
12.973700
11.135500
8.745090
6.832100
8.102410
7.059650
10.726700
6.641800
7.533910
8.304030
7.596810
7.706490
6.607860
7.882050
7.143820
8.564850
9.238520
9.636560
6.572140
9.646830
8.191800
8.005140
8.723170
7.369340
7.511080
10.718000
8.281710
6.395170
7.170480
7.188890
7.265220
7.986920
6.574000
6.528550
6.915050
7.733890
8.763030
7.923620
6.692450
6.805260
7.267340
6.911440
6.925420
6.012860
5.641300
4.775630
6.559520
7.624650
4.698060
5.522270
6.083130
5.713540
5.841780
5.597540
7.816080
8.582510
8.603270
7.233990
6.547390
6.333340
7.341700
5.975800
5.705600
6.181470
6.066990
6.822140
5.101530
6.025740
6.678660
8.990100
8.607850
7.799320
7.897240
6.940700
6.725380
6.151530
6.230660
5.805110
5.605810
5.244130
7.842560
6.073350
6.032180
6.386990
6.970280
7.066240
6.281970
6.065590
6.210300
5.199160
5.917320
5.331270
6.937440
6.851870
5.889460
6.217690
4.796990
5.615330
5.820430
5.850340
6.392690
5.103840
4.203120
5.908900
5.505790
4.802550
4.153290
4.310340
4.602420
4.923120
4.971560
5.413780
5.804650
5.422890
4.575390
5.070620
3.794980
4.664320
5.111950
4.619430
3.771440
4.840390
4.351310
3.671200
4.887630
4.755880
4.754010
4.954670
4.160240
4.341900
4.922700
4.671620
4.390530
4.136840
4.102770
3.994590
4.126950
4.248400
3.958010
3.918000
3.334190
3.900180
4.041910
4.113990
4.738250
4.278880
4.210320
3.556780
3.765320
3.574160
3.788350
4.578030
4.307860
3.420840
3.263310
4.771870
3.738220
3.339500
3.631850
4.011550
3.447760
3.369720
2.726330
3.366380
3.150880
3.716240
2.653220
4.116670
3.923380
3.589950
3.525540
3.588450
3.699570
3.099120
2.776080
2.892500
3.032170
2.777240
2.772820
2.771940
2.786380
2.963170
2.685390
2.853630
2.858390
2.720380
2.914520
2.759070
2.835400
2.881390
2.793120
2.742030
2.824230
2.947940
2.987170
2.297580
2.564190
2.588010
2.554850
