1.693380
1.765650
1.727810
2.124690
1.904500
2.085540
2.002560
1.576990
1.628150
1.484250
1.591590
2.154640
1.547450
1.480240
2.018240
2.183030
2.001490
1.816350
1.883300
1.828600
1.996290
1.989200
1.975830
1.941860
1.802150
2.340210
2.134730
2.319180
1.753900
1.879330
1.839520
1.951680
2.059690
2.345970
2.335450
1.943400
1.684890
1.779640
1.938060
1.731460
1.927110
1.759620
1.944590
2.007410
1.884440
2.076600
1.930830
1.932220
1.911630
1.965150
1.924280
1.934090
1.894120
2.108910
1.846020
1.857350
1.900000
1.711760
1.890990
2.263080
1.924820
1.704360
1.731200
1.875300
1.790350
1.931090
1.836100
2.114060
1.979760
1.735390
1.696510
1.672880
1.881670
2.093440
1.996540
2.090410
2.335120
1.959570
2.211840
2.328030
2.044200
2.211070
1.815080
2.052740
1.748650
1.857120
1.675150
1.690810
1.699270
1.571200
1.475580
1.613200
1.515020
1.404850
1.443640
1.434380
1.511330
1.387480
1.470910
1.451320
1.484410
1.462540
1.232480
1.411600
1.303160
1.396730
1.243380
1.264420
1.348990
1.293030
1.337770
1.399220
1.255980
1.375960
1.448960
1.408080
1.296670
1.376150
1.406910
1.412860
1.388840
1.418590
1.459200
1.354970
1.514980
1.468470
1.265930
1.400530
1.361740
1.781520
1.874550
1.650720
1.452230
1.639780
1.618500
1.836440
1.959800
1.460720
1.873910
1.384300
1.532330
1.673140
1.331860
1.591900
1.518140
1.517480
1.322500
1.480190
1.265030
1.266050
1.579530
1.342010
1.144720
1.502940
1.617920
1.607160
1.620500
1.465970
1.402540
1.429670
1.359400
1.285280
1.364330
1.434950
1.343060
1.375350
1.219330
1.462180
1.156700
1.514710
1.323770
1.560610
1.385540
1.324400
1.312770
1.113680
1.362280
1.399550
1.420050
1.566740
1.307890
1.402160
1.651060
1.877820
1.585560
1.681200
1.746640
2.078300
1.709680
1.746370
1.704190
1.655410
1.594360
1.699980
1.914500
1.627390
1.917650
1.765930
1.708540
1.901850
1.945440
1.709460
1.767340
1.912620
1.681930
1.827200
1.507180
1.639980
1.622190
1.580820
2.077210
2.008210
1.917570
1.723630
1.676800
1.653790
1.526360
1.973230
1.884240
1.816960
1.845270
1.906610
1.963560
1.710140
1.865560
1.908090
1.953860
1.993610
1.788060
1.750980
1.811670
2.016590
1.981900
1.802640
1.958080
1.997690
1.681150
1.567260
1.935640
1.878020
1.956560
1.840100
1.868380
1.927730
2.017370
1.969620
1.989700
1.914740
1.991350
1.994980
2.064610
1.959140
2.130590
1.878840
1.854070
1.933790
1.662280
1.786680
1.656180
1.809840
1.709960
2.094050
2.004040
1.771980
1.982140
1.793510
1.816490
1.951270
1.886410
1.812840
1.800150
1.852710
1.817860
1.839860
1.881110
1.875420
1.757930
1.780280
2.037550
1.976960
1.958430
2.102760
1.628610
1.867230
1.734170
1.954500
1.920110
1.897190
2.108640
2.051940
2.079910
2.153240
2.089570
2.098680
2.280380
1.961020
1.976650
2.219060
2.070200
2.236040
2.142940
2.262200
2.248900
2.126520
2.008850
2.153140
2.059710
2.210570
2.230260
2.030310
2.013750
2.378720
2.465510
2.063780
2.130120
2.246370
2.082200
2.131890
2.045220
2.376790
2.126410
2.067460
2.278470
1.897590
1.957670
2.106460
1.910870
2.300010
2.154280
2.200750
2.313010
2.337390
2.293120
2.205200
2.241770
2.068130
2.154890
2.388150
2.035980
2.183400
2.137830
2.206780
2.293000
2.327430
2.437460
2.524100
2.210940
2.214850
2.531760
2.477110
2.282730
2.625620
2.573770
2.437230
2.612680
2.215750
2.682510
2.396140
2.198830
2.274920
2.289280
2.091910
2.527250
2.377040
2.411890
2.272420
2.519150
2.647620
2.319000
2.397790
2.374670
2.542520
2.548710
2.587090
2.440390
2.389640
2.435600
2.686920
2.604990
2.573110
2.484070
2.519330
2.801370
2.778340
2.917670
2.958110
2.689680
2.742800
2.821530
3.360540
2.480720
2.808990
2.934840
2.325200
2.642680
2.619170
2.830960
2.959060
2.923200
2.833600
2.853760
2.950190
2.687340
2.874980
3.218760
2.645440
3.105630
2.848490
3.285250
2.990690
3.019830
3.026270
3.456710
2.901760
2.929730
3.154270
2.934570
3.159630
2.989020
3.292790
3.034390
2.999090
3.414350
2.849620
3.413290
3.622060
3.162140
3.410540
3.505070
3.681650
3.632980
3.670480
3.910230
3.590510
3.435820
3.794560
3.350240
3.771950
3.835560
3.138220
3.405160
3.766210
3.783630
4.003540
3.185830
3.777120
3.649790
4.108190
4.150900
3.949870
4.076310
4.545070
4.576270
4.263170
4.656910
4.718410
4.407520
4.442550
4.544840
4.848160
5.010960
4.843700
4.885450
4.863440
5.208950
5.281640
5.237320
4.521100
4.883760
5.336680
5.019620
5.388580
5.676510
5.755740
5.249920
5.577250
5.781760
5.562580
5.691800
5.983930
5.849440
6.066060
6.651580
6.156140
5.768200
6.305410
6.382440
7.077910
5.818120
6.238570
6.048670
6.541570
5.932860
5.659060
6.132130
6.210780
5.804220
5.961750
6.234990
5.945220
6.717550
6.724530
6.175720
5.677620
6.499540
6.388330
6.986070
7.381570
6.848480
7.045910
7.648280
7.258770
6.783370
7.505530
7.052040
7.559190
7.078070
7.281710
7.018170
7.357790
7.770030
7.926300
7.283230
6.897160
8.302840
7.569290
7.734590
7.647780
7.895250
8.060330
7.592340
7.421670
6.870870
7.671100
7.113040
7.063200
6.593310
7.329300
7.608450
6.939490
6.397140
7.396550
6.754490
7.113500
7.517260
7.342290
7.397980
7.942350
7.359470
9.027520
7.710660
8.193050
7.763940
7.914670
8.250800
7.478900
8.198100
7.934430
7.482160
9.147000
7.820750
8.068450
8.177360
7.089460
7.590500
8.024490
7.930390
9.405120
8.656140
9.214710
8.860720
8.831060
9.050000
9.541870
8.908600
9.046920
9.223990
9.793650
10.154700
9.055720
10.194900
10.114000
10.052400
10.772100
9.543520
9.687350
10.389400
10.678600
9.799140
9.181820
9.846570
9.690920
10.449200
10.988400
10.770500
10.662400
11.084800
11.305400
10.369000
10.170500
11.264600
10.953400
11.071500
10.630200
10.513900
11.174400
10.133600
10.925200
12.762900
12.398200
11.165300
12.816100
12.660900
13.420700
12.619300
12.743200
12.796900
12.293800
13.498800
13.796400
14.584600
15.855900
13.820600
14.418600
16.783700
17.460600
16.839900
18.294500
16.998300
17.636200
18.164000
19.967500
20.194200
19.462200
21.069300
21.806800
22.897100
20.178800
19.938700
20.228800
19.170300
22.408600
18.605100
20.632700
26.224700
22.032900
24.622600
23.073300
26.112800
24.536200
24.154500
24.363300
23.018300
25.311300
23.384100
23.914700
19.670300
20.408900
15.358300
16.524100
20.407500
20.821000
26.489100
27.740300
29.408800
22.497800
25.566100
25.655600
26.582300
21.156900
20.743800
24.412200
22.149000
25.171800
19.814500
22.722000
24.893900
25.166900
18.837800
14.644400
16.019700
16.367000
17.662900
22.110700
22.915900
27.848600
25.178800
23.501000
21.578600
22.950600
21.497500
20.366700
22.657700
18.089600
15.368800
18.149100
18.940000
20.745600
23.085500
18.554600
18.368700
20.272600
6.047920
4.968000
5.012040
4.794460
4.381610
4.283680
4.427320
4.055290
4.131780
3.723370
4.048070
4.005340
3.996810
3.964710
4.062570
3.976760
4.028360
4.240000
4.151160
3.926290
4.464470
4.609290
6.845880
8.394330
23.381300
28.619300
32.569600
25.527500
12.762300
8.098880
7.085390
5.813870
5.126950
5.330030
5.386380
4.923610
