6.448980
6.560350
6.891800
8.474300
7.151170
11.038700
11.711500
15.263100
10.005800
10.833700
15.687900
22.107600
17.216200
18.309400
18.918700
20.671500
14.629300
15.789800
12.772300
15.367100
14.212800
17.213500
16.000100
14.577400
16.746400
16.024400
18.131700
18.419100
19.882300
12.924200
11.601900
12.494300
8.257760
8.402240
6.946860
7.976860
6.400220
7.655040
7.244910
8.260860
8.043930
6.965530
7.828070
14.447400
11.085400
12.433400
13.917600
11.225500
8.626850
8.462400
7.889960
9.386820
6.714370
7.605100
6.691780
9.916670
6.781550
6.457600
9.455930
10.261800
14.112900
6.021610
15.387800
13.221200
13.397700
13.112800
7.367180
6.898140
7.859300
6.266010
6.996280
11.912300
8.757830
8.098840
11.164500
9.672470
15.086600
13.320600
15.763100
15.344400
11.336900
9.827330
8.557830
14.156400
12.271700
13.114700
14.433300
13.184400
9.978620
8.279370
9.531030
10.132000
8.947040
8.141260
9.380640
8.671550
8.651470
11.370400
7.845290
7.861160
8.753970
8.187180
9.530990
10.343600
10.561300
9.649570
7.511840
8.778010
9.248470
10.506700
8.310890
8.951650
8.165530
10.428700
9.595100
9.419520
8.469160
9.879360
10.211000
8.986980
10.246400
9.829540
10.655800
10.361300
11.499700
11.408100
10.756500
11.035400
10.755700
10.287700
10.735600
11.280400
10.360100
9.945360
10.984700
9.574850
10.691300
9.797030
9.562450
10.865500
9.123910
9.235560
8.329770
9.921040
9.342370
8.900300
7.132820
6.949600
7.640740
8.690050
7.492480
8.950840
10.000800
9.575470
9.891770
8.681890
9.312730
8.550470
9.746790
8.960510
9.378410
9.122680
9.242700
8.270580
8.624000
8.106580
8.016160
7.780050
8.782470
6.889860
8.702530
7.494440
6.892930
8.332170
7.512050
6.607270
9.055130
8.680460
8.512400
8.806630
6.299920
7.007130
7.846040
7.540540
6.912790
7.356930
6.373620
6.845290
6.609530
6.563180
6.491270
6.176300
6.414710
6.123320
5.855700
6.052160
5.565080
6.379490
5.967070
6.159300
6.122550
5.937340
6.047900
5.817790
6.042440
5.955830
5.798600
6.202840
6.877220
5.693780
5.801290
6.393750
5.763640
5.430140
5.703960
5.401440
5.205550
5.160240
5.138450
5.085940
5.344390
5.137640
5.098380
5.209090
5.266980
5.083790
5.065040
4.898890
5.186870
5.083870
4.906550
4.607310
4.376740
4.531600
4.413350
4.941910
4.712160
4.934040
4.600760
4.441050
4.453360
4.721790
4.478470
4.876620
5.030040
5.080610
4.972880
4.510500
5.314700
5.062970
4.428540
4.501990
4.904700
5.120470
4.618880
5.852090
5.198460
4.423360
4.209710
4.122870
4.313370
4.388320
4.404090
4.533930
4.524480
4.379810
4.188320
3.865800
4.614090
4.271810
4.145710
4.199740
3.969800
4.272870
4.059240
3.882270
3.792370
4.424980
4.080040
4.127710
3.927500
4.116140
4.262500
4.278720
4.118460
4.138560
4.033690
4.065030
4.333050
4.140560
4.592470
4.316840
4.027360
4.068200
4.257510
4.352370
4.550130
4.683140
4.654420
4.436290
4.128110
3.756250
4.148100
3.996970
3.743260
3.354130
4.326880
3.964720
3.738420
4.065850
3.986130
4.152210
3.687070
3.236440
3.520310
3.568890
3.534240
3.516510
3.281370
3.047300
2.872020
3.699800
3.672780
3.402500
3.580230
3.752130
3.860870
3.732900
3.912530
4.040380
3.935450
3.780680
2.977270
3.202720
2.984040
3.309980
3.351340
3.219690
3.425100
3.782640
3.569450
3.326140
3.636080
3.185190
3.176510
3.357380
3.320690
3.447640
2.969880
3.762520
4.424080
2.909180
2.701410
2.446730
3.291390
4.065110
4.114790
4.303910
3.490360
3.541960
3.261940
4.437900
4.030020
4.684200
3.703530
2.854180
3.540760
2.577150
2.779480
2.359900
2.191340
2.440590
2.886280
3.327220
2.776190
3.423680
2.779360
2.608710
2.773150
3.351410
3.401720
3.857900
4.173190
3.666660
4.124540
5.142720
3.869950
3.896470
4.264980
4.303500
5.886330
5.069580
4.446450
4.815670
5.822620
8.065970
6.747390
5.520300
5.400630
4.868470
4.047680
3.768320
3.625890
3.975160
3.964520
6.658980
6.318060
5.443120
5.180480
5.522460
5.716310
4.402110
4.950100
4.744170
5.170460
5.572620
5.415350
5.121540
5.227120
5.484250
4.828420
5.545310
5.026900
4.516620
4.385740
5.047560
5.040030
5.130490
4.901130
4.800540
4.438610
4.768900
4.555460
4.747670
4.383690
4.819550
4.417130
4.183440
4.308730
4.465880
4.502710
4.582860
4.319780
4.534490
5.137260
4.993510
4.657390
4.885110
4.902290
4.619190
4.719190
5.189820
4.318090
4.630550
4.434270
5.001250
4.676360
4.490260
4.329980
5.075440
4.974770
5.064440
5.222260
5.159070
5.119640
4.515290
4.550180
4.020200
4.398200
4.770540
4.136610
4.428420
4.432530
4.647690
5.066860
5.379160
5.578920
5.282680
4.981630
4.842020
4.591860
4.281220
5.121930
4.986470
4.448100
4.708170
4.430770
4.794990
5.553370
5.777810
5.380780
5.373920
5.015930
5.379640
4.513160
4.947930
4.697130
4.900150
5.455370
5.079710
5.283420
5.178030
5.454460
5.566850
5.290460
5.720860
5.455210
5.982280
5.665360
5.495470
5.593890
5.531220
5.650010
5.800670
5.473340
5.502310
5.527010
5.485980
5.640620
5.556280
5.670300
5.627230
4.868000
4.649650
5.104860
4.679830
4.541840
5.103760
5.100170
5.147180
5.054070
5.042580
4.739820
4.923880
4.652590
5.339070
4.309210
4.520020
4.982720
4.897860
5.286140
7.155540
5.450870
4.490310
3.988020
4.181330
4.080520
4.233350
4.278880
4.826780
4.813070
4.497360
4.555540
4.706100
4.235300
4.678530
4.474700
4.483880
4.631410
4.163240
4.455170
4.172590
4.359430
4.538130
4.488300
4.027970
4.224520
4.365990
4.331630
4.142000
4.290260
4.096440
3.824290
3.914650
4.268230
4.436430
4.215730
4.920460
5.231250
4.844860
4.985920
4.600800
4.765510
4.557450
4.543440
4.604690
4.822800
4.775810
5.704780
5.120230
4.586610
4.526900
4.569740
4.099990
4.535600
4.094830
4.256090
4.650200
5.049110
4.202570
4.170770
4.201580
4.203860
4.100980
3.984560
3.904610
4.054710
4.219560
3.919520
3.859800
3.507710
3.102410
3.529240
3.679230
4.307650
4.529800
3.714900
3.957110
3.795040
3.794320
3.759580
3.297200
3.335900
3.442160
2.952650
2.776880
3.060430
2.801320
2.972210
3.384650
3.138390
3.590640
3.235310
2.876450
3.601850
4.116450
2.800760
3.018240
2.639780
3.300650
2.769500
3.255250
3.502290
3.450710
3.092040
3.166240
3.106380
3.606730
3.120580
