5.612020
5.518680
4.298070
9.873170
6.210550
7.135400
4.701940
5.231360
7.432950
17.750500
20.867500
5.785160
8.572050
5.439530
6.402010
6.163380
7.169140
7.505850
7.226220
5.853490
5.370070
8.282140
10.466800
6.865740
6.547140
5.209150
4.905840
6.733700
6.925420
6.850210
9.569870
11.189400
10.135100
9.492730
7.137030
12.471100
10.008900
15.454000
15.750000
14.048500
7.607730
7.681190
14.781700
12.157500
11.144700
11.931400
10.955300
11.216300
10.298400
8.191420
12.773700
13.642800
11.908900
11.508700
13.322500
11.561300
12.297100
18.798800
15.037200
17.897200
15.245400
13.389800
16.728000
14.227400
12.294300
15.330900
20.639200
20.035300
18.039400
20.001400
15.052700
17.406400
19.673300
18.406500
24.950300
22.249400
18.471300
29.358500
27.370400
21.495000
24.297700
19.071300
29.395400
22.316400
19.003100
23.662400
22.109100
22.134300
25.426300
24.500600
23.402500
20.528900
19.323400
14.896300
22.685200
19.126800
20.208000
28.456700
23.648200
19.453500
33.444800
26.043600
22.939100
18.233000
15.713700
18.005700
22.308300
13.619600
14.804800
19.372700
19.112700
24.478900
24.257200
29.837700
25.947400
24.191600
21.271200
26.386900
40.782100
25.363300
23.525400
26.496100
27.342800
26.116500
24.729100
29.580200
22.126700
20.147300
25.234900
24.399100
29.026300
25.160600
17.118200
34.730700
21.234600
24.067800
27.811600
22.538300
20.027900
18.880100
40.653100
24.746900
18.041300
19.826900
46.434000
24.797400
19.526800
26.853900
35.894500
29.152500
41.818400
34.526200
34.428200
31.054500
31.336100
25.596600
36.816500
33.200900
24.069100
33.314500
34.366000
22.730300
33.847600
33.713200
47.109600
29.175300
29.480800
27.837800
19.538200
32.069400
27.496900
25.206400
26.799000
25.381000
27.334700
17.982600
26.883500
31.866800
25.460500
30.531900
31.822400
24.383300
38.891500
34.507400
22.791400
21.377300
20.935200
16.180900
17.270900
35.113600
15.665300
29.673300
28.943000
21.611600
21.966400
17.422900
