3.569380
4.014170
4.177720
4.334270
3.847690
3.986880
4.123870
4.523580
4.544240
5.188870
3.480510
4.607720
4.595970
4.254320
4.751410
7.807890
7.385600
7.692030
7.612050
6.340850
6.478830
6.863490
7.362420
7.720410
7.672810
6.713360
6.428540
7.617480
6.938290
7.219610
8.038800
7.619020
8.569560
7.338370
7.880020
7.737110
9.132170
8.611720
7.565590
8.374450
7.674540
9.178220
7.990890
9.736340
8.853780
9.001590
8.815810
10.707200
10.266700
9.613650
10.708200
10.829500
10.085500
10.702400
9.373160
10.178500
9.874520
10.484200
11.414700
8.999620
11.466100
10.397700
11.877500
12.874000
12.747900
10.611300
11.227000
12.759700
12.532300
12.519700
11.161800
12.484500
13.010900
14.783600
14.171300
14.896600
15.854600
14.712700
12.453400
12.671700
14.083900
11.201000
13.143400
15.931200
13.487000
13.908800
14.348200
13.949300
14.162400
15.038100
15.834000
16.342200
16.265300
13.707900
16.625100
17.759300
15.233600
18.069500
16.400000
16.410200
18.201200
14.868800
19.263900
15.731100
19.307800
15.477300
16.190400
17.207600
13.678100
17.740800
21.433900
27.938000
15.888500
21.058300
16.161600
15.304500
16.328400
13.132300
17.096800
15.342500
13.711000
16.212000
14.200400
17.067200
15.150500
20.111100
15.102900
14.339700
16.895000
21.362500
19.260600
23.924000
21.799700
21.340300
19.776300
20.934400
20.144000
21.122800
23.252100
19.929000
17.750300
20.256900
23.168500
23.627800
19.244100
17.102600
15.465300
15.733700
10.473500
11.163000
8.597320
9.897300
9.586320
9.730240
10.031400
9.156210
10.845200
13.378400
20.143400
24.091200
29.180400
23.885900
7.637590
8.436490
7.028450
8.467450
7.346860
