6.135080
6.567320
5.889680
5.209450
5.098140
5.033510
5.555050
8.074960
6.202000
9.673890
7.673750
7.049820
7.137970
7.682430
10.543500
8.552710
8.443700
8.290740
11.892100
7.275860
14.861700
12.509000
13.072400
15.592400
21.111300
10.441000
12.843700
17.349000
16.024600
19.779900
22.864800
22.021900
20.207900
19.091100
23.561000
21.784100
27.761300
23.928600
26.150900
28.318200
30.522500
33.548800
27.839900
28.529500
31.842400
33.899300
31.248400
31.706900
37.050700
28.854700
37.439500
38.036000
40.358400
38.715600
49.438600
41.258500
35.059000
36.170000
33.937500
49.249800
40.394800
37.717300
45.687800
47.020100
47.972700
49.048500
44.946800
53.770000
56.443100
41.905100
39.796400
50.025900
45.277200
44.272400
46.010600
51.868200
43.667200
54.515200
52.351700
65.278100
65.382200
52.228500
53.298800
60.824600
63.455400
45.278400
55.188100
51.411800
53.797300
47.233300
52.230400
54.653400
47.039700
51.411700
47.376800
59.778300
49.327800
56.654700
44.053600
45.356000
47.368400
52.973400
45.855100
48.679200
49.293400
49.972000
47.892100
43.574800
47.133700
43.484600
51.304500
51.573100
48.807300
52.215500
56.413100
51.858800
42.453000
54.372800
45.228800
44.910000
51.697700
53.120100
46.067600
43.202300
50.086500
50.537400
46.678700
47.917700
43.476900
44.709500
50.772600
51.889400
45.041600
48.151600
53.124500
43.438600
45.905600
50.986600
44.901500
52.574100
50.974200
47.273900
61.572600
48.474900
55.368300
49.745300
59.459500
35.943600
40.452100
38.042300
46.976400
47.724800
58.213000
55.740300
69.347700
66.172100
66.090800
78.197000
75.503400
93.090200
45.288400
