6.102370
6.307300
6.550430
6.308570
5.679700
6.173590
6.830320
6.366360
6.398120
5.870860
6.859220
6.506920
6.796510
6.369680
6.601450
6.973880
7.569890
7.003900
7.438470
7.016340
7.480290
6.693590
7.711440
8.332140
7.299710
8.570420
7.960330
7.730700
8.812850
9.009240
8.591630
8.761090
8.544190
8.339360
7.855030
8.217130
7.597830
8.161390
8.113350
10.954300
11.616000
11.257900
12.113800
10.419100
11.793900
9.015670
10.685400
9.705140
8.517600
10.164000
10.763300
10.200100
10.186500
10.155900
10.820000
10.488300
9.719210
11.073100
11.516100
10.224700
11.364300
9.013190
8.247510
8.197420
9.820360
10.165200
12.630100
10.334500
9.652680
9.885650
10.011700
10.596900
9.949150
10.422900
9.929240
10.039000
10.842600
11.063400
11.192300
10.761700
13.244500
10.263900
10.454800
10.741100
10.222300
9.193370
8.932660
8.908340
9.502300
10.168500
9.642490
9.331220
8.712920
10.943000
11.242000
9.579830
9.948770
10.479000
10.395100
8.772300
9.123360
10.015300
8.284390
9.088310
8.261180
8.139600
8.295120
7.458180
7.693780
7.809480
8.781550
8.591150
7.566910
6.743820
8.991380
8.055320
7.548670
7.616970
9.302200
9.615530
6.421400
7.956900
8.580180
9.022270
9.185890
8.078520
8.031540
8.442160
6.959110
10.278300
10.220700
9.532420
10.803500
10.869400
12.290800
9.906530
12.286100
6.750640
6.619930
