2.511550
2.995750
3.002630
3.131380
3.016160
2.969780
2.912420
3.126850
3.533130
3.508240
3.151220
3.452830
3.103920
3.070830
3.681460
3.359680
3.242180
4.228140
2.872940
3.672570
3.955060
4.071690
3.653060
5.023280
4.275870
3.611640
3.948230
4.995460
4.489780
3.984190
3.888830
4.020750
4.778390
4.691970
4.857710
4.758320
5.031260
5.579610
4.513680
4.805100
5.388520
5.378500
5.548530
6.098080
5.138890
5.632090
4.175040
5.804690
4.845020
6.130300
4.945820
5.877560
4.720620
5.700510
6.229860
5.041570
5.276240
5.552160
5.622920
5.155280
5.024420
5.675600
5.387330
5.759680
5.383430
6.388280
4.742330
5.428500
6.176250
5.743300
6.900880
6.826640
6.775280
5.793430
6.109030
7.321900
7.103400
6.933130
6.811660
7.061960
6.875720
6.394700
5.966710
6.315400
8.198870
7.842660
6.604600
7.260760
7.089960
7.238790
7.205880
8.040320
7.826130
6.856050
7.223610
7.620850
7.253180
8.304950
7.816240
7.596690
7.031520
8.239650
7.332060
7.589470
8.150000
9.104990
7.077080
8.503700
7.415420
8.202040
8.738110
9.118660
8.317130
8.829360
9.130500
7.783270
9.619220
8.447750
7.784400
8.421160
8.428160
8.418940
7.797910
7.878060
9.085930
9.466390
9.432420
8.519310
9.633860
8.928170
8.369240
9.963240
10.191100
9.387150
9.590430
10.259700
10.086000
13.176800
8.177990
6.821570
6.968670
5.718910
6.128700
6.128060
6.094850
6.637450
6.423010
