4.838420
4.968240
5.232080
5.409710
5.241170
6.789320
7.399820
8.946910
9.678280
10.428300
11.636000
10.789000
14.597500
17.487300
17.047500
15.133300
15.095400
13.902700
12.030100
11.730300
9.861540
10.542300
13.105600
14.101400
11.866900
12.379900
8.592790
9.632110
9.507300
9.075050
10.518100
10.580300
10.240400
8.297860
9.549450
10.491400
9.197570
10.607300
11.039100
9.567300
10.420300
9.192710
9.692070
9.632390
10.138800
11.324300
12.014900
10.650800
11.357100
11.806500
9.821280
9.576690
9.493570
9.759980
9.292190
10.154600
10.269300
9.883440
9.761670
9.094460
9.455070
9.477060
10.769800
10.500200
9.661030
9.798730
9.517700
10.875900
10.940700
9.674110
10.788200
9.217210
8.586300
9.066960
9.515240
9.134790
10.516800
9.113420
9.869140
9.588410
11.203800
9.749490
9.061100
8.980110
9.261460
8.719050
9.340620
8.846380
9.582970
8.887450
8.958700
8.007630
9.269130
9.067030
8.873110
9.194770
7.923110
8.158410
9.085150
6.585590
8.285760
7.573560
7.796210
7.968460
8.201130
8.687620
8.174250
9.643180
9.218930
6.931190
9.250170
7.769760
7.673070
7.849390
8.431320
8.033600
7.827840
6.868580
7.896160
6.986930
4.934010
5.670630
5.225750
6.861140
6.534540
6.285290
5.649700
6.338220
5.798040
5.997310
5.584370
5.684060
