9.702460
7.771750
8.303680
12.561900
23.056500
23.190500
20.260000
16.760000
20.299000
19.318500
19.788500
21.850600
18.712500
17.420500
13.971000
15.416900
13.585700
11.197700
11.659900
10.490900
17.484900
16.897900
13.766900
18.026600
17.167400
17.850800
15.042000
13.946700
14.789800
15.199200
14.495900
13.096400
19.571400
16.521700
14.044300
18.233400
16.419100
14.991400
14.959000
15.415700
15.800800
12.771600
14.282200
13.386900
15.572500
15.235700
11.116300
13.786900
12.394400
12.954000
14.969900
15.191100
14.821600
15.560600
12.838900
15.234900
13.479700
12.436200
13.704600
14.321400
14.272300
14.119200
14.032700
12.457800
11.692700
13.733700
12.200300
13.678300
14.315600
11.491700
12.209300
14.339400
13.368000
14.357800
15.104800
12.926000
14.410600
13.461700
11.852300
11.877800
13.214500
12.906700
10.705000
10.788200
12.011300
11.513100
10.990500
11.144700
10.613900
11.373600
11.361100
11.942700
10.942100
10.501900
10.987300
11.695700
11.167300
11.380600
11.841900
10.785500
12.053200
12.646600
10.504800
11.992800
11.313200
10.946300
11.999800
11.702700
11.805100
11.439100
11.643100
12.455800
11.477000
11.561100
10.711400
11.640200
10.417700
11.707400
10.455300
8.992890
10.777000
10.476600
7.946420
8.800180
9.196910
9.177730
9.956760
9.770790
8.554270
9.125640
9.916590
10.004800
8.831200
9.221990
9.463230
9.044380
11.100000
9.321340
9.144880
8.402250
9.330960
10.037400
9.527490
8.470940
9.803730
9.123260
9.543560
10.033800
9.392250
8.962060
10.005200
9.085550
9.903280
8.412900
8.983130
9.374950
9.056400
9.819840
10.026300
9.138620
10.026900
10.113100
9.910150
9.282190
9.280820
9.769690
8.591890
8.282820
10.302800
9.647770
10.134600
9.233940
8.740920
8.286200
8.764810
8.899830
9.306680
8.871700
8.726800
9.024060
9.942380
9.337130
10.072500
8.950850
8.920100
10.145300
9.575870
10.819700
9.375360
9.808200
9.776940
10.450700
10.359200
9.673670
10.900600
11.334100
11.911200
11.743300
11.287100
11.333600
12.027000
13.126400
11.147400
10.282600
9.955780
10.888500
10.015100
10.552300
10.798400
10.580000
10.330600
10.514600
9.943290
9.897040
9.538380
9.544220
8.604180
9.733560
9.856690
9.299100
9.808890
8.647280
9.927330
9.224100
8.847410
9.188630
9.362250
8.746400
9.729040
8.783050
9.902650
9.462490
9.529520
9.165670
9.056310
8.812100
9.544640
8.406500
9.022090
9.475690
7.759330
8.929100
8.238430
9.128980
9.034680
8.727410
9.016960
8.655880
8.404790
8.918800
9.503870
9.408710
8.707020
8.944370
9.296990
8.520810
9.907470
8.662070
8.170440
8.508160
8.419930
8.613920
8.380070
8.960900
8.480760
8.698190
8.438000
8.100610
9.096360
8.834160
8.094510
7.839340
8.658790
8.468290
8.368360
8.200680
8.136560
8.711490
8.445410
7.986970
8.228040
7.487620
9.036940
9.204090
8.679640
8.987000
9.287220
8.422270
7.728030
7.935610
7.474450
8.364550
7.787650
8.588810
7.650180
7.617960
8.248240
7.757620
7.607820
8.442700
9.034390
8.599330
8.661440
7.872440
7.991240
7.945450
8.449110
7.645670
7.710100
8.043680
7.314300
7.955720
7.629150
8.125400
7.924180
8.335330
7.856440
8.069010
7.880980
7.032350
7.514830
7.970670
7.543900
7.041070
7.450090
7.356700
7.503260
7.248080
7.635730
6.398930
6.735770
8.366600
7.937640
7.513980
8.862100
8.031030
7.396410
7.423000
7.177920
8.618800
7.002810
7.311010
7.053280
6.992320
6.219560
6.431560
7.109420
6.245070
6.986980
6.734030
6.932470
6.648670
6.109920
7.149160
6.971860
6.731370
6.098190
6.234700
6.288500
6.007590
5.847900
6.377800
6.006960
6.311150
5.795620
6.413430
5.688200
5.864670
6.116820
6.211330
5.673480
5.387580
5.360820
5.603680
5.777030
5.712870
5.752140
5.769600
5.958530
5.378960
4.775210
5.162180
6.357610
4.751850
4.866920
5.230940
4.896600
4.879740
4.843360
4.499870
5.124980
5.111370
4.751130
5.025620
5.250110
4.885990
4.227150
4.794310
4.686670
4.869120
4.702700
4.251940
4.591210
4.458670
4.182400
3.891860
4.071390
3.240090
4.032400
4.350540
4.852480
4.786250
4.667690
4.387730
4.109890
3.566690
4.398550
4.351560
4.205690
3.800620
4.886340
4.869040
3.887860
4.096490
4.201530
4.273280
4.215920
4.048060
4.204270
4.670790
3.990310
4.323010
4.299790
3.603490
4.012400
3.647230
3.836160
4.182940
3.380340
3.479160
3.968760
3.546920
2.934600
2.910360
4.189790
3.919570
3.549890
4.157230
4.296690
4.381850
3.521780
3.847280
3.628930
3.614430
3.267800
4.088840
4.582650
3.659030
3.712780
3.528160
3.400410
3.277920
2.891430
2.609550
2.868300
2.606310
2.719000
2.806020
2.989700
2.556760
2.707140
2.356260
3.072630
2.755750
2.636710
2.442510
2.265010
2.377020
2.212360
2.393700
2.589420
2.642830
2.329000
2.323660
2.329930
2.618770
2.376410
2.123880
2.377970
2.337360
2.097620
1.738570
1.986330
2.068070
1.945220
1.812200
2.162230
1.812160
1.926010
1.716430
