3.742820
3.431400
3.288150
3.209770
3.170510
4.134850
3.933780
3.956370
2.984170
4.167120
3.060810
3.148320
2.838420
3.026830
3.049330
3.809020
3.740100
3.134050
2.599360
2.978510
2.724690
3.099360
3.380200
3.298440
3.717970
4.172990
4.543600
4.485260
4.489210
4.875600
3.802070
5.201920
5.741000
5.136260
4.585690
4.497000
3.611870
3.493550
3.942980
3.782010
3.566270
3.337570
3.433170
3.162190
3.092160
2.330480
2.116400
3.690910
3.771360
4.178810
4.143490
2.410130
4.236600
3.883480
4.078990
3.225400
3.438420
4.521550
3.569490
4.933600
5.479750
4.220010
4.221090
4.223960
4.652150
4.722470
4.176330
3.317630
4.802000
4.103320
5.451570
5.338730
6.040520
5.087160
4.093060
3.303980
3.720410
3.568430
4.113110
5.660900
5.601220
6.060960
4.827610
5.231120
5.328910
6.576370
7.976340
6.489290
5.703510
5.957790
5.535580
5.547540
4.935200
4.932920
4.209740
4.955780
4.485530
5.533510
3.515100
4.154560
5.636300
7.471360
5.645940
5.729660
6.702580
6.505670
5.291160
6.827530
3.788180
4.317610
3.888020
4.279970
4.354570
4.331790
4.213260
4.350850
4.860570
5.906530
5.232470
4.131210
3.514790
4.600900
3.858370
4.250150
4.505900
5.201730
4.445860
5.639700
3.731920
5.357080
4.158020
3.880740
6.997500
5.993780
6.203040
4.500550
4.411900
2.258610
3.145590
2.973120
2.353330
2.759190
3.133930
2.131150
4.152360
5.525040
5.598480
4.223160
4.996640
5.908590
4.659070
4.054810
6.814030
7.393670
4.330900
4.009840
4.138180
3.468000
3.140920
4.652110
5.708130
6.315580
6.003310
2.991620
2.951230
3.287000
3.408370
4.189150
3.189020
3.589870
3.577300
5.044990
6.075740
4.013480
5.637610
6.447720
5.470030
5.876200
6.281510
6.304760
7.716710
6.652950
8.860830
6.266060
6.304980
6.231660
4.241920
3.763960
4.003910
5.108910
3.700750
3.501370
5.690170
4.323270
5.808280
4.406660
4.139100
5.205690
6.578010
5.446770
4.920540
4.547160
5.553270
7.826790
5.531520
3.877940
4.726970
6.649700
8.751230
8.054990
5.672720
5.583950
5.444640
6.699440
5.927380
5.094100
5.248800
6.450770
8.838890
8.966530
4.165810
5.696220
8.780980
9.253400
4.990500
6.386780
5.097940
6.185000
4.714840
8.494860
5.043390
7.261070
6.001080
5.900440
8.332350
8.640560
8.004210
9.054330
9.939640
9.951500
8.515000
9.181920
9.100210
8.320390
12.294900
11.751100
7.567710
10.457800
11.756000
9.093960
15.165100
9.139920
9.276260
15.716500
5.566380
10.108300
8.567350
13.899200
15.330800
9.877530
6.489270
7.957990
19.953000
8.628560
9.264310
10.897800
11.813000
16.558800
16.993900
11.357900
10.303300
11.427500
15.936800
15.752400
16.253500
8.130540
11.110700
12.413400
7.512640
4.421040
2.928040
3.594070
3.769850
4.105060
3.735720
3.334110
4.452710
6.587620
5.520100
13.668700
9.629690
8.436470
6.992020
4.295080
9.059560
9.503500
12.494900
6.116480
5.478160
9.749040
8.061730
10.859900
5.909210
5.044230
3.583930
7.858480
13.177700
5.738630
4.519230
4.468640
5.011770
7.180010
6.080560
4.886030
4.237740
4.952590
10.696000
19.258300
6.416740
6.225440
12.605100
11.352900
14.090500
9.123000
8.443730
5.970630
7.784980
15.300500
13.792500
4.411110
4.272010
6.197200
3.242620
3.304670
