6.272400
4.591900
9.206640
11.448000
9.451720
8.319960
6.904020
5.809240
7.788280
8.013210
7.602310
6.119190
5.853000
6.651040
6.494100
6.617310
5.531770
6.726290
6.932620
5.576560
6.324030
6.138840
6.078870
6.328710
4.805090
5.055510
6.828000
5.260870
6.010450
5.504790
5.312360
6.098920
5.849540
6.235590
5.608600
5.420900
4.461240
4.830930
5.611180
5.665970
6.433480
6.653290
5.938810
6.048780
6.476270
6.392690
6.100390
5.424930
5.822050
5.777850
6.139020
6.140920
5.976240
5.522980
6.017340
5.817990
6.288890
6.475990
6.491450
6.112920
5.114600
5.721690
6.526480
6.033390
6.276680
6.254840
6.878950
5.889420
4.973870
5.296350
4.880110
4.971770
4.972270
5.526800
5.488660
5.876350
5.170730
5.093190
5.000900
5.335010
5.490730
5.223750
5.110570
4.671140
4.809080
4.859290
4.987560
4.651180
4.520200
5.101100
5.218070
5.045740
5.524880
5.306580
5.298340
5.415000
4.011210
4.446820
4.188860
4.466490
4.531430
4.464640
4.492960
4.520980
4.776740
5.261230
4.647300
5.047740
4.821970
4.458910
4.869140
4.912970
4.531380
5.017580
5.219580
4.871240
5.168720
4.998520
4.089400
4.119500
3.915830
4.032970
4.100770
4.292100
4.104240
4.046710
4.182440
3.794450
4.020440
4.413320
4.330070
4.088830
4.276790
4.357280
4.347430
4.683200
4.557110
5.817680
6.095200
6.295890
5.895170
5.420680
4.732910
4.581830
3.982500
4.601620
3.760350
3.841190
4.364180
3.974360
3.997200
4.311400
4.205020
4.048710
3.941330
3.782870
3.899220
4.498820
4.040900
4.277130
4.372530
4.600880
4.751690
4.954130
5.120520
5.808820
4.851850
4.863930
4.335800
4.545700
4.396700
4.323120
3.802140
4.173000
3.918160
3.843500
4.285790
3.940070
4.050760
4.308690
3.685670
3.447950
3.205140
3.554470
3.722110
4.030600
4.117650
3.733040
4.820470
3.754460
3.446300
4.402080
5.415200
4.863690
5.022480
5.063150
7.586160
8.594770
3.666120
3.798200
3.172180
3.013130
2.625380
2.879460
3.268250
4.123050
4.280900
3.511720
3.062830
3.872410
4.162680
3.034070
3.690490
3.386510
3.038030
3.596510
3.561550
3.714610
4.293590
3.293860
3.836190
3.194670
3.423300
3.606620
3.282280
4.096920
3.922900
4.387490
4.383980
3.160810
3.864980
3.627500
3.855160
4.187230
5.723370
4.301340
2.651670
2.387070
2.789230
2.777250
2.756550
2.628220
3.099610
3.259320
2.476920
2.298010
2.717740
2.345150
2.585000
3.180180
2.618530
3.181370
3.144980
2.658760
2.439650
2.818900
2.095300
2.793210
3.457710
2.844260
2.443710
2.709890
2.740370
2.756730
3.077980
3.175920
2.466730
2.317590
2.442060
2.580720
2.069310
2.969580
2.492780
2.283790
2.504780
2.194900
1.981110
1.991760
2.357450
2.559730
3.375080
3.049760
2.869240
2.943820
2.869820
1.994400
2.885680
3.074360
2.876900
3.608420
3.076710
3.244190
2.192570
3.487370
2.640310
2.419160
2.902660
2.641120
2.253760
2.227260
2.904460
3.394100
3.329110
2.611810
3.348960
3.427630
2.929660
2.892160
3.139320
2.368330
2.785340
3.015680
2.740570
2.856440
2.642870
2.417590
2.712000
3.050540
2.636300
2.959090
3.241180
2.464860
2.921530
3.488050
3.033590
2.364500
2.458310
2.634400
2.521470
2.721600
2.887170
2.614060
2.442210
2.558330
2.340280
2.798640
2.630390
2.858990
2.680140
2.918590
2.234800
3.332730
2.511420
2.200900
2.465730
2.492250
2.791980
2.774870
2.569400
2.431450
2.274260
2.276010
2.283660
2.584240
2.065470
2.371780
2.804210
2.428860
2.301010
2.496070
2.365080
2.233790
2.115190
2.457630
2.299340
1.657290
2.529750
2.370070
2.237620
1.989970
2.686940
1.935140
2.459290
2.125310
1.957050
2.058020
2.511290
2.304600
1.681520
2.561500
3.015130
2.990370
1.845050
3.157020
3.148550
4.002370
3.388020
3.191670
3.259810
2.937340
3.080520
3.114510
3.164980
3.943750
3.071290
3.627350
3.109830
2.544000
3.345720
2.221950
2.509250
2.469740
3.002320
2.721890
2.785550
2.584320
2.510020
2.454640
2.489410
2.265820
2.929990
3.217710
2.551830
2.752840
2.266460
2.828380
2.313610
2.650280
1.923610
2.162850
2.540860
2.839430
2.347210
2.456840
2.644630
2.480290
1.758290
1.899900
1.727770
1.960540
2.608280
1.694040
2.881920
2.339990
1.989310
1.878640
3.105140
2.355780
2.447830
2.589650
1.864740
1.532840
2.611680
2.479860
3.111400
2.722530
2.142810
1.547390
2.638380
2.483260
2.708130
2.691780
2.573440
2.289610
1.643070
1.730190
1.979260
1.329950
2.032260
1.626780
1.767900
1.716410
1.609180
2.162740
1.549940
1.928110
1.684780
2.435320
2.159730
1.706580
1.858610
2.490490
2.269310
2.571200
2.236340
2.511990
1.758720
2.315090
2.458020
2.170260
2.091270
2.383550
2.179660
2.407550
2.042170
1.769600
1.586190
1.736230
2.581130
2.245530
2.082700
1.993530
2.519440
1.668310
2.357230
1.994380
1.980210
2.410770
1.489390
1.337840
1.421830
1.544770
1.884960
1.419780
1.569550
1.775180
1.558490
1.940380
2.378630
2.024440
2.597810
2.426220
2.342320
2.440310
2.387280
2.320260
1.946280
2.128340
2.022330
2.100290
2.215700
2.316130
2.259110
2.249450
2.318760
2.376370
2.307990
2.164070
2.360340
2.415200
2.171370
1.839940
1.825940
2.390400
2.429850
1.747960
2.168580
1.794880
2.280860
2.461720
1.728010
1.721690
1.934060
2.113930
2.110630
2.004160
1.969000
1.974590
1.888030
1.658810
1.711120
1.633790
1.738800
2.211140
1.963690
1.761920
1.420390
2.025950
1.937740
2.225360
2.192490
1.987590
2.168240
1.860370
1.818790
1.946470
2.117910
2.197290
1.910010
2.132280
2.184210
2.235250
1.750860
1.926620
1.981770
1.917030
1.864160
1.715150
1.765080
1.395130
1.513600
1.679200
1.680730
1.565810
1.462540
1.518270
2.047840
1.698350
1.706010
1.920990
1.834900
1.847050
1.907160
2.076170
1.729680
1.976100
2.039730
2.109750
2.187460
1.582400
1.725170
1.324990
1.698650
1.554300
1.476350
1.428050
1.280590
1.475040
1.627190
1.464800
1.419430
1.922160
1.716280
1.695230
1.507460
1.477800
1.567140
1.543810
1.442050
1.526670
1.443670
1.674610
1.783630
1.543760
1.194710
1.616220
1.236460
1.543740
1.501510
1.450040
1.506840
1.562140
1.538950
1.464180
1.491210
1.244180
1.789320
1.392250
1.576760
1.581990
1.649990
1.663070
1.504130
1.540640
1.868060
1.967600
1.674750
2.092710
2.061400
1.730150
1.712020
1.995430
2.053670
2.110410
2.034320
2.392180
2.152160
2.074090
1.989240
1.911480
2.092700
1.630300
1.544880
1.674470
1.385270
1.830260
1.895600
2.212090
1.652030
1.606950
1.451490
1.420230
1.498580
1.409380
1.799310
1.749410
1.449800
1.981150
2.050440
1.640040
1.941170
1.785840
1.774790
2.050360
2.340480
1.958340
2.183720
2.034230
2.324400
2.090770
2.003720
2.059630
1.819850
1.677110
1.937660
1.928550
1.864100
1.702330
1.684180
1.670480
1.885220
2.230950
1.813390
1.795000
2.101400
2.214770
2.378780
2.447610
2.223450
2.300360
2.461460
2.328900
1.998280
2.043980
2.155010
2.250040
2.163850
1.724900
1.814100
1.787750
2.026910
1.845730
1.781320
1.789010
1.511930
1.787790
1.848140
2.265500
2.150440
1.760530
1.835830
1.933000
2.141790
2.168110
1.753360
2.044170
1.891170
2.138820
2.045180
1.757750
1.848560
1.927910
1.782620
2.003470
1.697660
2.049410
1.802900
1.863730
1.813230
1.877210
1.548950
2.262800
1.704520
1.342410
1.724940
1.887630
1.933330
1.870730
1.992880
1.955970
2.161950
1.851900
1.956500
1.966120
2.011510
1.909340
2.004570
1.769370
1.922950
1.871020
1.923720
2.018640
2.020940
1.609010
1.820340
1.828070
1.613300
2.083280
2.093910
1.992670
2.298620
2.105080
2.177440
2.264230
2.229950
2.265390
2.302080
2.522130
2.359000
2.647570
2.986710
2.946570
2.864530
2.666210
2.810200
2.900790
2.956940
2.922300
2.752850
2.971620
2.862990
2.722440
2.709380
2.414940
2.993840
4.012430
2.989010
2.546950
2.479150
2.370340
2.458420
2.180160
