10.048600
7.379620
10.535500
8.346520
8.458210
7.061330
7.022960
7.947600
6.774340
7.191720
7.809650
8.017690
7.588130
8.657220
8.630820
7.767110
8.216160
8.746940
8.198100
8.269700
8.145710
7.562030
7.286030
8.282880
7.950580
8.721500
8.183010
8.512290
7.593180
9.588160
12.026200
8.968430
9.424570
10.214200
9.104210
8.508870
7.764450
9.972530
13.239200
12.268600
11.134400
13.439200
12.050700
10.736200
12.266500
12.777700
12.096500
10.981100
10.291300
11.785300
11.254000
12.410500
11.087300
12.692900
10.352800
12.475900
10.485700
10.541400
12.475600
10.663200
12.609100
11.468400
11.430400
11.004400
9.088580
8.949250
11.268300
20.427300
11.843000
13.457800
10.153600
9.197530
8.464870
12.106200
12.022700
10.704400
8.410800
11.167500
12.468500
9.794010
10.898600
14.787200
10.967300
11.346500
10.988500
9.705720
14.664200
10.623900
9.581610
15.408300
8.346430
15.651000
11.311300
8.097060
13.516700
11.331000
8.173160
5.273280
