25.779700
22.375200
27.532000
24.688900
22.009100
22.027400
22.465800
21.207000
23.095100
20.760700
23.457800
21.711100
23.162700
22.849200
26.187100
24.191000
22.596100
22.723100
23.087500
22.306700
22.423100
25.729700
22.389300
22.447800
22.376600
20.788100
22.837300
20.249600
23.120500
22.546300
20.961200
20.980300
23.772200
23.744200
24.046600
20.789300
23.756300
20.992900
21.629100
20.433200
20.379100
20.893800
20.505900
20.923900
21.044200
19.972300
18.061400
20.728500
20.107000
23.001700
19.699900
22.674400
19.111100
21.189300
18.265100
16.581500
17.763300
20.208900
20.236700
19.332600
17.482600
20.488300
17.832400
18.179400
20.250500
19.470400
19.195100
14.819800
18.045600
18.044700
16.212000
15.862600
15.915800
17.716800
14.936300
15.087100
14.903000
14.180400
16.624800
16.847300
16.255900
17.424800
15.434300
16.299000
16.255300
14.988200
14.113200
15.168400
13.981700
15.086000
17.020600
15.184100
14.612900
15.303100
15.698700
15.525000
14.465900
14.081400
14.536200
12.962600
16.202300
14.936300
15.796500
16.118200
11.206200
14.296800
16.058900
14.249200
15.921300
13.192100
10.729300
12.800400
11.888100
10.583300
12.476400
12.004400
12.481500
13.987300
12.981800
10.987900
10.831300
9.991440
13.400000
10.294100
11.065400
12.043100
10.628200
12.111100
11.307700
11.023700
10.657900
11.485500
8.790910
11.477300
8.320970
8.559860
9.340680
7.602900
8.206310
6.686990
7.698250
8.203020
10.776000
9.562540
6.968670
8.894630
7.128000
7.416170
8.299510
7.590930
8.883760
6.802770
6.649140
7.542710
6.481030
7.424220
6.134980
5.903260
6.691760
5.964860
5.509400
4.233810
5.466520
3.973480
