2.003160
1.916740
1.660630
2.020260
1.859300
2.104180
2.214530
2.274730
2.118610
2.113890
2.332470
2.594820
2.449440
2.237220
2.708510
2.303960
2.792880
2.801160
2.172180
2.643060
3.096350
3.117270
2.994320
3.244930
2.606280
2.777620
2.823990
3.636000
3.897710
3.567510
3.296830
3.286160
3.211280
3.192340
3.355540
3.109530
3.646170
3.842390
4.361590
3.429960
3.792830
4.065110
4.085780
3.986510
3.577130
2.934390
2.790610
3.925740
3.845580
4.079300
3.902530
3.753990
3.678930
4.572810
4.566440
3.559600
4.187060
3.829600
3.202410
4.239050
3.877450
4.109880
3.674820
3.995020
4.477690
4.259200
4.125630
4.233980
4.041360
4.094930
4.637730
4.396800
4.039160
4.862150
4.765320
4.475480
4.449030
4.624450
4.268570
4.540680
4.786440
4.960450
4.439180
4.053980
4.785370
4.783110
4.449400
4.101080
4.416440
4.642010
5.111310
4.512850
4.351870
4.567010
3.934140
4.039950
4.304230
4.232880
4.776400
4.711760
4.918370
4.923710
4.937820
4.956490
5.112970
4.281390
4.533740
4.714600
4.665600
4.123390
5.596490
4.635550
4.617020
5.012200
4.607770
4.027150
4.625230
5.433160
4.896980
4.694230
5.096520
4.408260
5.247950
5.124760
5.559940
4.835840
5.406610
6.187830
5.254660
5.336730
4.615550
4.946820
5.532870
6.332820
5.835470
5.772180
5.879780
5.844880
4.642540
5.767700
4.768840
5.668810
5.475670
5.887980
5.896680
5.448570
4.941840
5.847900
5.148260
5.867230
5.804120
5.201130
5.459520
5.414690
4.939940
4.980800
4.969790
5.558120
5.170740
4.868160
5.085690
5.219350
5.730670
6.514190
5.246220
5.233270
5.537130
5.211830
5.515310
5.412820
5.244510
5.656040
5.851390
5.758110
5.402770
5.171810
6.104220
6.213880
5.485600
6.131330
6.136370
6.505370
6.145610
5.724160
6.327690
6.095270
6.420360
6.289440
6.538410
6.247380
7.078210
6.443850
6.084740
6.737940
5.566120
6.502720
6.577030
7.478900
8.298140
7.134890
7.820090
7.600370
5.647450
5.443150
6.894550
7.621600
7.702720
10.862000
9.467530
8.840050
8.955940
8.956230
7.986910
6.053680
9.512180
5.737880
7.272600
7.456090
7.142650
6.237480
6.882230
7.085160
7.057310
6.743490
6.762240
4.778440
5.753900
5.807720
5.084910
7.296140
5.627640
5.790600
6.388160
5.580550
7.719630
7.706730
5.968260
8.057750
6.991470
7.043810
6.258410
5.236980
6.871250
5.574160
6.996390
5.945560
7.306590
5.683520
5.767400
6.877210
6.847670
5.807960
5.344130
6.802820
5.651840
5.546920
7.151000
6.013170
8.083850
7.976960
7.823400
6.983520
4.919620
6.348790
6.020220
8.169340
8.462830
8.057890
8.122040
7.494340
6.208130
5.908220
7.084620
5.015890
7.469580
8.485860
5.832320
7.262700
7.715670
7.255960
7.052670
5.775640
6.593700
7.385130
8.582030
7.687540
8.634430
7.778410
7.477240
5.902410
7.298380
5.887180
6.666660
6.316370
6.288350
5.911400
5.688600
6.424660
6.455260
6.486850
6.844380
7.477950
7.305560
7.720820
7.555360
8.047380
7.374840
7.214440
8.219090
7.812510
8.877240
8.068370
9.100580
9.765800
10.320700
10.602700
8.098290
7.690930
9.647710
9.634050
7.716840
6.492610
6.150950
6.317900
5.741360
6.467760
5.660630
5.566950
6.070710
7.269890
7.527740
6.329680
6.696520
6.842020
6.430950
7.452010
7.238900
7.729980
7.394760
7.204500
8.288300
8.334770
8.559420
8.152730
7.750730
8.170370
7.725920
10.272600
10.725700
3.787980
4.216450
