3.564050
3.468690
3.563400
3.291480
3.528280
3.588940
3.640120
3.643150
3.803540
3.384270
3.527540
3.497510
3.682710
3.794120
3.537500
3.661170
3.678640
3.634460
3.840720
3.661960
4.353560
3.989740
3.730290
4.733600
4.316450
4.952920
4.121180
4.286610
4.236320
3.918890
3.835570
4.030040
3.531040
3.541400
3.639680
4.032260
4.252400
3.905830
3.664190
3.568780
3.562140
3.568090
3.393870
3.486530
3.855590
3.810640
3.400160
3.167560
3.721490
3.751130
3.560400
3.178850
3.846270
3.570760
3.375070
3.942480
3.560400
4.114080
4.379990
5.225500
3.951510
3.889860
5.562890
4.662970
4.717510
4.785680
5.375610
5.351500
4.527340
3.985040
5.067500
4.878460
5.503850
4.567320
4.541090
4.362430
5.120020
4.720140
5.110900
4.160330
4.213540
5.123780
4.597590
4.923250
4.569660
5.360240
5.512660
5.188630
5.435660
5.636120
5.170810
4.298710
5.179090
6.173820
5.902670
5.593670
4.784700
4.824630
4.954400
5.467410
5.052540
4.684590
4.009850
3.852960
4.674490
4.720750
4.864000
4.779170
6.181500
4.958030
5.115330
5.746320
5.004430
5.314360
4.927040
5.475060
4.846470
5.906210
6.062520
5.831950
5.783790
4.955920
4.884830
5.851460
6.700300
5.735960
5.245280
4.897880
4.616570
4.563300
6.137290
4.826680
4.134590
4.527900
5.065930
5.710730
4.899240
4.204970
3.997480
4.447450
5.725720
5.752040
5.245160
4.140840
3.735600
4.684780
5.184220
5.639520
6.360120
5.670330
5.204120
4.441770
4.442600
4.645490
5.240160
5.552710
6.698780
6.598610
5.807970
5.342690
5.490960
5.612890
5.567180
6.653870
6.932440
7.412340
6.135480
5.938410
5.006280
5.844260
5.776550
5.703140
6.140420
6.661760
6.435950
6.405670
6.292840
6.163420
5.921830
6.775900
7.002150
6.655360
6.493510
6.203560
6.224570
6.034730
6.607460
6.666810
5.966170
6.624770
6.019730
6.618460
6.952740
6.462860
6.351100
6.317860
6.810420
6.501880
6.445800
7.216840
6.970700
7.479970
8.299720
7.368780
8.735410
7.447720
5.667700
5.050310
4.760440
5.490410
4.942720
5.726460
5.424550
5.826910
5.937820
6.139790
7.462160
7.303560
6.769640
7.439390
8.045180
7.628020
8.642540
8.792830
8.453100
8.493340
10.054300
9.686900
10.343400
8.229210
8.323250
8.671640
7.949950
9.795200
9.349910
8.835510
9.847910
7.028210
7.980510
7.344380
7.903080
7.502630
7.494900
8.706140
7.870380
7.036730
7.900710
7.789980
6.976820
7.876990
7.839590
8.667110
8.308010
7.031870
7.213070
8.238490
8.578310
8.489270
8.710720
10.102300
10.798000
8.548150
7.772850
8.218530
8.985910
6.885630
7.145460
8.362490
9.247710
8.217690
10.538300
10.586700
9.441090
10.477500
10.594700
9.656210
11.066500
12.576300
11.007700
10.188100
9.867270
10.770300
11.405100
9.123660
12.076700
10.166900
11.114700
11.286100
12.959000
11.971600
11.187400
12.769600
12.355200
10.821500
10.308300
10.125400
10.005700
10.242000
9.495900
9.072650
7.761340
8.414330
10.991400
10.931500
11.050700
11.132300
14.695200
15.125200
15.977500
15.665200
14.233000
12.809500
11.208800
10.669100
10.686800
8.669430
8.774610
10.684400
10.495700
7.945180
7.727000
8.888710
9.299770
8.169440
9.145090
7.504520
10.056400
9.771640
11.444500
9.401760
9.565040
8.778320
11.935400
11.495300
12.465600
10.131700
11.148100
10.449500
10.912900
11.556700
12.428600
10.115300
9.972500
11.035800
13.052100
11.158500
9.927630
11.326900
11.776800
12.622400
13.174000
11.181700
15.947800
13.804600
12.227700
12.392000
12.076400
13.268800
15.340100
13.340100
14.657400
15.081800
17.361200
14.632000
12.554700
16.839100
14.766100
14.462700
14.258000
15.695000
19.177200
16.476000
13.218900
15.922900
16.373200
16.767100
15.773700
15.143700
16.980800
16.433500
16.919700
15.517700
14.660100
15.697700
15.176600
15.858500
17.106900
15.592000
16.881500
15.038300
16.478000
15.651900
15.852700
15.821300
15.988600
15.278200
14.604300
16.710400
14.882200
16.429600
15.379300
17.206300
16.740100
14.271800
14.860200
14.668500
13.814300
13.970500
13.676700
14.434600
13.819700
14.358800
13.854600
13.317200
14.660600
15.142500
14.487800
14.267100
14.017600
13.011000
13.973700
14.121500
15.384300
19.376700
14.902400
14.555700
14.711500
15.389500
14.872900
15.530500
16.410900
17.623000
18.193300
15.393100
16.096400
17.427300
15.262400
16.241300
14.738700
14.853200
14.659900
16.376000
17.965600
19.205500
15.422300
18.664700
16.361700
17.419700
15.833400
14.597000
17.094500
16.222900
16.585200
16.781600
17.050400
16.179200
16.337600
22.002300
19.411400
21.745100
17.539700
19.087100
17.118900
17.382000
24.233500
25.647800
25.435000
19.065500
20.574500
19.556700
20.438000
19.402300
21.101100
20.966100
17.448600
23.020800
19.457700
17.796600
17.698400
20.766100
17.715800
16.342700
19.060100
17.270100
17.515900
16.056000
11.434200
17.480700
15.826300
13.779500
14.316100
14.215200
12.847100
11.694700
23.745900
15.665000
12.588400
13.041300
12.468400
14.116700
15.524400
15.151600
17.823400
16.895500
16.397100
19.620400
23.174100
25.170200
31.147000
24.891700
29.017100
24.761900
24.935300
24.484200
23.283300
22.797700
23.502300
21.808200
27.475100
21.714100
23.975600
22.775300
24.678500
22.634300
20.981500
22.078100
22.856200
22.448700
25.364500
23.466500
25.101900
23.518500
25.711100
22.867800
19.843100
19.331300
23.549700
22.312200
22.705400
25.244800
24.398500
21.832000
25.889500
26.434200
28.186500
26.212500
25.766300
26.238200
23.727900
27.014200
25.269400
25.672900
24.083400
24.807500
25.279300
23.606100
22.740500
24.078800
26.143800
26.253700
26.537600
24.421200
19.416900
22.101500
24.811700
21.706200
19.845900
25.635600
25.640500
24.987600
19.239000
25.507400
25.550300
25.147400
25.414800
23.814300
22.556500
21.622700
26.724000
21.796300
26.852900
28.688300
30.278400
28.785300
33.721200
27.969100
27.067500
31.748600
26.612900
28.697700
27.617000
28.564300
31.848300
28.519000
31.822700
35.268600
34.069100
27.751400
28.533300
28.571300
25.779000
24.667200
28.800500
29.701000
25.818700
23.796600
25.055300
28.671400
26.424900
25.949600
31.864400
26.654000
25.856000
29.265900
30.195000
27.729500
29.566900
29.115000
27.964800
32.247200
29.467800
25.545300
26.976600
27.373800
26.731700
27.402800
28.120400
29.080300
30.123100
28.700100
31.081500
27.703000
25.993200
21.075800
23.828000
28.338900
23.805100
24.184600
20.340400
26.923000
25.812700
26.270300
22.502100
33.935000
29.038800
32.376200
29.683300
33.355800
34.388600
31.600300
20.297400
18.927300
15.817300
12.562800
14.943700
28.790700
30.521600
30.204300
32.822500
33.629200
29.471400
29.662300
26.832100
28.714600
30.364900
29.058200
26.875600
33.041400
35.331400
39.359100
36.825000
39.064700
32.300000
27.671000
26.354800
12.439300
13.208900
15.676800
13.760800
14.798500
11.919000
22.024700
17.166600
31.967500
36.966700
16.601900
12.318600
11.044500
