8.535140
9.200020
9.024160
11.275900
13.222600
8.803300
9.142040
10.634600
11.483900
10.514900
10.486600
11.979200
12.979500
12.959300
12.321900
13.463800
12.035500
12.351700
11.748000
13.313600
13.986400
12.659300
13.817000
15.254500
13.336600
14.088400
14.742300
13.041200
16.689700
17.187300
17.018700
15.332400
14.423300
19.203200
15.648600
19.755900
14.696800
18.285800
14.614400
13.581500
12.767900
17.340900
18.399700
15.626300
13.807800
10.875400
11.348300
15.107500
10.254600
10.462300
13.522800
11.495900
11.305000
14.086100
13.123700
12.325000
11.644600
11.472200
11.996500
12.911800
11.677600
11.061300
23.943200
12.573100
10.470000
18.029600
17.063800
15.620400
18.091400
14.764600
17.591800
17.587800
17.255500
17.501600
15.116400
19.384500
19.555400
19.113200
19.025100
19.312200
14.875100
18.178600
17.385700
16.219100
17.493000
17.934400
17.006200
14.428100
11.256000
8.546470
8.799630
8.379920
8.373240
8.534900
8.711900
8.319760
8.159110
