2.761690
2.721460
2.370080
2.178770
2.153610
2.984730
3.304800
3.430360
3.492810
3.978290
3.645490
3.941650
4.690170
5.250180
4.617140
4.075470
4.396120
5.407520
5.714350
3.467680
3.802630
3.848590
4.622900
3.648890
3.018480
4.090690
3.509430
3.977810
3.599380
3.756620
3.894370
3.926380
3.910680
4.398240
4.135210
5.775080
4.907230
4.916170
5.045310
4.705970
4.805290
5.093030
5.218570
3.872840
4.933280
5.815780
4.021490
5.655120
4.245080
5.127770
6.883650
5.878790
5.278540
6.323300
5.449120
4.717660
5.717630
5.261430
5.498350
4.983070
5.306820
7.340020
6.746030
6.014350
7.113800
7.456660
6.671610
6.585980
6.743750
6.666110
6.687030
7.363580
7.264380
7.426470
6.924360
6.120740
7.107770
8.651390
8.156260
7.236730
6.815850
6.362480
7.367100
7.021470
6.503400
7.058400
5.856500
6.841260
5.823840
5.942740
5.963680
7.122320
6.656640
5.329620
5.520070
6.323380
6.705120
6.304400
6.972640
6.444300
5.940700
5.852070
8.031330
5.779310
5.472170
7.192910
7.105450
6.529390
7.845630
6.016410
5.244450
5.470290
5.710270
6.693800
7.037200
6.281890
8.688540
5.930510
8.694950
8.796700
8.327730
7.904830
6.305380
6.243150
8.144870
7.703290
9.012820
6.622510
7.389530
7.690810
7.710850
7.643540
7.012950
6.757240
6.812610
7.226030
7.468240
7.206700
6.788240
6.599530
7.002890
7.628450
6.744800
6.772220
7.352190
7.225540
6.847650
7.531240
8.498640
7.474370
6.453030
8.331310
7.163740
9.068030
7.345630
7.864540
7.363540
7.750610
6.852930
8.535170
7.163520
6.770980
7.460730
8.565750
7.476670
8.568820
8.267280
7.662690
7.921720
7.265080
8.868660
7.217560
7.620020
7.820730
6.869840
7.123090
8.461130
7.625430
7.627340
6.734310
6.342080
6.607590
7.251110
7.225660
7.814200
7.646690
6.877820
6.974020
6.919580
6.784150
7.005670
7.551210
7.335720
5.945030
6.050310
6.617420
8.651200
8.058610
6.608970
6.918390
7.571330
5.507680
5.156770
5.060900
4.266210
3.895500
4.473310
4.957400
3.784520
3.317130
3.164540
4.242040
4.083430
3.561750
4.329020
