1.518090
0.922324
0.930875
1.336950
1.113680
1.315360
1.652800
1.971070
1.496350
1.120730
0.913938
0.922837
1.138260
1.105510
1.373010
1.164330
1.106190
1.014170
1.135310
1.325740
1.133190
1.118730
1.229590
1.203120
1.000420
1.156380
1.372800
1.172180
1.270820
1.201540
1.124790
0.908761
1.286640
1.447200
1.438500
1.177930
1.455310
1.052510
1.252660
1.052080
1.245080
1.534400
1.098910
1.302850
1.364830
1.334090
1.375150
1.273910
1.384160
1.069400
1.301480
1.312700
1.356140
1.605020
1.575670
1.469370
1.442480
1.383350
1.694750
1.438560
1.819920
1.482980
1.242070
1.370730
1.434610
1.675310
1.822640
1.836440
1.666820
1.405040
1.235610
1.270840
1.256620
1.376790
1.328500
1.045530
1.412730
1.042530
1.206720
1.292260
1.519590
1.739410
1.462500
1.622390
1.297740
1.519510
1.337890
1.414820
1.441880
1.657170
1.667650
1.526280
1.699000
1.575460
1.771730
1.250810
1.317650
1.660070
1.625660
1.566900
1.729590
1.673360
1.594770
1.563310
1.739520
1.542730
1.559440
1.234510
1.217480
1.336450
1.314240
1.564150
1.866500
1.726360
1.622380
1.533610
1.569940
1.824780
1.582260
1.927490
1.561050
1.500190
1.821920
1.729810
1.856730
1.485030
1.710150
1.555290
1.716930
1.913020
1.644320
1.598130
1.758440
1.524640
1.830980
1.567670
1.684540
1.853540
1.773180
1.594380
1.688020
1.700960
1.978340
2.069070
2.056680
1.595640
1.749640
1.722990
1.827400
1.901580
1.709160
1.557380
1.550390
1.859090
1.842030
1.646050
1.682500
1.588290
1.789230
1.649930
1.679980
1.856750
1.816150
1.789120
1.808560
1.666870
1.655920
1.790190
1.723120
1.521340
1.870440
1.841730
1.756680
1.649250
2.026380
1.788110
1.587590
1.826720
1.758800
1.506100
1.663520
1.459060
2.154110
2.049540
1.925260
2.212620
2.504490
2.122070
1.916390
1.743420
1.871670
1.923740
2.010540
2.268010
1.798670
2.029640
2.081410
1.851390
2.170940
2.031730
1.937400
2.429060
1.918050
2.059530
1.514660
1.808580
1.866540
1.947800
1.885350
1.813920
1.744040
2.037470
2.018910
1.652020
2.223510
2.354830
2.200100
1.757150
2.256190
1.860130
1.620510
1.827640
2.117880
2.010350
2.023400
1.999600
1.919090
2.063090
2.121040
1.841990
1.961240
2.225350
2.045240
2.223400
2.092160
2.043690
1.954480
1.644920
2.173090
1.931850
2.051210
2.277090
2.124220
2.171290
2.113920
2.621510
2.378570
2.292440
2.381790
2.561440
2.896190
2.149870
2.153510
1.605350
2.489930
2.557890
2.773590
2.492760
2.755210
2.285770
2.461130
2.080110
2.357070
2.617770
2.987420
3.157550
2.783860
2.920100
1.990350
2.054200
1.788030
1.951470
2.163220
1.600880
3.430640
1.573390
1.401060
2.861350
1.270240
1.222870
0.982799
1.639170
4.629170
2.448130
2.688710
2.906560
3.817520
3.101580
3.236930
2.835660
2.879850
3.649520
5.303280
4.937840
4.863270
4.316220
4.484240
4.554190
5.090830
4.694790
4.870600
4.593490
3.286880
2.561330
3.624580
3.180710
4.276660
4.329730
2.812370
3.399680
3.833970
2.634160
4.208380
2.931280
3.868980
4.478700
4.037470
4.651410
3.487930
2.607440
2.406670
1.757230
3.650450
4.026780
3.612370
2.946570
1.542000
1.327010
1.582840
2.378760
4.017490
2.949780
3.109340
3.229640
2.272770
2.197900
3.606030
4.182280
4.391030
3.438110
4.093240
3.536400
2.703230
2.834950
3.616020
3.547910
3.214730
4.243880
4.360330
3.532000
4.037430
4.761590
3.451840
5.598480
3.765810
3.998370
3.742200
4.296720
4.409840
3.411670
3.965120
4.286630
4.208000
3.441810
4.059620
5.837360
5.516710
3.642710
4.275260
4.268080
3.662000
5.957450
5.094370
4.689990
6.078520
5.480320
6.189050
