5.148480
4.446580
4.588470
4.173670
4.593470
4.759320
5.289850
5.460540
5.324820
6.149280
6.459210
6.003070
6.110640
6.060010
6.561170
6.675200
5.548250
5.942070
6.309110
6.730950
8.230990
6.531140
5.797200
7.283940
6.782010
8.369700
8.249920
8.066070
7.786020
7.116900
7.018180
5.853400
6.566720
7.444730
5.771820
5.695130
7.851350
6.605210
6.141590
7.061380
7.445620
6.171760
7.039110
6.156850
8.063700
7.861520
6.896230
7.451170
6.993630
5.306180
8.069630
8.616280
8.226950
8.191300
6.882490
8.022450
8.077870
8.045660
8.843870
8.867210
8.794360
7.203150
8.679610
8.218700
7.834360
7.319410
6.704800
8.689090
8.588000
8.696500
8.346060
9.043970
8.845580
7.559040
9.319710
8.346910
8.876990
8.318860
8.820770
8.566540
9.274650
9.063270
8.918830
8.001090
7.937130
9.319140
9.690120
9.551280
9.568780
8.691970
10.041800
9.744100
9.272140
10.031400
10.325100
10.469500
9.915440
8.925380
10.360100
10.692800
10.325900
8.906250
9.316790
10.069200
9.267730
9.985180
9.826330
10.466400
9.022050
10.039800
11.040100
10.264900
9.765860
10.816400
10.153200
10.051700
9.916090
11.645400
10.596900
10.874700
10.440000
10.920700
10.820900
9.439030
10.163900
10.081800
10.346600
10.442300
10.945500
10.802800
12.108400
12.086000
12.630400
11.754600
10.946800
10.445100
11.655900
10.730200
10.136700
12.424800
12.036300
11.906600
11.369900
12.408200
10.861800
10.744800
12.193400
10.663300
11.624700
13.927500
13.146500
11.046800
11.527600
11.559700
12.250600
10.990100
13.220400
12.826200
12.593700
13.296900
10.548200
11.943500
13.093600
12.622800
13.292700
11.434600
12.707300
13.713200
13.321900
13.733000
14.377700
13.486700
13.788200
14.064500
12.634300
12.230300
16.119400
13.193300
14.654400
17.434400
12.336700
10.656100
11.288800
8.907740
9.542370
9.673160
9.672150
10.635400
10.136600
10.203500
14.250700
11.598600
16.671100
17.027400
18.972100
15.035600
18.675000
17.046700
15.131500
18.838700
22.374800
18.539200
16.679600
16.579500
11.710600
7.929020
8.324710
7.382270
8.181490
