2.031210
1.928710
1.902590
1.909960
1.962040
1.690280
1.881250
1.871670
1.916540
1.920380
1.654400
1.733570
1.886000
1.802530
1.665060
1.778590
1.992430
1.889170
1.764440
1.649650
1.836380
1.961010
1.800930
1.604850
1.783720
1.858320
1.848270
1.797970
1.826000
1.681040
1.817480
1.683770
1.672440
1.698140
1.702960
1.842670
1.733380
1.800720
1.773940
1.886430
1.930170
1.864600
1.853170
1.811860
1.910250
1.824320
1.825860
1.750920
1.895240
2.185070
2.060140
1.760270
1.815290
1.662140
1.862190
1.817980
1.773510
1.863710
1.883200
1.913750
1.769800
1.622800
1.662360
1.690850
1.732760
1.830070
1.828980
1.690030
1.578000
1.804680
1.901670
1.821920
2.052710
1.716800
1.902400
2.027190
1.926720
1.951650
1.941260
1.920360
2.105920
1.935900
1.815800
1.768120
1.842780
1.936770
1.836580
1.685850
1.738090
1.731720
1.795380
1.844010
1.877250
1.948230
1.776710
1.883070
1.794300
1.729580
1.776340
1.744710
1.811200
1.725650
1.582950
1.485190
1.742530
1.759530
1.580420
1.660740
1.587060
1.653060
1.692650
1.812130
1.666290
1.648310
1.588920
1.760790
1.644160
1.586800
1.417560
1.533810
1.648170
1.650580
1.618500
1.737650
1.623450
1.595340
1.709550
1.407700
1.424710
1.380820
1.832950
1.592820
1.596620
1.441050
1.688150
1.776400
1.720750
1.790500
1.644090
1.602850
1.629780
1.641940
1.753670
1.549540
1.705570
1.753950
1.842800
1.631420
1.804620
1.699310
1.943430
1.714550
1.663080
1.792240
1.984440
1.836160
1.958650
1.790880
2.044490
1.707760
1.884780
2.014510
1.995770
1.771030
2.022780
2.037450
1.769600
1.861120
1.804890
1.787840
2.095000
2.126860
2.035050
2.074520
1.999890
1.960860
2.065700
1.939320
2.029130
1.996740
1.937010
1.815740
1.848760
2.002630
1.862590
2.186380
2.022790
1.958680
1.996570
1.970420
1.804670
2.046490
2.029500
2.030190
2.010010
1.766870
1.840640
1.930760
1.839050
1.836570
1.837990
2.208280
1.878640
1.908430
1.869200
2.009600
1.906110
1.857940
1.777680
1.639020
1.801170
1.911150
1.761990
2.085490
1.773430
1.708290
1.826580
2.013300
1.977810
1.935860
1.960120
2.084750
1.849720
1.783070
1.987920
1.972230
2.079710
1.930240
1.855630
1.851330
2.023130
1.998760
2.046130
2.099330
1.836530
1.921070
1.965880
1.883700
1.734430
1.687980
1.746400
1.918190
1.880010
1.944540
2.046840
2.015280
1.947490
1.842730
1.923290
1.634980
1.926960
1.915900
1.725490
2.011430
1.832470
2.101940
2.034090
1.849200
2.225250
2.050060
2.024760
1.825460
2.209490
2.171580
2.197630
2.101070
1.976610
1.901510
1.854780
1.901230
2.087510
1.973790
2.073960
1.948110
1.865590
1.892390
1.761700
2.161740
2.181370
2.300740
1.876310
1.955590
2.074500
1.905400
2.117890
2.086150
1.847970
2.248860
2.083900
2.458570
2.186690
1.864860
2.328460
2.387840
2.122220
2.002230
2.347070
2.003870
1.986400
1.975650
1.704730
1.980360
2.062540
2.014540
2.233690
2.006070
1.963340
1.873110
2.660200
2.081900
2.398720
2.659930
2.962200
2.755540
2.526780
1.830080
2.337030
2.787600
2.087790
1.754780
1.754700
1.957510
1.967160
2.054530
2.093660
1.687810
1.491510
1.867610
1.450720
2.241760
2.193440
1.549450
1.615740
1.988630
2.435750
2.352580
2.593800
2.181970
2.881740
2.448390
2.305450
2.743280
2.118010
1.679160
2.233970
1.725860
2.165870
2.057580
2.196620
2.311220
2.711340
2.388540
2.449530
2.307470
2.623470
2.301570
2.227320
2.117660
2.187700
2.537200
2.446960
2.637740
2.364160
2.009740
2.550650
2.249310
2.137510
2.100530
2.373800
2.259570
2.266910
2.016840
2.166140
2.215420
2.038410
2.452330
2.654200
1.889140
2.052960
2.118660
2.154860
2.063020
1.608650
2.329160
2.032250
2.247910
2.044480
2.093910
2.031250
1.880410
1.992100
2.092470
2.181380
1.963450
2.129490
2.108330
1.916840
2.183790
2.180740
2.254220
2.239860
2.251480
2.137180
2.327600
2.009490
1.993770
2.218840
1.882870
1.994120
2.078670
1.990730
2.019490
2.160250
2.149400
2.005270
2.310990
2.408230
2.358620
1.969080
1.879030
2.166440
2.029270
2.129670
1.786500
1.950440
1.966750
1.893510
2.146470
2.125330
2.015610
1.962010
2.027650
2.116060
2.014750
2.137220
2.579680
2.203150
2.500500
2.092240
2.553130
2.197980
2.173710
2.302110
2.738070
2.227810
2.429500
2.466120
2.599270
2.178300
2.280620
2.222090
2.380890
2.191610
2.469480
2.583080
2.544220
2.641150
2.300580
2.253540
2.202580
2.184310
2.343380
2.234040
2.238040
2.111060
2.387650
2.223150
2.205170
2.097580
2.495160
2.450260
2.451810
2.578160
2.447840
2.728940
2.583430
2.383100
2.316970
2.322530
2.555700
2.238970
2.292080
2.531820
2.353870
2.654180
2.616910
2.512850
2.662470
2.488360
2.305920
2.031210
2.526880
2.418450
2.511570
2.217110
2.467120
2.389350
2.447180
2.670200
2.525770
2.413780
2.447290
2.248730
2.075180
2.659750
2.593560
2.716910
3.517070
2.719080
2.444270
2.955020
3.268020
3.461700
3.829810
3.296480
3.413300
3.801530
3.748130
3.602290
3.493210
2.914190
2.856610
2.994790
2.746660
3.243490
3.518490
2.860250
2.847740
3.285540
2.335930
2.318790
2.683190
2.761770
2.760660
3.039710
3.341320
3.056320
3.452240
3.743940
1.950600
3.129830
2.829640
3.575620
2.837330
2.763960
3.368600
2.989470
2.461380
2.628130
4.434620
3.609170
4.301410
3.904690
3.538640
3.213430
3.659280
4.185960
4.125190
3.327530
3.352280
3.794150
2.506260
2.408580
2.963240
2.857020
2.375510
2.370360
2.376420
2.352260
1.790090
1.861250
2.074840
3.087250
1.938170
2.172740
1.807310
1.875200
2.011490
2.774280
2.473590
2.524690
2.105920
2.669980
2.280940
2.407550
2.052130
1.725770
3.038920
2.976330
4.874240
4.690950
5.067340
4.682030
4.488660
3.726310
3.105270
3.000810
4.742810
5.377160
5.289400
4.716820
3.531860
3.644520
3.493830
3.603340
4.367470
4.893110
5.376180
2.699010
4.658800
4.298920
4.812750
3.865420
2.681450
2.886400
2.706850
2.828660
2.679800
2.566960
2.616640
3.290310
2.781620
3.261140
4.589540
5.438840
3.092850
6.881240
5.151650
3.965690
4.418230
4.591340
4.998580
4.620440
4.336070
4.438800
5.171150
4.737980
4.098360
5.226520
4.761870
4.062860
3.801410
3.104310
2.896520
2.770350
2.858440
2.388980
2.347020
2.636630
2.378610
2.077060
2.296480
2.450440
2.047300
2.179500
2.107000
2.320240
2.583630
1.968440
2.200720
2.496580
2.452300
2.982790
2.326290
3.244510
2.608710
2.524160
4.628930
5.948470
5.415060
5.121520
5.997620
5.487970
2.347840
