6.737920
5.691660
6.241650
3.854990
5.110970
5.602080
5.064950
4.388810
4.871940
4.797700
4.656050
4.548250
4.767970
4.006620
4.123340
4.118440
4.306590
4.397100
4.041480
4.512480
4.460600
4.386290
4.915750
4.991020
5.291330
5.057780
5.722770
4.624400
4.552570
5.272270
4.538600
4.726050
5.414300
5.171060
6.187570
6.148110
5.653010
5.757720
5.546830
5.755760
5.193820
4.848150
4.823230
4.334070
4.666340
5.199400
4.877450
5.059840
5.055410
4.966680
4.580570
4.919490
4.632050
4.897450
5.199050
4.976040
4.324280
5.070090
5.666960
5.258670
5.395840
5.539510
4.729540
4.855090
5.240620
5.228350
5.018020
5.133930
4.991780
5.238000
5.131440
5.084900
5.246570
6.070200
5.993610
5.734250
5.900970
6.632400
6.866670
6.207390
6.227080
6.031010
5.699410
5.846720
6.769690
6.238520
5.991860
6.631440
5.574020
6.421060
5.975910
5.853540
6.090810
6.498160
6.021180
6.152040
6.301500
5.672580
6.294840
5.337610
4.941910
4.835460
5.264380
5.138050
5.406840
5.221260
5.463950
5.305010
4.939570
5.377370
5.014620
5.266680
4.926890
6.037210
5.392930
5.366980
5.748920
6.113430
4.899860
5.312010
5.264160
4.894570
4.667650
5.325820
4.987790
4.185830
4.944170
4.283040
4.651000
4.132940
3.848710
4.611680
4.455190
3.993350
4.290130
4.961850
4.703790
4.257210
4.248120
4.491470
4.175130
5.118370
4.473010
4.457480
4.625830
4.346920
3.778290
3.656190
4.223770
3.949400
4.363410
3.962850
4.133520
4.333060
3.718700
4.069650
4.110110
3.762750
4.500260
3.574470
3.931070
4.443160
4.078270
4.302860
3.882850
4.200980
4.116220
4.155780
3.555360
4.022020
3.548240
4.089310
3.890570
3.661770
3.920590
3.346290
3.940080
4.749600
4.379490
4.189190
4.363110
4.109200
4.129050
4.771450
5.020850
3.900480
4.203830
3.783160
4.143060
3.765540
3.871550
4.286710
3.930400
3.799800
3.913690
4.160680
4.085240
4.708360
3.819900
3.877580
4.064570
4.294530
4.380830
4.153320
4.279060
4.085760
4.319120
3.932780
4.361980
3.871900
3.967670
4.485910
3.635790
4.847200
4.341160
4.659500
3.665490
4.086340
3.385430
3.911900
4.771040
3.870940
3.513680
3.906360
3.967430
3.990680
3.627600
3.835810
3.486160
3.595990
3.431750
3.693270
4.140380
3.841570
3.339540
3.536560
4.052240
3.809270
3.791740
3.697160
4.177010
3.604250
3.397840
2.958560
3.317170
3.394490
3.371070
3.614520
3.488990
4.116810
3.770290
3.573010
2.751280
3.498970
3.595560
4.576930
3.304800
3.967860
3.914920
3.355270
3.302690
3.077310
3.591460
4.074290
3.496720
3.001910
3.524050
3.489750
3.463730
3.145490
3.592240
3.858250
3.506360
3.675520
2.987560
3.297550
2.877460
3.017130
3.358010
3.375760
3.209890
3.009300
3.108770
3.239570
3.551970
3.099000
3.066100
3.793700
3.509760
3.809210
3.396960
3.051860
2.998020
3.534160
3.602320
3.960480
4.003660
3.619000
3.165820
3.255240
3.987360
3.430460
4.344910
3.780770
3.309470
3.541850
3.626490
3.695860
3.641470
3.711000
3.514450
3.353340
3.673420
3.904090
3.882560
3.563170
4.005050
3.451230
3.641200
3.163060
3.361760
3.202720
3.532680
3.752510
2.967690
3.282200
3.417310
3.321220
2.958220
3.397540
2.738960
2.932190
3.070650
3.120960
3.580010
2.888100
2.718600
2.899250
2.640310
3.091330
3.297470
3.545540
3.469190
3.203440
3.067680
2.727300
2.910760
2.837800
3.122370
2.782720
2.937930
2.933070
2.473330
2.583380
2.682040
2.768340
2.856710
3.119980
3.195290
2.849370
2.874320
2.782930
2.893760
2.803790
2.532270
2.653290
2.837630
2.816460
2.968460
2.586230
2.491850
2.836440
2.871860
2.585430
2.446140
2.742790
2.720500
2.403210
2.372470
2.717970
2.484600
2.913300
3.076690
3.040310
3.012870
3.094340
3.288130
2.973120
2.458310
2.956280
2.826840
2.923540
2.868460
2.812610
3.008390
2.920550
2.747190
2.941330
2.777540
3.111300
3.044580
2.941260
2.874960
2.762440
3.122760
2.885380
2.642730
2.574940
2.614530
2.450280
2.788320
3.041220
2.581940
2.789240
2.892580
2.920460
3.066350
2.962140
2.987810
2.764730
2.937310
2.253400
2.631950
2.746290
2.538590
2.799570
2.646830
2.498710
2.383410
2.406530
2.362070
2.812760
3.111190
3.185410
3.267540
3.234870
3.115080
3.674950
3.571550
3.922510
4.771320
4.194200
3.794660
3.673470
3.537100
4.133590
3.171240
2.543810
2.829520
2.895970
2.769210
2.390110
2.744930
2.738820
2.493050
2.348570
2.309670
2.449480
2.705830
2.724530
2.699680
2.735310
2.469530
2.509200
2.504560
2.771840
2.679030
3.061940
2.673440
2.941070
2.478200
2.476050
3.047820
3.081660
3.302840
3.041650
3.080630
3.788860
3.856950
3.268660
3.279210
2.849970
2.634210
2.789520
3.030790
2.384240
3.069520
2.752160
3.056290
2.804450
2.914800
3.141550
2.332550
2.430590
2.707750
3.183050
3.593220
3.164300
3.435850
2.945100
2.857670
2.530910
2.881870
2.408730
3.272030
3.248850
3.508760
3.657750
3.531090
2.883480
3.139860
3.341600
3.551500
3.412410
3.677390
4.366940
3.678100
3.374060
3.409870
2.975780
2.865050
2.867690
2.959810
2.314780
2.428330
2.220300
2.036250
2.363810
2.819550
3.305020
3.078070
3.089670
2.535490
2.466300
2.196580
2.188030
2.298620
2.252500
2.085410
2.159860
1.974650
2.349670
2.443290
2.169960
2.222350
2.541300
2.779710
2.747820
2.332290
3.012260
2.734840
2.585850
2.428880
2.416940
3.045600
2.986990
2.867840
2.936820
3.044160
3.014060
2.551600
2.467900
2.449910
2.781220
2.857800
2.759210
3.196720
3.076530
2.909470
2.268880
2.241950
2.078910
1.815600
1.859970
1.778050
1.923200
2.074640
1.990240
1.785010
1.857270
1.625770
1.679380
1.867470
1.965560
1.969510
2.200830
2.160150
2.215940
2.139050
2.607330
2.771450
2.401600
2.363300
2.312200
2.457380
2.701070
2.600200
2.809420
2.995790
3.151510
2.969850
2.586150
2.240120
2.118190
2.189930
2.143230
1.993140
1.955560
2.334680
2.302920
2.515540
2.865890
2.743710
2.960790
2.591720
2.381830
2.636460
2.738200
2.390930
2.312110
2.283990
2.356040
2.421590
2.288880
2.311400
2.321920
1.852890
2.089990
1.902930
1.997790
2.229810
2.417160
2.265190
2.399080
2.320200
2.015250
2.347310
2.199300
2.252230
1.903820
1.720090
1.864410
1.842500
2.041130
2.424680
2.299340
2.167670
