7.286820
7.798900
7.383460
7.129250
9.362350
8.918950
10.367200
11.027700
12.045500
19.696800
14.408400
17.557000
30.194900
25.208200
29.065800
28.067800
26.054700
25.203100
31.821200
24.244000
23.016500
22.671300
17.584600
19.752900
19.573000
17.288200
18.464800
16.872300
21.918100
20.560700
22.801000
17.032400
18.356300
18.061200
17.807900
20.986100
19.523200
22.556300
19.570700
18.276500
21.570100
19.586500
21.920400
21.761600
20.791500
21.443200
17.590000
23.633600
20.356100
20.097800
19.427000
19.925200
20.812000
21.171000
20.745300
20.572500
21.401300
20.142700
24.725800
22.629100
20.064900
19.853600
19.454800
19.203700
19.738200
17.388900
18.545800
22.018700
17.862100
22.157000
18.558500
21.498700
19.647700
20.601100
23.715200
19.966100
16.555300
19.265500
21.720600
23.034500
21.132600
20.756900
22.801100
21.094500
23.773900
22.656800
23.808000
22.072900
21.426000
24.035500
22.657500
23.680200
25.577800
23.705700
31.018100
26.974300
29.478500
23.924800
27.408600
27.095600
31.466800
30.115400
25.304000
30.719400
28.836400
29.390500
24.416100
25.573100
19.412800
22.756800
27.071300
30.328900
23.098800
20.407900
21.497200
23.762400
21.429800
20.724300
24.027800
22.463900
20.570300
16.884000
20.901900
17.482500
17.438700
17.459500
16.418900
16.810800
17.431600
18.662600
15.787900
13.324500
11.755200
10.150500
10.037700
9.550550
10.352900
9.577080
8.179180
6.823440
6.462360
6.832590
8.515540
10.076200
7.573710
5.605480
