3.535700
4.502530
6.670480
3.777970
5.566850
6.538190
5.397150
5.932100
5.375210
5.568540
5.097660
5.365990
6.005660
5.053480
6.386200
5.651420
5.816810
5.158610
6.271600
5.324890
6.179280
5.508540
4.822990
5.888860
5.798180
4.307690
5.144510
4.897760
5.114230
5.752450
5.589180
4.404200
3.037690
4.370210
5.056040
4.679320
4.045710
4.205920
4.518330
3.559830
4.284570
4.027430
4.065340
5.452120
4.725830
5.328120
4.621880
6.760150
4.779050
5.806730
5.820410
3.751960
3.888720
4.155030
2.994010
3.918190
4.676010
4.134550
4.389470
3.844950
4.881790
4.271840
4.867990
6.229780
5.392740
5.209490
6.274240
5.869410
6.442290
6.533790
5.623120
4.841740
6.032850
6.319250
6.272240
6.104310
6.652340
5.416380
5.051650
5.485670
5.713810
4.928010
5.484620
5.138200
4.856320
4.721770
5.322610
5.040230
5.083530
5.969120
5.837240
5.002200
5.966830
5.969510
5.630730
6.820300
6.659790
6.625180
6.248750
5.965650
6.972900
6.794500
5.842650
5.991490
6.004610
6.152080
6.394120
5.650950
6.441190
6.456210
6.042040
6.490270
5.375100
6.917540
6.398800
7.119000
6.354100
7.416450
7.042690
7.667140
6.274480
6.714920
6.496070
6.924660
6.560260
6.493700
7.580840
6.996510
6.590100
6.138160
7.084680
6.809140
6.457250
6.852460
6.633100
6.264080
6.813410
6.195550
6.402260
6.701800
6.559830
6.693750
6.520330
7.442640
6.709540
6.983750
6.644870
6.764600
7.464300
6.509640
7.532790
6.324360
7.049620
6.807510
7.141090
6.808100
7.157860
6.913740
7.505520
6.879500
7.448570
7.509790
7.309180
7.080950
6.991890
7.630780
7.194350
7.922990
8.387210
7.239160
8.174490
7.687190
7.355670
7.418240
8.348370
7.365330
8.436100
8.087510
7.584660
7.565840
9.104770
7.565710
8.571190
8.318940
7.764750
8.063660
8.217120
7.769240
8.398280
7.430150
8.899370
8.817860
8.090670
8.581090
7.519640
7.588990
8.575490
8.565850
7.781780
8.118770
8.164480
8.651000
8.427150
8.717920
8.762390
9.249880
8.486350
8.339560
8.812830
8.572350
8.005720
9.548870
8.291890
8.766080
8.754410
8.241820
9.229260
8.577240
9.125740
9.527810
9.049210
8.760950
8.156490
8.170360
8.217220
8.774780
7.871930
7.867950
8.192840
9.480160
9.398730
9.118960
7.781290
8.724720
8.853140
9.667870
9.777600
9.486300
11.057200
8.389310
11.043800
9.359190
9.932890
9.627720
7.837240
8.480120
9.070300
8.914240
8.736920
9.032630
9.181810
8.765900
8.665770
9.254990
8.493600
8.885930
8.806800
8.807920
9.375580
8.508470
8.464740
8.780010
8.398220
8.143290
7.878750
9.382800
8.793030
9.443910
9.866850
8.653410
8.251090
8.438380
8.058090
8.212570
8.434460
8.541030
9.082180
9.120080
8.415160
8.986680
9.207190
9.259380
8.737080
8.229660
8.803060
8.764830
8.622660
8.995820
9.038030
8.065490
9.024890
8.480860
8.359310
8.892610
9.820220
8.951480
9.205530
9.803730
9.767860
10.568100
10.097000
10.117000
11.049400
10.501300
10.484600
10.565200
10.820100
11.909700
10.967100
11.669500
11.162500
12.004700
11.937300
11.868900
11.688000
12.669900
12.272300
11.738700
11.722900
12.358800
11.846500
12.342100
11.800000
13.251800
12.940100
11.224000
13.569600
12.793000
12.633400
12.773300
11.856500
12.176300
11.948700
12.206900
12.404700
13.538400
12.814600
14.795600
12.505400
13.253900
13.637800
14.103700
14.545200
15.148700
15.478800
15.945200
13.703100
14.658000
15.106200
14.571800
12.466000
13.090600
14.117600
13.413300
14.945700
13.493900
13.357400
12.988700
13.236200
13.969600
13.337800
14.163800
14.599600
13.572300
14.834100
14.084200
13.129100
14.066600
15.090900
14.075600
14.679200
13.676400
13.581600
14.911700
13.581600
13.332400
12.518800
13.461600
13.168400
13.281400
12.273000
13.541600
10.750300
12.149700
14.452300
13.388600
13.206400
14.208700
12.610100
11.628600
13.461700
12.311500
11.496800
11.854000
16.092800
14.465000
15.428300
18.115700
10.793900
16.341800
9.979570
14.035600
15.192800
10.932400
9.402880
12.367700
10.045700
9.987590
10.628700
11.251700
12.024700
10.866700
12.794900
12.135700
12.265200
12.521300
15.069500
12.480100
13.677000
15.089300
11.715700
11.529600
9.641860
12.963000
13.856300
12.735800
17.892400
14.324700
12.344600
14.585900
13.153800
12.686300
11.704100
14.488700
13.577800
16.130500
17.499200
18.186600
19.650100
16.764100
17.793300
17.818900
17.564100
19.420400
18.990300
20.883600
17.275400
15.801600
15.938700
16.973000
15.490500
15.011100
19.153300
17.644300
19.155600
17.707300
16.409500
14.648500
15.266900
15.189600
15.479800
13.761500
16.999500
16.990000
15.681500
16.868100
15.420900
15.010000
14.406900
17.394800
16.343100
17.822900
16.729900
16.755800
17.333400
19.447600
16.131500
17.565600
16.510000
16.460000
18.053100
17.925300
19.315500
17.331000
17.133500
18.916400
16.058900
20.529700
18.584200
20.930300
20.934600
18.871800
19.778100
19.011600
17.276400
18.625900
15.718200
16.259400
18.739600
16.712100
19.681000
21.611100
25.320600
16.360900
21.386300
22.233800
17.305300
16.998500
18.757600
18.780800
20.331600
19.090300
13.233400
19.335400
18.877800
13.634700
15.173600
16.899600
16.855200
14.602400
14.796800
14.858200
16.816000
17.882500
17.092300
11.248800
13.692900
11.549400
9.892410
12.597300
17.964400
14.228900
17.845200
15.000700
19.478000
12.784500
