5.774630
6.504620
7.348180
9.228980
17.322600
22.532100
15.483200
16.607800
23.331700
20.160100
13.762700
12.244100
11.010300
9.384530
11.079200
10.459900
10.119400
18.859900
18.438400
19.414800
16.004000
15.205000
15.682900
15.018500
13.752700
13.714900
17.714000
16.112600
14.203500
18.259000
17.085200
16.679600
13.720000
14.998300
15.096000
14.650500
14.444400
15.734100
15.142700
14.856600
16.089400
12.370000
16.094900
15.710900
16.974900
15.276800
16.937100
16.067700
15.362600
14.507800
16.838800
15.356200
13.897500
15.514100
15.872700
15.069300
15.860000
14.775300
14.156500
15.640600
16.021500
16.487300
14.392700
14.959500
14.734000
13.859700
16.555200
15.496600
17.478300
12.708600
14.637200
17.039200
15.575000
14.580400
14.838000
13.379800
17.772900
13.923600
17.737400
13.959200
13.497400
14.493200
15.479400
15.130100
11.910300
12.929600
14.614400
17.070300
13.406300
15.019800
13.110000
12.859700
11.934500
13.903600
14.560800
15.276100
13.309300
15.407100
12.866300
14.102400
14.175900
12.605000
13.739300
13.179300
11.739600
14.802300
12.729100
14.171600
12.237300
11.190900
13.076500
11.953200
12.366000
12.066100
13.464900
11.699700
11.717800
11.088400
10.960700
10.055600
11.452300
11.562000
9.305710
9.979550
10.055400
8.464150
11.476400
9.640320
9.187360
8.537710
6.649600
9.514930
7.434990
7.568640
8.503370
7.441050
8.661690
9.457880
8.953790
6.818890
7.479840
8.126260
7.954480
7.953860
7.290710
7.722280
6.995020
6.713770
6.408650
7.349450
5.673400
5.406430
4.837590
4.512360
5.747760
5.385740
5.649840
5.046710
4.513630
4.654860
3.912320
4.372130
4.481260
3.752790
3.806380
