3.680560
4.007010
3.606590
3.484950
3.688070
4.002180
4.079210
3.660270
4.740050
3.652240
3.827190
4.042710
4.278400
4.309240
4.323180
3.151950
4.518450
3.434970
3.325880
3.604240
3.047360
3.024490
4.415740
3.797590
3.794960
3.148560
3.713020
3.807060
3.477160
3.259110
3.609640
3.708280
4.246860
3.736340
3.286510
3.020710
4.267980
4.676680
4.640370
3.640720
3.704150
3.595870
3.741110
3.245470
3.689010
3.693200
3.514080
3.302240
3.003370
4.044690
3.808470
3.772870
3.220030
3.097090
4.670690
3.556080
3.720560
4.201700
4.146380
4.082300
3.988150
3.476430
4.464500
4.395880
3.940360
3.815840
3.334160
3.235940
3.827110
4.336860
3.383170
4.569950
4.075080
4.187500
4.228570
5.563410
5.767660
3.817860
4.636670
3.655500
3.586900
3.591740
2.929390
3.198970
3.258380
4.291590
4.151660
3.047490
4.539430
4.208890
3.992810
4.376680
4.204000
3.532950
2.514280
2.775480
3.320650
4.102440
3.889040
3.804070
3.864890
3.026300
3.994320
6.096050
4.477700
3.324860
3.289070
4.322400
4.753400
5.419960
3.681440
4.817750
3.364070
4.867240
4.462200
4.065520
3.415570
3.193990
3.357710
3.780570
3.343030
4.447300
3.136480
2.596560
3.271210
2.634760
3.909710
3.285510
3.376500
2.748070
3.416200
2.979610
4.177770
3.339710
2.408540
3.726840
4.482200
3.731880
3.686340
3.620360
3.747030
3.473250
3.672380
4.617770
3.252540
5.227180
4.308900
3.460960
4.851640
3.833300
3.803380
3.869390
3.998620
5.038950
4.391070
3.817260
4.442070
4.914040
4.306600
4.328230
4.191120
5.449940
4.896260
4.451260
4.669700
3.766380
3.532240
3.919810
3.105440
3.704950
3.673830
3.504810
3.178270
3.446840
4.725060
4.133680
3.834130
4.529890
4.521710
4.302180
5.302460
5.054740
5.259470
5.698940
4.541470
4.831320
4.298000
6.060130
5.676380
5.053080
4.690410
5.167430
5.502140
5.029540
6.666900
5.797270
4.927040
6.085880
5.378990
4.417400
5.946030
5.372820
4.749490
3.801840
5.105630
5.242070
5.551330
5.663760
6.217610
5.747650
6.559610
6.573910
6.869800
6.701350
6.830980
6.417350
6.448980
6.207830
6.123190
6.219480
5.884180
6.665800
6.281540
6.050830
6.084230
6.254030
5.581430
6.754810
7.629670
7.667780
5.244420
6.134520
6.140050
6.046960
5.714990
6.177800
6.108070
6.098590
5.934180
5.584100
5.896120
6.197800
5.825070
6.184430
6.085040
6.603510
6.246970
6.779120
7.543070
7.867660
7.274890
7.408820
7.016090
6.876860
7.044040
7.183890
7.591930
7.098960
7.113700
8.003150
7.402420
8.300770
8.300540
6.346320
4.893230
7.965040
7.516670
7.087800
7.652750
7.357730
8.817800
6.086610
7.944110
7.159730
7.424580
7.532850
7.539980
8.478290
6.585540
8.272970
8.412470
8.183910
8.301380
8.432070
8.089170
9.662210
8.129750
7.643630
8.389840
8.045810
8.976870
8.039950
4.166580
4.217500
7.514980
7.679910
6.086030
7.532110
7.155340
6.968960
7.084270
6.739810
6.607520
7.418800
6.530820
8.482470
6.121650
7.094890
7.224060
9.540420
4.755290
5.409420
6.548140
7.623280
7.640830
7.309940
4.643650
6.694600
7.414560
5.468590
6.648470
5.873550
6.923080
5.231560
6.554580
6.336720
7.280540
7.937520
7.546240
7.208330
5.841820
5.941730
8.330130
6.635510
4.141810
6.075250
7.074780
5.660010
7.159910
4.934830
6.996190
7.769020
7.063600
3.046480
2.788680
2.830830
3.632250
4.630550
4.472820
3.679800
2.890910
3.702700
5.107910
3.537460
3.673130
3.048030
3.401960
3.720180
3.658920
3.727050
4.631670
5.107450
3.552730
3.614520
4.419970
4.983780
3.596660
3.320030
3.521240
3.679270
3.314380
3.537060
3.714560
3.552730
3.463330
4.158550
4.351400
4.605690
3.566320
3.458150
3.654130
3.959650
3.932890
4.132020
4.158270
2.749880
2.628340
3.443100
2.476400
3.494460
3.570830
3.543950
3.283980
3.032880
3.633590
3.185460
2.919760
