2.400770
2.233350
3.199010
3.598850
3.484310
3.307200
4.036910
3.945810
3.675090
3.272740
3.104840
3.004870
3.121450
3.800150
3.531260
2.373860
2.407720
2.332320
2.848970
4.350820
4.131480
4.911950
4.296380
3.898560
3.136040
3.267970
2.757430
3.935640
4.062380
3.350460
3.403520
3.040490
3.468820
7.227500
6.844210
5.642770
5.337230
5.750440
6.016520
5.834540
6.815390
7.030370
6.202040
6.054070
6.873310
6.181460
8.214290
7.869500
9.012080
7.887520
9.285680
8.205150
7.736810
7.571300
8.179870
8.322410
8.620100
8.813170
8.473860
9.414180
8.919400
8.896740
10.788100
10.392000
9.893990
10.235200
9.540370
9.615660
11.428700
10.517100
11.117400
10.803200
11.283200
11.389300
11.266500
13.152000
12.416900
12.087400
12.922700
13.445100
13.684000
12.340000
13.857600
15.633100
13.719600
13.687300
13.364200
13.874900
13.265800
14.456600
15.020800
13.043700
14.935100
15.149900
14.256400
14.481000
10.328600
8.121500
8.526000
14.098300
15.365000
12.925700
12.128900
10.831800
12.026200
9.281930
9.168700
13.810600
16.441300
16.997600
18.028700
13.089200
12.817100
10.849900
15.500700
16.642400
16.331200
11.693600
16.696900
18.138200
17.130800
12.482300
17.993600
11.090800
20.222700
19.067100
20.175000
17.427100
20.232800
17.688900
12.878400
9.622270
12.202000
13.240000
18.434000
13.405800
11.653700
17.502100
20.738800
19.930100
19.605700
16.741200
21.444600
21.023300
17.796000
15.419400
14.260800
11.523100
18.563000
21.285100
13.984700
16.127700
12.593000
21.964900
16.035200
25.986000
15.322800
22.223600
20.646300
27.599000
46.230200
17.734700
24.577600
19.861300
13.445700
14.661000
17.192200
17.538100
15.806800
17.713700
19.162700
18.868600
18.012800
16.907700
17.209300
18.683400
16.094200
17.591200
20.110400
20.304000
18.544500
18.966500
21.716900
19.691400
18.426000
19.079500
18.410200
15.999200
16.211100
15.868200
16.474300
17.697200
17.542600
17.032800
17.233600
19.570100
22.644400
24.562700
21.268800
18.811200
20.611900
17.928400
19.697200
20.509400
20.879600
25.138700
18.883200
25.279100
20.650200
23.018700
14.963600
12.815500
10.259400
10.826900
8.487970
8.041790
