2.968720
2.995740
3.014380
2.874750
2.935500
3.113660
2.885180
3.251270
3.505920
3.182830
3.439830
3.387510
3.151820
3.790470
3.725050
3.468140
3.211120
3.594360
3.597260
3.700760
3.647500
3.754650
3.614670
3.639640
3.639960
4.011430
3.886520
3.946920
3.786740
4.206540
3.972950
3.716230
3.749220
3.836630
3.728190
3.809970
4.228600
4.113360
4.105100
3.875920
3.920580
4.003380
4.165620
4.108500
4.281370
4.375250
4.483000
4.271530
4.625150
4.537080
4.771170
4.895170
5.086080
5.300100
5.217510
5.341370
5.394010
5.255630
5.492510
5.275640
5.112560
5.377860
4.963580
5.733730
5.738970
5.324130
5.443610
5.505490
5.510760
5.414520
5.710140
5.637160
5.975020
5.960670
6.023520
6.076670
5.776000
6.057220
6.027650
6.263710
6.003110
6.454160
6.410360
6.551160
6.838950
6.864840
6.855080
6.868560
6.686010
6.582270
6.914550
6.881420
6.789980
6.779810
6.872110
6.887300
7.063800
7.201430
7.619760
7.470010
7.239180
7.725330
7.907090
7.820320
7.620660
8.752680
8.534420
9.577090
10.286500
9.320150
7.981360
7.091120
6.816600
5.740810
5.914590
5.831210
5.951580
6.745180
6.908090
6.044240
5.723630
5.793210
5.448250
5.282220
5.241360
5.190260
4.832460
8.218710
9.656120
9.610540
9.137420
9.100370
9.066210
8.524910
9.220540
7.488390
7.318230
7.430580
8.003830
6.526700
6.768230
6.428890
6.200220
6.436470
5.262020
5.968960
5.559270
5.810900
5.419520
6.307650
6.895160
7.215790
6.463630
6.371940
5.957370
6.204500
6.230700
6.145410
6.072850
5.713020
5.802110
5.931670
6.332070
6.195070
6.292400
6.603800
6.083570
6.021720
6.020240
6.630620
6.212670
6.298460
6.250170
7.700050
7.581900
7.704550
9.185630
7.530620
7.074360
7.331400
7.380650
7.401890
7.246870
6.341830
6.617440
6.530610
5.555990
6.833190
6.265510
5.879270
6.029770
5.997950
6.181020
7.040290
6.794320
6.132650
6.424830
6.165020
6.728730
6.358390
5.713390
6.205940
6.615170
6.181820
5.732690
5.968280
6.296140
6.039860
5.860150
5.915510
6.456960
6.478170
6.366040
5.900760
6.291920
5.915480
6.141630
6.933330
7.065600
6.598700
7.020050
6.935120
7.593270
6.605610
7.013560
6.972910
6.701750
6.421880
6.507400
6.864610
5.915590
6.433920
6.985300
7.126570
6.995030
6.009260
6.008600
6.294510
5.961140
6.287910
6.582560
6.251580
5.847840
6.245180
6.926800
6.716010
6.841920
6.985470
6.217360
5.974100
6.560400
6.741840
6.855700
7.542380
7.669640
7.951170
7.747330
7.991510
7.164340
7.126670
6.135020
7.042990
7.176750
6.658510
6.543410
5.864870
5.727990
6.168860
5.537370
6.048280
6.253020
6.428890
6.498870
6.031840
5.919470
6.849030
6.616880
6.422260
5.742770
5.797670
5.500900
5.515520
5.510930
5.271260
5.510570
5.472960
5.182020
5.165430
5.224730
5.779600
5.528020
5.834100
5.427110
5.401890
5.968150
6.012530
5.408770
5.346390
5.627440
5.963750
5.575510
5.560170
6.079600
6.124680
6.412380
6.266830
5.770600
5.868250
5.895930
6.200430
6.297970
6.005360
6.100460
7.691170
8.135160
6.733440
8.063920
8.278720
8.762330
9.478860
10.266800
10.047000
9.622810
8.182950
9.235210
9.184170
9.687250
9.474760
9.290240
9.121490
10.433400
10.205100
9.882840
10.313100
9.984570
9.925410
9.159690
10.639900
10.688300
10.419900
10.559900
10.609100
10.355100
10.667000
11.683500
11.182700
10.719100
11.733800
11.411100
11.951700
13.285700
13.564100
12.458400
12.631700
15.231800
14.221700
12.982000
14.662700
13.709800
13.684700
14.007700
12.480900
13.525400
14.927200
14.981000
13.178400
15.624700
16.244600
17.418300
16.730100
13.907300
16.571500
17.274500
17.432300
17.895700
16.715600
17.963600
18.313100
17.210900
14.707300
16.245400
17.251500
15.886100
15.755100
15.643600
16.974900
13.139200
14.905900
15.146800
13.685800
12.305400
13.102900
14.211700
15.059200
15.897400
16.085900
15.971100
15.858900
14.705400
15.623700
16.157800
13.983000
13.662900
14.990900
15.028700
15.766600
15.272700
15.565000
15.114200
14.680000
17.069100
17.573500
19.115500
19.036400
17.590800
18.731900
22.150500
18.285400
21.309100
21.623700
24.685000
22.509500
21.255300
23.454100
21.829300
18.615900
20.749600
18.652700
17.468600
17.651500
18.359000
16.627100
17.244900
17.638200
16.671200
17.177200
17.700900
17.828800
17.789400
18.555400
17.048100
17.695300
18.300500
17.439200
18.445300
17.509700
17.861300
17.383100
17.816300
18.016600
17.337800
17.159000
18.390500
17.498200
17.705900
17.026600
18.785600
18.492700
17.078200
16.887900
17.418600
17.379200
16.661000
17.124300
16.668600
16.881900
16.806600
18.112400
17.725600
18.354400
16.746800
17.387100
19.555900
17.283500
17.773700
18.096800
18.068500
18.716600
18.514500
19.946100
17.756200
19.750900
20.192000
18.488400
19.324500
18.365400
19.313500
19.043400
18.779000
19.582200
18.565900
19.088000
16.877500
15.188400
16.814600
16.665300
18.134700
16.205200
17.360200
18.977800
17.383000
19.165500
16.707900
17.710300
17.859600
17.751000
17.792600
17.516400
17.407400
18.686900
18.069000
19.089500
18.875800
15.918000
17.203500
17.092000
16.932700
16.034800
18.341100
15.860900
16.442900
16.898500
15.934200
14.940400
16.249200
15.893800
15.530300
16.893500
15.874900
15.578300
16.527000
15.540800
16.035400
15.386700
14.468300
16.112200
16.597000
16.248100
14.499700
16.096400
15.979900
16.175300
15.231700
15.585000
15.020600
15.938200
16.613100
17.689900
17.223500
16.677900
15.257100
14.718500
16.578300
15.624500
16.043900
15.752300
15.627300
15.388600
15.625800
14.390000
15.968900
15.629800
14.979600
16.292800
16.051200
15.079400
15.285500
15.411300
15.357100
16.605700
15.339600
17.161100
15.317700
15.144400
15.310100
15.972200
16.073300
16.108000
16.056300
16.308000
16.909800
17.864500
16.398800
16.529200
17.733700
16.876800
17.078400
16.155400
16.348500
17.603900
15.500200
15.866300
17.116300
16.252500
16.394300
16.456400
17.995500
15.484200
16.427600
17.716900
14.893600
18.434700
16.855800
16.720700
17.904800
18.017600
16.610500
15.958700
19.273700
18.842400
19.497500
18.549000
21.927800
16.861700
19.705700
20.026900
19.448200
20.341200
19.354400
19.805800
18.016800
16.626000
18.392100
18.223800
20.272800
18.538800
19.025700
19.600300
18.187500
18.711500
21.139300
18.335100
19.063500
17.216100
17.254800
19.924700
18.990000
17.396200
16.506900
18.210900
18.494200
16.699200
14.719200
15.868600
14.676500
14.921400
17.148100
17.513300
15.090000
15.223600
15.992600
15.191700
14.907400
13.721000
14.686700
14.859600
15.290400
16.503000
16.510900
15.591100
17.203000
16.463200
16.631300
16.834300
17.005200
17.465400
18.652500
18.088700
17.540600
17.950400
18.290700
15.717300
18.680200
15.978800
17.269500
16.930100
17.079700
17.128300
17.663400
16.707300
16.654500
18.073900
16.609400
17.632000
18.098300
18.020100
18.158200
17.967200
15.523100
16.108800
18.791800
17.436400
16.472200
17.646000
14.710400
16.332700
14.664200
16.248800
16.350500
15.016500
14.814900
15.590500
15.114700
15.732400
17.725500
18.075500
19.489500
17.901100
17.800700
15.392300
16.939200
18.248900
15.457300
15.624300
16.520500
17.063800
16.353800
16.055400
16.937000
16.760600
17.953000
17.963200
19.922600
17.626900
18.902700
18.881700
18.347800
18.206400
17.491100
18.105800
15.319200
17.475900
16.610800
16.686500
14.779400
15.870400
16.056300
14.810300
15.681500
15.090200
14.781600
15.111700
16.047200
16.150300
16.334400
16.223200
16.909100
13.234500
13.549100
13.093500
11.702400
11.685900
10.906100
11.806500
11.227200
11.598700
12.093600
13.388300
13.021800
14.380100
13.695900
12.801400
12.223100
12.824000
13.301200
16.829900
16.598100
16.587800
15.505000
17.328700
19.488800
17.178800
17.025500
20.234800
6.690610
6.341030
6.482960
6.582620
