6.657330
6.564590
6.329790
8.476940
7.051800
6.870360
7.720570
7.873990
6.962840
7.036770
7.219390
8.476460
7.974180
8.094960
8.431430
8.065040
8.300360
7.785490
9.086660
9.629980
9.557250
7.855700
8.385740
8.994850
9.598900
7.722580
8.347450
9.606980
9.273140
8.867230
9.044030
9.381310
11.829600
10.851100
10.081700
9.850200
11.093100
10.685300
9.517190
10.548200
9.064540
12.472300
13.278700
10.687400
9.496190
11.210100
11.926200
11.034900
10.617800
9.264330
8.870350
13.142300
9.543130
9.854880
9.706060
13.842300
13.286600
11.221500
9.990310
8.800920
13.780600
13.926000
14.998100
12.808600
9.967660
8.712070
12.372400
15.375700
17.448300
10.095000
9.602840
12.958700
15.281200
13.242400
9.793210
9.656050
13.323900
16.127600
16.240800
9.460780
17.104400
16.649400
13.947800
9.039440
9.458510
14.622800
14.057700
8.334780
9.800200
14.696800
14.487400
10.348900
7.957330
13.156200
12.715300
7.995980
8.841540
8.152670
12.947500
8.094520
8.038410
12.833300
14.274400
9.021820
7.312620
8.030150
15.849900
7.894670
8.796400
8.797470
13.084600
14.712900
7.625610
7.935550
9.345560
7.762140
8.028220
8.695350
11.220600
7.464620
8.048900
10.340800
8.915640
7.877710
7.883660
9.961420
7.657940
7.470620
7.028710
11.879800
8.267150
8.048640
7.884090
7.729340
8.212520
7.332060
7.734480
7.917880
8.126360
7.461350
7.697140
7.805450
9.589740
7.431830
8.012760
8.052940
8.777460
7.588820
7.544630
9.512600
8.632860
7.382320
8.117550
