4.531130
4.348160
4.573830
4.472650
5.036070
4.578950
4.636910
4.815090
4.744120
4.641850
4.665310
4.727300
4.681300
4.829510
4.570820
4.641490
4.643500
4.726150
4.676630
4.693140
4.647640
4.343990
4.605710
4.942370
4.799090
4.676260
4.922200
4.816250
5.248510
4.929840
5.091490
4.951000
5.019510
5.799860
4.848870
4.812220
5.199910
4.540460
5.251830
4.875700
4.997030
5.234470
4.838430
5.210020
5.269680
4.932970
5.279180
5.755260
7.288570
6.902170
6.591510
6.525320
5.987060
5.721400
5.543490
5.744560
5.466740
5.614090
5.336460
5.943530
5.051040
5.928920
5.298610
5.630830
5.120490
5.629200
5.846460
5.654910
5.947990
7.677830
6.047490
5.789870
5.672220
5.628590
5.731310
5.656570
5.571820
5.807020
5.527110
5.544940
5.067610
5.119650
5.039120
4.774800
5.798770
5.543270
5.489580
5.327070
5.261940
5.447680
5.577980
5.476350
5.244680
5.376840
5.660280
5.155910
5.078300
6.207470
5.728600
6.074420
4.949310
5.202450
6.556520
5.376080
4.953630
5.549980
5.282090
5.651710
4.628480
5.485910
5.037700
4.024550
4.427340
4.037470
4.516490
4.289610
4.327380
4.455700
4.294640
3.367960
3.741770
3.814770
3.775960
4.091800
3.596540
3.644940
3.084950
3.384540
3.865230
3.733290
3.802770
3.485480
3.530770
3.685100
3.847080
3.611030
3.479100
3.311740
3.289230
3.211250
3.057630
4.227070
4.023600
3.887940
4.644350
3.724110
3.139480
3.449940
3.624490
3.584030
3.414560
3.195460
3.427900
3.683330
3.425200
3.915320
4.264370
3.354870
3.834970
4.022110
3.270510
3.548350
3.692760
3.840720
3.182710
3.334400
3.315740
3.490740
3.061790
3.439430
3.752520
3.201610
4.037350
3.607920
3.402000
4.330980
3.255800
3.616700
3.740720
3.765970
3.164350
3.528650
3.854610
4.005930
3.852600
3.428120
3.820420
3.989130
4.594840
4.009340
3.944830
3.978400
5.058090
5.160540
4.516890
4.784550
4.860540
4.825590
5.007920
5.235190
5.130230
4.654440
4.991130
4.882210
4.905900
4.828040
4.948760
4.879160
4.772160
4.656500
4.697730
5.153390
5.177260
4.543700
4.620380
4.489420
4.774130
4.383850
4.483010
4.381880
4.465880
4.481310
4.360920
4.699720
4.979140
5.081080
5.770710
5.282920
5.430570
5.164500
5.647610
5.710120
5.381760
5.270000
5.258240
4.684550
4.977380
4.879030
5.076470
4.588010
4.885260
5.059490
4.791080
4.912700
4.502840
4.796600
4.800600
4.456810
4.450280
5.112510
5.593090
5.743060
5.383440
5.297670
5.367480
5.504880
5.425230
5.690830
5.874680
5.253820
5.326110
5.134820
6.481260
4.553930
5.751660
4.278540
6.996380
6.370200
7.013030
7.342230
6.954250
6.299820
7.095190
6.980700
6.152590
5.676750
5.891420
5.626690
6.042910
6.371920
6.449090
5.805500
6.159440
6.044600
6.467860
6.897500
6.579810
6.810240
7.193830
7.392680
8.552680
7.991140
7.506550
7.931200
7.818950
7.153240
7.846040
8.531580
7.695560
7.964150
9.034610
8.292680
8.256030
8.859800
7.608120
8.004610
8.441710
7.058690
7.247860
6.885900
6.515080
7.512520
6.201060
6.985380
6.471330
7.269650
7.463140
6.756400
7.610740
7.204550
7.651120
6.563640
6.847150
6.509970
6.924730
6.639740
6.710390
7.013020
6.513100
6.923920
6.988280
7.409200
7.168600
7.354100
7.227670
6.675730
7.277940
6.940360
6.595520
6.631330
7.105960
6.988780
7.016000
8.025140
7.337470
7.110780
6.800690
6.657440
6.715010
7.429920
6.781690
7.579530
6.004560
6.366000
6.977180
6.950380
7.470010
7.694340
7.429920
7.260600
7.390450
7.700550
7.744710
7.105620
7.562640
8.055560
7.524060
7.334480
8.306290
7.586460
8.164580
8.732410
10.291100
9.521210
10.598100
10.990600
12.243900
10.447300
10.372000
10.442100
10.162900
10.698400
7.270320
12.141700
8.440600
12.682000
8.396670
9.367190
9.726210
8.254950
8.467640
7.301240
9.036370
5.579320
8.868450
9.138630
9.565030
7.456120
7.311800
6.009460
8.122050
6.740750
5.741370
6.199580
8.015570
8.649250
6.587620
8.672810
8.659530
8.440510
9.100350
7.416430
7.453720
8.587700
8.141570
8.715990
8.202780
7.719170
8.354780
10.535500
10.509500
11.488400
11.193000
10.202600
11.803700
10.069800
11.769300
10.302500
11.387700
12.065700
12.709300
11.268900
12.783100
10.829600
10.667400
10.102400
10.811600
11.339500
9.627460
10.815200
11.670300
10.785100
11.332100
10.819800
9.977760
9.262220
8.859840
10.143800
8.950480
9.527980
9.174830
9.671570
9.069090
9.749960
9.255950
8.422210
8.260760
8.346310
9.036160
9.371430
9.721730
8.798360
10.326900
8.356680
9.970240
9.397950
9.219410
10.065400
9.792930
12.116800
8.678150
10.146100
9.169160
10.339400
10.772000
10.930600
15.061600
11.204000
6.064300
8.691840
15.237900
12.331300
6.546040
10.967900
8.428750
12.873200
8.805950
9.890210
12.479000
10.346900
10.340900
10.765200
9.021550
11.216000
9.294890
10.409300
8.101860
12.810600
11.581800
11.589100
11.363000
11.829300
9.085020
7.818700
10.421100
11.785800
9.644880
