2.117100
2.131180
2.336110
2.072530
1.716200
1.831680
2.147000
2.274100
2.051810
2.215270
2.581490
2.480540
2.376360
2.368170
2.034880
2.659430
3.040230
2.562810
2.605470
2.773180
2.788040
3.081060
3.374430
3.243440
3.529360
3.579350
3.496450
3.752780
4.430160
4.645350
4.677180
5.063860
5.617610
5.916350
5.811830
6.648500
7.697760
8.278210
8.792870
10.078000
10.073700
10.063000
9.252190
8.584210
7.903350
8.195000
8.434660
8.129780
8.547950
8.300270
8.297900
8.783800
8.244660
8.130140
8.087810
7.905760
6.956660
6.993940
6.798980
8.079800
8.090560
8.194800
7.620570
7.314320
7.913370
7.969010
7.585090
8.728170
8.521560
8.743740
8.412840
8.639890
8.936890
9.460970
8.829400
8.805910
9.489060
8.671770
9.440790
8.839600
8.688540
8.778860
9.811220
8.964010
8.507720
7.234060
8.347310
8.958830
8.469440
8.087670
8.332540
8.099380
7.696710
7.846420
8.108350
7.263820
7.394830
7.378940
7.596510
6.633180
7.000860
7.028370
7.132180
6.623080
6.676660
6.639150
6.813070
6.910610
6.306870
6.281480
6.707110
6.185690
6.232460
6.032180
6.204400
6.098100
6.312200
6.051850
6.090310
6.384320
6.437600
6.116430
6.190910
6.107960
6.273100
5.963720
5.972140
5.813950
5.544620
5.630590
5.639140
5.517070
5.491890
6.038650
5.710550
5.780710
6.024460
5.594170
5.933840
5.520710
5.335620
5.494180
5.324830
5.406920
5.817010
5.254250
5.765070
5.784660
5.639020
5.389620
5.826690
5.499930
5.523580
5.723050
5.669400
5.359900
5.174510
5.417570
5.537780
5.520610
5.376640
5.554090
5.365470
5.248650
5.613830
5.195340
5.210860
5.064550
5.057570
4.927200
5.290340
5.082370
5.143600
5.315390
5.163210
5.118690
5.040100
5.033590
5.188210
5.074640
4.870300
5.329040
5.123930
5.129080
5.204610
5.042850
5.203320
5.044240
5.094060
5.287910
4.738910
4.862710
5.363630
4.909860
4.968080
5.166580
4.924090
5.093320
4.518360
4.921060
4.826440
5.019280
4.942550
4.826160
5.103130
5.034590
4.980650
4.951770
4.869230
5.021770
4.962620
4.987330
4.998740
4.978330
4.861190
4.955370
5.363530
5.170550
4.321910
4.973880
4.920530
5.121000
5.121450
5.028520
4.988810
5.128100
5.304780
5.087990
4.721110
4.905530
4.959090
4.963900
5.023700
4.702240
4.992060
5.039290
4.876670
4.773170
5.184790
5.043330
5.366210
5.075250
5.158250
5.184040
5.079600
5.016050
4.928360
5.285490
4.819420
4.728580
5.014080
4.883060
5.104330
5.518680
5.358350
5.339640
5.243400
5.144420
5.140720
5.381050
5.435880
4.949450
5.080460
5.274190
5.465430
5.169870
5.252850
5.562490
5.452940
5.241890
4.899570
4.905970
5.233230
5.057720
5.023230
5.178800
5.092300
5.507460
5.364520
5.294070
5.132660
5.214710
5.494120
5.360740
5.243790
5.183330
5.646330
4.986870
5.266090
5.338180
5.002020
5.071620
5.154410
5.431390
5.212790
5.316670
5.363540
5.255790
5.024930
5.589980
5.181000
5.414930
5.363470
5.590930
5.484740
5.770320
5.434760
5.508990
5.253430
5.345140
5.502530
5.273800
5.304500
5.293150
5.882380
5.643830
5.582480
5.464930
5.584160
5.602960
5.593270
5.572850
5.812520
5.896300
5.476600
5.655190
5.847030
5.306060
5.512470
5.550860
5.470210
5.697860
5.635280
6.283010
6.173150
6.041360
5.887640
5.747700
5.737340
5.762350
5.709020
5.757880
5.827220
5.651940
6.048880
5.941280
5.965120
6.130270
5.846990
5.992350
5.943100
6.082860
5.974290
5.802480
5.936090
5.820990
5.874480
6.122180
6.077600
5.887200
5.817740
6.113900
6.153500
5.847550
5.979020
5.665870
6.280810
5.923610
6.038950
6.055700
6.452760
6.332460
6.206720
6.346750
6.520990
6.060950
6.037120
6.141720
6.100290
6.378100
5.979190
6.170710
6.355200
6.214650
6.182590
6.450230
6.211490
6.498710
6.372130
6.174940
6.303570
6.548000
6.115190
6.451780
6.482550
6.382920
6.135470
6.254610
6.233110
6.408650
6.123630
6.345940
6.376810
6.511430
6.504470
6.526340
6.466570
6.766630
6.408220
6.330570
6.467660
6.308190
6.602720
6.665630
5.726120
6.365610
6.651450
6.899090
6.205890
6.721220
6.639320
5.785860
6.299850
6.612990
6.857100
6.691260
6.776660
6.651820
6.786270
7.104460
6.689090
6.587480
6.697320
6.993630
6.907630
6.983050
7.031330
7.068990
6.775360
6.924110
6.982300
6.363480
6.562170
7.213940
6.930490
7.408580
6.931370
6.783900
6.805390
6.605740
7.214850
6.921690
6.761620
6.829740
6.974590
6.996010
6.962670
7.041140
6.995170
6.900010
6.840530
6.864960
6.871080
6.942380
6.917640
7.514340
7.099260
6.960840
7.109290
6.781450
7.111820
6.828940
7.024190
7.115360
6.947620
7.285700
7.095670
6.947340
7.101560
7.015740
7.237790
7.292270
7.149020
7.323660
6.910530
7.050330
7.542470
7.428780
6.975860
6.555630
7.401490
7.407890
7.330860
7.011220
7.186560
7.165070
7.400530
7.342400
6.775100
7.648860
7.563700
7.336080
7.811210
7.515000
7.332720
7.898320
7.481350
7.677580
7.799050
7.176650
7.429430
7.333370
7.296810
7.584420
7.978500
7.507710
7.862840
7.734320
7.586900
7.503250
7.449290
7.583930
7.694330
7.867990
7.243000
7.594820
7.468940
7.443300
7.612100
7.272780
7.787180
7.646480
7.779080
7.689220
7.466160
7.742690
8.005830
7.688190
7.287920
6.890310
7.365640
7.239680
7.512790
7.483950
7.504030
7.687740
7.546250
7.861630
6.528830
8.238380
7.697320
7.577420
8.094100
7.915090
8.200360
8.147440
8.141510
8.477170
8.467490
8.182350
7.128600
7.813500
8.151780
8.187270
8.552900
8.498430
8.847880
8.922240
8.209370
8.546320
8.944480
8.862590
8.706660
8.568960
8.730730
8.617360
8.571860
7.590150
6.943020
8.066050
7.571170
7.862320
7.617380
8.110380
7.642330
7.539070
7.983580
8.290720
8.280450
8.208900
8.728090
8.912370
8.348360
8.291290
8.891030
9.128810
9.419840
8.403000
8.373370
8.619030
9.305840
9.341440
9.337700
8.323700
8.829110
8.135330
7.844980
9.096740
8.085140
8.868800
8.897860
8.345940
8.685680
8.202120
8.878620
8.263610
7.443480
7.963270
8.238400
7.857860
7.626810
8.346980
8.371770
8.326670
7.857050
8.516860
7.502780
8.437800
8.371720
8.213460
7.861370
8.364510
7.722360
8.516060
8.049820
8.314020
8.888730
8.837140
7.976600
8.759180
8.300870
8.583730
8.573630
8.858420
9.031520
9.526270
9.319520
9.777920
9.089940
9.664560
9.230790
9.915270
9.461440
9.703690
8.852350
9.204230
8.784760
8.761610
9.427220
9.286210
8.930980
9.193840
8.919440
9.630030
9.432430
8.946210
8.875180
9.037880
8.552650
9.812240
8.733660
8.972390
9.565760
8.533960
9.484630
7.575430
8.650290
9.038870
8.468300
9.463250
7.764290
7.575780
7.796470
7.841230
7.439780
8.119740
9.638400
8.519650
7.991270
7.921020
8.173740
8.673930
7.880500
8.167690
8.680870
8.515690
8.875920
9.625140
9.302660
8.864390
8.735620
8.363520
8.037390
8.311640
8.915200
9.795300
9.495550
7.374970
9.715660
10.118900
9.496600
9.997830
9.602240
9.487900
10.265100
10.016100
10.012700
10.435300
9.732790
9.858250
7.844430
11.938000
10.764100
9.595300
9.973180
9.372640
9.514220
10.555400
10.629700
9.928100
10.246600
10.332600
11.169500
10.013100
10.355400
9.722090
10.029500
9.553940
