6.854130
7.821650
7.383870
7.160670
9.165460
9.476010
8.519420
9.151620
9.633700
9.677740
10.166900
8.675210
8.232530
12.162500
10.404700
9.451710
9.087640
9.041950
8.425150
10.129000
9.238210
9.431560
10.253600
9.944780
11.790400
10.311000
8.999310
7.433860
8.161100
8.424570
9.471660
9.069270
11.576400
12.295000
12.151100
10.828800
12.527600
12.357100
11.303400
9.865410
10.178300
10.461700
10.377400
9.735000
9.933160
10.668300
9.736580
10.556200
9.112410
10.599700
7.474040
9.079440
8.062640
6.761760
7.251000
9.537300
11.647300
14.325700
12.716700
11.689400
11.779900
10.671100
10.488500
11.421000
11.503300
11.857400
15.924600
13.849200
12.280100
12.515500
11.105400
9.486850
8.469390
9.554160
11.627500
17.523400
16.581600
19.032400
11.530500
17.799100
15.833200
15.772400
14.457100
16.992000
18.107000
15.916600
18.421600
14.072400
10.659300
18.549000
10.335700
10.261700
14.100300
15.358500
14.753600
14.410700
17.625200
15.925100
17.330100
14.873300
13.190800
14.309500
16.253400
14.445000
15.510800
16.222100
16.037800
16.661600
14.837800
15.991000
15.877500
16.123900
19.719200
17.092600
20.147900
17.369600
22.490200
27.280300
17.982700
19.967800
20.633000
19.970000
21.216900
17.434100
20.381000
19.772300
28.943300
21.621400
18.796800
22.659400
16.850100
19.364600
22.945400
18.953600
20.874800
20.027700
21.668500
14.922200
12.038800
11.620300
12.496900
10.606000
11.261900
10.189900
10.136700
10.598000
10.130000
10.194200
10.930700
10.748300
10.171800
11.399000
10.790000
9.770280
10.114300
10.594500
9.181770
10.675700
9.773970
10.730700
10.733200
10.856100
10.228600
10.646200
10.763700
10.889000
10.885300
11.041100
11.055200
10.810600
11.165600
11.635800
23.753000
21.238000
23.494200
24.041000
26.894300
27.172100
27.352200
22.092400
29.775300
25.271100
26.900800
26.144000
29.852600
29.989500
24.714500
14.508300
12.615000
11.554300
12.272100
23.193800
21.368700
22.755100
17.977700
15.868900
18.181700
19.016800
18.867300
22.172700
24.463000
25.298300
22.237000
26.075200
27.623400
23.249500
17.416600
13.110300
10.978700
11.819600
11.672800
11.733400
11.567000
11.328600
11.311100
11.786500
