1.710150
1.687790
1.854630
1.950490
3.747190
4.235660
8.238320
6.409970
7.990000
7.511770
8.516420
6.858010
8.468830
5.521830
6.133280
8.072140
5.235900
4.410120
4.910640
5.935030
5.664340
6.849270
7.115680
5.392730
6.884140
6.146200
5.092320
4.392860
6.043660
6.008830
6.670440
5.247750
5.419050
4.721550
6.410050
5.316670
5.948630
6.657630
5.755310
6.844190
7.525280
5.312560
5.128160
5.949580
6.311260
6.215710
5.862880
6.510890
6.413240
6.113590
6.541590
5.305490
5.663780
6.862950
6.075560
5.954130
8.192600
6.768130
5.396520
7.453320
6.275820
5.534930
7.378540
3.523610
2.173170
1.758160
1.780880
1.921640
2.212350
2.162070
2.100750
6.134700
6.276090
5.831170
7.097110
6.121470
4.573930
4.945430
5.612440
6.018730
5.837350
5.700440
5.676340
7.628670
7.058850
7.526650
6.459200
5.504650
5.372510
6.407390
5.062030
6.312260
5.994550
6.210400
7.035760
7.234730
6.445600
7.015300
6.346380
5.689890
6.172710
5.705720
5.940180
5.683000
5.525600
5.827700
6.445530
6.663590
5.910150
5.687750
6.558490
7.490960
5.771320
5.164520
5.619160
5.510010
6.759260
5.298020
5.482730
6.503090
6.083710
5.210420
6.044140
5.630870
6.295030
6.220860
6.873500
6.136170
6.526350
2.836150
2.998920
8.368410
5.545070
5.519470
6.165830
5.713360
6.422040
6.667050
5.726200
5.236030
5.489840
5.423060
5.798740
5.502480
5.891250
5.735670
6.401960
5.691410
5.646230
4.416770
6.213690
4.374860
5.621920
5.794790
5.865390
5.738110
5.946470
7.047600
5.337180
6.991740
6.653990
6.367230
5.307620
5.077240
5.595240
7.424440
6.041000
5.105830
7.482890
5.104580
5.589850
5.994080
6.626720
5.918660
4.620490
5.916690
5.081770
6.127620
4.910850
5.772790
5.995520
5.989450
5.441550
5.241240
4.990880
5.355160
5.243600
4.769530
5.576360
6.112790
6.874940
6.373170
6.222590
6.034240
5.829440
5.050850
5.206100
5.248280
5.651980
5.374780
5.707610
5.071930
4.804230
5.403140
5.267960
6.020270
6.034460
5.331830
5.058230
6.713850
5.913470
5.394340
5.375120
6.254120
6.064190
5.757640
6.185060
4.989870
5.745190
5.585540
5.069490
5.489910
6.107120
5.608380
5.250540
6.390610
6.254310
6.445110
5.722310
5.290120
5.803620
4.160730
4.738580
6.088810
5.169010
5.382300
4.852580
5.497640
5.582290
5.492640
5.112180
4.874120
6.337120
5.847360
6.271460
5.706930
4.924940
6.194500
4.785010
5.418560
4.817370
4.647950
4.619990
5.074000
5.487400
4.718430
5.782570
4.677080
5.139140
4.428670
4.294660
5.150050
4.748430
4.525280
4.541030
4.769720
5.246390
4.962660
4.754840
4.384120
4.512790
4.586330
5.140990
4.936430
4.536840
4.833090
4.900800
5.043110
3.668230
4.572130
4.313250
4.971050
4.218080
4.048730
4.362590
4.201510
4.677980
4.672850
4.236480
4.810960
4.484800
4.822650
5.144980
4.112670
4.515080
4.729000
4.632170
4.353210
4.297220
4.734710
4.641090
4.107530
4.628320
4.200610
4.510340
4.051620
4.178580
4.600500
4.500740
4.791220
4.307440
4.085580
3.413750
3.956030
4.452630
4.641390
3.649450
4.426950
4.333650
3.789490
4.363310
3.612270
4.169950
3.945300
3.546360
2.889390
3.168630
3.650930
3.295430
2.726700
3.596560
2.736520
2.891720
2.477520
2.989910
2.631800
2.580630
2.882550
3.054500
3.201310
3.164900
2.992500
3.470620
3.412280
3.100930
3.177700
3.222240
3.644500
3.073660
3.537760
3.591750
3.817340
3.248050
3.402810
3.671060
3.849820
3.272660
3.383110
3.733930
4.411610
3.916150
3.612580
3.836390
4.359040
3.946940
3.871870
3.733740
4.377830
3.524860
3.722880
3.468330
3.275740
3.933160
3.566910
3.663050
3.333520
4.056420
3.799260
3.741050
4.026890
3.952620
3.359350
3.564180
3.420470
2.929670
3.167600
3.550680
3.260310
2.894520
3.427380
3.188060
3.189190
3.326490
3.313740
3.437120
2.897490
3.157390
2.971690
3.377330
3.598540
4.008060
3.443690
3.949160
3.580450
3.417250
3.640550
3.426950
4.259570
4.164420
3.857730
4.627940
4.076120
4.546780
3.952530
4.060380
3.610550
3.759230
3.492810
3.614260
2.978800
2.729830
2.976440
3.091800
3.841210
3.313010
3.673850
3.621310
3.534710
3.721250
4.037220
4.771300
5.026410
5.468610
4.577140
4.316070
4.979840
4.454340
4.962070
5.127260
5.030930
4.486100
5.126630
5.081600
4.833770
4.265710
5.300000
4.958950
5.049540
4.919860
4.929140
5.725670
5.268270
4.930080
4.687050
6.022240
5.485940
5.107540
5.389770
4.854210
4.439620
5.203620
4.571820
4.410910
4.016940
4.350770
4.172710
3.860740
3.613790
3.580820
3.815450
4.044570
4.066730
3.654540
3.678640
3.955120
3.796610
3.963080
3.856030
5.006010
4.233390
3.480900
4.486690
4.325730
4.390230
4.871230
3.970810
4.050230
4.510480
4.222860
3.907400
4.622750
5.039040
4.178520
4.373590
3.588840
3.341670
3.259370
3.624130
3.446970
3.090150
3.075210
3.713340
3.234310
3.817430
3.859520
4.434330
3.561410
3.606580
4.518330
3.713580
4.192690
4.077360
4.275370
4.836830
4.242210
3.700150
4.563650
4.080950
4.292960
3.516320
4.019260
3.666860
3.693840
3.853900
3.500860
3.486390
3.861010
3.624830
3.894190
3.821130
3.781440
4.247990
3.767630
4.284190
3.663650
4.510090
3.718780
3.711420
3.664170
3.976530
3.867910
3.835280
4.512720
3.545920
3.499870
3.347280
3.279400
3.056850
3.316860
3.414080
3.512110
3.336030
2.872100
2.790010
2.992130
3.109110
3.548880
3.670080
3.294200
3.192280
3.080800
3.494770
3.083280
2.839590
3.024190
2.966380
3.095530
2.992890
3.164670
3.099450
2.993550
2.638430
3.087090
2.877300
2.950620
2.660440
2.688110
2.820410
2.924430
2.701210
2.837320
2.769290
3.094080
2.801410
3.002090
3.035830
2.559700
2.682670
2.728250
2.407030
2.888750
2.764060
2.649400
2.784310
2.699600
2.332300
2.444180
2.527470
2.441830
2.399580
2.288460
2.408650
2.493400
2.384820
2.330600
2.129310
2.275140
2.374620
2.462420
2.584940
2.432840
2.777630
2.667430
2.801390
2.572430
2.481520
2.592850
2.798900
2.518900
2.575790
2.468690
2.377410
2.772980
2.369820
2.132700
2.397840
2.258030
2.389960
2.663980
2.448310
2.335880
2.575420
2.155810
2.131000
2.133220
2.311640
2.085690
1.962690
1.972990
1.811760
2.134780
1.666210
1.953880
2.108230
2.291910
2.106520
2.386450
2.529980
2.205270
2.261850
2.073670
2.309150
2.179890
1.893400
2.088070
2.409520
2.030980
1.994980
2.021000
2.034330
1.946210
2.279270
2.059570
2.041710
2.262310
1.822230
1.737850
2.137330
1.929990
1.808070
1.940800
2.019630
1.907350
1.964680
1.704850
1.709620
1.664360
1.489450
1.553990
1.440680
1.561620
1.538250
1.804300
1.609710
1.700070
1.490570
1.450670
1.635830
1.565670
1.553790
1.729090
1.503720
1.411600
1.476650
1.627350
1.408520
1.551460
1.639460
1.603030
1.358480
1.376730
1.563540
1.541780
1.537620
1.467630
1.176160
1.480270
1.271980
1.502590
1.248970
1.426020
1.422790
1.367550
1.458040
1.621750
1.408170
1.666130
1.569060
1.498900
1.607670
1.638940
1.984700
1.555850
1.411550
1.344940
1.196010
1.401420
1.011790
1.093250
1.019260
1.237340
1.310000
1.294740
1.292900
1.520870
1.201220
1.102040
1.383000
1.480300
1.290510
1.367540
1.451240
1.118220
1.301060
1.403030
1.897410
1.076240
1.310230
1.072600
1.149360
2.012360
1.511370
1.826200
1.661140
1.685790
1.485210
1.574150
1.969030
1.842620
1.649490
1.707830
1.710060
1.849700
1.445210
1.982090
1.633270
1.457540
1.410030
1.575410
1.516500
2.140020
1.685330
1.203300
1.283120
0.832641
2.169280
2.531610
3.594780
2.780030
1.502560
1.486310
1.877830
1.397550
1.075770
1.338170
1.608650
