15.506000
28.056000
24.062800
23.048300
26.272900
26.786300
24.547500
27.066800
21.648300
20.986000
18.712500
21.028500
19.806200
18.959900
19.572400
20.264300
20.248000
20.044900
19.852900
21.570300
20.414800
19.326400
20.101800
19.466200
19.712300
22.593300
20.067400
20.211800
20.049100
19.272500
21.065600
21.131200
20.961300
21.830600
21.075400
20.268900
19.639400
21.849100
21.222100
22.061400
20.764300
19.883600
20.549200
20.653200
22.356600
20.379100
21.486200
21.497200
22.563900
22.615400
22.743800
23.208000
22.342300
21.190300
22.309500
19.093500
20.752800
20.489500
21.280800
18.459400
18.931500
19.878500
19.618600
19.765200
19.639700
19.388700
18.775000
19.083600
20.726800
19.262700
20.778800
19.080300
20.039600
20.372500
18.695300
19.470700
19.770600
18.069800
18.818500
17.509200
18.599100
19.974400
22.344100
22.340100
20.457800
22.522800
22.547000
21.933500
21.412200
19.431700
19.119600
21.247000
19.588000
19.783600
19.053200
20.473600
21.642500
20.688700
20.528700
19.657000
19.498900
20.024400
21.012100
21.444300
20.265000
20.937200
20.833300
19.467600
20.243400
18.450800
19.350800
19.891700
20.317400
19.062700
20.612400
19.082800
21.685500
21.739100
22.887700
22.015600
23.110400
23.233900
23.402500
23.203300
23.271900
23.714100
23.000100
25.153400
24.450100
24.560300
24.178400
25.158500
24.633700
24.873000
23.994700
23.838700
23.803900
24.730100
24.116000
24.487400
24.012800
24.823100
24.241100
24.183500
25.655900
24.840400
24.272700
24.214000
23.511900
23.845000
24.893900
24.666400
24.575900
25.313400
23.218500
24.162800
24.840500
22.635200
25.335000
23.964700
24.515200
24.490400
26.842400
26.699700
26.123800
29.176900
27.532600
26.882800
27.239700
26.483300
26.047800
26.380100
25.067600
25.344100
25.470700
25.209900
23.561800
26.946800
28.284100
28.670400
28.738700
29.496600
29.129000
28.733900
28.702500
33.805900
29.803700
30.558600
31.768700
32.973800
29.780700
29.832600
31.526400
30.188400
30.805000
31.064300
31.472800
29.537100
31.257700
30.262300
30.810200
31.665200
29.771700
31.233600
29.338200
32.238900
31.034700
32.841700
32.999500
33.378300
34.313600
34.324800
33.100500
32.787900
34.784000
28.944800
36.118700
28.829100
29.101500
30.812700
30.240100
32.642700
32.817000
29.342300
31.229800
28.288800
31.890900
31.564800
31.997400
30.505400
26.809100
33.351200
30.039200
29.393900
29.631500
31.648400
27.392500
31.427300
32.921900
29.343200
33.201000
30.151400
32.025100
32.564700
30.831700
34.404600
28.251900
28.528100
31.385700
29.525900
29.632300
30.400300
29.240700
28.858200
31.756800
35.269800
32.135000
32.343700
32.060200
32.228600
34.079900
34.171500
30.902200
33.489200
29.415600
31.488000
32.598100
29.631900
29.037900
28.890100
29.904000
29.012900
31.135500
33.947300
26.576600
25.200100
30.746100
30.877800
27.469500
27.482800
28.247400
26.315700
28.676600
24.973400
30.100900
28.909600
28.645100
28.932100
26.660900
30.437200
30.800600
32.230300
30.470600
29.261800
31.292100
28.783600
28.899900
33.912800
31.738900
31.611700
26.252400
31.826300
32.601300
33.464600
31.720700
30.494100
31.707200
27.654400
26.659300
31.633500
30.950700
33.922100
32.721200
29.371500
32.916100
34.152700
36.459900
32.592300
29.874000
30.921600
33.932800
34.016200
33.671200
31.117100
31.470600
30.987900
29.979700
30.559700
29.466700
29.866600
29.690000
30.205100
31.629700
30.771700
31.157000
31.086400
30.233100
26.090400
28.623100
28.489500
22.986600
24.327900
28.147600
35.097500
29.080700
30.988900
31.521800
31.611500
35.585200
34.961100
33.790000
30.726900
33.827000
30.448300
30.005200
29.563700
30.352100
31.867100
32.045100
29.103100
28.274300
26.335600
32.336400
28.042400
26.136200
26.740300
27.432600
23.655300
25.545400
28.635700
27.574700
25.294600
23.778000
24.454200
26.225200
26.931900
24.860600
25.216200
28.938400
28.141400
30.179900
31.338700
28.924400
27.672700
28.820000
24.528900
30.692400
28.837500
28.104400
28.450000
28.257300
28.151000
31.575500
32.678100
30.171700
28.375400
27.646800
39.644000
28.512200
30.340500
27.971100
32.029000
31.364800
25.956400
25.198400
30.022200
30.492400
26.059300
26.544800
26.759200
28.162000
25.307500
28.342600
28.626000
27.741000
24.064400
26.745800
27.067900
27.355200
28.129900
29.623900
23.702100
24.999700
24.656900
27.076900
25.056600
25.026000
24.280200
25.052900
21.150800
23.799000
20.861300
24.270100
21.382800
25.475400
23.176300
23.091500
22.721200
22.597800
21.601000
23.425500
22.555800
22.484100
25.888700
23.097600
26.532300
25.804700
25.463600
25.823800
23.680800
25.441500
21.586200
26.129700
20.869500
22.142400
21.805400
20.379200
21.628800
21.215600
26.050300
24.466500
26.224700
22.954500
22.713200
23.556000
23.116100
23.884700
22.518200
22.200900
20.594000
20.858100
21.519000
22.395500
23.333100
18.599900
19.971300
19.424200
20.465400
18.419000
19.095800
20.336300
22.401900
20.464500
18.231000
17.883600
18.950000
17.656100
15.035600
18.133500
17.479500
17.454300
17.495500
16.825300
17.655500
17.101900
15.934300
16.827000
17.199700
15.443400
15.921100
15.275400
15.833700
15.660500
14.459600
15.191100
15.621200
15.330000
16.102000
16.045800
17.463800
16.872300
16.745900
15.549900
15.754300
15.730200
15.887100
16.795500
16.332300
15.860300
16.817600
14.617400
17.364900
18.795500
18.181000
17.184300
16.025600
14.743700
15.125800
16.521000
18.308000
16.625600
16.501800
17.714700
16.381700
16.212400
18.781600
15.849300
18.875300
17.320800
17.379000
15.668000
16.370200
14.946700
16.306200
15.181200
16.412900
15.031400
14.722200
16.010600
16.608400
17.881300
16.925900
15.012100
15.388400
14.038200
13.968200
13.841800
13.854900
14.711000
14.492500
14.270800
13.566300
13.071900
13.280100
14.305200
14.045100
13.738100
12.754100
13.390300
13.864600
13.382100
13.326900
13.336100
14.500100
15.926300
14.853000
14.521600
14.204500
16.281800
14.860300
14.910500
14.452400
14.771200
15.734400
16.321100
14.667600
13.830200
14.802500
14.294500
15.393200
15.050800
15.696100
15.313300
15.039800
15.508100
14.337100
14.726300
14.180400
14.111700
14.010400
14.315700
14.243300
13.977800
13.953700
13.887600
13.874400
14.215300
14.921500
14.292400
13.647800
14.196800
14.384000
14.300400
13.609100
14.183800
15.052500
13.737600
12.866400
14.333600
12.868400
12.387000
11.874300
12.500400
13.271900
12.632200
12.570800
13.696900
12.888300
13.198500
12.345500
11.457700
11.152200
12.810800
12.350200
12.126500
13.040000
12.746500
13.287800
12.066200
14.297400
13.307300
12.980900
12.832200
13.970200
13.337400
12.948500
13.655100
14.383700
13.294100
13.393100
14.355400
14.060200
13.208100
13.398100
12.922400
13.128100
12.272900
12.324000
12.592700
12.558100
12.902500
12.631400
12.949700
13.141900
12.431200
12.810800
12.754300
12.027900
12.611800
12.488000
12.263000
12.782700
13.083600
12.294700
12.148000
12.646200
12.464100
13.547000
13.442300
13.405400
13.303500
12.757800
12.770300
13.423600
14.355700
14.875900
14.404800
14.744900
15.394900
14.142400
14.035200
14.242800
14.043900
14.843200
14.198000
15.500700
15.003900
17.426800
16.775600
15.881800
16.285400
18.270700
17.860300
18.426800
17.866000
17.979400
18.119200
18.725400
13.497000
13.256700
14.487800
13.776200
14.016200
16.222300
16.784500
15.910500
15.921200
15.673800
16.433000
14.959300
17.807700
19.561400
20.374400
18.101700
16.711800
16.135300
15.907100
15.163200
15.261200
13.770300
14.313800
15.636300
15.161200
15.066200
14.687200
14.695700
14.146300
13.928900
13.651000
13.493700
14.114200
14.239000
13.256300
13.833500
14.198700
12.908200
13.357900
13.446000
13.241300
13.750100
13.860100
13.947300
13.580700
13.484100
13.951900
13.117500
13.671600
12.770400
13.288500
13.588500
13.529600
13.869000
14.431600
14.412100
13.419800
15.086100
14.206300
13.499000
12.778200
13.537900
13.755300
13.581500
13.321200
12.858900
12.814000
13.192000
13.516100
12.867600
13.516100
12.851000
12.689900
13.688000
13.277000
13.519100
13.329900
12.191100
12.139600
12.407800
12.060900
11.943000
12.407700
11.417700
11.578300
11.369300
12.153800
11.627100
11.448000
11.537300
10.158800
12.294500
11.640500
11.109900
11.242300
11.384300
11.834100
11.661400
10.754300
11.931000
11.084000
11.300600
11.714600
11.391800
11.246300
11.053900
11.789000
11.363200
11.933100
11.176100
11.021000
10.856100
11.045200
11.052700
11.133500
10.892500
10.964300
10.857200
10.808500
10.796600
10.544000
10.556000
10.813500
11.034800
10.626600
10.804900
10.901800
11.223700
10.756700
10.582600
11.317600
10.924000
11.218900
10.443400
10.297800
10.016300
10.155200
10.023000
10.265800
9.590450
10.379300
10.476900
10.472900
10.101300
10.289200
10.539200
10.307900
10.582300
10.395800
10.940700
10.894200
11.459000
12.073400
13.490900
13.040700
13.599600
12.816000
11.201600
12.564300
12.902400
12.669400
13.674700
13.934400
12.727900
13.472500
12.434600
12.833900
13.081800
10.809600
13.918300
13.088800
11.963100
12.254900
14.230600
12.736700
