6.515960
6.632350
6.627210
5.934620
7.384120
10.228400
18.715400
25.220500
22.312700
23.446100
20.518400
18.645100
17.691600
20.463100
17.530900
15.086500
19.483100
17.952200
21.374100
14.090300
13.503300
14.541400
17.661600
16.603100
15.869600
18.454000
15.627000
13.741800
15.744300
16.995100
16.950600
14.257000
15.455700
14.302600
14.746500
14.989200
14.016900
15.022300
14.888000
16.263700
13.507300
14.855900
14.497800
16.419900
16.919800
14.588600
16.199300
15.393200
13.889300
14.285800
14.425800
14.405900
14.973500
15.341200
13.818900
13.866300
13.334700
14.362100
14.092200
16.228300
14.178000
12.225600
15.487600
15.911000
13.471800
14.190900
13.767900
13.005600
15.911000
13.843000
15.688100
13.866400
13.674000
12.435200
13.428300
11.937100
14.098000
12.687600
12.722100
12.240300
13.119200
12.184000
12.138100
13.200100
14.112000
12.797800
12.478300
13.373000
15.310800
12.856500
11.386100
11.940400
12.722100
11.298200
11.634600
13.757000
11.742900
12.415900
12.008500
11.493000
11.221600
12.698100
8.792710
10.549800
10.497900
12.240800
10.641500
11.347400
10.723400
9.465830
8.709320
9.969800
10.950500
11.217500
13.198900
9.431770
14.398000
8.352530
9.371470
9.759570
13.053700
18.852000
12.251900
4.540020
5.718490
13.404500
8.071830
10.347000
8.611520
5.842610
8.495570
7.416620
7.699720
4.574470
3.521710
5.205880
4.292090
4.911890
4.902750
