8.416180
6.286520
7.375440
8.142510
9.302390
7.583130
8.676590
8.764590
9.026870
6.606100
7.546970
6.711650
9.736130
8.968240
7.807870
9.370930
7.753280
7.103130
7.336320
9.355030
8.746550
9.013710
8.994110
7.662680
7.866960
8.850300
9.265710
10.101100
8.792000
7.445820
9.957860
10.833600
10.933500
10.405400
9.287750
9.602580
10.758500
11.408700
10.868200
10.790000
10.191100
10.791500
10.675600
12.194800
9.975380
9.975290
12.073600
12.632500
11.187800
9.276250
10.704100
12.496600
11.843900
11.644300
11.928100
13.718100
12.228700
12.528200
11.451900
12.325400
11.416800
11.145900
11.654000
12.553000
10.489600
11.654200
13.008800
12.613700
11.264000
11.113000
12.723200
12.414500
12.448500
12.947600
13.940600
13.095900
12.803200
12.972100
13.201500
12.740500
12.719800
13.507400
12.838500
11.853400
14.354000
13.606100
13.913500
14.153800
11.260200
12.094000
12.676700
12.936000
13.581400
13.321100
14.404400
14.048100
13.934700
13.816500
14.072700
11.989500
13.683700
12.163900
11.944200
13.060700
12.921900
13.031900
13.017000
12.024300
11.225300
10.142700
11.194800
11.198200
11.309900
12.480100
12.034800
13.939500
15.356800
14.479400
16.758600
14.788200
12.490100
18.970300
13.008200
11.162100
12.617200
9.409380
8.064580
8.050630
6.751600
7.663130
7.415590
6.989230
