17.419100
17.301200
18.116000
52.783500
43.178900
47.282900
48.195600
47.996700
48.069900
48.210500
41.021300
38.625800
49.957800
45.092100
47.998500
49.329800
42.602700
49.609900
44.719100
45.852600
52.143200
46.240200
50.590100
49.600500
46.196100
45.969000
45.131600
46.507300
44.929800
43.859300
48.859200
44.923000
42.682400
43.677500
41.721800
43.182000
44.703900
41.971700
41.498000
41.096300
40.672800
40.628600
38.930600
36.505700
37.444400
38.191200
39.850200
40.986400
40.843100
44.329000
38.724900
45.254600
42.022200
42.663600
41.798200
39.580200
39.126800
41.093100
41.011300
39.587100
43.862900
42.277600
40.147100
39.175100
39.877600
40.545500
39.463200
41.084000
39.019500
38.932600
37.795400
39.857500
40.036200
40.432900
39.603200
39.622000
41.392300
39.356400
40.703800
41.572100
33.949000
36.882800
41.317300
37.167000
39.027700
38.126100
38.953800
37.707200
35.068100
37.518800
37.712100
37.595000
35.629800
37.300600
36.853900
33.095500
33.048400
35.317000
35.880700
36.697800
35.688700
35.222200
35.474400
33.912200
33.648300
32.830500
33.427300
30.754300
34.586700
32.858200
33.996500
34.021600
33.848900
35.227800
33.816700
32.005400
34.357200
36.180900
34.578000
32.333800
32.782900
34.893700
34.944600
32.617900
32.636300
32.790900
33.201000
29.383100
29.820800
32.219500
31.895100
33.441000
30.826000
32.248400
29.583900
30.773900
31.312700
29.768400
32.078000
30.540500
28.846200
30.891100
30.387100
29.411300
30.983000
30.059900
29.247600
27.921500
29.283900
26.537400
29.619200
28.919000
30.132600
29.153300
28.286400
29.612400
29.830100
27.395500
29.284100
29.624800
28.777000
27.459200
29.168200
30.290000
28.782200
27.970300
28.491900
30.682900
30.381000
29.208900
27.750700
30.094300
29.910800
29.298200
25.511200
25.738100
26.619000
27.215600
26.473800
25.963500
25.770600
26.472100
25.004500
25.546300
25.645900
27.113500
25.305700
25.714400
25.325900
25.612300
25.314300
26.005000
27.398500
25.053600
26.299400
26.228800
25.541000
24.055300
25.720100
25.230300
24.070100
25.176900
24.248300
25.021400
25.603300
25.039400
24.015100
25.503100
25.733000
24.778900
25.110500
24.478000
24.938500
23.358000
25.780200
23.421100
25.182800
25.848000
26.867300
24.003300
24.733300
23.799000
23.621600
22.874400
24.992900
22.146400
23.550300
22.322700
24.335700
24.893000
24.088600
23.876300
22.937000
24.985600
25.221700
22.940100
26.228100
24.982800
23.987700
23.600200
24.610200
24.437300
24.006900
24.518500
21.867100
24.753300
24.413700
24.246100
24.079200
25.376800
24.897300
25.539500
25.398500
25.583900
25.882500
26.511800
25.535600
24.316800
25.015200
24.531000
24.738200
24.371500
24.822800
26.744700
26.293900
25.847700
25.542700
25.405500
26.337100
26.253300
24.670100
24.557900
25.537200
23.249500
22.861500
25.157800
22.953000
24.725600
23.627700
23.234100
26.008400
23.993600
25.225800
24.571700
25.474100
27.030400
24.257900
24.712800
24.695600
23.423000
23.176000
21.631800
23.523000
21.426300
22.936900
22.686200
24.005200
23.646800
21.802600
21.540000
22.274000
23.274300
21.792700
21.859500
22.136600
21.368400
23.076600
21.734900
23.467600
22.763000
21.001800
22.440400
21.218100
20.864000
22.057400
21.858500
22.197900
21.426900
21.569500
22.080800
21.771800
22.507500
21.062000
20.955600
22.535200
21.977600
19.916700
21.827600
22.058600
20.643700
21.405900
20.904900
21.351100
21.416400
21.835700
20.643700
20.049700
21.539700
22.165800
22.601400
20.667500
22.409700
20.549600
21.428600
21.443600
22.623200
20.838500
20.722500
21.226000
21.103300
22.348100
22.359900
19.195700
19.837400
21.570900
19.500900
20.855600
21.087600
20.641800
21.690800
22.238700
21.631100
21.559500
23.822300
22.351400
21.826300
22.758600
22.572900
22.541100
22.787000
23.378600
21.719900
21.717900
23.413000
23.338400
22.711900
23.161600
22.114800
22.277000
22.490400
23.098400
21.013300
21.934000
21.760100
21.102200
21.121700
20.637300
21.686800
21.632700
20.384300
19.445400
20.345200
19.766600
21.763500
20.990100
20.302800
19.073400
19.645600
21.632500
21.409500
22.793900
19.740000
18.238100
19.531600
20.678500
20.432700
19.471400
20.195700
20.768200
19.548700
19.021900
20.233400
20.541400
19.252300
19.063400
19.442000
18.839700
17.834900
18.419400
18.914200
19.180500
19.360900
19.100900
19.552700
18.984000
19.089300
19.378700
20.042000
19.157000
18.500900
18.728500
19.925500
19.608800
19.877000
19.690600
18.733800
20.341000
19.425400
19.603500
19.818800
20.202700
19.837500
18.972900
19.947900
19.009500
19.935000
20.244800
20.405900
20.140400
19.053300
19.212200
18.393400
18.285400
18.687300
19.135400
17.989300
18.530300
17.777100
16.997800
17.268100
17.053500
16.280500
17.031700
17.260500
17.554800
17.105500
16.863600
17.749000
16.156700
16.612400
17.117800
16.601300
16.702200
16.852100
16.254600
16.668400
16.934500
17.498200
16.889300
15.999100
16.368500
15.813800
16.784600
16.715500
16.368600
15.448800
15.979500
16.602000
16.496800
16.077300
16.469800
16.130700
16.385000
15.214600
16.441800
15.616400
16.503000
15.716600
15.698300
14.652600
16.241300
15.335600
15.785700
15.834600
15.451500
15.900400
15.074000
14.683800
14.130400
13.829600
13.285800
14.372300
14.793100
14.079900
13.322300
14.114300
13.503000
12.973900
13.451500
14.502500
14.039500
13.941100
13.472900
13.949400
12.666700
13.291300
13.381200
13.402500
13.738100
13.360700
13.342700
12.830400
13.921800
13.360500
13.547600
12.582200
13.982400
13.440200
13.209200
12.882800
12.566200
12.590600
12.965300
12.125300
13.056600
12.019800
12.645600
12.562900
12.597900
12.562700
12.505400
12.182200
12.226900
13.166700
12.284400
12.315500
11.554600
11.849100
12.400400
11.947300
11.813400
11.329100
11.682000
11.458000
11.725800
11.345200
11.752800
10.236000
11.318700
11.686100
11.913000
11.592200
11.456400
11.562500
12.175400
11.111800
11.274400
10.957900
11.519000
10.866300
11.088700
11.283200
11.991600
12.149000
10.692100
10.950900
10.532700
11.329100
10.701600
10.553200
10.590400
10.087600
11.017600
10.515000
10.562700
10.321300
10.443100
10.710700
9.883500
10.213600
10.612600
10.292300
10.797200
10.793700
10.539200
10.521900
9.981200
10.093000
10.200300
10.159100
10.944500
9.907420
10.980100
10.491500
10.106100
10.655400
10.254000
10.388300
10.210600
9.853320
10.057100
10.039600
10.582000
10.010300
9.989220
10.212500
10.293700
9.648080
10.366700
9.874940
10.568300
9.825650
10.355700
9.670530
10.390100
9.829990
10.189200
10.078600
9.803330
9.868310
10.141400
10.001700
9.684320
10.242500
10.160300
9.104460
10.008800
9.795590
9.948790
9.844740
9.745860
10.153400
10.017100
10.239300
9.361670
9.786970
9.879980
9.981860
10.275800
11.103400
10.871700
10.430000
9.820000
9.489710
9.005480
8.457330
8.275800
8.258680
7.530460
7.733140
7.997130
8.295960
8.476040
8.533090
7.903480
8.380680
8.223180
7.905880
8.239020
8.404820
8.240040
8.645170
8.394060
8.721060
8.227350
8.305210
8.695820
8.571860
8.404750
8.136770
8.934420
8.098910
8.816180
8.192780
8.633610
8.791320
8.582180
8.116360
8.494720
9.299700
8.473310
8.708040
8.131200
8.356250
8.588470
9.169510
8.847740
8.815020
8.883550
8.506810
8.669610
8.364500
8.508610
8.300320
8.334320
8.637290
8.484890
8.383180
8.803380
8.760230
8.252340
8.730300
8.501420
8.760170
9.184850
8.421100
8.535560
8.648660
8.864100
8.924290
8.873110
8.780490
8.653760
8.125410
8.377070
8.588140
8.369110
8.659900
8.981400
8.300150
8.610510
8.405640
8.889500
8.670510
8.581920
8.652150
8.623020
8.467320
8.829770
8.836240
8.639240
8.454910
8.567660
8.718280
8.957470
8.956720
8.535350
8.416780
9.086800
8.357250
8.292690
8.457040
8.458400
9.019500
8.764880
8.774390
8.310840
8.303910
8.458720
8.704500
8.129430
8.724870
8.751220
8.465600
8.472790
8.501870
7.990680
8.554430
8.732890
8.734140
8.445340
8.674490
7.592790
8.713190
8.347260
8.594250
8.436070
8.160100
8.723750
8.432630
8.119510
7.997850
8.489150
8.224170
8.694650
8.848020
8.636780
8.346260
8.518470
8.624090
8.781390
8.233210
8.238390
8.588330
8.713830
8.444070
8.475420
8.344660
8.424110
8.478150
8.505830
8.464880
8.736360
8.816660
8.647620
8.513600
8.776600
8.565320
8.539440
8.893340
9.078780
8.832250
9.638570
9.066530
8.870730
8.872050
9.059150
8.794340
8.692530
3.971770
3.850020
7.623220
7.687300
5.983900
6.941950
8.465560
8.041530
5.835810
4.068500
5.316220
8.481430
8.632430
8.331290
7.934040
8.035420
8.210830
7.917630
8.066200
7.764460
7.910360
6.678270
6.743120
6.766560
6.608910
6.546710
6.686480
6.608860
6.503250
6.706260
6.832120
6.949790
6.728050
6.998380
6.860770
6.709770
6.730890
6.609680
6.746440
6.741660
6.775470
6.965170
7.056750
6.564800
6.975540
6.834280
6.853420
6.851160
6.844680
6.783880
7.035180
7.136680
6.812660
6.763600
6.616140
7.086680
6.926650
6.996940
6.912540
7.312460
7.239270
6.977630
7.219280
7.023790
6.979900
6.866190
7.026270
7.104480
6.933410
5.704190
7.061340
6.922160
6.917720
7.126970
7.152000
6.975030
7.089310
