5.305350
4.904460
5.790080
5.476410
4.677430
5.043700
5.203610
5.318340
5.326940
5.825900
5.641150
5.462670
5.117450
5.262630
5.472820
5.433330
5.181800
5.655180
5.782730
5.995080
5.717730
6.924740
6.170870
6.213920
6.596260
6.893880
8.041270
7.413750
7.148180
8.723110
7.675670
7.515690
7.524950
7.069430
7.442460
7.929060
7.643260
7.054530
7.569580
6.741460
7.524920
10.006700
6.291930
9.163580
9.920260
10.795500
9.963830
9.566340
10.085500
9.271070
10.589400
11.000300
11.551400
12.073300
12.207800
12.084700
13.046100
12.167200
12.720300
10.848400
13.657800
12.627100
12.403100
14.915900
11.209600
14.210000
15.355000
14.730500
14.072200
11.586400
11.719900
11.106900
9.634750
14.951200
14.314200
22.128900
20.216300
20.671700
21.153000
16.614800
18.661200
18.291000
18.188300
19.022700
16.584100
20.292000
26.100800
22.270400
18.878900
20.832000
20.658100
18.397500
16.022400
15.795500
18.443300
19.121400
19.641900
19.776000
17.617200
17.711600
18.493300
19.017400
20.133200
18.085600
16.879200
17.950700
20.316500
18.605400
19.346600
20.343700
19.699000
18.170300
17.978600
18.623500
18.968400
19.776300
18.201000
18.157700
18.207200
20.922200
19.471500
18.736700
20.200800
21.259400
17.930100
21.093700
17.470500
21.717100
22.045600
18.931900
21.178500
20.328300
19.076300
19.455900
18.910000
20.212300
19.169700
18.333700
21.696200
20.297300
22.150400
23.462800
23.428700
20.832400
