5.409420
5.124020
6.071030
7.141340
6.004040
6.583030
7.441250
7.307960
6.476610
7.572390
7.688360
7.502870
7.994390
8.584760
8.569520
9.368920
7.738020
7.944910
8.629470
8.532260
6.770850
8.512970
8.832590
8.854860
9.041940
10.336800
8.547270
9.544090
8.665460
9.706690
9.599490
9.608760
9.642650
11.324800
11.895300
12.284300
13.213100
11.566200
10.605200
9.406970
13.396900
15.080400
11.612000
11.920200
11.595600
12.695300
10.725600
10.598600
9.118260
9.066350
10.678100
10.661900
11.953800
12.491700
10.178700
9.608790
11.316900
11.556000
10.902100
11.612100
10.319900
9.566510
11.992200
8.982680
11.424800
10.381400
12.124300
12.101100
11.615700
10.388000
11.200800
13.094000
11.523800
11.119200
11.968300
12.679600
12.291500
12.191400
11.532500
11.787000
14.023500
14.287100
11.523200
10.717900
12.634200
11.642800
10.460500
11.663400
12.285400
10.789300
12.182000
11.356200
11.888900
11.345900
12.069100
12.086100
13.610800
11.583800
12.962300
12.861100
14.783200
14.071300
10.761300
12.574600
12.249400
13.563600
11.646900
13.256600
13.156000
13.494800
14.068200
13.381000
14.438600
13.196100
14.167100
11.850200
11.528400
12.473000
12.902800
14.803500
13.133300
15.761600
15.370100
20.516500
18.065200
14.380600
13.159800
11.436700
9.849870
8.546850
8.008840
8.583400
