5.069970
5.017650
4.781670
4.903590
4.909500
5.431470
6.283090
6.521840
11.364100
28.867300
33.201600
31.479600
29.733600
26.897900
25.666000
23.369100
24.006600
21.685500
20.390700
24.065200
24.460000
21.048600
21.957800
21.478000
22.773700
24.392600
25.516800
24.066500
23.447200
23.557900
20.956000
22.655600
22.534800
23.358700
21.126400
21.114100
22.408800
22.192000
21.744800
23.651100
21.179500
20.816300
18.020900
21.140600
19.336500
20.821900
21.216300
17.917500
18.479600
20.096800
19.203100
21.619900
20.225600
19.422700
18.530500
17.677500
17.873100
18.643800
20.373600
18.895900
19.922300
20.771000
18.760800
20.266700
20.751900
20.358800
22.130100
19.695800
21.694800
22.045900
20.458000
20.900600
21.189800
22.320300
21.371400
20.999600
21.843200
22.279700
21.321400
19.230800
22.304000
24.801900
20.131000
20.279400
17.650600
22.963300
20.681400
23.107300
21.171000
17.976000
20.767500
19.973900
21.315600
21.582200
20.085900
20.397300
21.148600
21.985800
16.777700
18.759100
19.221000
24.031000
19.940700
18.418400
17.267000
21.141900
19.688100
19.387700
20.178000
20.421600
19.210200
19.205600
18.294600
18.468700
20.807600
18.439000
19.551000
16.251300
18.204800
18.027200
18.990400
21.460000
20.122400
16.285700
18.797400
18.806700
18.371500
19.065500
17.521400
19.575600
16.012300
19.845500
17.913700
18.399100
18.946000
15.735600
18.778000
17.041900
13.420400
18.965300
14.068000
20.007600
16.216000
15.871300
15.082000
17.007500
18.674900
16.146200
15.149000
17.097000
14.981300
16.005000
15.708200
13.559900
13.416300
15.018700
14.748400
14.420600
14.000800
16.208900
13.922700
15.240600
14.573500
15.126300
15.290100
11.496900
14.063200
12.998300
14.579200
14.549000
12.762700
13.914100
13.671400
11.584000
10.870200
12.567700
15.463100
14.390600
13.621900
11.402300
12.392700
11.473300
12.778000
12.535600
12.898800
13.713300
11.714500
12.870300
12.604800
15.267800
13.271100
13.061200
10.857700
14.052400
13.829300
13.197900
12.893700
10.918200
12.524000
11.355700
11.401000
11.489600
10.535500
10.966000
9.968210
9.496240
9.725000
9.288560
10.160500
10.073000
8.764980
9.875420
9.529750
9.741160
9.988720
9.602750
9.315950
9.164590
8.665440
8.854300
8.003290
8.591010
8.198450
7.740230
7.315650
7.479950
7.504500
7.679000
7.679810
7.431840
7.338310
7.161230
6.993040
6.697160
6.409230
6.733360
6.678730
6.394910
6.435100
6.223420
6.325680
6.254640
6.120020
5.885480
6.092960
5.784160
5.835840
5.586480
5.804460
5.740300
5.410380
5.637050
5.609010
5.194590
5.131270
4.905770
4.821080
4.814790
