4.118890
4.828880
4.486200
5.613560
15.745900
9.920760
9.371330
11.096500
11.215500
9.459330
10.567400
10.576700
11.175400
10.476900
10.534800
10.318100
9.796230
9.672780
8.904250
9.081720
8.905620
8.418620
9.072530
9.332670
8.892960
10.251100
9.438910
9.475640
7.373110
10.254200
8.611790
8.525750
8.275080
8.444820
10.080200
8.895840
8.654220
8.917750
9.211540
7.635740
9.963760
8.410520
8.398380
8.257930
8.910690
6.614820
7.900820
8.302720
8.285690
7.363490
7.263630
6.243190
7.566470
6.860950
7.430020
6.610420
8.031450
7.328500
8.246000
7.568460
7.350190
8.482710
7.350570
8.153020
5.900630
7.124240
8.006970
6.988330
6.662790
6.574620
6.299330
7.524650
8.468650
7.625890
5.426490
5.055890
5.246060
7.852820
7.201750
7.534450
5.894620
6.879180
4.682880
6.558550
5.236820
4.637770
5.859580
4.578990
3.714150
4.014510
3.395120
