10.796500
10.827700
9.895710
11.311900
9.756490
10.934500
10.703400
12.017200
12.563500
14.062800
14.366000
12.571900
12.298600
12.516400
12.805700
9.210950
11.907200
12.657100
12.007700
14.095400
13.841000
14.087900
12.932400
13.250600
13.606400
10.672000
12.237400
12.309100
12.537800
12.729100
12.946900
11.518700
13.765700
13.519900
16.095400
12.915700
11.759100
13.771300
15.888600
16.002000
14.834900
14.493600
15.654400
13.880000
13.558600
13.280600
11.830500
16.398700
18.352100
14.207200
15.795800
17.121800
18.848800
17.061500
18.167300
19.156000
18.742500
17.567000
16.342700
17.685400
17.075200
17.865000
17.394700
19.214300
18.915300
17.053700
17.611600
17.463100
20.291000
18.183900
19.076300
17.590200
16.126100
19.670200
18.746700
19.419900
19.429500
20.658000
16.681000
18.843000
20.208200
21.016700
18.893800
20.116200
18.228900
20.546800
18.078900
19.963600
18.716500
21.862800
20.274500
21.638900
19.490200
20.781300
20.579100
19.929900
23.257600
20.864700
21.333600
20.236200
21.291700
21.712900
23.349200
21.774600
22.528900
19.929000
19.788700
18.664300
20.484800
20.501400
21.460300
19.970700
21.622200
22.477800
19.657000
21.333200
20.861400
27.357400
24.798200
29.134200
22.823700
28.602600
24.804200
25.339600
25.725400
24.767200
24.299300
23.070100
17.718300
17.922900
19.812200
26.036000
30.409500
15.980500
28.466900
25.836900
33.133800
38.914400
20.627700
20.995200
16.457700
15.346000
14.281200
13.239400
12.643100
15.965700
17.389400
12.127300
17.467000
13.439300
11.609000
10.431400
11.391800
