4.185610
4.205150
4.094480
4.848780
5.018840
5.879900
6.336580
6.038710
5.797790
6.271790
6.057890
5.802820
5.667230
6.377180
6.655440
7.191260
6.697990
6.354500
8.132210
8.430280
6.269440
7.149770
7.678250
9.306000
10.849400
8.474070
8.907610
9.637370
9.882490
7.580410
9.045170
9.462160
9.895230
10.582900
9.146110
9.398800
10.665500
8.794960
10.299000
11.197400
9.830540
10.396800
9.922010
9.805960
8.545580
11.309600
12.499700
10.988700
12.744000
12.283800
12.116200
12.223800
11.129500
11.726700
12.547100
10.790200
11.860500
11.422200
12.172000
13.257200
14.471900
15.566900
12.758900
13.568200
11.756100
13.514300
12.189500
12.715300
12.375400
12.133500
14.971300
13.846300
13.834900
12.062100
13.558100
14.591100
13.281200
14.628400
14.275000
13.657800
15.237400
14.124300
13.198700
12.852500
13.009900
11.661400
13.959200
13.424800
13.941300
14.009000
13.643300
14.589000
14.551900
14.758000
14.173900
15.300800
15.277200
15.913900
15.821900
16.483300
15.883500
13.378900
13.865000
15.788800
14.611400
16.231700
13.734000
14.450100
15.641000
14.535900
14.502300
13.834200
15.235600
16.005400
17.389400
14.098300
13.633400
15.516500
16.713200
15.043700
15.869500
13.688400
15.973400
14.245700
15.987200
15.641600
13.826200
11.441800
14.031300
13.949700
18.713600
15.099800
17.776000
20.840200
11.301200
14.881000
14.263000
14.576100
11.976800
12.034700
11.397800
10.642700
12.699700
14.603500
16.591700
20.425500
18.521000
20.482300
20.074700
22.761800
27.968200
22.419900
26.447700
22.264700
16.268200
