0.827741
0.833139
0.800776
0.831275
0.964009
0.758016
0.865157
0.752366
0.684682
0.762826
0.799946
0.834997
0.896880
0.830434
0.921244
0.848474
0.823507
1.028640
0.841118
0.830696
0.775763
0.873434
0.843101
0.651974
0.708017
0.802951
0.711181
0.639387
0.854129
0.738510
0.972844
0.880729
0.805663
0.816088
0.887164
0.945420
0.940603
0.833486
1.050550
0.965379
1.023790
0.845260
0.834732
0.965338
0.942939
0.851847
0.950589
0.838498
0.909844
0.944748
1.027750
0.993241
1.116120
1.265560
0.872969
1.189380
1.145570
1.092430
1.241880
1.180890
1.002960
1.022910
0.853183
1.056170
1.231340
1.017990
1.173100
0.848776
0.938667
1.106860
0.916510
1.030560
0.918210
1.168860
1.171150
0.935613
0.880976
1.104310
0.899906
0.923785
1.050220
1.028000
0.957983
0.997366
0.921779
1.219270
0.942518
0.964505
0.882261
0.874702
0.876267
0.902759
0.945183
0.979715
0.976041
0.873381
1.017340
0.948723
1.000720
1.108880
1.055940
0.990529
1.086250
1.105620
1.073940
1.017380
1.079490
1.161700
1.089370
1.154390
0.892566
1.150520
1.091200
1.184820
1.207580
1.173250
1.127960
1.076150
1.086520
1.096070
1.112540
1.036370
1.082960
1.102390
1.169150
1.026440
0.952290
1.034650
1.082440
1.231480
1.103240
1.004940
1.146420
0.958852
1.079680
1.068960
1.057110
1.070440
1.134170
1.340260
1.033860
1.112400
1.201140
1.215110
1.493280
1.421140
1.326380
1.472360
1.240600
1.475680
1.313040
1.386930
1.381470
1.373410
1.459860
1.597680
1.411340
1.446850
1.123870
1.246600
1.281440
1.259340
1.328380
1.553680
1.654370
1.406230
1.268670
1.338240
1.225080
1.353890
1.285780
1.205980
1.130300
1.236120
1.245200
1.438330
1.288770
1.312150
1.322120
1.326070
1.574530
1.441580
1.199440
1.106800
1.382430
1.560650
1.266190
1.304580
1.045240
1.374440
1.650460
1.428310
1.258240
1.264940
1.324560
1.389990
1.335840
1.501610
1.182440
1.287390
1.295300
1.571950
1.560750
1.553970
1.503560
1.798670
1.362460
1.498530
1.342370
1.590450
1.463390
1.383750
1.425870
1.494160
1.384660
1.418010
1.564280
1.676030
1.412040
1.330780
1.526880
1.688830
1.552930
1.598570
1.474980
1.526670
1.363740
1.783340
1.670060
1.560010
1.634010
1.552720
1.659580
1.481810
1.398760
1.433670
1.525680
1.549590
1.945310
1.891540
1.782400
1.480410
1.702230
2.001510
1.651140
1.710230
1.674560
1.698230
1.827440
1.792410
1.945470
1.977020
1.937600
1.591240
1.718010
1.676500
1.733960
1.792390
1.916290
1.790110
2.010680
1.532480
1.673110
2.038840
1.810070
1.891000
1.935080
2.063480
2.082810
1.715470
1.597540
1.827550
2.288550
1.727490
1.994980
2.327980
2.065360
2.077790
1.844520
1.818810
1.792410
2.219750
1.735900
2.157810
1.799020
2.152380
1.896880
1.947220
1.971610
2.089970
2.250140
2.186890
2.020180
1.944370
2.379480
2.287490
2.157170
1.790430
2.039660
2.180380
1.951810
2.122540
2.112150
2.415600
2.035130
2.090510
2.242120
2.243810
2.477540
2.405410
2.463850
2.329100
2.333630
2.251670
2.260540
2.261750
2.574190
2.693030
2.159090
2.368850
2.330570
2.623620
2.464750
2.796130
2.219090
2.691820
2.494780
2.504860
2.563480
3.038270
2.318900
2.599590
2.510970
2.473090
2.397150
2.165880
1.923720
2.316000
2.222650
2.209740
2.458590
2.576630
2.355290
2.752400
2.333930
2.189900
2.701740
2.573120
2.583270
2.761510
2.691890
2.671460
2.373720
2.246940
2.305910
2.427040
2.482840
2.617480
2.166870
2.668530
2.425970
2.667860
2.666870
2.599770
2.667650
2.887200
2.747900
3.023610
2.795300
2.551050
2.651710
2.551930
2.319420
3.020590
3.047040
3.298530
3.246370
3.040250
2.756560
3.552500
3.332080
2.424240
2.977420
2.441500
2.570380
3.224990
2.873780
3.043350
3.118500
2.867540
2.816020
2.945260
2.640080
3.005100
2.706600
2.871630
2.493220
2.863830
2.995800
2.809730
2.408530
2.826850
2.873550
2.642510
2.931220
2.704480
3.111390
2.949620
2.902550
3.917780
2.884060
2.906940
2.438670
2.693790
2.244920
2.785350
2.933730
2.827450
3.003310
2.764660
2.734510
2.668850
3.008410
2.652930
2.686870
2.672330
2.790290
3.099480
3.421500
3.462860
2.713900
3.342010
3.896020
2.948750
2.849580
2.790030
3.025580
3.119870
2.869980
3.057230
3.021030
3.009530
3.070910
3.564060
2.793620
3.355780
3.861590
3.085280
3.147310
2.664910
3.124670
3.334580
2.924520
3.741700
2.902770
3.594220
3.219040
3.254650
3.299640
4.137470
3.518640
3.367540
3.806520
3.606560
3.368020
3.911430
3.116740
3.389240
3.065650
3.246740
2.742570
2.984360
2.766720
4.218040
3.262480
2.773580
3.725770
3.238080
3.210630
3.716020
3.434630
2.740550
3.519660
3.680430
2.878320
3.071620
3.256510
3.593670
3.029480
3.318100
3.114560
3.394490
3.042030
3.300830
3.249740
3.130800
3.627710
3.206240
3.126260
2.705080
2.812070
3.312910
3.134060
3.029860
2.919050
3.453820
3.411080
4.527840
4.059820
3.238050
3.368670
3.516870
3.586880
3.233740
3.394630
3.873980
3.598280
3.789510
3.202900
3.493720
3.587350
3.337820
3.488780
3.788280
3.083190
3.184000
3.123760
3.380540
3.119390
2.842260
2.959060
2.847420
3.845040
3.275180
3.387530
3.501150
3.187190
3.007300
2.876270
3.188380
3.169180
3.491180
3.837980
3.640990
3.754770
3.721810
3.022750
2.619080
3.510450
3.021220
4.034230
3.560010
3.612170
3.837120
3.082530
3.904180
3.460650
3.464900
3.160840
3.564030
3.088130
3.627350
3.021750
3.172540
3.161830
3.366150
3.947940
3.922100
3.446210
3.548800
2.942240
3.592230
3.673830
3.233900
3.477740
3.245180
3.361720
3.255660
3.701490
3.557880
4.014570
3.525650
3.394760
3.274230
3.212120
3.058550
3.591150
3.117320
2.798770
3.389000
4.363560
3.514160
2.966080
3.891980
3.934900
3.512880
3.941820
3.145510
4.105270
3.254170
3.486460
3.321950
3.201160
3.529880
3.489090
3.566170
3.238750
3.999910
3.030730
3.259520
3.896300
3.421930
3.597250
3.820020
3.826260
4.061610
3.900110
4.024810
3.905120
3.753710
3.550910
3.680110
3.255800
3.823830
3.912240
3.491230
3.428670
3.511210
3.975650
4.704480
4.619750
2.735200
2.623710
2.989180
2.668710
3.481520
3.064840
5.112480
4.378720
4.162060
4.118980
4.851260
4.226280
2.052130
2.793030
