8.618420
8.132580
7.883170
9.424760
10.866600
10.108300
9.364750
8.597290
9.146440
9.373740
8.362020
8.888130
10.828100
9.378520
10.548200
9.610520
10.350700
9.906350
9.880480
9.253090
9.038450
10.350200
10.736000
10.516800
11.182500
12.407100
11.345100
12.386600
10.987300
11.625200
12.713100
14.111800
18.330600
19.396600
15.734700
16.598700
14.853100
13.775000
11.806300
13.959000
15.232700
13.655400
13.883100
14.532200
15.304900
15.079300
14.897500
13.782300
14.113300
15.505800
15.881600
16.188700
12.237900
13.629700
10.995600
9.737190
9.180530
9.963090
11.029500
8.821690
14.485500
7.907880
10.606100
7.609160
7.992550
7.050830
9.448050
7.081540
11.201400
12.043900
12.082800
13.656900
14.144000
11.358000
14.528900
10.507200
11.831700
12.115400
12.765600
14.364800
12.555400
9.880140
10.958000
11.109800
13.400600
10.532000
10.952400
10.216800
13.401900
9.285610
9.728940
9.617770
12.891300
13.339800
12.986400
16.438200
16.050400
17.479800
16.422700
16.589800
15.645400
13.322300
