19.546600
22.579300
20.770300
23.119300
18.183400
17.967900
17.010400
15.488800
16.441900
17.825300
16.369500
11.159900
11.549800
12.994300
11.098400
14.915100
13.016400
15.890900
13.919900
12.821400
13.983200
14.983400
15.100400
15.067000
18.167300
11.947600
13.779400
15.065200
15.792100
15.667500
14.236900
15.983500
17.034200
18.481100
12.948400
14.807500
15.098500
15.502600
10.830700
10.955000
13.722600
12.829600
11.081300
13.235300
12.774000
11.126900
14.682400
9.921560
13.458300
9.584650
10.093100
11.696200
9.734670
9.923450
11.841900
11.747700
12.780400
12.339700
13.627900
11.700500
11.135500
14.326900
11.921400
12.692400
11.780700
12.146500
10.230600
11.591900
11.465000
12.269800
10.689400
11.498900
12.160800
11.762700
12.732400
11.353600
11.748900
12.444700
11.923100
12.186600
12.737400
11.650300
11.031900
9.110010
10.858900
10.654800
10.350300
10.399000
10.782600
10.819800
10.347200
10.150100
9.022110
8.730740
11.253800
8.754460
10.764400
9.089210
10.083600
9.443640
10.394800
8.760630
11.362900
11.910300
10.857600
9.475100
11.486500
12.339300
11.388200
9.920470
9.469590
9.866520
10.589000
10.297800
9.236820
9.369710
10.841300
9.571810
9.961650
10.894400
10.096800
10.028700
11.120100
10.536600
12.559500
11.310700
10.646800
9.154170
9.216160
8.916800
9.312180
8.173540
9.960840
9.906190
10.678600
10.628100
10.369300
8.301290
9.235160
10.580300
10.114100
9.041720
9.803740
9.122800
9.529110
9.314440
8.942450
8.913590
10.010500
9.666690
8.539470
8.813050
8.151560
9.412600
9.658060
9.493020
9.291250
8.427780
9.389980
8.347090
8.536490
9.426190
8.970610
8.868610
9.125450
8.084130
8.933400
7.968940
8.201370
9.175410
8.560750
7.648650
7.411020
8.287430
7.983460
7.806670
8.486650
8.889730
8.414260
7.888450
8.004440
8.239370
8.403260
8.099840
7.746420
8.557070
7.505070
8.570570
7.824530
7.220760
8.079800
8.033160
7.169060
8.189340
8.341180
7.815030
8.104860
8.238830
7.777280
8.468690
8.205160
7.773950
7.843710
7.113560
8.191110
7.973570
8.001470
7.746820
6.870630
7.031120
6.365110
7.595920
6.992080
6.252850
7.600080
8.015830
7.570130
7.570980
7.206060
8.273980
7.937420
6.388250
7.103430
6.656740
6.540970
7.798100
7.885770
7.104790
6.768480
5.987090
7.466170
6.592010
7.094960
7.262180
6.491690
6.714770
6.347200
7.228370
6.854950
6.590870
6.919650
6.574050
7.063410
6.818670
7.228180
6.326310
5.464960
6.823640
5.977800
6.487590
5.415450
5.668720
6.060350
5.074160
5.681700
5.842080
5.280340
6.096970
5.788180
5.269500
5.224900
5.707510
4.798400
4.666270
5.432100
4.601800
5.454010
5.286790
4.645960
5.962970
5.756400
4.951510
5.658010
4.895140
6.031210
4.525560
5.165890
5.286020
5.609140
6.293290
5.537500
5.652510
5.619020
5.502800
5.315190
6.065370
5.548610
5.417540
5.079760
5.537280
5.776300
5.048500
5.240750
5.947040
5.484640
4.452170
4.648660
4.964720
5.339700
5.415750
3.996490
4.501590
4.335900
5.015780
5.010830
4.499910
5.267360
4.378150
5.177360
5.016720
4.925550
5.019240
3.959380
4.761900
4.313020
4.717940
4.095500
5.279940
4.416110
3.863470
4.334180
4.799220
4.826820
4.562560
4.896790
5.001860
4.699430
4.445080
4.525400
3.344560
4.422800
5.011700
3.988680
4.476030
4.332690
3.578690
4.400430
4.443820
3.387630
3.371040
4.223580
4.252210
3.762400
4.458380
3.619920
3.853820
3.804080
3.327890
3.281870
2.937800
4.196690
3.410700
3.580480
3.274610
3.689950
3.864400
3.213360
3.924500
4.189130
4.207350
4.113810
3.029220
3.458120
3.624040
3.744850
3.350480
3.544770
3.741050
3.406640
