7.380020
7.088720
7.278050
9.755610
10.597000
11.661700
11.245600
9.500400
10.878000
16.592700
32.695300
28.756400
31.731300
30.722200
39.096800
29.574300
26.830800
33.718700
35.193000
24.595900
26.741100
32.609500
21.232000
19.852700
22.862200
17.643800
17.797000
20.964500
19.941500
15.459900
23.913200
19.226800
22.750400
21.340600
20.028900
21.821000
24.742700
25.010200
20.800600
22.725900
24.240600
21.599900
19.601100
21.631500
28.269900
20.207300
21.097500
21.421100
21.141900
23.595900
19.356800
20.797900
21.194100
19.847400
21.127900
24.410400
22.538400
20.008400
22.619500
20.215200
21.466100
21.574000
19.494900
19.192800
19.345800
20.606100
20.812700
22.728800
22.500700
20.328400
25.462600
20.698800
21.766200
17.557300
19.725300
21.346700
18.491500
24.378900
26.086500
25.148900
26.469100
27.286300
31.140300
26.215600
20.233600
24.613500
25.215300
33.359000
25.656500
20.136200
26.269000
20.963100
22.387100
25.724500
20.076500
17.264000
18.485400
18.921900
25.309100
26.460000
19.263100
21.381800
23.767700
23.191700
26.700200
21.284800
23.461100
27.823400
23.993600
22.566300
21.998500
25.483000
20.395700
21.580900
19.178000
21.407600
22.287400
17.840600
16.396500
19.129000
18.630900
17.360300
16.718300
18.452300
14.194200
13.651000
13.995300
13.084900
11.508200
10.905400
11.776000
13.344100
13.882200
12.834900
11.686200
11.518800
12.917200
13.111200
12.645400
12.359600
11.344400
10.034800
13.783800
9.821480
12.501700
11.456000
11.248800
8.183350
6.641660
8.982850
7.280450
8.137730
7.091190
6.019160
8.125470
6.110440
7.315350
5.835420
6.094760
7.096750
8.661880
5.171960
6.716920
6.602370
13.143100
7.790150
7.348480
7.388780
8.976140
8.711820
9.016090
11.099000
14.655000
12.738700
13.396200
15.421900
23.155300
55.238500
34.084600
27.253000
28.461300
22.967900
