2.701890
2.863750
3.184840
2.919380
3.478660
3.381160
3.877760
3.395460
2.717600
2.270120
3.250500
2.726440
2.966050
2.734040
3.075320
3.237150
3.210270
3.113650
2.841460
2.630040
3.425790
2.665860
2.657940
3.663130
2.629370
3.304300
2.821450
2.784230
2.865440
4.300190
3.443670
3.070070
3.088940
2.901910
2.422130
3.895990
3.742680
3.953480
4.229710
3.966600
2.846920
3.468490
3.969700
3.992820
4.369100
4.157190
3.302930
3.344090
3.629190
4.214790
3.981670
5.413460
6.671350
4.865850
4.627330
5.285660
3.903600
5.223330
5.518930
5.141520
5.434700
4.451470
4.900530
5.562030
4.918550
5.144830
5.797350
4.985100
5.000900
4.370370
5.169560
6.025800
5.467600
5.906010
5.521320
6.293030
6.267420
5.901660
6.067960
5.790240
7.007310
5.830080
5.613710
5.097940
6.254110
6.080680
5.605700
5.315620
5.582190
5.890610
5.857180
5.424480
4.504040
5.561120
4.904970
6.102280
4.822220
4.600470
5.538620
5.599950
5.199790
5.439720
5.488300
5.640310
5.152660
5.578590
5.833770
7.277180
7.129350
6.189450
6.865220
6.420120
6.034540
6.029280
5.476850
5.847630
6.100510
6.077270
6.752760
6.259460
6.651940
7.490650
7.436030
7.207820
6.586260
6.597350
5.724700
7.011190
5.717860
6.838510
6.736280
7.351460
6.949590
6.871980
6.499310
6.418820
6.212230
6.313620
5.551260
5.978010
5.926960
6.555070
5.949620
6.287490
6.599540
6.287180
5.282820
5.272030
5.940350
6.224580
6.041910
6.132870
6.504660
5.977510
5.315720
5.425770
6.153710
5.179620
5.675500
5.146230
5.752360
5.943800
6.332890
5.860090
5.745970
5.430130
5.795480
5.812110
4.758190
6.269510
5.918560
6.190580
5.879370
6.497140
5.265730
5.909370
5.654410
5.414020
6.285810
5.955970
6.272490
6.043660
6.264460
6.073990
6.489090
5.631600
6.274210
5.650660
5.709570
6.084020
5.365570
6.611600
6.569490
5.401320
7.027360
6.631520
5.814170
6.076770
6.684400
5.601170
5.054550
6.017470
6.155460
5.313140
5.740190
6.258310
5.431940
5.167510
6.085840
5.801190
5.291300
7.560590
5.141120
6.503810
5.534300
6.275320
6.246350
6.007470
6.557020
5.227040
5.937970
6.670810
5.347670
5.849020
6.019370
5.455990
5.803470
6.147660
5.904520
5.123450
5.357680
5.240880
6.314440
6.191790
5.463110
6.241870
5.809500
6.095520
5.532570
6.222590
7.168830
6.303470
6.939590
7.493770
4.662310
4.416910
4.686620
3.732570
3.924180
4.296630
3.610620
4.564880
4.941680
5.661210
5.254300
5.363700
4.927650
5.123320
6.521590
7.246070
6.135100
7.843000
6.612520
5.844070
7.459720
8.859800
9.608000
7.552950
