7.221430
10.961900
13.020900
14.641600
11.653200
16.168600
18.300600
14.492800
12.367900
15.587000
18.914600
18.520400
16.032400
11.704600
11.401500
13.920100
11.534800
11.049200
12.839900
12.877600
10.212800
6.022350
8.988400
11.194500
12.083400
11.149000
12.783700
12.232200
9.574750
9.981250
8.382050
8.458720
7.628370
11.815200
11.215200
10.453400
12.043700
10.514600
12.436000
9.974330
8.144300
11.495900
12.956400
14.994200
9.974290
11.096800
12.707400
13.402000
10.710800
9.878890
10.335200
11.234000
10.065900
9.609320
11.609900
11.608100
11.998000
10.876900
10.606100
11.611500
11.139700
11.818500
11.944200
12.580900
9.954110
9.991910
9.794870
6.841960
4.511620
9.765090
5.802440
12.269000
15.349000
16.679500
14.565400
11.514100
12.162100
11.379800
11.092400
11.438800
11.357600
10.902700
12.317200
12.315500
10.636700
9.169750
8.967750
7.987010
8.724900
8.623790
8.455620
8.273200
8.753240
8.428290
10.304700
7.719380
8.162360
8.052490
8.784610
9.720420
8.848580
9.337590
9.143280
9.173580
8.101430
7.503300
7.723720
7.603200
7.060920
7.002700
7.969970
7.557900
7.798260
8.507870
8.192910
7.211240
6.963980
7.671120
7.925990
8.150360
8.088500
8.314430
7.225800
8.361940
9.660540
7.421780
7.176100
6.089870
6.501870
8.682220
8.416910
7.629230
7.727090
7.826000
8.170310
8.878820
8.444040
7.748130
7.439800
7.437990
7.731240
