5.726790
8.180950
8.690430
5.824660
5.877700
6.300430
14.778700
14.647400
14.272800
5.662140
8.180590
13.260900
14.402400
7.284440
5.234330
5.977510
16.416200
11.778700
5.352600
6.669920
9.249500
11.932000
13.676700
5.345040
5.224030
9.397240
13.339300
11.585500
9.138640
6.602430
14.534200
20.529800
10.033100
10.340000
7.344950
6.683240
9.917540
13.746900
16.823700
11.007600
19.359500
18.192300
14.540800
10.510900
14.661400
14.074600
12.544700
12.278300
7.691090
7.055650
7.420370
9.739590
10.295300
8.033420
9.921450
11.432100
13.192700
11.766000
8.931530
12.922700
17.103800
11.485900
11.916500
12.178700
15.662200
14.246600
11.087200
11.878000
9.454980
8.323000
9.816030
9.701770
10.127800
10.396800
8.972600
9.976490
11.556500
8.786200
8.944000
10.891800
8.686600
7.758740
8.557530
9.367170
7.981110
8.761040
7.931750
7.606600
8.784070
8.471140
8.647580
7.945720
8.098900
7.308370
7.326240
7.460540
8.125170
7.673340
6.833230
7.933360
6.510700
6.910650
6.235440
5.904910
