4.136440
5.059240
5.303800
5.874060
5.251140
4.850650
6.706180
8.206590
12.013800
6.890070
4.960460
3.602000
5.765260
7.367510
6.234860
4.925870
9.131740
5.001550
4.877940
5.351270
10.867200
10.027000
8.936850
10.304000
9.206240
10.804500
7.196590
5.917610
13.031700
11.395200
9.368620
9.442600
7.976780
6.518220
5.934810
18.667000
11.890500
9.560030
10.705800
9.549460
9.098960
9.733100
11.038600
13.143500
6.232250
10.540000
13.682000
9.903130
12.939400
12.042600
8.922490
9.461190
11.820300
7.699730
7.254290
7.805140
8.319750
7.043850
8.482220
12.055000
10.074300
8.294060
9.359790
10.603000
10.062900
8.227040
9.282490
12.271700
10.539000
7.508700
11.432300
13.743400
12.585600
7.902030
9.746990
11.476700
9.971770
8.290270
13.612300
14.801600
10.070500
8.292100
9.814530
9.609500
9.794140
9.031810
6.326100
7.273690
8.728020
8.858630
8.871380
9.580160
7.939170
8.218890
7.655020
5.592960
6.765500
6.372210
6.804660
7.880130
8.356700
8.011220
10.190700
8.422430
13.784300
7.006060
7.228930
8.312510
6.714700
7.120110
7.193910
8.532930
9.700430
8.817960
9.588580
11.059800
10.440000
8.817310
13.592900
5.008160
5.458000
5.920720
6.069520
5.770210
5.423600
5.461630
10.642000
6.497050
7.071450
10.295000
7.973370
7.812440
8.836420
8.490250
10.493100
13.415700
9.086280
11.846000
8.426330
7.709170
9.133890
8.729620
7.619190
5.667010
6.085950
7.105620
11.200700
5.966370
6.058600
6.038320
6.179290
5.666910
5.733400
5.946930
5.676050
6.372260
7.075860
6.528780
6.426270
6.471020
6.265260
6.368820
9.322760
13.522200
12.189200
7.568580
9.811180
7.736380
9.150830
17.198000
7.066890
6.639390
8.537620
8.800960
8.935990
7.792790
7.322600
6.723570
7.817360
6.616520
6.204110
