1.339960
1.304280
1.243400
1.132050
1.422180
1.266060
1.244740
1.181570
1.751620
1.873860
1.669670
1.398430
1.222740
1.045260
1.308960
1.391110
1.879650
2.384160
1.169680
1.615740
1.619450
1.503380
1.425270
1.584720
1.878460
1.992830
1.454730
1.717530
1.494260
1.274340
2.044880
2.057080
2.067750
1.722780
1.789470
1.944030
1.836150
1.592360
2.132050
2.048950
1.651340
2.250060
2.727150
1.466730
2.008250
1.834230
2.719850
2.439120
2.049000
2.258640
2.037560
1.541030
1.806670
1.883120
2.323370
2.327680
2.450160
2.175460
2.227510
2.656920
2.039560
2.625200
2.726960
2.205310
3.466440
2.517700
3.491530
2.423640
2.910700
2.229210
3.033510
3.621960
3.075740
2.741520
3.178600
2.541910
2.942200
3.232690
3.312570
3.586900
2.629950
3.410150
2.980110
3.262400
3.295260
2.773060
2.351480
2.411120
3.101910
3.354420
2.560190
2.471300
2.771750
2.334520
2.468390
2.186530
2.557640
2.315360
2.314270
2.471640
2.527480
2.821940
2.310100
2.266280
2.812780
2.202520
2.847170
2.490300
2.361270
2.442520
2.432220
2.345760
2.278800
2.633940
2.278540
2.580030
2.427010
2.732550
2.371130
2.388370
2.725290
2.400310
2.462720
2.509240
2.398070
2.592190
2.355250
2.365160
2.503170
3.002950
2.738300
2.601680
2.792090
2.897750
2.197350
2.462590
2.657980
2.836100
2.710300
2.102850
2.362360
2.426160
2.078680
2.562040
2.476930
2.854990
2.607600
2.813200
2.513960
2.776650
2.876620
2.768430
2.804350
2.907650
2.981260
2.840020
2.526120
2.347970
2.160860
2.329760
2.023630
2.279790
2.145300
2.556430
2.637470
2.952120
2.279660
2.390140
2.592670
2.363010
2.274020
2.117830
2.281610
2.331080
2.130900
2.406300
2.448420
2.318980
2.345580
2.430890
2.141760
2.313900
2.783450
2.292220
1.925990
2.048530
2.202400
2.440480
2.547530
2.463070
2.483590
2.318780
1.913060
1.985680
2.049440
1.849570
2.208210
2.513920
2.449510
2.318260
2.218120
2.512170
2.212630
2.252630
2.095340
2.789570
2.152560
2.301390
2.508420
2.587590
2.221610
2.370380
2.383390
2.158620
2.588260
2.760520
2.668880
2.482150
2.528870
2.677590
2.265510
2.115180
2.189560
2.610430
2.326170
2.503660
2.434050
2.359610
2.701420
2.542350
2.792440
2.536330
2.592730
2.491040
2.733730
2.645140
2.412530
2.675810
2.540180
2.672420
2.580540
2.363000
3.036430
2.878920
2.619650
2.663110
2.707960
2.582690
2.879880
3.132840
2.904860
2.334650
2.763550
2.762990
2.608160
2.268540
2.465930
2.654360
2.639270
2.592030
2.631830
2.275450
2.422240
2.722600
2.585710
2.579940
2.599980
2.732250
2.613800
2.540870
2.469880
3.051410
2.459920
2.738980
2.773090
2.780180
2.668410
2.511670
2.410210
2.112450
2.992200
2.605830
2.572550
3.004470
2.702460
2.789030
2.835950
2.921880
2.584000
3.047070
3.360970
2.972620
3.473480
3.254920
2.934200
3.261080
3.366110
3.066710
3.357910
3.045190
2.691750
2.858730
2.678930
2.720780
3.062040
3.370930
3.609100
3.861300
3.327730
3.565040
2.823890
3.131440
2.982640
3.306350
3.562250
3.145800
3.312650
2.739960
2.877630
3.639150
2.953760
3.134920
2.746730
2.893410
2.632590
2.916310
2.937790
2.916580
3.568240
3.018640
3.054840
3.497140
3.594720
3.954330
3.467990
3.283980
3.285990
3.005160
3.185690
3.110290
3.552330
3.364710
3.371780
2.917360
2.559560
2.621870
2.377490
2.557460
3.094980
2.506920
2.422290
2.613370
3.083850
2.974910
2.800100
3.483540
3.616990
3.097010
2.992950
3.443780
3.685030
3.639770
3.764900
3.343890
3.248390
2.789300
3.171860
3.015130
3.580410
3.977020
3.484330
2.814280
3.224440
2.918580
2.542070
3.017270
3.193820
2.992120
3.713640
3.784120
3.141690
3.109060
3.644060
3.263710
3.325860
3.262720
3.886530
3.901960
4.081070
3.743560
4.186170
3.577650
3.042240
3.281070
3.252730
3.073490
3.328350
2.855400
3.632350
2.968310
3.532390
4.126330
2.765010
3.223240
4.286370
3.648240
4.258310
3.544810
3.784510
3.474150
3.558410
3.450740
4.211450
3.636540
3.424850
3.035590
5.040180
3.838970
4.574690
3.823790
4.308470
4.011290
4.647900
4.240570
4.204150
4.284410
3.856710
4.024790
3.809340
4.269330
4.272610
4.580730
4.401580
4.346530
4.502980
4.488630
4.114490
5.041210
3.901290
5.099040
4.340770
4.624510
4.513380
4.271800
4.415880
4.163380
4.157020
4.712950
4.801580
4.574400
4.858200
4.665130
4.138470
4.153090
4.747150
4.802540
4.098560
5.198950
4.873660
4.214760
4.348340
4.502750
4.423790
4.599340
4.006400
4.742300
5.033660
4.088830
4.026410
4.022240
4.678040
4.404680
3.677810
3.688390
4.060490
4.488820
4.367070
4.517870
4.275330
6.040590
5.599770
4.824910
5.142070
4.336680
4.933890
5.559270
4.627500
5.409220
4.224510
5.378930
4.911520
4.351760
5.023280
5.006780
4.526700
4.742730
3.753250
3.841620
4.567650
4.948640
4.761790
4.808380
5.363110
5.342230
4.798860
4.927620
3.568450
5.132270
4.804740
5.505430
5.178410
4.925460
4.737880
5.387510
4.980870
5.450230
4.785210
4.157890
4.593250
5.511530
4.161630
4.723060
4.996350
5.301750
4.647860
5.605310
5.360370
5.235400
5.670120
5.085840
4.698300
5.558810
4.032400
5.778920
5.210120
5.186840
5.274530
6.087100
6.423860
5.741890
5.862160
6.019800
5.125800
5.159760
5.989920
7.380400
6.243230
6.060890
5.616810
6.203280
6.312050
6.080030
6.665020
7.743120
5.735420
5.549890
5.482190
4.863630
5.719110
5.140200
5.779740
5.012930
5.735110
5.772650
6.355310
7.142100
7.276240
7.183150
6.955430
7.143350
6.517920
8.249990
7.661020
7.633950
8.828320
7.723600
8.523070
7.102340
7.747900
7.064190
8.087450
6.810190
7.461980
8.790460
7.193070
7.587150
7.094390
7.575000
6.907520
7.030130
7.584890
7.412850
6.683080
7.332820
7.147170
7.740820
6.836920
7.266500
7.649020
7.706220
6.658990
7.085830
7.527710
7.409240
7.055580
7.376450
8.727760
6.462500
6.565210
7.147400
8.993630
7.678990
9.760500
9.410270
7.882650
8.441100
8.260410
6.734940
7.066790
6.613250
7.441680
8.613290
7.393810
6.549880
7.352180
6.379430
7.477880
7.275090
6.360490
7.045210
7.072670
6.573010
8.568590
6.227550
6.727890
6.729130
5.994260
5.816220
6.878990
7.473220
5.714910
5.655690
6.329790
7.500920
6.668990
7.177700
8.079900
8.206870
7.277530
7.484930
7.848320
7.473770
6.444250
5.085330
6.705460
7.359490
6.505200
7.823040
7.761420
7.312530
6.831200
7.439530
8.011420
8.518210
9.588680
8.843300
8.912600
8.695180
7.991930
8.802840
8.431470
4.406470
4.884020
5.022010
5.597040
7.942360
6.328760
5.458740
7.889350
7.281510
5.783840
5.791220
7.903890
8.543810
8.245930
8.224850
7.301320
8.108810
5.446250
5.959540
9.128930
9.764460
9.899290
10.530800
8.979430
7.586520
9.695530
9.169930
9.845090
8.292650
8.704400
7.594270
9.244940
9.013400
8.168210
10.416100
11.713900
10.212500
9.365080
9.038190
8.373610
7.653480
9.076000
8.828290
10.461700
10.383000
9.105700
5.855920
5.454770
3.277780
2.053980
