6.183640
10.978400
9.388460
9.769320
7.974450
8.150110
7.316300
8.156740
6.166210
9.344050
12.471000
8.023630
7.019640
7.118590
7.002950
7.373800
8.160030
8.706360
8.774190
9.684090
7.498770
7.638670
6.810840
6.919800
7.696530
9.163170
8.565860
10.306600
10.752900
7.844300
10.233400
9.412740
9.093230
10.066000
9.376260
9.666880
8.323090
10.487800
10.223400
9.450750
11.532800
8.654790
8.062470
11.779700
10.048900
9.834780
9.302840
8.879940
10.170200
10.358400
12.151600
15.469000
15.664700
12.027000
12.577900
10.318500
14.129800
14.488800
13.153800
12.126700
10.237600
10.273800
10.513400
11.803200
12.409500
12.715300
12.635700
11.139700
10.934800
12.409900
12.287200
15.312900
10.826700
10.056500
10.232800
12.184300
8.638420
8.513560
10.357700
11.209400
11.602500
10.276600
13.566800
13.321800
12.125300
12.284800
9.905760
10.878900
11.288600
12.827400
10.881500
10.785700
12.473000
18.802600
12.463200
14.013600
11.600300
12.589100
17.045500
11.868500
10.193500
12.828000
12.936100
14.251200
12.850500
11.761000
8.587500
8.723420
17.260000
11.416400
9.592020
12.236100
11.750300
9.951520
10.018400
8.594540
8.093080
8.530130
12.879500
8.143660
8.761510
9.106140
9.549140
9.274800
8.156940
9.561750
9.178610
10.176800
8.281740
7.486460
8.463730
9.138210
8.848220
8.476820
8.340960
9.940930
8.829410
8.089030
8.393250
9.717700
10.362400
8.980140
8.521660
9.078610
9.410650
8.481930
