5.708140
7.273800
10.020300
11.451000
11.946900
12.301400
11.332300
11.511800
10.817400
11.757000
10.235400
11.370700
10.353900
9.963390
8.934100
6.947650
6.771210
6.098400
7.347760
8.753430
10.134800
10.109800
9.878770
9.582990
9.313110
7.953780
7.798950
8.529510
8.495390
8.108780
8.467400
8.649720
7.734190
8.794830
7.913360
7.459800
7.332800
6.976510
7.317660
6.925930
7.461320
8.754190
8.989110
8.845460
8.751600
8.000810
6.693770
7.891710
8.464840
8.626320
6.364830
6.271090
6.965230
7.908810
8.000820
7.734760
8.534170
7.957410
8.301240
7.902960
7.819700
7.464310
7.914280
7.807510
8.135040
7.618170
8.950440
8.061800
7.696280
7.062050
5.832550
6.242460
7.165890
6.182700
6.340330
7.183420
6.645310
6.557370
6.406220
6.073230
5.977580
8.531990
7.848340
7.933670
7.521030
7.280250
7.481440
7.490160
6.520260
6.738050
6.820830
6.674350
6.708480
6.645030
7.488660
6.827860
7.360030
7.988660
6.693360
7.729920
7.168420
7.069300
6.597810
6.542180
6.349950
6.456060
6.803710
6.767080
6.076770
6.190690
6.030840
6.294300
6.150220
6.505150
6.449250
6.378130
6.228480
6.072970
5.712420
5.633440
5.968860
6.194620
6.393040
6.131780
5.607110
5.727910
5.984290
5.743630
5.742170
6.041170
6.173750
6.206510
6.243640
6.274150
6.650030
5.828020
7.143590
5.598300
5.718770
5.938160
6.418480
6.122300
6.905820
5.897410
6.165990
6.199350
6.200430
6.322590
6.287700
6.687250
6.405650
5.962590
6.400430
6.969620
7.164980
6.175160
6.002990
6.282130
5.729800
4.436380
5.866030
5.889690
5.943850
5.639890
5.826680
6.399910
6.412080
5.735650
5.273870
6.172640
6.326500
5.845750
6.647430
6.073250
6.073750
5.934880
5.985080
5.828090
5.918340
6.320380
6.442460
6.467420
6.557810
6.122990
6.199790
5.876130
6.341200
5.846460
5.986380
5.410050
5.787790
5.226080
6.071230
5.861930
5.645360
6.230880
5.742620
5.781930
5.447910
5.947290
5.835640
5.602380
5.352100
5.746960
5.489500
5.425810
5.211830
5.058860
5.649480
5.787370
5.443560
5.383680
5.930490
5.695480
5.830820
5.689630
5.736030
5.823620
5.422550
5.516130
5.732410
5.548570
5.778170
5.524540
5.933850
5.696880
5.737330
5.141170
5.165520
5.066170
5.476440
5.324020
5.481840
5.431200
5.435300
5.305850
5.069480
5.355520
5.262820
5.141270
5.566230
5.336870
5.262120
5.256530
4.616670
5.207290
5.562610
5.165420
5.385890
5.112620
5.074490
5.182990
5.146150
5.178680
5.290350
4.579310
5.072060
5.038000
4.786660
4.717810
4.866720
5.174410
5.053600
5.014490
5.133390
5.225870
5.213400
5.156000
4.861760
4.597460
4.716160
4.644540
4.923040
4.527980
4.719300
4.881320
4.602110
5.012910
4.942290
4.990970
4.924370
5.249820
5.194800
4.804350
4.461070
4.726490
5.108530
5.118440
4.778010
4.708990
4.875550
4.892390
4.805540
5.118190
4.716380
4.687830
4.503570
4.606660
4.603020
4.587420
4.575720
4.462590
4.861340
4.428880
4.412240
4.669230
4.269970
4.399750
4.453830
4.602100
4.794890
4.714690
4.801280
4.466610
4.108450
4.732810
4.527530
4.733300
4.609170
4.604610
4.391540
4.717040
4.640880
4.762570
4.763580
4.450410
4.602540
4.460620
4.783550
4.594460
4.510870
4.951390
4.766820
4.789230
4.514660
4.501410
4.255900
4.928670
4.624670
5.003500
4.923180
4.398120
4.364640
4.389130
4.295080
4.230840
4.353860
4.353320
4.324060
4.613660
4.671530
4.653590
4.776670
4.865450
4.402510
4.593440
4.408890
4.492350
4.473700
4.520060
4.307340
4.501500
4.502460
4.414570
4.433420
4.153740
4.295410
4.547770
4.119260
4.113680
4.444730
4.343940
4.468430
4.199520
4.117330
4.391740
4.149070
4.374330
4.332550
4.290000
4.437410
4.243300
4.383490
4.328140
4.321600
4.225040
4.327550
4.035320
4.555830
4.224300
4.118370
4.325430
4.358660
4.215760
4.365620
3.962990
4.198360
4.160560
4.272380
4.169320
3.931650
4.004760
3.978230
3.975290
4.039690
4.060150
4.120870
4.038590
4.220530
4.171740
4.108480
4.063320
4.353800
4.253840
4.235510
4.254030
4.161850
3.867040
4.052940
4.150600
4.114620
3.975660
4.239940
4.147500
3.673290
3.900890
3.960880
3.613140
4.215580
4.117230
4.035680
4.123050
4.092890
3.916730
4.092780
4.314350
4.258650
4.386970
3.964190
3.782760
3.640530
3.873960
3.899990
3.933350
4.141830
3.913790
4.365010
4.250790
3.952040
3.710860
3.980360
3.785430
3.727300
4.093450
3.960390
3.845900
4.264770
3.891930
3.796430
3.671680
3.817360
3.647310
4.003930
4.050340
3.830390
3.930600
3.827720
3.879060
3.822540
3.766790
3.582280
3.796430
3.781880
3.818460
3.821300
3.701260
3.854010
3.748550
3.651420
3.658240
3.936360
3.956460
3.858390
3.610650
3.863590
3.823820
3.944570
3.712160
3.506730
3.738740
3.865000
3.844780
3.759240
3.999950
4.170150
4.100580
3.881460
3.895660
3.932940
3.952060
3.772490
3.773530
3.842250
3.727710
3.755370
3.526280
3.938090
3.821500
4.027150
3.979470
3.911110
3.837630
3.763910
3.863470
3.821580
3.824360
3.853300
3.799200
3.995710
3.862000
3.671960
4.002890
3.834380
3.919760
3.731200
3.865420
4.127710
3.783760
3.985370
3.777060
4.068110
4.001850
3.893360
4.000220
3.848500
3.887890
3.896010
3.677280
3.436450
3.881150
4.083910
3.881540
4.009590
3.770290
3.584350
3.692210
3.503500
3.817170
3.983600
3.850650
3.825200
3.649370
3.671900
3.683990
3.773840
3.875060
3.805340
3.747560
3.723960
3.986880
3.806570
3.858730
3.654580
3.858630
3.782680
3.794680
3.578120
3.853300
3.772400
3.941370
4.012300
3.641090
3.775030
3.508860
3.192690
3.632660
3.449860
3.301790
3.449590
3.407410
3.426570
3.279350
3.392260
3.323190
3.437940
3.504170
3.197170
3.478730
3.361490
3.490330
3.489220
3.366000
3.196880
3.047050
3.166530
3.489320
3.326240
3.287860
3.458570
3.261460
3.243530
3.243210
3.326650
3.317700
3.399840
3.589290
3.025850
3.151090
3.340390
3.318750
3.428740
3.277630
3.150230
3.253200
3.104460
3.130720
2.995600
2.933080
3.049470
3.200120
3.187110
3.076480
3.172770
3.076360
3.099450
2.927570
2.975000
2.971410
3.012420
3.320840
3.019060
3.057910
3.139880
3.443810
2.851680
3.015480
2.841240
2.998580
2.657830
2.985080
3.004680
3.043410
3.030450
3.197820
3.094620
3.192050
3.012030
3.049490
3.244720
3.119440
3.002550
2.847600
3.218050
2.812840
3.077670
2.971570
2.893630
2.976120
3.215800
3.250480
3.063130
3.013330
2.921050
3.009070
3.344220
3.019390
3.457160
3.086700
3.103900
2.876490
2.960630
3.164690
3.046260
3.179900
3.153810
2.818640
2.906150
3.022330
3.001850
2.966980
3.018760
3.320680
3.052070
2.919080
2.733610
2.848520
3.066060
2.825120
2.875090
3.075330
2.771300
2.917200
2.865320
2.723090
2.979970
2.841690
2.659170
3.014680
2.921950
2.890170
2.735040
3.002680
2.967070
3.015780
2.828160
2.840830
3.065510
2.617670
2.811130
3.033390
2.935130
2.935920
2.870630
2.879350
2.856840
2.915110
2.895640
2.951020
2.807690
2.502580
2.731870
2.741760
2.628340
2.736670
3.010000
2.748260
2.713610
2.464810
2.978820
2.886770
2.777830
3.059470
2.791060
2.915370
2.867050
2.577210
2.938260
2.711280
2.991500
2.589910
2.719000
2.702370
2.448500
2.614140
2.751210
2.734590
2.619530
2.624130
2.710370
2.713940
2.623000
2.592950
2.524810
2.596590
2.655130
2.732030
2.925380
2.597140
2.605440
2.411460
2.831640
2.881720
2.845990
2.647320
2.509610
2.639650
2.473480
2.307760
2.887450
2.568260
2.899250
2.363430
2.670210
2.488280
2.353990
2.332560
2.491860
2.818660
2.593900
2.387670
2.525070
2.576210
2.563050
2.617700
2.832040
2.531180
2.589390
2.472080
2.422660
2.419850
2.453910
2.584830
2.415860
2.721500
2.593090
2.514370
2.446660
2.635910
2.674340
2.519800
2.425850
2.538280
2.575460
2.511540
2.553820
2.350560
2.433030
2.198570
2.611120
2.451080
2.408730
2.549410
2.519300
2.513590
2.426370
2.605620
2.284070
2.513750
2.541310
2.373320
2.504540
2.604920
2.320150
2.466350
2.352610
2.435630
2.308150
2.422010
2.506810
2.409290
2.262890
2.418420
2.305150
2.516710
2.584510
2.610950
2.430060
2.593680
2.288390
2.335780
2.577760
2.212960
2.437960
2.672630
2.489980
2.394500
2.579780
2.432380
2.525830
2.612920
2.532620
2.645980
2.723930
2.503900
2.395710
2.441860
2.303890
2.477030
2.515990
2.498320
2.420360
2.368830
2.400470
2.416130
2.505100
2.202150
2.266120
2.315550
2.320470
2.443000
2.129140
2.302550
2.241400
2.335050
2.015240
2.297900
2.190530
2.246200
2.194100
2.247190
2.271250
2.328090
2.261830
2.457450
2.169870
2.267840
2.306540
2.191780
2.326090
2.488230
2.425590
2.136900
2.301290
1.960730
2.545200
2.510870
2.341490
2.357870
2.428600
2.252910
2.411610
2.671770
2.512880
2.495630
2.478230
2.628970
2.637570
2.464520
2.703470
2.393380
2.513290
2.323930
2.444770
2.682090
2.697840
2.743380
2.668000
2.634150
2.679070
2.778320
2.851450
2.783170
2.867530
3.003050
2.954490
2.968820
2.968600
2.740490
2.976020
2.925010
2.914510
3.056500
2.944430
2.588630
2.707550
2.808950
2.829210
2.817720
2.619780
2.645980
2.521830
2.769370
2.166420
2.628550
2.589720
2.504480
2.783450
2.741470
2.876960
2.679120
2.457110
2.526890
2.647460
2.617110
2.757240
2.744200
3.211120
2.879000
2.849260
2.601120
2.845150
2.907710
2.917380
2.526160
2.831790
2.551530
2.766220
2.728150
2.972510
3.042690
2.505820
2.590660
2.132250
1.948260
2.036900
