3.575380
3.619440
4.700940
5.383310
4.477060
4.928340
5.408050
7.952580
6.539090
6.868480
7.517960
9.207240
9.177870
7.498100
7.591360
7.677670
7.261830
7.564900
8.989870
7.368370
7.259700
8.158350
8.500710
8.990080
7.866200
7.434660
7.475130
7.996550
6.683140
7.120830
6.419090
5.740010
5.246320
6.344650
6.242400
5.721060
6.704480
5.737970
5.386760
5.828770
5.305530
5.457690
5.461500
5.018250
4.648420
4.580790
3.996480
4.687290
5.268510
4.453580
5.820680
4.900180
5.804370
5.944570
6.318440
4.486870
6.861930
6.609750
6.626990
7.172290
5.208650
5.865530
6.525860
6.709120
6.093150
6.698320
5.953190
6.437200
5.329480
5.567450
6.104020
5.181080
6.874760
4.997800
6.173910
4.366380
5.317360
5.349690
4.731440
5.982980
6.456180
6.873240
5.393000
4.448230
4.985730
5.494710
4.699270
5.567380
4.574660
4.509100
4.900290
4.485100
5.233480
5.176910
4.472300
5.225330
4.370660
5.000290
4.466640
4.861700
4.504260
5.333940
4.144750
4.148470
4.066820
4.436960
4.893420
4.303170
5.314940
4.314840
4.840700
4.185740
4.865760
4.252520
4.836350
4.094700
4.054670
4.508100
4.252030
4.590530
4.522320
4.207930
4.737830
4.752010
4.698170
4.528050
4.476360
4.211740
4.111380
4.639470
4.436260
4.078210
4.230470
4.017650
4.304120
4.034390
4.087710
4.158690
4.445660
3.897010
4.199290
4.231260
3.861630
3.865620
3.922480
3.953590
3.886020
3.852310
3.653440
3.854970
3.325240
3.782190
3.564700
3.450110
3.430570
3.605850
3.257240
3.829580
3.194630
3.398760
3.474010
3.471140
3.743700
3.258150
3.170830
3.583470
3.542630
3.136020
3.346520
3.272550
3.609480
3.143110
3.223720
3.470170
3.690430
2.923630
3.500330
3.486080
3.507510
3.142410
2.980210
3.541210
3.415990
3.638400
3.495140
3.189170
3.523460
2.791570
3.079650
3.088600
3.489260
3.039540
2.964910
2.656090
3.576070
2.938570
2.412270
2.700040
2.903400
2.364000
2.595820
2.953470
2.384360
2.498240
2.514080
2.620660
2.533960
2.643450
2.584530
2.438310
2.950940
2.415800
2.479580
2.122370
2.235370
2.634220
2.392260
2.225960
2.109250
2.715030
2.344810
2.668490
2.371810
3.031650
2.230820
1.960400
2.498460
2.118260
2.007170
2.127110
1.728520
2.335950
2.153480
1.874530
1.817870
2.299080
1.802490
1.794580
1.859350
2.315360
1.803570
1.765140
1.958700
2.244650
2.179990
2.111040
1.590440
1.906450
1.618340
1.904340
1.582850
1.557880
1.559500
2.179520
1.947970
1.608960
1.983370
1.594860
1.660140
1.763650
2.242930
1.692520
1.533210
1.486940
1.469320
1.310800
1.409600
1.568780
1.761660
1.400610
1.570300
1.473960
1.623610
1.607260
1.236440
1.224390
1.393550
1.196900
