1.575970
2.011200
1.829210
2.023640
2.129020
2.579230
2.105860
2.258180
2.184480
2.309130
2.125170
2.395010
3.072080
2.953250
2.895600
2.915560
2.443310
2.410650
2.347740
2.711130
2.917200
2.856950
2.466330
2.587010
2.449480
2.252560
2.150620
2.121700
2.390750
2.269780
2.219800
2.185810
1.778620
2.017670
1.811650
1.915230
2.231050
2.256490
2.155300
1.807680
1.715990
1.903940
1.894370
1.846530
1.932330
1.735360
2.280420
2.002980
2.158740
2.295710
2.007650
2.171710
2.296280
2.249480
2.369080
2.286360
1.837030
1.996940
2.070400
1.752330
1.943710
1.732100
1.924370
2.081170
2.018170
1.914980
1.880220
1.716590
1.940820
1.884510
2.110020
2.147980
2.319800
1.940110
1.981000
1.785990
2.348810
1.992460
2.115280
2.045520
2.091250
1.989280
2.135660
2.209190
2.070500
1.915600
1.998990
1.763580
2.071340
2.015490
2.212010
2.327320
2.332550
2.409780
2.036890
2.052360
2.281080
2.178970
2.361780
2.324150
2.366230
2.034580
2.026260
1.854330
1.864650
2.231930
1.979360
1.960120
2.084990
2.110510
2.116430
2.317380
2.389620
1.994130
2.467240
2.787730
2.781120
2.950940
2.790430
2.560110
2.644700
2.854050
3.021190
2.527730
2.918580
3.266370
3.314400
3.007120
2.665670
2.663190
2.974740
2.703890
2.530330
2.571670
2.670930
2.538340
2.865670
2.762860
2.676240
2.966050
3.054080
3.318210
3.339280
3.324930
3.483650
3.231360
3.536100
3.680350
3.391800
3.360500
3.544360
3.537870
3.015030
3.043210
3.569350
3.171630
3.351300
3.436260
4.013540
3.966980
3.765980
4.127930
3.491060
3.739810
3.382900
3.779920
3.766130
3.604630
4.090740
4.312080
4.366270
3.878000
3.573080
3.608340
4.090900
3.613220
4.379160
3.964920
4.377180
4.200020
4.071850
4.232100
4.424250
4.919240
4.229910
4.427630
5.220520
4.552460
5.023380
4.331200
5.061940
4.681820
4.059590
4.036050
3.879920
3.885880
4.311260
5.526010
4.629460
4.869790
4.254310
4.853060
4.446130
4.563170
4.346700
4.076570
4.689310
4.509920
4.947600
4.836750
4.950060
5.147630
4.869780
4.813820
4.963680
5.391290
5.896940
5.573880
5.366710
4.981470
4.747220
5.156750
5.166670
5.252220
4.967510
5.144470
5.535320
4.997230
4.982640
4.967880
4.901250
4.599340
4.895510
4.706340
5.078510
4.998000
5.173050
4.764440
4.829650
4.700930
4.915850
5.103290
4.380050
5.007820
4.686170
4.907270
5.051800
5.349230
4.257460
4.482770
5.066210
4.894730
4.763050
4.810260
5.389580
5.261410
4.764370
4.714010
4.781160
4.859140
4.905420
5.026150
5.570080
5.070260
5.104730
4.813860
5.056940
4.683450
4.940440
4.261670
4.173900
4.867580
4.779020
5.183980
5.319090
4.986580
5.260990
5.112820
5.130130
5.019620
5.089730
5.694630
4.891380
5.709360
5.008510
5.285130
4.422440
4.976990
5.323500
5.092200
4.898900
4.903490
5.058800
4.580050
4.733620
4.973750
4.733420
4.690440
4.732860
5.099750
6.377800
5.359800
5.919470
6.162440
6.319310
6.155600
6.254400
6.043380
7.263670
7.338170
7.212330
7.364530
6.889790
6.802790
7.352990
6.666390
7.265540
6.814200
7.059450
6.303520
5.893270
6.956020
6.844550
6.981990
6.379320
7.135160
6.671380
6.580710
6.632700
6.894260
6.337890
6.888880
6.328860
7.826180
6.591020
6.444670
6.513060
6.387280
6.932360
7.514570
7.393080
6.616860
7.837060
7.871630
7.299420
7.532620
7.559670
6.890420
7.356220
6.855290
7.254420
6.918010
6.536180
7.072290
6.931080
7.038210
7.653060
7.184170
7.561380
7.676940
8.037800
8.266490
7.927800
7.975540
7.475610
7.955160
7.266210
7.302150
8.070050
8.917700
8.207600
7.852150
8.937130
8.923240
8.252910
9.095990
8.425210
8.206960
8.102290
8.104150
8.219940
8.382850
8.347120
8.726610
8.084380
9.053390
8.586990
8.429470
8.500370
8.705340
8.909970
8.691670
9.047750
9.589960
9.258670
8.779360
9.284210
9.578030
8.565350
9.741800
10.072900
9.556290
9.227620
9.839170
9.308420
9.520370
8.878010
9.485490
9.888210
10.307400
9.776530
10.168200
9.255830
10.567400
9.991490
10.638200
10.266200
10.090500
9.522730
10.965500
9.879500
9.306410
10.275900
8.900250
8.911110
10.696200
10.557500
10.868100
10.390200
10.099200
10.621800
11.756700
11.104600
11.023100
11.623000
11.095100
11.067900
11.467000
10.566500
10.928000
10.623600
11.056800
10.647100
9.960510
10.075600
9.925570
9.484750
10.222800
10.324200
11.110300
11.084500
12.370600
11.867100
12.222800
11.976900
12.241300
11.142500
9.255430
11.264200
12.421200
11.478100
10.955800
10.351900
10.701300
11.266200
11.234200
11.623400
11.484700
11.213300
10.739600
10.985200
10.575800
10.149000
11.481500
11.039900
10.606400
10.286300
10.879600
10.609900
10.913600
10.761000
10.018100
11.654300
11.148800
11.555400
10.303500
10.038400
10.774300
11.069700
11.311900
11.157500
12.501300
10.985000
9.913080
10.672600
10.076900
10.860100
11.043800
12.033900
9.869330
12.394500
10.603000
11.843200
11.522000
9.935240
10.793100
10.721000
11.052400
10.139700
10.472700
9.773680
9.476620
9.893490
8.605950
8.644650
9.184380
9.673890
10.645700
9.496500
10.117500
9.618760
9.817480
10.538500
9.528450
9.323920
9.590870
10.277500
8.018970
9.836860
10.001000
9.254830
9.498980
9.152040
9.314950
10.503100
10.615700
9.988300
10.073700
9.340090
8.401620
10.812700
10.355100
9.242710
9.563520
9.718940
9.699240
9.317060
8.609930
9.454960
9.745290
9.430870
9.182110
9.013900
11.003900
10.427100
10.719600
10.764900
10.433900
11.848700
11.132200
11.824500
10.613200
11.235500
12.568000
10.983700
10.823600
10.867000
11.067000
10.753900
11.145500
11.513900
11.123200
10.510200
11.094700
11.540000
11.028000
11.225800
10.697800
11.579700
11.690900
11.034800
11.758100
11.536600
11.701100
12.776700
11.646100
11.518500
11.921700
11.673100
11.753400
11.248600
12.188900
11.568500
11.418700
10.230000
10.336600
10.529600
11.879300
10.692700
10.991800
10.087500
11.048500
10.073300
11.841300
11.242500
10.545400
11.232800
10.973500
10.837900
11.682400
10.411100
11.277600
11.404800
11.196300
11.388000
11.601700
11.518300
10.515300
12.284500
11.716300
11.659200
12.825000
10.318000
11.327600
11.335900
11.414400
11.548800
9.799730
10.839700
11.512700
12.100700
11.053800
13.080400
13.034800
12.794600
12.553900
11.785400
13.085200
12.899000
12.802800
12.733100
12.293200
11.734300
12.699400
11.749900
12.957500
12.088500
12.205500
12.702900
10.347000
11.200000
10.810800
12.644500
9.710310
10.327400
11.921200
11.345300
11.405200
10.925400
11.280100
10.809900
12.406600
12.290700
11.098000
13.246900
10.584200
9.524930
12.533600
11.773200
10.420600
11.404100
10.382700
11.931000
11.663200
10.148600
10.818200
9.447710
11.213900
9.329190
11.399500
10.506200
10.695100
10.724300
12.374500
12.599900
12.077600
11.688100
12.312300
11.913000
12.592800
13.853500
14.002500
12.241900
9.828010
10.630700
10.126700
11.627800
9.076180
9.313300
9.700300
12.061200
13.305900
12.665600
11.077700
12.897300
13.957300
12.614700
11.958500
10.873900
10.809400
9.298550
9.408780
9.069620
10.180700
13.624000
13.658300
13.834400
13.679400
13.666300
12.945800
14.414400
15.150100
11.710000
12.612500
14.102700
16.148200
9.772230
7.175050
6.095820
6.312460
5.137660
5.439320
