2.361460
2.707880
2.828830
3.754600
11.930300
8.403220
6.899590
4.355100
1.786140
1.751760
3.239870
4.272030
4.029350
3.899720
4.927980
4.016030
7.655120
6.988600
2.361420
4.177820
2.544940
1.592540
2.141000
1.124860
1.184250
1.372220
1.760610
3.528210
3.909260
2.789390
5.707880
7.979140
3.772470
4.859820
4.219820
5.182260
5.795410
4.729910
4.044530
3.634310
2.796290
3.770770
3.104120
6.236320
5.299960
5.212930
4.188270
3.623850
3.139710
4.067730
5.767280
6.335940
6.591280
3.797260
4.632250
4.958930
3.726250
5.142030
4.532680
5.358910
8.175820
6.324530
10.224100
7.576060
7.310260
7.135740
6.951970
8.408190
8.240300
8.940730
5.681940
8.131000
5.379810
4.680420
4.556290
3.638240
3.914370
5.106310
6.665600
8.884970
6.367850
7.998920
9.530070
7.866420
13.993400
13.711400
9.800500
8.625050
8.310270
8.554580
9.167420
8.225150
12.706900
11.969100
7.303940
4.882070
12.241100
8.505790
10.290300
8.559070
14.970600
9.267580
4.811510
4.597590
5.249920
5.081020
5.811070
6.038160
4.264390
4.159940
4.766470
