17.571600
34.750500
29.786100
29.834300
29.264900
28.790500
23.224500
25.872300
28.008300
22.569500
24.694000
21.008000
19.287900
20.280100
22.292600
22.512900
22.357800
20.278800
19.683700
20.091100
19.875000
21.475600
21.631800
20.550400
23.590100
20.706800
20.684100
20.367400
22.549000
21.644800
21.083200
22.671300
21.149800
20.134000
20.737800
20.075100
22.556700
19.975100
21.305100
21.960400
22.844900
20.706900
20.199100
22.100900
15.801500
21.041000
20.130100
20.969100
20.861900
21.951300
21.054900
23.121400
22.338600
23.875700
23.375000
19.146000
23.330000
20.832900
21.333400
17.589100
22.984800
17.985600
19.463400
20.397100
20.017400
20.110600
21.312500
20.254500
20.009900
16.394900
18.327100
16.708500
18.916800
18.369900
19.535700
18.449600
18.078800
18.830500
18.575400
19.827700
18.575500
19.932500
22.255700
18.303400
17.906800
19.793900
17.239700
20.028000
20.847700
19.021600
21.910300
16.460200
21.083400
24.435100
20.352200
22.998000
21.393900
18.224800
19.831900
17.835600
17.347700
18.795000
20.317900
22.393500
17.164100
16.502000
19.627000
19.341200
20.018500
15.952300
15.974600
17.964300
20.555600
19.737700
20.710300
17.367900
16.504000
19.695700
17.877600
20.828300
20.846600
18.098200
16.208100
16.318500
16.545500
17.318000
12.363600
15.466100
16.325200
14.875800
17.533700
15.116900
11.996200
11.313500
14.009700
14.740400
10.653300
14.822200
11.985600
14.545200
13.093400
13.843400
12.897300
18.475500
13.629100
12.464700
11.032800
11.998400
12.458400
11.607800
14.092900
9.899790
10.667600
12.156300
13.366600
11.845600
11.353900
8.255540
9.572650
9.840840
9.992220
8.433500
9.412450
8.568200
8.723110
9.084170
8.572260
9.364430
10.220400
10.856400
6.935730
8.462120
8.895050
9.609130
8.837020
8.187140
7.406630
9.215120
8.296680
9.055490
9.177180
7.540380
9.613450
9.903050
9.310200
9.339510
8.054410
7.341180
8.702800
8.785590
7.013020
8.004620
7.588360
7.289290
7.894590
6.911530
7.206820
7.993010
7.259860
7.543750
6.184030
6.841670
7.269610
7.530620
7.220150
7.135150
6.225590
5.948530
6.902420
6.429030
5.973220
6.028910
6.654220
6.118250
5.833050
6.080180
5.504480
6.072250
6.097080
5.586000
5.906610
5.639100
5.811020
5.572660
5.294620
5.587090
5.504480
5.665530
5.691960
5.546150
5.191380
5.795840
5.547600
5.513560
4.970660
5.001820
4.977690
