6.920300
6.380850
6.766040
6.090540
5.759410
4.374690
4.007940
4.102970
5.164920
5.964680
5.345900
5.512590
5.826500
5.326760
5.615270
6.779260
7.502640
6.529690
6.366390
6.156460
5.547350
6.852340
5.157270
5.116770
4.972520
6.797880
6.772040
7.163000
6.498330
4.394280
4.806160
4.973470
7.908550
8.983440
9.231080
7.284780
6.691350
5.986080
6.204910
6.643420
5.618380
5.416400
6.368950
7.429000
5.711880
6.553270
6.559130
5.813690
5.156960
5.914160
5.975170
6.824730
6.604590
6.615600
5.727700
6.507920
6.907380
6.404550
6.237960
7.701600
6.556710
6.787700
6.839710
6.454630
6.464610
6.756970
6.851370
6.129410
6.542540
6.617400
7.375650
7.527580
7.131000
7.903460
8.716860
7.971270
8.126010
10.705100
11.238800
10.859900
10.504200
14.732600
10.808700
11.322100
9.694230
5.170390
5.489100
5.334930
6.726670
5.382850
5.305700
6.966660
7.724110
6.176310
6.033430
7.784140
7.832950
10.318700
7.220780
11.508400
11.715000
6.106390
7.394560
4.662750
5.352740
5.679170
5.963260
6.200180
7.081720
8.050020
6.134940
5.819740
5.502410
6.400770
6.151510
6.403940
6.155280
6.953560
8.644590
11.375200
10.990900
8.268980
6.862140
7.727270
8.095920
7.242380
7.900000
7.275150
8.350640
7.463840
8.723470
7.733360
7.000950
7.513600
7.724130
7.854350
8.507340
8.062300
7.970850
7.276700
6.894150
7.702840
6.760540
8.130280
6.559480
7.611160
7.261630
8.015480
7.748830
8.138450
7.549480
8.107930
9.060410
8.463710
6.926250
7.727210
8.525330
8.400230
6.923760
8.363350
8.542210
8.736580
7.612080
8.416960
7.082630
7.453970
8.114560
7.375280
7.173500
7.613310
7.439300
8.514810
8.585080
9.265530
8.087650
7.879460
9.668240
8.222590
10.141700
9.664200
7.320320
7.500800
7.216600
5.473510
6.993230
5.693510
6.117210
6.980080
