1.022730
0.986609
1.009750
1.032600
1.202450
1.115680
1.205610
1.124470
1.036150
1.202540
1.410280
1.677990
1.297890
1.027530
1.127540
1.063420
1.088780
1.300880
0.855887
1.071290
1.366080
1.269420
1.238500
1.280180
1.230870
1.532540
1.569540
1.514630
1.604940
1.478680
1.512340
1.439880
1.277300
1.502970
1.480710
1.323690
1.311860
1.548990
1.489690
1.754870
1.428560
1.398750
1.362710
1.489000
1.590920
1.594350
1.603840
1.686220
1.613980
1.466250
1.453510
1.521290
1.554630
1.641930
1.785440
1.538520
1.469590
1.501670
1.381790
1.380380
1.525010
1.908360
1.898340
1.702340
1.647360
1.547450
1.781660
1.795160
1.831880
1.869420
1.885370
1.803230
1.782550
1.783680
1.848310
2.058490
1.864860
2.069770
1.874350
1.877820
1.939490
2.119160
2.012810
1.796120
1.726590
1.519720
1.706770
1.948690
1.864540
2.361620
1.952310
2.084380
2.548700
2.445170
2.323150
2.276040
2.209300
2.397540
2.382480
1.905740
2.199570
2.098660
1.987650
2.039700
2.042580
2.036410
2.194160
2.082940
1.795550
1.975400
2.452060
2.026780
2.091230
2.188210
2.254360
2.170420
2.199830
1.789870
1.951260
1.927850
1.905650
2.247050
1.941530
1.889500
2.018840
2.080450
2.269520
2.693570
2.972260
3.245880
2.776690
2.541080
2.861930
2.825590
2.333320
2.572900
2.249690
2.307710
2.427380
2.487270
2.309360
2.441450
1.678210
2.123850
3.732280
2.668400
3.289130
3.779300
2.727820
3.755800
3.466360
2.751600
3.218360
3.115480
2.682390
2.864790
3.255760
3.086460
3.497800
2.661970
2.523020
2.350400
3.128750
2.056120
3.857810
3.046190
3.927120
3.094000
2.020000
2.602310
3.279550
3.179270
3.063060
3.837880
3.380470
2.791290
3.163670
3.015560
3.048950
2.723110
3.251200
3.005310
3.482990
3.332500
3.975150
2.965610
3.250680
2.704420
2.894120
5.597450
4.138710
3.562950
2.949530
3.127760
4.870200
4.142070
3.671600
3.691370
4.214230
5.054280
4.438690
4.129610
3.813510
4.076200
4.602220
4.135240
5.003990
4.237220
3.376530
2.773870
3.713220
2.932390
2.536470
2.789380
3.651990
3.262570
2.812950
3.036120
3.165890
4.016440
3.993340
4.733000
5.506840
6.244290
4.871920
3.404300
2.988380
2.467010
3.806040
2.761380
2.995870
2.954350
2.599530
2.944300
3.031830
2.337100
2.030540
2.550820
2.142790
5.171240
5.982970
8.423020
6.418000
7.322930
4.975080
7.431470
5.707210
4.413050
4.992680
3.717020
3.949460
5.397270
4.222790
3.750130
4.946440
5.923000
5.474400
3.948780
4.773410
4.280330
4.125450
3.097000
3.269410
4.587420
4.949660
4.319080
4.862530
3.834770
3.155060
3.572840
1.853430
1.787510
1.904730
2.065750
1.834630
1.871840
1.731090
3.218670
3.152070
2.030640
2.322040
1.390670
1.327730
1.754160
1.987290
1.973870
1.779900
2.403240
1.559260
4.374440
1.900490
2.140920
2.657110
1.603810
1.858610
2.000950
2.313030
2.702840
3.120140
2.168770
2.567810
2.067460
1.400570
1.941420
1.826330
1.219590
2.768860
1.359520
2.760560
2.568590
1.441960
1.474830
1.654250
1.560110
1.088740
1.089410
1.264520
1.344100
1.464180
1.372530
1.505060
1.410330
2.614950
2.324080
2.672400
2.614270
2.580530
3.207360
2.338910
2.554050
3.077300
1.531800
2.356090
1.876320
2.200470
1.621210
1.820140
1.481910
2.592090
2.608270
2.821490
2.304860
2.823150
2.766020
2.641390
3.517450
3.691100
3.571280
2.711630
2.668150
3.586680
3.613890
4.529290
6.390160
3.469200
3.566760
4.055090
3.412140
3.860450
3.254420
2.961940
2.644220
3.155070
3.393710
3.557800
2.973360
3.831210
4.750330
3.652210
4.703040
2.611370
2.896970
3.591930
3.999270
2.397430
3.108640
2.972700
4.382530
4.376210
5.303740
5.093930
4.395680
5.039240
5.686630
4.439870
4.707200
4.216130
4.187240
4.272610
4.976610
5.100690
5.220660
6.243490
6.791960
4.721760
4.950010
3.554630
3.857930
4.020460
5.390480
5.312490
4.922200
5.014160
5.261650
5.165270
4.686760
5.263480
5.644670
6.086240
6.684750
5.283640
5.793470
5.814720
4.325930
5.338560
5.745860
5.012610
4.026220
4.642680
4.949020
5.891720
5.627620
5.802700
6.092290
5.910320
4.722050
4.890800
4.790660
5.362910
4.922020
5.875920
5.545520
5.875940
5.295780
5.101260
6.554710
5.163340
5.384510
4.986080
5.137250
4.506970
4.924030
4.493030
5.949390
4.791790
5.745030
4.962990
5.728050
5.205870
5.718810
5.314870
5.620530
6.066660
5.235170
5.494420
5.854320
7.156820
5.521780
6.062400
6.451860
6.668480
5.253690
6.748950
5.953680
7.790870
6.827580
5.142120
5.111880
5.709330
6.493380
7.184710
3.996150
5.254110
4.743230
4.554740
3.846230
4.351990
4.373810
3.929670
4.387520
4.459940
5.287530
5.870530
4.462870
5.705880
5.662580
5.657590
6.764860
6.013210
8.969870
8.070700
7.162400
7.911320
7.398640
6.954090
6.602100
6.708240
6.205480
7.069450
6.530730
7.465630
10.727600
9.377420
8.858660
7.167900
7.231220
4.380760
3.500700
3.460870
3.918280
3.874080
3.733200
3.095840
3.331980
3.047050
5.500350
6.813930
4.018660
3.291060
2.963370
3.049480
4.155720
3.968920
4.849500
4.257110
2.621490
3.371320
4.335420
4.989360
