2.975460
3.378630
3.562650
2.945510
2.590590
2.168010
3.381200
4.149090
4.200230
2.845080
2.904150
2.670530
3.804010
3.398700
4.887460
3.483260
2.943450
3.036560
2.614580
2.151800
2.284300
3.008780
4.085970
4.284300
4.074330
3.921830
3.176810
2.818020
2.673590
2.874690
2.707930
2.804280
2.754230
3.130530
3.200350
4.150160
2.607500
2.328950
2.263120
3.090570
2.620860
3.787830
4.312480
3.575800
2.772360
3.299740
2.774340
2.107270
2.505170
2.966850
2.726090
3.332330
3.712070
5.207620
4.638580
3.781800
2.509060
2.791440
3.991920
3.691010
3.189520
3.904250
3.730000
2.766310
3.200820
2.273390
2.094880
2.025430
4.155550
2.650850
1.860600
2.934300
2.588160
2.744280
2.479470
2.694090
2.635970
3.526570
2.553830
3.788870
2.492590
2.275460
2.175960
1.940790
2.540170
2.180860
2.668070
2.712570
2.672940
2.375580
2.068160
2.071730
2.354400
2.297150
2.253680
1.839690
3.011100
2.983030
3.248650
4.261810
3.607290
3.890960
2.887870
2.475690
2.704440
2.036350
2.172820
1.858570
2.054780
2.136460
2.205700
1.505640
2.054560
2.355700
2.278180
2.282530
1.941890
1.748900
2.061460
2.057750
3.402070
3.984650
3.563570
4.121090
3.799270
3.618830
4.452360
3.425740
3.557760
5.180970
5.326190
4.019260
4.208540
3.254270
2.732740
3.099700
2.358080
3.135400
4.535720
3.287910
2.925700
4.645200
2.756590
4.367560
3.622440
2.909470
5.588790
3.618570
9.117910
5.653950
6.143200
6.103600
4.004320
2.601340
4.433550
3.763830
5.051060
4.017120
4.283150
4.026600
4.786770
5.014400
4.028470
3.685690
4.905870
4.505260
4.086230
4.239540
7.223120
5.794100
6.340200
4.339780
6.113080
6.851590
4.252330
3.722390
5.064090
3.298080
2.964560
3.022450
3.145040
3.981230
3.332550
2.938210
3.067320
3.021070
3.950230
5.055770
7.147450
5.184680
3.911860
4.887400
10.198100
8.039850
4.475300
4.019790
4.903180
9.281320
6.130350
4.555980
4.731820
5.561280
11.632100
12.096100
5.286150
6.141800
8.275220
9.741550
9.880780
7.937130
5.843460
6.291860
5.330010
16.323000
6.944630
6.365490
6.117030
5.107090
5.364600
7.360190
6.993460
10.681200
12.912400
11.613900
14.187500
26.168100
3.673460
8.872150
5.572240
7.827360
9.960670
23.913800
10.103600
11.246900
12.786500
12.926000
11.701100
14.427200
14.645500
13.106900
12.524300
15.650800
13.065500
11.393600
15.579200
13.315800
14.793700
15.891900
14.190000
12.070200
