2.829270
2.987050
3.235350
3.996600
4.225620
4.677550
4.451460
3.397210
4.209760
3.888930
4.657190
5.576920
5.431510
5.324140
4.262950
4.412510
6.656710
7.251200
7.647550
6.566470
5.578090
8.376570
9.366580
9.118480
9.468000
7.964280
9.902220
9.708130
9.646850
9.093310
9.349280
9.435540
10.378200
9.863490
8.498040
10.168200
9.681580
12.561300
9.749650
13.276600
12.257300
10.932600
12.714600
11.986400
13.516000
13.466100
10.007500
11.966100
12.769000
11.732800
13.184000
13.124300
12.705700
13.864500
13.504600
14.495200
13.392200
13.823700
15.071100
15.197400
14.322200
15.863300
14.626600
12.718300
15.017400
13.983600
13.627600
15.053400
13.988500
14.528700
13.161500
16.194800
15.266600
13.883200
14.904500
14.520800
14.308900
13.103300
14.807700
13.461500
15.549400
14.347300
13.703700
13.939600
14.807800
14.597300
15.872400
16.517100
14.458100
13.295200
16.634500
15.964300
17.155200
16.906800
18.684400
18.371400
18.365300
18.235300
16.426700
20.304200
18.339700
17.229000
17.183900
18.602700
15.661200
17.107300
19.506900
16.503300
20.402200
20.521900
18.181600
18.617300
19.362200
20.237500
27.073700
24.210500
22.506200
22.569800
20.845600
25.894700
25.483200
19.810900
20.867300
17.343600
18.394700
15.886500
14.500800
9.707610
10.667700
9.613370
9.586520
10.047500
11.565200
10.359400
11.092900
10.957600
11.471100
10.145300
8.995180
8.363230
10.716300
10.438800
11.095700
12.715600
13.098200
8.370720
7.236970
7.850780
9.953190
8.833470
7.542510
7.726150
8.175600
7.533890
6.909140
7.060030
6.601140
7.052650
6.953080
8.687800
6.913140
6.330240
7.393990
6.542260
6.649810
7.735840
7.304650
7.070660
6.991820
7.549950
6.483010
6.930690
7.741030
6.327630
8.148060
8.569220
7.898310
7.253690
7.627520
7.441800
7.352120
7.633890
7.344470
7.926150
7.851480
7.677010
8.088970
7.881060
7.542370
8.225550
8.166270
8.048680
8.020480
7.887680
8.076050
7.570240
7.838670
6.708200
7.396520
7.400200
7.104130
7.459750
7.146140
7.044460
6.949280
7.195900
6.984850
7.481630
6.265740
