3.943080
2.958350
2.903270
4.705740
3.343070
3.210500
3.380430
3.561950
3.534130
3.742190
3.337930
2.809990
2.828410
2.469330
5.247320
7.319640
4.872230
4.432060
3.081980
3.978440
3.734170
5.007530
8.498850
7.113940
6.536910
5.934080
5.829940
6.208240
5.908200
6.158490
4.928580
4.273000
5.865980
6.417760
7.509190
6.467420
5.427490
5.864000
6.589020
5.664740
6.585040
6.358110
6.051150
7.035300
7.365180
7.398240
7.705060
7.760110
7.013590
8.394820
5.634150
5.628250
5.300870
5.529900
5.190010
5.959200
6.746420
4.963560
6.443130
5.396630
6.237460
5.954090
6.399820
7.596350
5.495800
4.813450
5.250720
6.259540
5.814760
5.874340
8.048070
7.839020
9.172370
7.934550
8.918350
7.938240
7.435780
7.075470
6.778400
7.630930
7.962900
6.946000
9.766170
9.794640
9.040100
8.043620
8.937060
9.039950
8.500750
7.286300
9.662160
8.310880
10.393200
9.014490
8.555190
9.585530
8.671000
8.231580
8.134220
7.864720
7.575580
6.604360
9.032380
10.737400
8.859600
8.440990
9.350050
9.330770
9.839010
8.779440
9.483140
10.932200
9.701690
9.026790
10.483300
8.274130
10.617300
10.637100
12.297100
10.234300
7.078000
6.245460
5.711560
6.569290
6.649550
5.880960
