2.609150
2.359700
1.846150
2.122010
2.259640
3.433770
9.043090
11.398600
5.919220
5.230410
3.925090
4.355000
4.943240
10.764000
11.535700
11.331800
10.095500
17.552500
4.589850
4.977990
3.894960
4.754540
5.081920
3.519790
3.625660
2.799200
5.326730
5.489870
5.420110
5.740950
4.732900
4.469160
5.477910
4.953120
4.632680
5.920940
4.971290
5.906470
5.398630
4.931180
5.339740
5.570050
4.665610
2.942610
2.223800
2.438750
6.887110
11.222200
7.622320
6.708120
8.638720
7.438850
6.149850
6.519770
4.603700
6.029150
5.431010
5.521760
6.011720
6.585980
6.475670
6.574550
7.569010
6.239500
6.094650
5.007990
4.073200
2.345910
2.232030
5.475450
4.811770
6.269920
5.585330
5.717320
6.327380
6.871280
4.884830
7.750660
6.350960
7.182870
6.936840
8.855170
9.882560
8.954690
10.966300
8.501580
9.447650
10.536700
7.903490
7.039810
5.676320
7.913220
7.098010
7.594150
8.559390
8.148040
7.166030
7.337930
6.499330
4.703420
6.969240
6.788240
5.867800
6.379550
6.228980
6.192120
5.863260
7.091650
6.172160
6.970060
6.917300
7.247890
5.577220
4.833450
3.797520
5.371310
7.446710
8.091460
4.085380
4.589320
4.071580
3.520570
3.811260
3.607020
5.138000
4.069170
4.607380
4.308800
3.295020
6.547960
4.319730
3.550490
11.515800
11.061300
7.393750
7.007860
7.679190
8.000020
9.126840
8.259960
10.077400
8.868220
8.875050
10.706700
7.789730
8.354110
7.502220
9.508460
8.459640
7.661350
8.450130
8.278220
7.614290
8.852140
7.602900
9.168170
7.973570
7.164680
7.835750
7.071290
8.319170
6.884880
8.945630
11.022100
7.914880
5.342390
4.414500
4.169830
4.831900
7.227840
14.533100
7.796370
2.889090
7.662480
8.717560
6.553320
4.988720
8.859930
12.829400
7.072150
8.521670
8.039370
6.890580
6.834240
7.794290
8.086770
7.545510
7.074480
7.755860
7.475350
7.237540
8.052760
9.136880
9.059880
9.800170
9.012410
8.034200
8.991490
11.550400
8.690600
9.128960
9.783720
9.364950
8.645940
5.806430
6.232210
4.832200
4.040430
5.521370
3.445120
3.701100
3.783700
3.429580
3.540730
2.899910
2.558860
