7.770750
5.378970
5.048410
5.567080
6.604930
6.791130
7.062370
6.954080
10.585400
5.569050
5.819850
5.844530
5.610590
9.697590
7.638510
12.659400
10.781100
10.722400
9.317160
9.057450
3.917970
5.933360
6.307600
7.454900
7.025270
6.267580
5.459610
9.030850
6.754000
5.504110
7.630050
5.688830
6.441090
5.691490
7.090810
9.140850
8.713250
4.889890
4.614880
7.209340
7.888920
9.557480
7.285710
9.721460
9.203260
8.932500
5.684730
8.029490
9.500620
8.279720
12.965300
9.155170
6.219210
7.846290
7.181690
7.008420
5.653650
6.513690
7.575170
6.315170
11.179400
9.240450
8.791890
6.276240
8.501320
7.757600
7.315700
8.094900
7.116070
7.461700
8.184820
11.456400
5.739560
5.270500
7.640170
9.550360
7.323050
7.743030
5.757320
10.614800
8.388960
5.795670
4.731180
4.676280
7.784350
7.647980
7.381000
7.620470
8.357090
9.159800
5.589000
6.712310
11.063300
8.170850
9.106840
7.821580
8.145380
9.247910
9.132660
8.276440
9.252350
7.663430
8.338560
7.041290
7.765380
6.387020
7.004830
6.952190
5.831030
7.358430
8.797090
9.650930
8.043060
8.310100
7.192560
5.316810
9.297650
8.239640
8.671130
9.836940
6.919460
6.727700
6.028780
4.570670
5.067890
4.198830
4.876970
5.418010
6.669200
9.172690
8.755790
4.922100
7.477690
11.595200
8.114740
6.626530
5.554110
5.522790
5.107300
4.162150
6.204940
4.004470
4.651430
5.340930
6.413030
6.425660
7.426850
6.009320
11.766300
9.714880
13.473200
9.766600
8.301120
16.684000
11.895900
9.833880
8.764550
13.365600
11.348700
7.079150
12.578300
8.938450
9.989410
11.969300
10.722200
9.943490
11.440100
10.918400
10.491500
11.751600
9.319210
11.407400
9.093680
11.127600
8.973400
8.976770
8.469580
8.109390
7.062170
8.163660
8.195660
6.062830
5.858550
6.091890
6.129200
7.985590
6.143170
6.708390
6.923100
4.900150
5.832910
6.628760
5.962240
6.075160
5.629710
6.084430
6.155480
7.137470
8.695010
8.946730
9.781140
7.507220
9.341410
9.280690
9.678430
8.502360
9.198120
8.766150
7.549250
7.833310
9.101910
8.569290
7.029030
9.978990
6.485070
5.936260
4.641450
7.058700
