1.109070
1.220530
1.225710
0.940414
0.936431
1.304810
1.068460
1.273320
0.933979
1.233090
0.909983
1.153700
1.075910
1.240710
1.632490
1.020740
1.122700
1.044430
1.168840
1.212250
0.852669
1.433410
1.153260
1.075280
1.049250
0.999977
1.109010
1.271260
1.225750
1.082830
1.133960
1.228900
1.153110
1.589760
1.070720
1.291370
1.173890
1.329430
0.910972
1.585310
1.146100
1.442200
1.258020
1.328700
1.225710
1.425140
1.143710
1.284980
1.303990
1.465360
1.381910
1.649020
1.144300
1.241520
1.423230
1.316200
1.625610
1.121380
1.659760
1.838460
1.034240
1.245860
1.598220
1.632840
1.660200
1.845690
1.667620
1.738100
1.326160
1.597250
1.592220
1.711080
1.593280
1.786700
1.493440
1.305600
1.405370
1.345050
1.243650
1.461980
1.550970
1.417040
1.493220
1.385220
1.377060
1.492760
1.692400
1.626600
1.351330
1.631010
1.526180
1.594970
1.819080
1.385200
1.935190
1.714260
1.645430
1.738720
1.686170
1.367410
1.445230
1.556370
1.816020
1.532980
1.676520
1.558840
1.710580
1.839860
1.561030
1.960150
1.445910
1.714370
1.877110
1.887980
2.375120
1.684880
1.468620
1.934020
1.764330
1.737200
1.976040
1.942460
1.771760
2.292430
2.218360
1.948130
2.139490
2.015260
2.296110
1.822210
2.405280
1.973090
2.281020
2.278580
2.115810
2.432270
2.183060
1.775250
2.017180
1.991220
1.835430
2.252740
2.128190
2.058080
2.153060
2.362430
2.264440
1.802820
1.932900
1.937110
1.953120
2.398110
2.457240
2.171690
2.258490
2.273640
2.072020
2.369830
2.392860
1.874780
2.061610
2.120940
1.919090
1.775850
2.022620
2.300270
2.207530
2.439980
2.200380
2.621380
2.459650
2.516640
2.604920
2.992330
2.268170
2.365270
1.946120
1.863730
2.422160
2.174700
2.271220
2.378090
2.084550
2.624880
2.312520
2.495950
1.948820
2.197860
1.977930
2.608760
2.460890
2.083120
2.445490
2.517980
2.140520
1.897240
2.123720
2.477040
2.088890
2.372760
2.542770
2.116080
2.255380
2.286160
2.557190
2.445840
2.210970
2.747280
2.710100
2.787260
2.223910
2.669480
2.397610
2.786750
2.483010
2.956110
2.590240
2.372770
2.797510
2.442540
2.683860
2.736720
2.485950
3.058240
2.311060
2.614460
2.111740
2.784840
2.819300
3.024550
2.563170
2.614120
2.782410
2.666490
2.778380
2.515530
2.362740
2.864390
2.695160
2.462410
3.106280
2.590600
2.493770
2.989350
2.828450
2.802630
3.198090
2.898000
3.199050
2.998870
2.843360
2.893420
3.237520
2.616340
2.758150
3.185580
3.359690
2.940500
2.994570
2.956090
3.093120
2.837290
3.332300
3.055020
3.016940
3.125040
3.061130
3.279700
3.324470
3.224920
2.830460
3.606400
2.766120
3.129520
3.101660
3.301220
3.156780
3.298480
3.285750
3.035770
3.535050
3.016910
3.273670
3.583960
3.206120
3.145680
3.430570
3.428400
3.162660
2.828810
2.845970
3.153730
3.216330
3.545990
2.667990
3.578500
3.141770
3.276970
3.108100
2.966650
3.381920
3.036860
3.138660
3.797480
3.314330
3.246080
3.329920
3.020790
3.789660
3.946320
3.542080
3.036810
3.547940
2.923450
3.494660
3.082310
3.430300
3.933270
3.380360
2.956100
4.092790
3.161840
3.364300
3.702370
3.735040
3.279160
3.642980
3.877400
3.766210
3.866920
3.427530
3.317000
3.719140
4.009260
4.090640
3.532610
4.161130
3.943650
3.650660
3.595400
4.451560
3.944130
3.852190
3.513220
3.534620
3.978860
4.301570
4.396990
3.349510
3.910720
3.616930
3.858870
4.476190
4.555920
3.362600
3.880420
3.780780
4.076000
4.612590
3.465010
3.672130
5.138920
5.054470
4.667780
4.699020
5.000980
4.212770
3.758840
4.221500
4.081550
4.601220
4.995600
4.367460
4.037260
4.602170
4.277450
4.249790
4.433720
4.305160
4.370230
4.691420
4.468100
4.044420
4.355900
4.059970
4.230470
4.908660
4.049280
4.226960
4.330610
4.414730
4.547060
4.179800
3.994230
5.047760
4.814360
4.529610
4.812450
4.177610
4.216420
4.689950
4.926820
4.194970
5.068000
4.606290
4.793790
3.677260
4.416990
4.931500
5.327790
4.698840
4.660440
4.586810
4.423430
5.065670
4.169890
4.175880
5.644680
4.951270
4.794720
5.260580
5.322500
5.783150
4.318000
4.874920
5.306160
5.219810
4.966680
4.670610
4.239750
4.335190
5.634980
5.254030
5.008500
5.403960
5.386020
6.241740
6.084280
6.307760
6.656930
4.666990
4.977910
4.996480
6.000320
5.341720
5.610820
5.293560
6.407990
5.399420
5.352780
4.733990
4.855410
6.174630
6.256690
6.233190
4.504420
5.628200
5.192130
5.415830
6.039600
5.981860
5.697850
6.160260
4.620110
5.165140
5.152780
5.963130
6.161740
6.373800
6.766000
6.606650
6.450570
6.563220
6.360620
6.174820
6.202610
5.048810
4.487850
4.637010
4.402540
6.194820
6.613550
6.264920
4.831150
4.282200
4.582390
5.330390
6.045490
5.775010
5.670720
7.515790
6.246360
5.875950
7.195810
6.750010
6.323970
6.892440
6.090440
6.309990
6.342210
6.994740
6.459120
6.401060
6.340260
7.402310
6.155370
5.942340
6.948830
6.680910
6.376110
7.571780
7.076990
7.336570
6.647300
6.713280
7.052630
7.687320
5.286260
6.108160
7.244910
6.229800
7.641200
7.062820
6.681470
6.787700
6.096020
4.520800
5.040140
4.718060
6.750490
6.243160
6.866720
