1.533050
1.515010
1.830700
1.845820
2.176600
2.069570
2.148110
1.740140
1.832590
2.444150
2.056670
2.081310
2.021270
2.333190
1.828460
1.634620
1.591490
1.836630
1.915580
1.540770
1.602600
1.647820
1.663180
1.732600
1.611070
1.908880
1.611850
1.473880
1.427870
1.336510
1.420080
1.518480
1.417520
1.447270
1.642320
2.570460
2.105410
1.990520
2.724560
1.853950
1.860620
1.713500
1.808690
2.124580
1.861080
1.865310
1.599550
1.428660
1.300530
1.481070
1.465840
1.570650
1.375190
1.269510
1.408490
1.468590
1.823230
1.925960
1.352410
1.703050
1.382590
1.392150
1.146250
1.234570
1.059960
1.259230
1.255070
1.390880
1.574060
1.553410
1.651770
1.756410
1.699680
1.760770
1.739240
1.801460
1.992730
2.023760
2.134010
2.239760
1.967020
2.023530
2.230810
1.744700
1.938590
1.908620
1.981000
1.798580
1.555320
1.713200
1.963130
1.744000
1.642260
1.649510
1.638000
2.165460
1.782960
1.561390
2.184950
1.798290
1.873740
1.861290
1.721450
1.592600
1.736390
2.276440
2.185560
1.766990
1.989790
2.244820
1.859510
1.454640
1.363840
1.721530
1.584530
1.731110
1.931510
2.170030
2.183540
1.803550
1.928660
1.790690
1.681860
1.739300
2.037570
1.773150
1.608410
1.835250
1.495100
1.628580
1.316610
1.649190
2.480520
1.965380
2.211940
2.371250
2.553770
2.307410
2.018010
2.306310
2.439780
1.953920
1.720070
1.511110
1.753450
1.610420
1.563900
1.812190
2.052980
1.851310
1.443730
1.886400
1.754770
1.662290
1.586990
1.713100
1.793540
1.879550
1.827130
1.787150
1.906270
1.521620
1.761330
1.864940
1.713600
1.471070
1.546530
1.994640
1.539480
1.749490
1.502740
1.425470
1.364770
1.947800
1.737690
1.487690
1.703320
1.376530
1.645760
1.722550
1.694790
1.256400
1.505720
1.604610
1.542170
1.529200
2.003450
1.886390
1.810350
1.990430
1.446480
1.422870
1.372690
1.615670
1.519810
2.267980
2.880370
1.880780
2.040030
2.887310
2.357540
2.146220
2.282350
2.094060
2.015780
2.223990
2.161920
2.287050
2.379560
1.704080
2.605190
2.388280
1.927690
2.112040
1.904350
1.860810
2.701160
2.068740
1.521600
2.714390
2.461440
2.614080
2.505010
1.615350
1.742030
1.993960
3.069160
2.016940
1.717280
2.163430
2.856040
2.089940
1.873320
1.582260
2.890920
2.600120
2.522610
2.734560
2.400900
2.331050
1.880150
2.494360
2.499670
2.728710
2.391360
2.391170
3.073660
2.353910
2.229270
2.436970
3.325880
2.635870
2.578400
1.925340
1.933300
2.095660
2.056590
2.110880
1.785180
2.371360
1.993580
2.263650
2.179900
2.420400
2.046100
2.483900
2.549660
2.080940
2.129800
2.151170
2.047460
1.967630
2.261030
2.393950
2.247250
2.503150
2.274390
2.355970
2.214200
2.152470
2.372670
2.357490
2.478630
2.420280
2.486650
2.699150
2.304720
2.178660
2.443310
2.558560
2.566200
1.958570
2.667460
1.995930
2.340590
2.666440
2.237810
2.539790
2.201030
2.340650
3.023640
2.954780
2.322140
2.120950
2.155910
2.189910
2.546480
2.248280
2.586690
2.924390
2.255440
2.258460
2.031680
2.410250
2.407310
2.130210
2.410610
2.267570
2.431390
2.349230
2.454360
2.649940
2.678540
2.581650
2.840060
3.163680
3.128880
2.968580
2.532820
3.360790
3.531260
3.161270
3.599680
3.934080
3.600470
3.407660
3.094720
3.202370
4.063230
3.275630
2.951710
3.116440
2.309810
2.328960
2.553210
2.793480
2.491530
2.713280
3.067930
2.569090
2.967910
2.819470
3.186400
2.260970
2.515590
2.346860
2.275290
2.673460
2.876260
2.746240
2.842970
2.787060
2.912560
3.094020
3.133890
3.040740
3.429570
2.766030
2.810490
2.658780
3.035880
2.872710
2.795250
2.750930
2.635770
2.956300
2.603960
2.776580
2.769020
2.587600
3.054490
2.740170
2.672170
2.711550
2.930750
2.862770
3.095260
2.583180
3.343780
3.060180
3.151810
2.749820
2.885180
2.878660
3.284970
3.205000
2.539750
2.704220
2.913150
3.111900
3.403920
2.975320
3.408310
5.046840
3.980210
3.294230
3.585290
3.177640
2.905740
2.793360
3.176730
3.362660
3.811500
3.736920
3.646300
3.208180
3.743230
3.288750
3.391770
2.913240
3.400160
2.768290
3.132810
3.085920
3.087330
2.958920
3.098090
2.815080
2.841570
2.963750
3.268800
2.930040
2.741870
2.494880
2.680020
2.808110
2.852670
3.052190
3.208770
3.319420
2.757440
2.979050
3.071090
3.012790
3.298880
3.313600
2.675220
3.226760
3.063920
2.850720
3.035840
2.444140
2.556880
3.127040
2.657100
2.225520
2.265080
2.089450
1.897870
2.217140
2.149360
2.248830
2.614630
1.890400
2.217960
2.086480
2.035000
2.402600
2.498200
1.838530
1.625590
1.796420
2.326530
2.236450
2.215840
2.364270
3.002440
2.919430
2.109100
2.054280
2.163630
2.951980
3.154860
2.269140
2.420340
2.429970
2.511830
2.842470
3.511640
3.735080
4.536270
5.456860
5.694900
6.784000
4.808480
5.323710
4.500000
5.332670
4.717710
4.256170
4.547380
4.575960
4.373820
4.757550
4.278830
5.587360
5.157050
4.944310
4.546430
5.016970
4.941560
4.912440
3.847520
4.104290
3.829780
3.118510
3.107020
4.104460
3.897640
3.473890
4.719550
3.854060
4.530860
4.460530
4.503430
3.627250
4.135260
3.848500
3.936810
4.630990
3.754070
4.945330
4.384350
4.202620
4.642870
3.691640
4.303160
4.623870
4.268430
4.465720
4.166300
4.078170
3.737960
4.015290
3.733960
3.367230
4.965950
4.010200
3.813870
3.135540
3.778380
3.708080
4.233850
4.275140
3.775440
3.823140
4.268660
4.376670
4.360800
4.388240
4.146440
4.392020
4.879460
4.063940
4.241080
4.639700
3.633690
4.651720
4.372950
4.824290
4.618950
4.766090
5.472550
4.028420
4.313500
4.392610
4.606010
4.125010
4.496320
4.566490
5.049960
4.168190
3.964060
4.596160
5.075780
3.638400
4.301690
3.485000
4.563140
4.737560
3.975800
4.553120
3.980580
5.193730
4.646840
3.920510
4.308140
4.598090
4.283600
4.501790
4.440730
5.329020
5.174330
5.458460
4.691860
4.146600
3.527700
4.400560
3.636810
3.523340
5.137570
4.598660
4.116820
3.342960
4.232840
4.843090
4.305970
4.744070
4.643960
5.591220
7.250400
3.627890
2.734220
2.678930
2.414960
2.200660
2.266520
