16.974500
17.811800
14.050700
14.538900
14.531600
15.273700
13.222200
12.257500
13.556900
13.248100
15.209400
14.293900
12.368700
13.407800
13.232500
13.049900
15.938700
14.749700
16.105500
14.313200
14.074800
13.747000
14.404200
15.325500
15.780900
14.561800
14.314000
13.009700
14.885000
13.919100
13.903700
14.910000
12.794000
14.155600
14.373900
12.611300
14.777500
14.260100
12.773200
13.136200
12.997300
13.382100
14.168200
15.838000
13.965800
13.497500
11.524600
13.785400
13.015500
12.059500
12.709900
13.924900
12.256900
12.977500
13.789200
11.487800
13.046500
13.142200
13.034600
11.866500
12.142500
11.964900
12.057600
10.943400
11.467800
11.100300
11.929800
13.161200
14.562400
14.495500
12.741000
12.645200
12.338800
13.839200
14.976100
11.448400
12.122100
13.478500
13.331900
13.000500
14.993000
13.536300
11.408600
11.102900
13.138900
10.796900
12.844600
15.289100
14.127000
11.625800
14.156600
13.966700
13.525700
11.658400
12.532600
11.565700
14.133200
12.361600
12.781000
12.739100
12.628600
12.217600
12.738100
14.100100
14.516400
15.021100
13.150700
14.060100
13.290600
13.904400
13.644100
13.008600
14.039200
12.521800
12.377600
13.566600
14.228600
10.825100
14.534300
12.302500
13.179400
11.035300
12.032500
13.258700
12.938000
14.060800
11.179700
13.139900
12.971300
11.324400
13.727900
12.003900
11.164700
11.344900
12.066400
8.985690
12.375700
10.813800
12.932800
10.998100
13.193800
10.499200
12.572800
12.063200
10.123900
11.456300
11.117100
10.893100
10.781500
10.618600
10.919800
13.014800
9.521880
9.927770
9.843570
8.850520
10.458400
11.251700
9.462770
11.064800
10.953200
11.266600
8.436130
9.074330
7.485370
9.233470
9.706940
9.390810
8.645910
8.227700
8.977330
9.091490
7.892060
7.769380
8.648610
8.128690
8.000430
7.926260
7.577540
8.253460
6.744640
6.555090
6.517690
7.199260
6.449560
5.889420
6.347040
5.839500
5.392410
5.785900
6.086960
5.524210
5.547920
5.489100
5.470180
5.001970
5.064910
4.458220
4.050960
4.383620
4.236230
4.496710
4.443520
5.004550
4.844800
