5.628590
6.518840
6.040400
5.827590
5.849070
6.079600
5.238450
5.241300
6.452780
6.394550
5.443350
5.373180
5.952260
5.074190
5.702260
5.014400
4.690450
5.294440
5.286910
4.581590
5.680170
6.007660
5.238280
5.548730
5.568540
5.645200
5.753390
4.784210
4.652410
3.473670
3.752270
3.892090
5.005300
5.268100
4.749860
4.779350
5.227220
5.097600
5.679290
5.109820
5.118520
4.176160
3.777000
4.350170
4.690910
4.784440
4.338950
3.545810
3.366050
3.240380
3.741030
3.372290
3.871150
3.838290
4.083250
4.328170
4.733700
4.004170
3.889180
3.875390
4.328480
4.169250
5.222310
4.524240
4.406630
3.858960
5.391780
4.057780
4.712040
4.125240
4.290760
4.720490
4.006860
4.209540
4.704910
5.140410
4.483290
5.368960
4.942380
3.548750
4.434690
4.173630
4.817910
4.269600
4.678580
4.192540
4.218920
3.835120
3.392180
3.672440
3.752260
3.545860
3.891410
4.042830
4.052120
3.890910
3.689990
3.822650
3.764120
4.184130
4.384230
3.481230
3.299230
3.839210
3.378320
4.423620
4.782280
5.193550
4.903580
5.323440
4.353030
4.610670
4.375780
5.308470
4.984310
4.660080
4.825190
5.092040
3.783780
4.990850
4.345870
5.146540
4.623740
4.000960
4.207840
3.578040
4.109660
4.066050
4.865830
5.311220
4.876850
5.233540
5.189730
6.145800
4.992710
4.860200
4.798440
4.407950
5.676360
4.661810
5.307730
4.716930
5.000920
4.719060
3.682660
4.092690
3.903610
4.036680
4.815610
4.480090
4.443180
4.415400
4.318270
3.891020
3.540700
4.814840
3.982660
3.831310
3.414520
4.315430
4.393470
3.741680
4.563500
4.057240
3.506920
3.713130
3.707610
3.566420
3.909730
3.503950
2.942490
2.982050
3.029820
3.334960
3.100600
3.615900
3.367580
3.370990
3.014120
3.021560
3.489150
3.449280
3.001880
3.326670
3.016170
3.330680
3.475250
3.507110
4.186780
3.638790
3.658410
3.327300
3.595380
3.478150
4.025910
3.818330
3.722670
3.430550
3.716530
3.675170
3.885260
3.806070
3.090740
2.724700
3.479980
2.702010
2.870710
3.028040
3.200830
3.020680
3.066390
3.161000
2.946670
2.922040
2.887950
2.794780
2.715550
3.017300
2.747260
2.584590
2.609300
2.627930
2.698170
2.897260
3.326160
2.899770
2.703640
2.867040
3.217190
3.012570
3.554400
2.837420
2.852730
3.026480
2.730430
2.613460
3.211650
1.401950
2.216630
2.298370
2.665690
3.241640
2.977720
2.549140
2.934180
2.836780
3.220610
3.418150
2.288010
2.692600
3.631930
3.090710
3.942980
2.544260
3.118600
2.532690
3.068190
3.940250
3.163610
3.190630
2.282940
1.926970
2.257470
1.907490
1.764850
2.274300
2.032090
2.607880
2.034670
2.296460
2.081720
1.940550
2.374420
2.286340
2.429930
2.266800
2.943060
2.139050
2.414320
2.378590
2.726980
3.464500
2.340970
2.423360
2.825750
2.602210
2.470660
3.312360
2.278860
1.974270
2.939940
2.292710
2.800020
2.207340
2.639740
2.466850
2.361450
2.680450
2.590580
2.708890
3.029680
2.065600
2.589380
2.638630
2.556670
2.249690
2.544810
2.163660
2.455980
2.583180
2.924530
2.653350
2.584920
2.481010
2.367620
2.427460
2.090220
2.570720
2.489670
2.308590
2.413130
2.372060
2.358610
2.536200
2.225580
2.242110
2.574260
2.169830
2.572290
2.444710
2.419300
2.377390
2.932810
2.696730
2.862380
2.577970
2.187560
2.244100
2.577260
2.560660
2.408600
2.068280
2.152300
2.428940
2.227230
2.211200
2.314630
2.348880
1.973180
2.564310
2.342230
2.377300
2.328360
2.347430
2.346790
2.882290
2.166620
2.355720
2.422760
2.273790
2.074050
2.339450
2.334380
2.296160
1.941870
2.002260
2.088860
1.896670
2.164570
1.820860
2.079170
2.190040
2.089130
1.908470
2.116490
2.512860
2.526200
2.557190
2.914630
2.834980
2.697480
2.435760
2.456600
2.552120
2.484520
2.467420
2.121250
2.403520
2.327210
2.694100
2.354570
2.388830
2.449390
2.175190
1.967430
2.069950
2.136640
1.908750
2.916820
2.575100
2.213750
2.007570
1.916430
2.043960
2.376220
2.265040
2.130540
2.510490
2.204870
2.463020
2.280330
2.020050
2.524260
2.552140
2.394960
2.352580
2.362950
2.127650
2.155510
2.493040
2.575740
2.248970
1.933280
1.952220
2.252840
2.513880
1.776300
1.981270
2.036740
1.800520
2.057550
2.376180
1.841160
1.613530
1.573090
1.314230
1.209700
1.222070
1.467980
1.335600
1.540660
1.648040
1.395650
1.424440
1.843630
1.663630
1.944050
1.748970
1.824660
2.095850
2.058890
2.571500
2.153560
1.770780
2.014380
2.175020
2.632380
2.688570
2.350860
2.724470
2.317440
2.104160
2.336790
2.539510
1.836180
1.951620
2.134360
2.130110
2.000700
1.936140
2.107750
2.034150
2.065050
2.318150
1.970660
2.111620
2.134110
2.149030
2.284900
2.074820
1.999370
1.919260
1.818680
1.970970
2.028070
1.763830
1.666410
1.684740
1.854120
1.692360
2.226310
2.318650
2.755130
1.941980
1.036590
1.645940
1.983340
1.657760
1.245650
1.808130
2.050490
1.706340
1.718540
2.366990
1.410730
1.813060
1.603650
1.834870
2.018800
1.773440
1.790790
1.757740
1.744500
1.754380
1.540300
1.479550
1.476270
1.625330
1.565600
1.515840
1.421670
1.316410
1.423890
1.461270
1.324810
1.542040
1.476260
1.482550
1.604690
1.484950
1.454910
1.288940
1.167080
1.411310
1.393590
1.497560
1.141360
1.529100
1.788330
1.875680
1.569360
1.440680
1.590290
1.627120
1.681740
1.427680
2.401600
2.023710
1.606810
2.226650
1.723670
2.305040
2.122070
1.982480
1.674930
1.902990
1.678280
1.483010
1.589890
1.755150
1.587760
1.703080
1.482840
1.491610
1.591510
1.755510
1.483970
1.460590
1.517330
1.245360
1.262480
1.387770
1.204510
1.312030
1.267010
1.228190
1.280050
1.621540
1.514860
1.768550
1.192890
1.485420
1.451470
1.765910
1.896410
2.148520
1.575420
1.817420
1.520950
1.868610
1.608640
1.730640
1.930390
1.753640
2.105020
2.185490
2.237150
2.045040
2.187140
1.833420
1.709490
1.922070
1.584140
1.798610
1.841120
1.859100
1.999850
1.941400
2.252980
1.799010
2.089470
2.000030
2.616870
2.460940
1.758730
1.757640
1.795630
2.427930
1.800850
1.966380
1.690810
1.524550
1.961110
1.820770
1.867390
1.697170
1.865680
2.297800
1.987690
2.108040
2.226290
1.817460
2.147260
1.716140
1.860880
1.784620
1.798850
1.755260
1.773670
1.538200
1.755920
1.928840
1.625960
1.457440
1.536470
1.573890
1.361320
1.273310
1.169430
1.274640
1.273450
1.409240
1.381280
1.514290
1.256090
1.185730
1.218260
1.508390
1.364140
1.287790
1.408310
1.574920
1.532200
1.321530
1.974340
1.623560
1.753180
1.714690
2.323260
2.056910
2.357730
2.033290
2.148930
2.218350
1.920260
2.263470
2.261930
1.952120
2.243730
1.925120
1.985480
2.054130
1.866190
2.010740
1.961820
1.789740
1.940570
1.649570
2.276860
1.839590
1.916510
1.683800
2.135470
1.809970
1.571480
1.466560
1.831430
1.436110
1.668090
2.064460
2.087670
2.512810
2.303820
2.028130
2.048060
2.282820
2.107120
2.023150
1.841440
1.675880
1.596560
1.416600
1.263350
1.511410
1.700380
1.546010
1.623970
1.627670
1.685630
1.781010
1.687590
1.529480
1.348110
1.756810
1.539670
1.681720
1.818190
1.326260
1.649740
1.484940
1.478300
1.205470
1.603180
1.542800
1.739970
1.808490
1.976400
1.530640
1.511680
1.746300
1.619980
1.746300
1.939460
1.594800
1.781610
1.634390
1.510810
1.813690
1.761970
1.858230
2.192320
2.754360
1.979710
2.186960
2.013450
1.802780
2.307560
2.248160
2.963060
2.279630
1.899390
1.135350
1.355250
1.307180
1.211430
1.771960
1.348030
1.272410
1.434190
1.485330
1.327170
1.569840
1.613540
1.422440
1.578660
1.666600
1.753820
1.289670
1.678690
1.548480
1.393040
1.264630
1.510220
1.896410
2.328600
2.121580
1.576570
1.353530
1.354430
1.299400
1.443200
1.265910
1.393070
1.325730
1.750700
1.673590
1.836380
1.612750
1.617120
1.912110
1.626310
1.451560
1.352560
1.516600
1.657310
1.338530
1.371690
1.484980
1.290500
1.390960
1.801510
1.995450
1.908450
1.675390
1.409930
1.675730
1.850100
1.823620
1.733560
1.557180
1.396450
1.554330
1.536390
1.766310
1.338610
1.494080
1.843170
1.808110
1.818440
1.850210
1.358110
1.718330
1.815570
