7.822580
7.871950
9.047660
9.431600
8.632650
9.471180
9.218410
9.201030
8.420530
11.045700
11.669100
10.980300
10.438500
11.542100
11.329400
12.925800
12.070400
13.553900
12.275900
13.572800
11.257000
13.289200
13.723600
12.361700
12.386200
11.830900
13.876400
16.267700
12.929100
13.222800
16.484400
15.298500
15.677100
15.650100
19.227600
17.183600
17.577000
16.651200
19.452400
14.229200
14.576400
12.535800
15.383500
13.001700
15.737000
14.469700
19.403900
19.021900
16.759400
17.572000
19.603400
18.213300
17.585200
21.808800
17.862200
21.365200
20.908100
19.919100
18.511700
17.372300
19.325000
18.867900
21.997300
21.337900
20.580700
17.289000
17.646900
16.548800
14.719900
17.196600
15.628300
15.731100
16.470400
16.138800
17.285700
16.540300
16.995400
16.926200
16.177500
15.545000
19.522200
17.701400
18.487400
17.279800
17.114500
17.525000
16.932800
19.012300
20.687400
17.218300
16.299200
19.933100
22.636400
20.164700
31.733700
29.713700
16.909600
19.349600
29.061700
28.355900
27.547400
29.145700
18.772100
16.553600
25.051000
20.095400
25.634200
26.146700
19.764600
24.428100
28.623900
33.056200
23.495800
30.973400
15.310100
14.926900
13.926600
15.175500
16.572000
13.753800
14.579100
27.518500
23.025400
21.522800
25.555000
24.259100
19.555300
29.227900
16.054000
12.146500
12.254000
10.794900
