2.640990
3.462740
5.455760
4.005590
5.161480
5.176410
4.874390
4.695130
4.489390
5.205850
5.345160
4.326470
5.200090
4.691030
4.833500
5.397500
5.675530
5.102000
3.629410
4.604240
5.224490
4.196190
4.472840
4.366740
3.897610
3.783470
4.623470
3.507390
3.848130
4.046730
3.631430
3.472280
3.816140
4.229320
4.772990
4.439620
4.650190
3.723830
4.387100
4.679070
4.569670
4.441350
4.022500
3.842800
4.555090
4.538350
4.737840
4.650810
4.518880
4.900050
4.543120
4.782190
4.353520
4.250340
3.844430
4.794440
4.164240
3.442620
3.832200
4.433010
4.050330
3.734520
4.796420
3.615330
3.257100
4.075910
3.562470
3.419570
3.694510
4.031090
4.291040
4.370690
3.777900
3.727230
3.940350
4.144550
3.829410
3.941910
3.776110
4.128520
3.616650
4.629720
5.041080
3.278580
3.511570
6.252890
5.150780
4.261340
4.149000
5.627470
4.962680
4.370460
4.979290
4.612650
4.999870
4.703850
4.877000
3.746190
3.679470
4.578480
4.660560
3.812240
4.182070
4.125120
3.034630
4.048660
3.997340
4.337540
5.087110
4.784210
4.341770
3.989780
3.901320
4.311820
4.108230
3.995200
4.140510
4.622050
4.096510
4.294590
4.225160
3.956330
4.686060
5.065520
3.103680
3.585290
3.987760
4.146470
4.157750
3.755180
3.656090
3.422140
4.018360
4.433830
3.934530
3.585910
3.554480
3.576910
3.956260
3.844810
3.342680
3.265120
3.425410
4.200630
3.330130
3.066990
3.284120
2.792940
3.738540
3.319310
3.140300
4.272140
2.544420
3.654070
4.075250
3.551470
4.123750
3.360080
4.046280
3.924780
4.086610
3.316860
2.263750
4.827380
4.152770
3.024740
2.992560
2.933430
4.401800
2.791070
3.337030
3.122820
3.212420
3.424980
2.709310
3.508970
2.918010
2.941100
3.448400
2.308720
2.230140
1.969680
2.011370
1.567760
2.484190
2.458170
2.694290
3.223840
2.877060
2.211480
1.996380
2.734690
1.732280
1.841750
1.454890
1.842810
