7.720460
15.506500
15.717600
17.623600
14.621900
15.290200
17.203400
14.844500
13.719200
15.342500
14.397900
14.486200
16.449000
17.051500
13.728500
15.693900
14.871400
14.587300
17.158000
14.573400
15.743700
13.876200
12.447000
11.035800
10.410400
11.174200
10.083900
9.716500
9.723970
10.190700
10.582200
10.481200
9.590290
8.512370
7.697700
8.030290
8.580400
7.748250
8.862500
8.170070
12.018600
15.339800
14.397500
16.686600
18.606000
15.723400
15.743000
19.118500
20.058300
17.682400
20.755100
17.608000
16.756600
17.578500
16.993700
13.093100
15.493000
13.792400
14.439300
14.599500
14.387300
14.375200
13.096900
13.192300
13.137900
14.157900
14.365800
12.999200
14.994500
15.158300
17.989600
16.812500
17.048200
14.743400
11.885300
11.592800
12.659600
9.678510
10.082500
8.053540
7.948500
7.858920
7.775770
7.233550
7.250540
8.006930
9.602930
12.071700
12.344300
10.484900
13.861800
9.947760
13.905400
14.038200
14.647400
13.538700
10.257500
8.584360
10.109400
9.933040
13.075100
12.772000
10.153300
9.852400
9.954940
8.975180
8.754600
9.010910
8.249770
10.109600
10.056100
11.230100
11.488700
11.544700
11.893600
14.211700
11.659100
10.130500
8.898980
8.805420
9.841660
10.002600
10.225700
9.489200
10.329200
11.344700
11.192300
10.793700
11.895700
12.485600
11.486300
11.397400
11.299400
11.940900
10.098400
11.615200
11.739200
10.987900
9.685190
10.108700
7.897250
10.736000
13.154000
9.435350
11.493700
8.988230
11.602900
10.498400
10.007100
9.327900
10.615400
10.185500
10.343000
9.951820
9.232280
10.552400
8.624110
9.294890
8.394030
9.706650
8.417120
9.663810
8.218080
10.847400
10.726900
9.521440
8.312530
8.628010
9.447360
8.834940
8.081090
9.837070
10.965100
9.899750
9.437390
8.534460
9.031790
7.658250
8.088890
9.097030
7.525730
7.874210
7.364250
6.934790
7.789630
7.486340
7.596700
7.839160
6.772450
8.952420
8.042070
7.383250
7.598750
8.113870
7.337100
8.107280
7.495190
8.495400
8.831520
8.079360
8.223670
7.302030
7.274210
8.239160
7.054340
8.665560
8.067800
7.303430
6.324300
7.151370
6.647900
7.699530
7.558390
7.590010
6.693720
7.231920
6.965830
6.338980
6.003090
6.166380
7.342150
7.458830
6.616990
6.717770
5.745200
6.631620
7.089690
6.712820
6.534770
6.524630
6.658540
6.531030
7.117500
6.424230
6.209910
5.388510
6.631890
6.578740
6.174640
6.309140
6.375350
6.795540
5.658220
6.457560
5.646750
6.168570
5.727830
6.835260
6.214160
5.689780
6.085030
5.925520
4.603730
5.623080
6.413350
5.538830
5.663790
5.407050
5.964320
6.355460
5.411840
5.911080
6.161980
4.666040
5.691370
4.484270
5.238780
5.829210
5.283980
5.160620
5.108670
4.998340
5.390250
5.158220
5.375730
5.275420
4.910220
5.177580
5.298370
4.924980
4.354180
4.442810
5.002170
4.544180
4.910150
5.161530
4.878750
4.515970
4.879630
4.839610
4.901730
5.510080
4.965380
4.629560
5.572050
5.111270
5.616880
5.149350
4.695900
4.551690
5.096420
4.641680
4.893380
4.680040
4.876660
4.701670
4.641870
5.009520
4.693850
5.175100
4.920090
4.883240
4.680940
4.475600
3.980330
4.369500
3.869730
3.714600
3.561870
3.179200
4.672070
4.646570
6.134270
5.540050
5.917430
6.197840
5.975520
6.294840
5.678120
5.595480
5.537600
5.420320
4.532480
4.832440
5.613250
4.343310
4.061280
4.381850
4.135270
4.030180
3.561100
4.420040
3.768410
3.727520
3.245670
3.803530
3.956160
5.110460
4.034400
3.364950
3.401620
2.908600
3.600370
3.259080
3.478050
3.189580
3.254950
3.231350
3.298540
3.116840
3.138870
3.275050
3.337080
3.084710
3.217650
2.809600
3.140370
3.114830
3.046180
3.151190
2.859390
2.971940
3.212630
3.574100
3.047400
2.924490
3.392790
3.175040
3.000310
2.933610
2.763600
2.884450
2.842730
2.622690
2.916580
2.943490
2.984560
3.017830
2.727190
2.661230
3.079600
2.944580
2.863810
2.633680
2.599060
2.651320
2.553600
2.322490
2.550870
2.915500
2.868710
2.875150
2.516960
2.418220
2.739250
2.583290
2.829440
2.509220
2.404450
2.369380
2.742790
2.731990
2.483020
2.421220
2.498280
2.509310
2.335080
2.703540
2.813030
2.617230
2.635780
2.500990
2.321240
2.328220
2.734490
2.661880
2.310480
2.259330
2.184440
2.361090
2.237900
2.339790
2.158000
2.483670
2.295930
2.079630
2.490120
2.443860
2.136510
2.538260
2.540360
2.559430
2.464130
2.520550
2.385990
2.441730
2.107980
2.207680
2.814670
2.506450
2.482480
2.193760
2.304180
2.364480
2.395670
2.409160
2.511870
2.619710
2.773650
2.507670
2.046040
2.361320
2.556370
2.365170
2.494140
2.177360
2.067190
2.413900
2.555000
2.507230
2.270980
2.149450
2.230660
2.240540
2.555390
2.136640
2.307990
2.002960
2.021700
2.203360
1.916230
2.075230
2.002300
1.688090
1.977110
2.090210
1.927550
1.793420
2.181350
2.269710
1.900760
1.865530
1.792260
1.846700
1.935130
1.837740
2.006780
2.002760
1.925200
1.863700
1.949210
2.373600
2.070920
1.985720
2.159100
1.947440
2.221280
2.314320
2.252800
2.056990
1.724490
1.825870
1.885350
1.936570
1.966690
1.641410
1.512070
1.586350
1.694040
1.666830
1.547010
1.738080
1.848720
1.859690
1.864220
1.486640
1.677900
1.643270
1.854320
1.880530
2.102640
1.892470
1.829050
1.665490
1.473100
1.560010
1.629370
1.529970
1.539040
1.938380
1.611770
2.230490
1.836090
1.735780
1.518970
1.586340
1.706540
1.485670
1.815050
1.645560
1.860770
1.535830
1.354670
1.549020
1.502540
1.497550
1.463020
1.459720
1.612860
1.254330
1.632720
1.602550
1.607660
1.487300
1.838990
1.438140
1.398530
1.423810
1.664550
1.792250
1.664630
1.621560
1.883550
1.715080
1.558500
1.743030
1.776160
1.521740
1.695500
1.602100
1.427650
1.566480
1.452840
1.375510
1.354750
1.483960
1.736160
1.624180
1.913170
1.785900
1.762350
1.593570
1.429470
1.463690
1.283280
1.158780
1.274810
1.474470
1.844230
1.617700
2.089820
2.185160
1.917160
1.963290
1.886560
1.838570
1.408390
