9.633010
8.234710
9.534540
8.300570
7.736650
7.496250
6.107710
6.417850
6.971070
6.330910
5.766580
7.053870
7.258350
6.993590
6.646230
6.287170
6.308570
6.460450
7.793290
7.939210
7.334200
7.847510
10.611800
12.085700
11.579600
9.145380
11.709900
12.008700
10.105500
9.869460
11.542100
13.015000
12.638400
13.359500
13.496400
13.100900
10.663200
10.805300
13.216000
12.128500
12.359300
13.960700
12.184200
13.613500
12.811400
13.793100
13.008100
12.817800
13.145500
14.527800
15.295100
16.796300
15.195700
15.054700
16.027800
15.691200
16.593400
14.523200
16.068900
17.800800
15.741800
15.061800
15.952900
16.462400
18.431700
16.223400
18.426100
17.994600
18.182000
17.340200
16.979400
17.212900
17.568900
17.730500
17.772500
17.117100
15.761800
16.840700
15.595600
17.100800
17.028900
17.726100
16.532400
17.285400
15.085700
16.804100
16.581800
18.823000
17.775400
15.546900
17.733700
15.572000
17.314700
18.802900
18.689400
18.091300
18.762000
15.022900
18.693900
18.596900
19.754300
15.970000
16.524900
17.586900
16.494600
19.755500
16.046900
14.746200
18.640600
18.451800
18.220100
16.380800
16.702700
19.348200
18.892100
18.570300
22.244800
20.717200
21.093200
24.635900
24.673000
13.189500
11.535400
10.454300
10.311200
9.218480
9.344540
10.305900
11.434800
15.439500
17.157100
13.414800
14.824100
9.618690
13.172000
10.559800
13.043900
14.083500
17.915900
26.344700
23.058800
25.418300
21.928900
12.801600
13.912200
15.160600
14.102200
10.208300
10.383200
9.714030
9.686590
8.525040
7.982460
7.610000
