2.569220
2.704360
2.624960
2.735940
2.646680
2.676340
2.759880
2.589500
2.593690
2.926080
2.756090
2.878420
2.957070
2.888810
2.924910
2.768470
2.730410
2.835000
2.842390
2.781970
2.925600
3.017630
2.775670
3.052430
3.011650
2.752190
3.011770
2.900590
3.014030
3.015310
2.690970
2.835700
3.063200
3.264600
2.927170
2.875350
2.798920
2.923820
3.017840
2.835050
3.224110
2.981250
2.733220
3.087220
3.100920
3.202520
2.915880
3.441180
3.398040
2.724270
3.374570
3.389500
3.247780
3.505380
3.175830
3.314190
3.373540
3.090690
3.444840
3.242080
3.554410
2.870490
3.453450
3.323860
3.562220
3.588400
3.152340
3.702310
3.711400
3.313610
3.821330
3.781520
3.784370
3.624320
3.587050
3.603270
3.787460
3.432350
3.891630
3.353080
3.877540
3.739870
4.012720
3.784870
3.797110
3.805990
4.180810
3.917220
3.800980
3.868180
4.227060
3.754750
4.491690
3.937510
4.324010
4.242560
3.769330
4.666520
3.869290
3.545920
4.130690
4.059820
4.106000
4.435230
4.098640
3.773170
4.124410
4.026710
3.741280
4.136520
4.362940
4.582900
3.812090
4.281960
4.576840
4.571120
4.606220
4.809070
4.155920
4.681210
4.657240
4.432490
4.641030
4.806950
5.497130
4.345480
4.730860
4.633250
5.036280
5.445650
4.466340
5.505990
4.911480
4.865740
5.124020
4.672570
4.754610
5.554640
5.541980
5.260910
5.606180
5.858220
5.662750
5.756140
5.956450
6.240260
5.712600
6.133260
6.478740
5.692940
5.450820
6.280980
6.082730
5.678600
5.586260
6.045320
5.538240
6.433890
5.806440
6.567710
5.873890
6.553730
6.566030
6.589730
7.005170
6.514910
7.339200
6.924600
7.240530
6.854050
7.234270
7.329860
7.219780
7.268990
7.855860
7.048750
7.673440
8.004070
7.421090
7.066330
7.436450
7.676770
8.255830
7.619690
7.949900
7.568850
7.539090
7.790650
7.511210
8.535850
7.943590
8.833440
7.213120
8.962800
7.782910
8.032790
8.366800
7.608800
8.479160
8.195370
7.033100
7.668430
7.430870
7.754490
7.766670
7.884990
8.052670
8.535340
7.781230
7.686930
7.889580
7.707020
8.299600
7.903750
7.306190
7.887820
7.846610
8.160660
7.630220
7.205480
7.937980
7.783910
7.717770
7.404190
7.560720
8.079310
7.657390
8.604480
7.575770
8.130490
8.357810
8.372060
9.893570
8.512310
9.534840
8.920890
8.176590
9.583810
9.114740
8.364710
8.787570
9.326170
10.097900
9.191750
10.101800
9.115480
9.623320
9.601320
9.764940
9.691640
9.312930
9.910550
9.879140
10.941200
9.881010
10.470200
10.435900
10.949900
10.354100
10.622200
9.742530
10.609500
9.791230
11.142000
10.079000
10.667000
10.362000
10.632600
11.414300
11.163100
10.599600
10.618800
11.151800
10.613000
10.748300
10.291500
10.461500
10.027400
10.194600
10.568400
10.618000
9.633710
10.993400
10.973200
10.387400
11.197400
11.106000
11.002200
10.115700
9.129590
10.955000
13.301500
13.594300
12.915800
12.344800
12.782300
11.593200
12.920700
10.764700
11.631900
11.737800
12.246700
11.453300
11.898500
13.211500
11.728500
11.799700
11.431000
11.884000
11.575700
10.820100
11.800000
12.382600
12.004200
12.641600
12.572800
12.956600
11.778200
11.689800
11.470700
12.722200
11.759100
13.444500
12.316800
11.779600
10.763000
12.360000
12.548000
13.461900
12.137500
13.010800
12.425200
12.734100
12.200100
12.840100
12.209200
12.318000
13.133900
12.794800
12.377800
13.561300
12.725800
13.127500
13.220300
13.428400
12.036600
13.074600
13.861300
10.998100
11.490700
14.036200
13.618100
12.478300
12.924500
13.090400
13.489200
14.004400
14.152800
14.076000
12.838400
13.872600
14.642000
14.651200
14.680300
14.247600
14.772700
13.530300
14.991000
14.145300
14.190800
14.813400
15.997700
16.235800
13.677800
15.209500
15.355400
14.867600
14.836500
15.307500
14.697400
15.436400
16.109100
16.079700
16.751400
16.576600
15.930000
15.484100
17.113400
16.319600
15.734300
16.569400
17.065900
16.902900
16.462400
17.148900
18.675400
17.127700
17.183800
17.049100
17.165200
17.239300
17.630400
17.664200
17.964300
17.272800
19.163000
18.526200
18.255200
18.509300
18.847100
17.842900
18.181200
18.774800
19.628300
17.631100
18.630700
19.665500
16.184200
18.336300
19.735200
17.845800
17.827600
18.627500
18.041500
20.446100
19.025300
19.307300
20.094000
16.786000
20.184700
18.989400
17.740100
19.198100
20.019300
20.131500
20.158400
20.499300
20.881700
19.995900
19.533800
20.462700
21.117100
21.244000
21.149200
20.245900
18.405500
20.414200
20.994300
21.182900
22.358900
21.102800
21.428800
22.521600
21.461200
21.011800
22.443300
23.571200
22.748200
23.721600
23.327900
24.850000
24.610800
24.983800
24.724700
24.371100
24.273000
24.112200
24.036500
23.834700
24.063600
23.265800
24.549300
25.478700
23.950700
24.802300
24.533200
23.185400
22.338100
25.404700
25.741400
26.062700
24.395400
24.677900
27.063200
25.443300
25.169100
25.503800
26.980600
26.155800
25.837500
26.479000
26.047600
28.399800
25.801400
26.957800
26.973000
26.468400
25.411900
26.114000
26.239900
27.208500
27.384500
27.728800
27.997800
23.604400
29.076900
29.225300
27.638600
28.645900
26.750100
13.819800
17.959500
13.687500
13.746500
10.110600
