0.945937
0.871932
1.075750
0.986016
1.097060
0.996266
1.049550
1.017260
1.044850
1.161590
1.075470
1.121860
1.031380
1.014340
0.869497
0.998372
1.020070
1.175750
0.955083
1.196920
1.363890
1.110760
1.089620
0.960718
0.995737
1.030630
1.093490
0.986687
1.082130
1.029700
0.920772
0.983552
0.961774
1.135230
0.979668
0.935674
1.032100
1.213190
1.046660
1.001500
0.920638
1.059780
1.054960
1.089970
1.068150
0.916013
0.965727
1.131380
0.904848
1.095020
0.965699
1.203450
1.011210
1.155730
1.093130
0.886615
0.957314
1.055530
1.033700
0.924972
1.044120
0.989383
0.923761
1.106940
0.903471
1.021890
1.035340
0.827789
0.946322
1.170650
1.103510
1.133950
1.032390
1.288430
0.867341
1.183700
1.167930
1.118370
1.248630
1.323800
1.299160
1.114620
0.909999
1.186230
1.020090
0.945888
0.958589
1.018450
1.062540
1.168290
1.018210
0.870109
1.018870
1.032890
1.049820
0.959782
0.852398
1.115950
0.960557
0.959129
1.044870
0.985584
1.019750
1.117420
1.023540
0.814695
0.833796
1.025980
1.077800
0.965264
1.083960
1.205500
1.248740
1.148820
1.140230
1.060100
1.131160
0.971909
1.020260
1.053980
0.965662
1.034860
1.249050
1.211120
1.354400
1.223460
1.064780
1.270870
1.189700
1.173880
1.407980
1.088290
1.175080
1.107790
1.455760
0.983866
1.285790
1.079300
1.290840
1.049000
1.032920
0.868926
1.273590
0.971487
1.261430
1.225090
0.975327
1.150470
1.020190
1.105780
1.190850
1.049590
1.088410
1.350560
1.152760
1.405790
1.246630
1.059080
1.360500
1.166750
1.236120
1.114550
0.946382
1.244320
1.220040
1.323390
1.164980
1.347360
1.304580
1.047020
1.136030
1.512280
1.310290
1.555920
1.363780
1.436360
1.457790
1.437490
1.471520
1.398470
1.612890
1.166300
1.287500
1.539030
1.675860
1.393620
1.317760
1.471060
1.491160
1.438130
1.510220
1.568920
1.949580
1.485040
1.578590
1.727900
1.869240
1.806690
1.608270
1.491560
1.213370
1.623840
1.749290
1.519330
1.570380
1.605880
1.715190
1.466680
1.860850
1.521790
1.281060
1.432600
1.747820
1.662560
1.649300
1.481560
1.737010
1.585280
1.585020
1.479230
1.254280
1.267060
1.626790
1.759740
1.840250
1.724120
1.696490
1.638800
1.863140
1.943580
1.918840
1.902810
1.493300
2.208770
1.783320
1.642120
1.558530
1.484010
1.708780
1.573490
1.699000
1.847800
1.883790
1.912490
1.680650
2.022490
1.740140
1.630910
1.943830
2.270990
2.504510
2.241420
1.920610
1.960190
2.068570
2.197850
2.413990
1.860870
1.822220
1.758290
1.968640
2.165420
2.256720
1.940800
2.058890
2.099670
2.886400
2.036000
1.786520
1.826900
2.356050
1.966570
1.976450
2.306730
1.852930
1.731680
2.114340
2.174630
1.749970
2.439900
2.021180
2.141920
2.161490
2.001420
1.852690
2.129420
2.349670
2.448190
2.421680
2.031000
2.534990
1.908740
1.947430
2.655300
2.680560
2.360950
1.916790
2.343140
1.945490
1.863350
2.386720
2.238270
2.596890
2.039040
2.202300
2.520930
2.022790
2.426270
2.548160
1.698510
2.358560
2.186060
2.235310
2.135650
2.360010
2.409730
2.123690
2.060440
2.324170
2.435580
2.479020
2.481170
2.370980
2.508700
2.215930
2.426730
1.750920
2.244210
2.310750
2.347640
2.047340
2.597770
2.095020
2.338710
2.083070
2.117800
2.155250
2.536250
1.938790
2.072900
2.428140
2.344420
2.239900
2.295190
2.347760
2.283810
2.237100
2.195210
2.643800
2.534990
2.570420
2.724970
2.554860
2.426260
2.359880
2.578490
2.195620
2.677580
2.342940
2.602630
2.710640
2.273570
2.355350
2.257470
2.356540
2.271010
2.592710
2.294980
2.461150
2.188210
2.627190
2.759350
2.726870
2.603890
2.588030
2.482820
2.266380
2.632800
2.634400
2.321450
2.581670
2.719410
2.867610
2.736330
2.480290
3.025010
2.710940
2.691410
3.641140
2.844210
3.037810
2.816790
3.444740
3.559220
3.033420
3.438700
3.499980
3.365200
3.013790
3.171590
2.735820
2.862520
3.562440
3.355570
3.146710
2.600500
2.967950
2.725730
2.833380
2.985200
2.373020
2.805560
3.095020
3.079500
3.208190
2.863180
3.127390
2.648670
2.776170
2.790010
3.031500
2.976060
2.606630
2.289930
2.973320
2.523770
2.919510
2.858060
2.560110
2.822830
2.639140
2.952900
2.925810
3.381450
3.193080
2.973540
2.882830
2.304390
2.898990
3.184660
2.744990
2.466540
2.792650
2.881840
2.358650
2.798360
2.376680
2.703200
2.808040
2.919790
2.953620
2.615760
2.993860
2.773100
3.241650
2.723400
2.687380
2.625900
3.403280
3.527410
3.280440
3.201300
3.194550
3.061850
2.641060
3.034250
2.662960
3.506080
3.715240
3.484990
3.193850
3.063430
2.691260
3.354630
3.956320
3.323230
3.355730
4.273940
3.530230
3.494180
3.757840
3.282930
2.953080
3.708780
2.919620
3.850850
2.882260
2.979550
2.913450
4.169370
3.719310
4.400870
3.371770
3.513310
3.676990
3.516000
4.283550
3.930340
3.857440
4.633840
4.012790
3.332830
3.806310
3.930790
3.809500
3.318980
3.472280
4.317380
3.771990
3.519660
3.474580
3.570860
3.276910
3.685900
3.367090
3.616960
4.195610
3.668620
3.021840
3.697950
3.246380
3.770960
3.404660
4.356050
3.787930
4.150670
3.349870
3.313840
2.992400
3.549470
4.184170
3.578310
3.897880
4.605480
3.675820
4.530170
4.271240
4.730740
3.346380
3.109530
3.892030
4.159950
3.065570
4.417600
5.351480
1.739410
1.888410
1.846900
1.872420
1.901800
