3.497670
4.170200
4.077860
3.522940
2.648520
2.141550
2.268360
2.153230
2.547540
3.027580
4.286270
3.567220
3.195530
3.950430
3.509500
3.802020
3.611430
3.397780
2.359660
3.084700
2.291290
4.043000
3.588110
3.970020
4.651730
3.535880
3.433520
3.135640
2.903310
4.218780
4.013300
3.762660
4.361770
4.126460
4.300780
4.168080
4.463520
4.781850
4.815040
4.092080
3.763930
4.401960
4.192710
4.144770
4.089480
3.780890
3.350670
4.507450
4.713990
4.626170
2.615420
2.370840
2.817210
3.764460
3.977020
3.707780
4.308200
3.847760
3.277570
2.407300
2.281840
3.492690
4.106680
6.716020
6.173700
5.779290
5.449870
4.560580
6.079560
6.788180
6.725980
6.217810
3.270580
2.993780
3.094630
4.267240
2.620370
2.593520
2.410400
2.431610
2.652380
2.954880
3.745240
3.775010
4.907100
4.205800
4.596290
2.961720
3.668440
7.154980
4.668740
4.484090
3.135330
5.491310
4.798530
6.298440
5.013270
4.167390
4.457830
4.747920
3.462680
5.688910
3.379290
3.680360
3.392880
4.482570
3.664420
5.133570
4.909440
4.691430
7.677510
4.602390
7.676840
6.118190
4.130710
3.143540
3.386950
3.794410
2.536370
2.835810
2.486440
4.712900
4.769770
4.506360
5.622780
6.311290
5.465850
5.041690
3.803160
8.644580
4.771950
3.169750
3.043680
3.157430
4.696710
5.567590
4.102410
2.822200
5.032440
4.210720
7.090980
6.322740
3.797640
7.205100
4.925590
4.518140
9.378300
5.911370
5.419140
2.556340
6.308360
6.596240
5.486390
2.453300
3.000590
6.493720
2.170680
2.481050
3.377410
7.591900
4.896750
4.692930
7.928150
