61.710900
49.287800
44.743100
47.851800
43.641700
38.438200
48.002900
43.199900
36.279000
29.330800
24.772600
29.830800
38.269900
34.828200
33.876500
33.328100
48.212300
43.498500
36.194000
43.437300
44.755100
41.556400
38.795000
38.099000
41.368400
42.941300
45.308900
40.870100
43.453000
38.355200
41.139000
39.113900
38.845400
39.812400
42.010600
43.442000
39.603400
38.870300
37.540100
39.947300
42.041400
38.706600
37.873700
37.421600
38.569500
36.456000
39.282400
36.384700
40.227300
35.005900
38.187700
34.568100
33.450500
34.363800
34.769200
40.078400
34.359700
34.531900
33.792200
35.315600
34.922800
30.243400
34.409200
30.514900
35.822100
38.614400
35.944000
35.795500
38.064500
37.632800
36.923200
33.816500
35.824800
33.145600
37.213300
33.111500
32.700100
31.299600
36.393600
32.973900
40.519100
35.565900
33.275000
35.038900
37.013100
38.009200
37.266100
35.283700
34.824400
33.201900
28.822800
30.214900
29.618400
31.044700
33.781300
32.010600
35.246900
38.553700
37.750900
32.859400
38.615100
40.989600
40.529000
38.120500
39.826700
44.117800
36.918400
38.910600
37.959800
39.810500
37.889300
32.616500
38.145600
37.340500
35.720700
38.489500
36.861600
33.393000
36.640200
39.037100
39.268800
33.747900
39.345900
35.417200
37.811400
33.681200
31.341000
32.940100
27.244500
28.736600
28.535500
26.937500
30.080000
29.963400
28.936200
29.022200
27.238900
22.018800
24.393700
23.382800
24.593300
24.093100
25.873500
25.201300
20.927100
22.178400
21.219300
24.806600
19.493500
19.816800
19.563500
19.753000
21.025300
15.922900
14.307500
16.101500
14.540000
