8.340000
8.849330
7.878660
10.195500
10.493900
12.461600
17.889500
20.173100
13.576200
11.072200
10.978100
13.116800
12.936500
8.507760
9.267460
9.933130
12.986700
9.770870
6.480020
7.807440
7.406280
6.893450
7.722820
7.155170
12.081100
9.272560
11.980200
11.420800
12.793700
11.072500
11.555600
13.030900
11.453300
11.284400
10.179400
13.120400
12.090700
9.870500
10.569000
12.165200
10.682500
11.740500
9.999220
9.984870
11.406000
10.287000
10.109100
9.359190
10.984800
9.088020
10.027200
10.171700
8.752420
8.843120
10.960700
12.247900
11.119000
9.968520
8.895000
10.504900
8.840640
8.793950
8.297440
10.348900
9.035710
8.967350
9.151220
9.163390
9.397870
9.263770
8.887370
9.172030
9.234780
10.180600
8.448350
10.341600
8.030060
9.660060
9.551310
9.503920
9.039930
8.370290
8.821920
9.281000
8.984610
8.914360
9.797140
8.277750
9.208080
10.753900
9.573190
9.297310
9.354120
9.475540
9.648580
9.034260
8.929870
8.843570
9.175320
8.398290
8.443760
7.500710
9.855720
7.816100
9.107920
8.578830
8.865720
8.057080
7.906500
8.661730
8.583030
8.114360
8.272170
8.458550
7.416620
7.894670
7.983140
8.211330
7.413170
7.727080
7.811190
8.485400
8.318610
8.138150
7.350620
8.796620
8.523200
7.045160
6.425330
8.484900
8.015240
8.372170
6.648580
7.910040
7.876380
6.855360
7.246060
7.368080
7.456480
6.691070
6.865310
6.579730
5.981100
7.139950
6.028570
7.052200
8.217060
6.359490
6.151190
7.527530
6.454010
6.438630
5.649200
5.445710
4.828290
6.036610
5.977440
5.489100
6.340810
5.530220
6.756980
6.987690
7.274330
6.908250
6.322620
6.116580
4.841290
6.596660
5.973010
5.880530
5.642090
5.974090
5.384830
6.406100
6.268700
4.295820
5.810750
5.040450
5.246020
5.221260
4.709340
3.985240
4.472780
4.472220
3.900560
3.675910
4.351430
4.576980
4.506030
4.379880
4.254400
