4.639600
5.920170
11.898700
13.700200
13.766200
8.749260
7.326930
11.883400
9.345900
8.333570
7.587190
7.125290
6.249080
8.752860
9.151800
7.548830
6.989940
7.258100
8.429000
7.713510
7.875210
7.525380
7.569150
7.070820
7.529170
8.627430
8.101090
9.523680
8.626170
8.907950
7.207040
7.795180
8.041180
8.756540
7.287370
7.369160
7.213410
7.666030
7.579540
7.459500
7.594570
8.238900
8.965730
8.356260
7.582170
7.159450
8.375020
6.985010
7.280790
8.876850
7.587230
8.272620
8.602060
7.376220
7.790810
6.847970
7.998390
7.569340
7.645060
8.884380
7.330640
7.681930
7.689760
7.842080
6.962840
7.212240
7.440290
7.814960
7.219810
8.009430
6.055360
7.581500
7.176060
7.784400
7.520750
7.196840
6.963540
7.444700
6.837490
7.598000
6.565150
6.126030
6.598520
7.255550
6.659850
6.153460
6.842590
7.406390
6.850410
7.115170
6.637080
6.511220
6.816520
7.452780
7.844830
7.127830
6.388650
5.980150
7.067430
5.941830
6.195050
5.549170
5.843360
6.060770
4.861160
5.912130
5.927760
6.570030
6.499540
6.532080
6.933930
6.383500
6.600780
6.137530
6.864550
7.201250
6.705810
7.392230
6.953420
7.835460
6.655520
5.856930
5.788350
4.732500
5.080800
5.574620
4.951960
4.425630
4.286250
4.207100
3.952880
3.362700
3.867010
