1.237430
1.282730
1.251930
1.327240
1.406550
1.333260
1.742310
1.671810
1.896260
1.884770
1.945360
1.981460
2.039640
1.761550
1.562050
1.628470
1.973450
1.643610
1.531030
2.062850
1.732480
1.569590
1.373350
1.511630
1.678150
1.598240
1.719600
1.493600
1.524290
1.564400
1.356710
1.229790
1.341940
1.599510
1.894860
1.773510
1.702060
1.544080
1.439450
1.754860
1.616360
1.621120
1.537730
1.287240
1.279190
1.353580
1.458740
1.525440
1.493020
1.553160
1.475530
1.618860
1.755100
1.637270
1.720010
1.627860
1.883430
1.945240
1.723020
1.351350
1.658730
1.785090
2.148480
1.383470
1.459430
1.257440
1.371590
1.332680
1.262840
1.295860
1.316170
1.395350
1.364430
1.257700
1.209850
1.218310
1.412740
1.435270
1.401500
1.508370
1.318060
1.253120
1.308740
1.431950
1.597600
1.361430
1.307870
1.443480
1.468160
1.541160
1.522610
1.639690
1.730650
1.826180
2.113490
1.821180
1.848210
1.653730
1.532680
1.818270
1.779530
1.820630
1.860040
1.934070
1.996100
1.977950
1.919250
1.932260
1.957060
1.913670
2.160470
2.113440
2.145310
2.238880
2.265590
2.239050
1.833650
1.881730
2.254270
2.140010
1.956740
1.880230
2.052310
1.920040
2.032930
2.085820
1.909140
1.793280
1.960780
1.758730
1.866760
1.966550
1.916630
1.644310
1.480870
1.455250
1.633350
1.566680
1.424380
1.429680
1.297370
1.391630
1.401770
1.493860
1.291980
1.578510
1.446550
1.429410
1.719160
1.675460
1.817290
1.523940
1.673590
1.511860
1.651080
1.723910
1.720480
1.788610
1.766590
1.509990
1.574850
1.924330
1.734940
1.846270
1.964870
1.898610
2.058900
1.883660
2.147070
2.068380
1.968340
1.805170
1.869640
1.751520
1.930970
1.806640
1.612240
1.930180
1.978850
1.721810
1.769020
1.673250
1.957130
1.708880
1.731280
1.443700
1.813400
1.827880
1.638720
1.737680
1.788890
1.696520
1.861750
1.863720
1.850270
1.745550
1.576180
1.640830
1.728830
1.608910
1.536140
1.744640
1.599760
1.766090
1.782190
1.743500
1.450040
1.757290
1.842230
1.670870
1.816410
1.791790
1.891390
2.287710
2.187280
2.302700
2.152040
2.133300
2.007750
2.144170
2.117820
2.226510
2.141760
1.988200
2.051390
2.088350
2.161830
2.213090
1.858890
2.183260
2.375510
2.168500
1.963070
2.026230
2.138960
2.320670
1.996800
2.311640
2.239370
2.170740
2.244550
2.281530
2.059380
2.018230
2.068380
2.132700
2.035620
2.225660
2.184940
2.090360
2.228810
2.224520
2.161420
1.937380
2.322870
2.284280
2.324100
2.445940
2.101460
2.050350
2.172670
2.157630
2.467830
2.134270
2.139930
2.094140
2.464260
2.520220
2.377990
2.123190
2.380860
2.418340
2.619810
2.410690
2.450890
2.528520
2.647730
2.357180
2.301800
2.552400
2.674260
2.484620
2.379110
2.496670
2.430870
2.529390
2.541020
2.589220
2.403310
2.470090
2.577600
2.551590
2.547990
2.416600
2.494770
2.638260
2.487600
2.729260
2.615850
2.720300
2.632920
2.756170
2.827510
2.556070
2.660400
2.911690
2.732740
2.934570
2.972070
2.973360
3.161320
3.090890
3.169480
3.192560
3.386370
3.009710
3.230310
3.349140
3.272570
3.305490
3.214930
3.606160
3.367210
3.620850
3.757640
3.386210
3.591210
3.730760
3.507380
3.740000
3.480990
3.458200
3.789320
3.502690
3.878100
3.627750
3.504820
3.412580
3.541870
3.698540
3.583120
3.461930
3.473370
3.724070
3.539680
3.448830
3.355540
3.839780
3.820540
3.391910
3.908200
3.618600
3.559550
3.572240
3.417200
4.093740
3.937350
3.831910
4.181770
4.369750
4.103040
3.764340
4.033680
4.256250
3.619730
3.906290
3.843830
4.350750
4.206430
4.120760
4.227640
4.072420
4.246400
4.216010
4.124400
4.124320
4.033630
4.715620
4.014570
4.213120
4.034280
4.465950
3.922420
4.203710
4.144990
4.425850
4.648570
5.100710
4.538900
4.655540
4.886400
4.204470
4.197780
4.110060
4.688980
4.466450
4.625150
4.616640
4.521970
4.806840
4.243460
5.100290
4.315100
4.988950
4.578560
4.961710
4.651680
4.596590
5.015440
4.815890
5.094140
5.077930
4.580790
4.297910
3.885140
4.139510
4.480270
6.207510
6.883590
5.438030
5.382890
4.781230
5.280220
5.024750
5.454860
4.929770
4.968680
6.584000
5.245870
4.949940
6.298040
5.406610
6.310840
5.734690
5.554280
5.746330
5.785650
5.049060
5.686110
5.275190
6.376920
6.377320
5.986550
5.873270
6.463980
6.660550
7.093840
7.362260
7.016770
7.393460
5.735190
7.403840
6.696420
7.370920
7.284690
6.494150
6.538560
6.639570
7.249470
6.614170
6.435130
6.304610
6.532520
6.516770
6.645220
7.129480
6.592770
6.879810
6.613350
5.989050
6.974630
7.512520
6.385270
6.163640
6.524240
6.628890
6.288600
6.615590
7.633920
7.026230
7.540780
6.869950
6.734010
6.987760
6.661170
7.192890
6.728850
7.064990
6.297750
6.153460
6.372100
6.199260
6.727580
6.113210
6.229890
6.026180
5.870210
6.295720
6.288700
6.260600
6.437480
6.434400
6.115480
6.448970
6.686760
6.593130
6.874220
6.816880
6.911830
6.721340
7.012990
6.278100
6.922010
7.050120
7.127090
6.828590
6.618700
6.984180
6.547530
7.012240
6.750560
7.036730
6.979440
6.896940
6.968560
6.962590
7.066950
7.280340
6.694040
6.840700
6.977150
7.449290
7.524340
6.693190
6.965590
7.008910
7.113750
7.413980
7.426380
7.312310
7.322150
7.225370
7.406560
7.414420
7.659170
7.946330
7.455600
7.805490
8.614590
7.724310
7.940900
7.219100
8.118550
7.658420
8.047180
7.737920
8.246160
8.171540
8.154090
9.352820
9.043790
8.557870
9.090210
9.114780
9.189060
9.422960
9.139230
9.226350
9.254560
9.847690
9.516660
10.893400
9.578310
8.822430
9.779460
9.738870
11.693700
11.326500
12.899900
11.615800
14.295000
13.663000
8.825880
9.475180
8.240360
8.913290
9.518480
9.591270
10.174600
10.791900
12.523800
14.693400
16.874100
6.156840
5.338650
7.970720
6.409150
5.318330
5.341840
6.210270
5.499720
4.731020
4.775090
4.750040
4.979000
4.755200
4.255690
4.070120
4.160740
4.773840
5.035390
5.170360
5.063000
5.104830
6.361990
6.201290
5.131620
4.761400
4.656470
4.655650
4.562390
4.507430
4.624930
4.102820
4.350260
4.097160
4.427430
3.894400
4.259160
3.971780
4.389790
4.514990
4.751380
4.273700
4.764620
4.960470
5.760580
20.200900
18.096800
16.411300
17.704200
15.792500
17.206400
16.582500
17.456100
16.693100
16.157600
15.949600
15.650400
15.853900
11.784700
12.729800
12.219900
11.055300
11.558000
12.787200
10.011000
8.957080
8.943780
9.952190
9.282260
15.778700
9.071080
12.767400
11.062000
16.209200
17.183500
14.025800
13.362000
11.113100
11.183100
15.582900
9.098850
12.811900
15.171600
14.001300
14.484500
16.692300
10.137000
9.121420
10.076800
11.433200
11.952900
12.954600
11.804400
11.784400
13.477500
13.687500
15.820300
11.805500
12.327000
15.013400
11.817300
12.086900
15.813300
12.906800
16.332100
15.254000
16.874200
17.683600
19.705900
17.035200
19.386400
18.788700
17.947200
16.196400
18.882400
19.482800
17.981600
20.722100
19.530200
18.969100
18.075900
19.073600
19.208700
20.082400
18.012100
18.373300
17.843200
21.573700
18.267600
20.109100
19.374100
19.437200
19.949000
16.929600
14.399200
17.042800
19.097700
21.290800
19.584900
20.084600
20.626100
21.956100
