5.349260
5.047200
6.053530
6.244060
7.062820
9.926390
17.176500
10.226400
14.187000
16.920500
13.145300
15.471300
13.805100
15.189600
15.516100
14.840700
13.013500
16.621500
20.011400
19.299300
16.764900
17.430500
17.372000
16.873100
18.155600
15.740600
14.497100
16.509700
15.985500
14.505300
17.312600
15.729800
14.219500
15.455200
16.377900
16.376300
15.940200
17.092400
15.391700
15.560800
13.122100
16.510000
14.424300
17.073800
15.439600
14.647800
14.329400
17.386100
16.706800
15.165300
11.816100
15.010400
14.970700
17.304400
18.670600
15.836200
13.892600
12.381700
13.399000
13.981300
13.247600
14.872700
14.146100
12.897000
14.825200
14.228300
14.843100
12.490000
12.836700
12.517500
14.478900
16.330100
12.991200
13.900900
14.140300
13.174500
12.839400
11.256000
13.699600
12.672100
12.700300
13.661200
12.797800
12.081200
13.942100
11.657200
11.996900
13.287200
12.077000
14.248700
12.731300
12.612800
12.570800
11.845700
11.541400
12.013500
9.923570
12.500600
10.371400
13.019300
11.179400
10.707500
10.241700
9.511550
7.649880
9.617500
9.740660
10.776200
8.172740
11.289500
9.699650
9.526490
9.987110
9.475590
9.968710
8.763990
6.953760
6.719890
8.199600
9.290560
8.307420
9.366930
8.076110
8.969030
7.590340
7.707210
8.141350
6.236880
5.994920
8.589160
9.597420
6.916840
7.329980
7.041170
6.544590
5.970290
6.034350
5.599660
5.903250
5.731020
6.755520
5.200070
5.252970
5.330730
5.210500
5.759580
6.119950
5.176510
5.478010
6.420570
5.813560
4.770350
4.492310
4.418410
4.436980
3.797480
4.644680
3.355530
4.516540
5.907990
3.675870
4.315500
4.233080
4.009730
3.511710
3.278130
3.505640
3.471000
3.256910
2.611950
2.835780
3.822710
3.557550
3.315000
3.113140
3.860770
3.463450
2.845080
3.022770
2.409380
3.067610
3.002410
3.250900
3.039240
3.201720
3.215050
2.983610
3.657470
3.526140
4.172560
3.426330
2.516310
3.852750
2.726870
3.329560
