10.710000
9.402640
9.956060
12.301400
10.963400
9.218720
8.829460
10.013200
10.554800
8.706590
11.534900
10.330000
11.146800
11.493900
9.408780
9.054930
10.736400
9.490680
8.782420
9.753670
10.215400
9.808900
10.389500
13.814200
11.404700
10.378100
13.688900
13.272700
13.985200
15.860900
13.137200
11.171400
11.096300
9.943800
11.665200
10.227100
9.718860
11.980600
10.180200
14.680300
14.075500
13.537200
12.445200
12.692200
12.443600
9.304780
12.115200
16.083900
14.916100
11.876800
11.039100
13.985100
15.433100
13.348100
12.020100
11.377300
11.923900
15.145400
15.971500
16.235800
20.492400
13.062100
10.372700
10.382500
12.651800
17.253900
17.716000
16.085300
9.012180
11.947100
9.953630
11.176200
10.665100
14.802000
16.877900
17.290700
11.176200
8.959620
10.946300
18.624000
10.493000
11.893500
14.076400
14.506900
19.193100
11.337600
13.573000
13.247700
13.385900
9.895040
9.196870
8.811340
11.705100
17.955200
12.255500
9.193060
9.532950
10.006700
14.685600
21.511100
10.112300
8.903440
11.297400
14.170700
10.548700
9.023630
9.799140
8.522250
7.845100
8.090570
11.243400
9.146450
9.840810
8.868270
8.173020
8.572480
8.279690
8.131250
12.709000
8.940260
7.710210
11.931300
8.630900
8.739420
8.283900
8.538910
8.492530
7.032660
9.212080
7.466040
8.096890
7.779080
