0.910556
0.903057
0.782075
0.889892
0.887371
0.909284
1.048540
1.233180
1.202040
1.307300
1.384640
0.884398
0.990196
1.034470
1.339600
1.159690
1.247090
1.467320
1.459700
1.705260
1.169740
1.212980
1.231670
1.499810
1.540420
1.626010
1.594190
1.371610
1.382700
1.527560
1.340070
1.256860
1.400430
1.476300
1.240600
1.345970
1.158840
1.223350
1.436540
1.194760
1.256270
1.419310
1.297560
1.431540
1.355100
1.370700
1.344600
1.287030
1.214720
1.242180
1.408840
1.423250
1.304940
1.554230
1.348890
1.423110
1.317990
1.434440
1.529790
1.563470
1.374410
1.282830
1.444130
1.208170
1.443730
1.509570
1.381440
1.464710
1.564640
1.497070
1.541350
1.537780
1.841320
1.549980
1.359690
1.369260
1.424350
1.509080
1.438320
1.403280
1.448070
1.356870
1.546330
1.517750
1.691680
1.548940
1.391130
1.645930
1.548410
1.536640
1.875320
1.582120
1.457150
1.738950
1.384450
1.474370
1.491110
1.811390
1.152190
1.202840
1.628220
1.211670
1.544950
1.346960
1.458900
1.725540
1.739560
1.666750
1.639480
1.647290
1.855670
1.316420
1.575110
1.493350
1.501030
1.566040
1.470040
1.636000
1.645850
1.556170
1.329110
1.513110
1.459010
1.343390
1.280670
1.415680
1.836070
1.669070
1.880420
1.767400
1.741710
1.554250
1.857150
1.595540
1.696440
1.600160
1.990140
1.778820
1.932030
1.732260
1.868430
1.773810
2.024920
1.723460
1.578880
1.609570
1.796150
1.767780
1.972370
1.900470
2.124930
2.009290
1.958580
2.014460
2.058150
1.895520
1.843190
2.070880
1.821800
2.110420
1.432810
1.792470
2.144530
1.831810
2.037400
1.932500
2.043260
1.957730
1.616180
1.761710
1.731230
1.767350
1.834880
1.772400
1.920320
1.902350
1.679000
1.921540
2.090500
1.925250
1.795330
1.723010
2.123070
2.100310
2.090900
1.672070
1.781770
2.000680
1.775220
1.991230
2.021070
2.022990
1.993530
1.802330
1.912750
1.972180
2.117190
2.236660
1.859230
1.872810
2.116810
2.057540
2.060810
2.173960
2.101130
2.076090
1.756620
1.958460
1.916890
2.138810
2.298130
2.434830
2.361770
1.926190
1.749820
2.023090
1.826590
1.988030
2.018180
2.088340
2.329010
1.988130
2.043830
1.808830
1.744220
2.191350
2.309980
2.321390
2.563020
2.184070
2.555310
1.393580
1.639030
1.676790
1.739720
2.330770
1.422820
2.043910
1.991380
1.914210
1.416120
1.403630
2.424920
2.139040
3.208740
2.216850
1.904250
1.941710
2.236400
2.122090
2.694920
2.366590
2.453940
2.548970
2.708190
2.733850
2.727720
2.363320
2.598070
2.299700
2.519640
3.012260
2.580060
2.528310
3.078310
2.612100
1.709900
2.142930
2.167920
2.760760
2.751700
1.930360
1.875430
2.514190
2.984010
2.260330
1.746970
2.206200
3.472550
2.907360
2.880830
2.434850
2.351830
2.437840
3.161640
3.308250
3.424270
3.823960
3.384010
3.790670
3.671990
3.380150
3.229690
3.187000
4.273840
3.327870
2.897450
1.839180
2.223470
2.908240
3.432830
3.300810
3.556850
3.749340
3.960780
3.966110
3.292180
2.681240
2.741500
3.099070
3.345670
2.900790
2.948390
2.616370
3.439440
2.364750
2.411530
2.726000
3.606540
3.543920
3.177910
3.174210
3.452340
4.010850
3.151300
3.547220
3.717370
3.298960
3.230330
3.109150
2.769230
4.273120
3.704090
3.446370
3.666950
3.036790
4.162870
4.144160
4.346330
4.032410
4.515160
3.577070
4.421600
3.857680
3.813400
4.442910
3.898620
3.608070
3.325070
3.972260
3.271670
3.023660
2.609630
3.341760
4.170590
4.060790
3.379300
3.719020
4.673800
4.022600
3.923010
4.093410
3.780630
4.185450
4.749590
3.662980
3.737760
3.882690
3.677340
3.594260
3.838910
4.438690
3.902850
3.579230
3.376050
3.673520
3.958700
4.040480
3.723220
3.991010
4.045370
4.024950
4.051490
4.133530
4.632200
3.723360
4.463670
4.928780
4.714640
4.189810
4.575090
5.225500
4.176790
3.453780
3.124550
4.378660
4.310170
4.389530
4.096330
4.571770
4.568150
4.463600
4.951660
4.702630
4.632700
4.165480
3.992010
4.324030
4.796330
4.641640
4.527160
4.613370
4.744510
4.154770
4.406570
4.334620
4.655990
5.484330
5.002380
5.285130
4.123040
4.607090
6.549580
6.891130
4.436710
4.032180
5.084850
3.864260
5.205800
6.115890
6.306700
5.165570
4.275760
5.526390
7.340810
5.282880
6.359340
4.001470
6.001060
5.997600
5.200170
4.085500
5.650760
6.438360
5.850440
4.905600
5.056760
5.596880
5.655580
5.562560
5.060080
4.546330
5.790290
5.058520
4.602740
4.526250
5.086410
4.921490
4.898580
5.356330
4.836880
4.914390
5.043780
5.154760
5.496710
6.025110
6.532850
6.800220
5.799170
5.612040
4.768210
5.460150
5.772630
5.422470
5.025960
6.362150
5.050580
5.579730
6.193590
7.053930
6.353900
4.492450
4.530910
4.947750
4.588160
5.027420
6.375540
6.513480
5.851450
6.260330
4.132170
4.076480
4.079910
4.318140
5.371490
7.051450
6.345590
4.059050
8.865720
5.943230
2.433980
2.412880
2.290020
2.684620
3.217010
3.208020
3.123340
7.652880
8.607980
6.245760
5.571680
5.359080
6.147320
8.791240
7.708410
6.545300
6.081790
3.662250
4.426860
4.912590
3.989810
2.768220
3.841550
