6.304590
6.264180
6.493840
6.367010
6.529100
6.922190
6.756570
6.935850
6.565240
7.378950
7.505860
7.474530
7.319100
7.297570
6.467270
7.159870
7.990630
8.018890
7.856250
7.932480
7.785630
7.923210
7.565030
7.425630
8.074360
8.315350
8.528930
8.852080
8.972210
8.667290
7.550760
9.319190
9.807770
9.391680
9.514670
8.476290
8.461010
9.087780
9.474780
8.765600
9.452140
9.019950
8.982010
8.585040
9.685910
10.906700
9.554450
10.116200
8.769480
9.444770
9.709270
9.586850
10.512000
9.406030
9.844830
9.834670
9.809200
10.777700
10.366200
9.996060
10.363000
11.849900
11.267900
10.846300
11.758800
9.728320
10.648200
12.164600
11.318000
11.330200
11.617200
11.134200
11.175600
11.761300
11.458400
10.520200
11.944100
11.503900
11.350400
11.830300
12.779800
12.146000
13.381100
12.360300
12.650400
12.445000
13.017400
13.266700
12.547300
13.039900
12.434300
13.277700
12.445200
13.809500
13.207400
14.456800
13.526800
14.148500
13.451400
13.215300
12.462900
14.457800
12.431600
12.925200
13.406500
13.563500
12.391000
13.070500
14.524000
12.839400
13.316200
14.897800
15.792900
12.111900
12.213100
12.273200
11.378200
8.965480
8.594650
9.271050
8.206880
8.079700
8.433690
8.667540
8.196350
8.610920
