3.949030
8.568080
7.026930
3.708920
5.322560
6.102770
5.422740
6.498970
4.796630
5.820850
5.830840
5.672360
6.754950
5.899780
6.529120
7.082200
6.317720
5.416310
5.570250
6.073590
5.649500
6.167940
6.374350
5.322580
5.742250
5.896410
5.582790
5.792280
5.644790
5.622900
6.151690
6.438230
5.917900
6.191010
6.141010
6.450160
6.268540
6.584870
6.510960
5.848080
6.161670
5.915250
6.090830
6.022130
6.213390
5.622630
5.190230
4.975580
5.516620
5.345530
6.113700
5.664910
6.001970
6.712810
6.316630
6.532570
5.781650
6.258950
6.556630
6.295200
6.219900
6.438190
6.477780
5.933140
5.817690
6.118440
5.760980
6.181720
6.342880
6.974070
6.667520
5.956080
5.908270
6.039360
5.850390
6.516090
6.386360
6.570860
6.008990
6.595210
6.287660
6.603510
6.318190
6.469640
6.127930
6.309140
6.082110
5.942230
6.406010
5.690630
5.535840
5.873880
5.687010
6.192770
6.255320
5.147310
5.653570
6.147040
5.520180
5.971040
6.290170
5.733130
5.934880
5.533480
5.780480
6.046650
6.419830
5.739300
6.046550
5.681110
6.290760
5.719670
6.404100
5.800870
5.684670
5.738520
5.498110
5.482850
6.096850
5.828930
6.225460
5.685870
6.364070
5.366580
5.349230
5.566120
5.397480
5.259120
5.074070
5.397440
5.096880
6.300460
5.342150
5.497430
4.688570
5.717990
5.129560
5.775810
5.772510
5.498470
5.803350
5.489870
5.139000
5.645490
5.863650
4.992030
4.967380
5.217060
5.036840
5.332230
4.707770
5.142540
5.389940
5.379740
5.147300
5.228150
4.477570
4.277280
4.863340
4.552620
4.510790
4.198060
3.825720
4.441550
4.193700
4.582760
4.223660
4.394140
4.546270
3.940770
4.014860
4.162550
4.259360
3.954150
4.619880
4.358880
4.225750
4.053790
4.035390
3.993740
4.725380
3.995120
3.901920
4.592020
4.089680
4.176030
4.384030
4.119380
4.022370
3.880500
4.338990
4.178260
4.172860
4.448730
3.976880
3.711850
4.223610
4.141120
4.395420
4.160920
4.051960
4.232070
4.198410
4.139280
4.343620
3.756040
4.447020
4.114920
3.822900
3.849780
4.070850
3.923090
4.000660
4.090860
4.355530
4.003180
3.281290
3.433110
3.393600
3.076270
3.442100
3.725140
3.653660
3.841130
3.518030
3.212500
3.589540
3.458250
3.212780
3.921050
3.054180
3.322530
3.658340
3.802270
3.459330
3.631350
3.331820
3.237080
3.120410
3.245830
3.086020
3.018160
3.227670
3.617410
3.487370
3.245170
3.143600
3.485030
2.953430
3.411060
3.421820
3.214170
2.991470
3.293510
2.857340
2.998260
3.102680
3.133250
2.925440
2.726460
3.060820
2.718930
2.674270
2.531640
2.869040
2.710360
2.525940
2.280470
2.803520
2.633930
2.499850
2.600620
2.730550
2.797570
2.644940
2.705920
2.556710
2.502110
2.757410
2.398810
2.520000
2.561120
2.685300
2.635480
2.381010
2.313390
2.606430
2.468230
2.804870
2.461690
2.513860
2.398240
2.253400
2.401110
2.268420
2.056910
2.280560
2.144600
2.206930
2.388410
2.082410
2.430720
2.282400
2.395390
2.115020
1.905200
1.891990
2.437120
2.129300
2.178240
2.187900
2.145080
2.207350
2.233940
2.191780
2.202900
1.890130
2.112970
1.962490
1.748790
1.656900
2.286530
2.079440
2.171370
2.211900
2.079670
2.039130
1.842920
2.331610
2.098890
2.381900
2.028880
2.351490
2.291920
2.476900
2.140240
2.062020
1.772490
2.489220
1.801580
1.771730
2.665890
2.208450
2.233110
2.113150
1.991100
2.127680
2.074000
1.992380
1.855170
1.619440
1.968100
1.962560
2.088510
1.629710
1.600460
1.643620
1.649160
1.651060
1.793200
1.444560
1.613520
1.655920
1.581300
1.781130
1.582730
1.845970
1.511040
1.595030
1.682430
1.712150
1.639600
1.639120
1.460130
1.473280
1.623930
1.542230
1.409490
1.533530
1.703190
1.419760
1.387890
1.415170
1.597190
1.474320
1.364070
1.532000
1.365970
1.307630
1.229240
1.420780
1.409300
1.217320
1.180500
1.513870
1.238900
1.252310
1.421660
1.608830
1.782660
1.558920
1.451310
1.602890
1.464680
1.259980
1.380390
1.419160
1.380640
1.254730
1.238430
1.404450
1.144490
1.306440
1.286280
1.131840
1.316960
1.114370
