1.696420
4.780520
8.936470
8.745480
7.983100
7.692710
6.457060
6.353670
6.467980
5.263340
3.898520
4.882700
3.987300
3.675190
3.999280
4.166480
3.416310
4.349380
4.288240
3.850860
3.216990
4.339180
3.400520
4.179470
4.025310
4.091730
4.701330
3.401820
3.597280
4.104960
4.108250
4.267980
5.469340
4.731500
4.023140
6.648540
7.234100
7.005560
5.683410
5.340110
6.150640
4.287850
4.870180
6.074790
4.595820
5.263940
4.731940
4.703400
4.252680
4.652480
4.657550
4.327310
5.697860
5.141410
4.967810
5.183240
5.565860
5.952820
6.339950
6.514970
6.630160
5.990080
6.173070
5.884500
6.837750
5.090970
4.662200
3.652260
4.201000
5.668010
4.601200
4.906470
5.805710
5.417280
5.482570
4.948180
5.612900
5.528550
4.569120
5.152200
5.093700
5.318520
4.607510
5.206590
4.320230
4.350370
5.436310
4.579070
7.579380
5.373280
5.616150
5.108560
3.427780
3.785510
3.526290
3.865470
4.523540
5.842880
5.584340
5.969540
6.017080
2.254770
1.823750
1.939920
2.043820
1.945100
1.825820
1.900590
1.970740
1.732440
1.666530
1.688920
1.803670
2.044200
1.981140
1.801100
1.839800
2.189220
2.618540
3.917190
5.734810
6.867850
4.165270
5.229220
6.450760
2.503480
3.959060
5.269630
5.223020
4.025700
4.554760
3.761120
4.497270
5.073570
4.326890
2.846200
4.368080
4.507950
3.786360
2.209000
1.687150
1.905820
1.791660
3.677260
4.023370
3.550120
2.500790
2.939550
2.893380
3.230610
3.560950
3.881420
3.978500
1.580310
1.816270
1.814000
1.859200
1.948890
1.936710
2.204070
2.065980
1.978530
2.110870
2.081200
2.177570
2.063500
2.067150
1.936460
1.969690
2.111510
2.070730
2.022790
2.181380
2.281230
1.958230
2.268600
2.211810
2.247000
2.354550
2.219160
1.993430
2.162740
2.264330
2.315720
2.305480
2.316330
2.278440
2.174900
2.412340
2.184660
4.735780
3.693630
3.002780
2.574340
2.142200
2.228970
2.414460
2.754570
2.485480
3.769060
4.062930
3.703970
4.088930
4.050810
4.226040
4.154520
4.073900
4.250840
4.390810
3.356810
3.268510
3.114080
3.466830
3.565300
3.078240
3.387560
3.126800
3.743290
3.946510
3.859140
3.504200
3.532900
3.146750
3.516690
3.656050
3.605430
4.710120
3.395400
3.975370
3.561590
3.447370
3.258980
3.540910
3.728410
3.310010
3.526670
3.442420
3.459790
2.836090
3.278730
3.185440
3.042280
3.540290
3.508930
3.344000
3.908500
3.591920
4.020290
3.404680
4.105650
3.631730
3.749050
4.648350
4.701330
3.894620
3.914530
4.276110
4.117470
4.098910
4.047120
3.719640
3.490240
3.750070
4.296630
4.595110
3.971400
4.094880
3.720120
4.372210
4.774500
4.224960
5.132580
4.873800
4.351220
4.456780
4.479500
4.592680
4.437250
3.922740
4.024130
4.539950
4.833610
4.405350
4.521380
5.190080
3.827120
4.267380
4.242390
4.391670
4.164270
4.057140
4.373510
4.095470
4.546840
4.139950
3.933440
4.286250
3.322570
4.343680
4.772650
4.679520
5.057600
4.791590
4.574950
5.209280
4.804790
5.285010
4.707910
4.793880
5.674170
4.946140
5.119910
5.263120
5.314190
4.797890
5.109540
4.459370
4.680000
4.104230
4.087490
5.402480
5.084820
4.119310
4.357340
4.508470
3.947230
4.859850
4.166300
4.427670
5.540040
4.698830
5.116040
5.173110
5.026450
5.701900
4.005570
5.637840
4.527320
5.228100
5.919860
4.530720
3.472570
3.662090
4.329080
3.836980
4.723880
3.799300
3.364690
3.441390
3.726380
4.510920
4.634200
4.238160
4.888870
4.324570
4.310860
4.512050
5.261880
4.142160
3.359410
4.051520
4.475260
4.609030
5.413790
4.557770
4.808370
4.193400
4.402370
4.875330
4.265660
3.871160
4.808700
5.114810
4.509260
4.208510
4.285080
4.105680
4.077340
4.896030
5.036870
3.791720
3.843880
4.297080
4.856370
4.928380
4.384120
4.311430
4.998310
4.821960
5.459170
4.807070
5.580420
5.051840
5.722330
4.768430
4.045310
4.673390
4.721600
5.153460
4.255470
4.607660
5.023910
6.282990
5.180320
3.424140
4.584020
3.702570
3.097850
4.139870
4.877280
4.849940
4.642780
4.336440
4.797310
4.576620
4.746030
5.380080
3.988440
4.396570
3.263550
4.008680
3.249030
3.759330
4.128760
3.235290
3.186180
2.741070
2.990030
3.549960
2.736660
3.585160
3.025320
2.218660
2.935010
3.703660
3.735810
4.402060
3.774420
4.392560
3.091100
3.985030
3.096740
2.639280
2.210070
2.553700
3.173580
3.493660
2.594540
5.310170
3.839870
2.459520
2.882470
4.587600
2.999380
2.478120
3.469030
2.804300
2.941090
2.392340
3.535900
2.403840
3.734950
3.123530
1.829780
2.583870
3.167330
3.225700
2.573890
1.600320
2.265980
2.617110
2.987400
1.792020
2.072520
1.504940
1.915720
1.617170
2.792500
2.494810
2.320460
1.626750
2.030240
2.461320
2.450700
2.535490
1.441270
1.908540
2.349110
2.537080
1.816750
2.028870
2.022750
1.540270
1.413470
1.843920
1.688230
1.552530
1.946980
1.688290
2.511720
1.846570
1.508470
2.450900
2.675850
2.403880
1.888460
1.699940
1.658110
1.602530
2.488880
2.237980
1.820280
3.117660
2.318420
2.929510
3.002380
2.904690
2.070210
1.891130
2.833300
1.810960
2.374470
3.422300
3.202370
2.921320
4.811360
3.218830
3.221540
3.557020
2.725780
3.832350
2.423790
3.434000
4.181760
3.968470
4.626660
4.104690
4.358960
3.689030
3.568220
2.832980
2.257640
2.003790
2.157430
1.949300
2.867010
2.960610
2.780490
2.929120
2.515660
2.335860
2.185290
1.680380
1.420900
1.375590
1.632900
1.365220
1.497310
1.354860
1.210250
1.223220
1.355740
1.614620
1.622230
1.353190
1.870750
1.633960
1.595380
1.678850
1.570960
1.452030
1.764870
1.229390
1.515360
1.929900
1.905850
2.005060
3.048430
2.213040
2.616030
2.317960
2.276380
2.241410
2.642060
1.813680
2.241000
2.409900
2.559530
2.408700
2.302550
2.473350
2.363000
2.648470
2.858630
2.128190
2.576330
2.299730
2.083710
2.070650
2.003680
1.928990
2.472680
1.734100
2.395230
2.964670
2.126030
2.578300
2.202480
2.734560
2.902530
2.089740
2.125100
2.546130
2.207410
2.469930
2.270110
2.179430
2.116520
2.224650
2.219980
1.999650
2.132240
1.859630
1.936120
1.692230
1.658650
1.590440
1.832750
2.120870
2.322980
2.225000
2.070690
1.886780
1.722070
2.038250
2.114800
1.582400
2.167830
2.060400
2.136520
2.232580
1.941520
2.138270
1.526930
2.302980
1.973220
1.899080
1.910340
2.093060
2.060310
1.895790
1.895320
1.904870
1.913400
1.952520
1.755110
1.739750
2.125270
1.832890
1.748340
1.882610
1.779300
1.737660
1.561470
1.783690
1.604910
1.469970
1.707180
1.278530
1.256100
1.955410
1.793880
2.043330
1.879140
1.567070
2.241330
2.009450
1.838050
2.271420
1.988260
2.096400
2.268810
2.308950
2.588720
2.445330
2.140720
2.226730
2.150550
2.210610
2.286290
1.830380
2.120790
2.066690
2.108590
1.925090
2.075230
2.275180
1.713470
