5.466880
8.773520
15.464300
12.581800
17.641400
13.377000
13.214000
10.005300
16.395200
12.603000
12.769300
12.690900
12.847200
14.286800
15.215600
13.793600
17.160400
16.186000
12.462600
15.710700
13.850600
15.355700
15.814900
13.432800
12.509400
15.421000
13.673600
14.223200
10.430800
14.559700
10.594600
10.948500
11.510900
13.206300
13.081400
10.468100
13.675300
10.772700
8.405290
15.251500
10.647500
11.544600
11.138900
11.864800
10.099500
8.967210
7.791190
9.196630
9.696020
7.935830
7.930020
8.087150
8.324880
7.872090
8.683770
8.035160
8.189700
7.715230
7.825230
8.615790
9.174490
8.418130
11.068800
9.729260
8.794330
10.725400
9.393990
10.468800
7.933380
8.228690
9.363810
8.672350
8.282660
10.506200
9.579870
10.191300
8.098970
12.072800
12.401900
12.265300
13.349400
11.128600
13.210800
13.526400
12.133700
11.585200
10.767900
10.298300
11.222000
11.316500
10.384300
10.814600
10.480900
10.382500
10.915600
9.871930
10.849300
10.569400
12.660600
11.758100
11.593400
11.845200
11.833100
11.464400
10.527900
11.185400
9.905210
10.306900
12.184900
12.668600
11.140900
11.659900
10.352100
10.874600
10.699500
9.427180
11.187800
11.054300
10.322600
10.818700
11.468500
10.242700
9.996970
9.873290
11.351400
10.813200
10.394400
10.008300
11.173200
10.435800
10.102400
10.120500
10.711000
11.734200
10.250500
9.642110
10.196400
9.872550
10.862500
8.977020
10.758100
9.910170
10.216000
11.965800
10.009900
9.811390
10.861800
11.398900
10.665100
9.049270
9.848480
10.764100
10.937600
10.706400
9.643880
10.029300
9.543080
9.710390
10.361000
11.485900
10.520500
10.221800
10.691400
8.968290
9.359680
9.164830
10.553000
9.060670
9.966670
9.178840
9.103600
8.703540
9.382160
8.704220
9.390220
9.889210
9.260080
9.993450
9.549630
9.091150
8.732200
9.176120
9.907580
9.476470
9.115520
8.619220
9.129510
9.910280
9.651450
9.815340
10.194400
9.529070
10.374700
9.732850
9.598660
9.838630
9.304500
8.831560
9.329130
9.338600
9.347960
8.131120
7.978170
7.666690
7.956290
8.446970
8.373150
8.173840
7.937230
8.217020
7.977540
8.328610
7.412870
7.282320
8.426850
8.079500
7.817110
7.329260
7.360660
7.380080
7.544870
7.148470
7.558860
6.675320
7.427770
7.321580
8.053630
7.467650
7.682050
7.667960
7.660470
7.103100
7.156100
7.100800
6.992920
7.340120
7.727610
7.941690
7.105660
7.282180
6.757290
6.996050
6.893690
6.843090
7.805170
7.077510
6.311660
6.910670
6.444020
7.375890
7.438240
7.503980
7.614040
7.185970
8.308730
8.555670
7.489560
7.997860
8.318480
7.888340
7.737720
7.027670
7.021700
7.319130
7.133070
6.868320
6.081360
6.106840
5.833020
6.498000
6.382570
6.219890
5.965600
6.544800
6.104650
6.815970
6.334580
6.504780
6.485990
6.143520
5.878120
6.110990
6.186790
6.383350
5.928170
5.502750
5.479220
5.327700
5.526730
6.279350
5.447560
5.980370
5.529420
5.083340
5.454880
5.664030
5.540500
5.545690
5.604430
5.550000
5.067790
4.753670
4.992660
5.079110
5.160710
5.130860
5.181450
4.972260
4.744600
5.508700
4.659970
5.494560
5.095450
4.995850
5.170960
4.969930
4.879550
4.994940
4.503440
4.167570
4.626790
