4.007710
4.678040
6.285280
7.588780
16.670900
13.926400
13.963000
11.233300
11.490800
11.798700
6.755400
8.349720
11.457300
10.544600
8.938830
6.511760
6.912850
10.803200
12.653600
17.281600
14.630100
15.209500
12.819500
12.707700
13.317200
13.932000
14.773500
9.021540
8.054770
7.739600
8.262110
7.208270
8.327050
6.737060
7.371400
12.720200
13.317100
13.204200
13.117200
14.152200
10.843100
10.927100
7.766600
7.599400
6.642020
6.611240
12.855000
10.084100
9.633750
10.151400
11.514500
10.731000
10.800100
10.368900
10.154800
11.117700
9.919550
7.988680
8.241200
9.827860
9.378350
8.643980
9.823460
11.353700
9.625430
8.410440
9.584570
8.490520
8.491860
9.760320
9.243220
9.038010
8.611090
9.476370
8.243330
9.741360
9.023350
8.367680
9.672190
9.523470
8.559010
8.794950
8.405060
9.566780
9.436370
8.783910
8.269850
8.935280
9.961440
9.460390
9.304950
8.602370
9.290740
9.927650
9.885800
8.700370
8.446080
8.857080
8.725190
9.970390
8.714020
9.464060
9.591690
8.941290
8.730120
10.549700
9.582750
8.655530
9.031610
8.725340
10.038700
8.569420
10.016100
8.800430
8.339000
7.468510
8.267250
7.650840
9.566190
8.898080
7.724200
8.856780
8.666930
7.610310
7.161560
7.470360
7.140080
7.705250
7.054070
6.759250
6.683840
6.775950
6.942140
7.062550
6.721850
7.079290
7.771320
6.071570
5.856840
6.080230
7.242490
6.308890
5.977980
5.908100
5.363700
6.001020
6.590780
6.398940
6.136250
6.176910
5.901430
5.734430
5.065890
5.913350
5.586420
5.595140
5.059710
5.624530
5.553290
6.412520
6.329740
5.755720
6.103050
6.530480
6.306050
5.909610
5.581500
5.893740
5.558360
5.378150
5.669440
5.694150
5.706620
5.465020
5.814070
5.897800
5.673900
5.881680
5.968050
5.479670
5.432200
5.266760
5.884190
5.632640
5.247660
5.632640
5.446700
6.193130
5.831270
5.310440
5.189880
5.441810
5.076560
5.082570
5.099270
5.138210
5.044160
5.376600
5.319230
5.184420
5.336170
5.489040
5.466410
5.266740
4.617360
5.210860
5.210810
5.234450
5.207420
5.118750
4.925780
4.972980
4.908980
4.408890
5.108380
4.854080
4.268800
3.973530
4.271370
4.113120
4.558980
4.395870
4.377080
4.617200
4.582600
4.307310
4.389190
4.799570
4.885090
4.338840
4.114360
3.820180
4.474430
4.173960
3.739790
3.544590
4.004840
4.095290
4.204920
4.296770
4.137360
4.640060
4.367440
4.603520
4.546330
4.865780
4.546150
4.349680
4.269580
4.697770
4.127880
4.042690
4.177620
4.644370
4.562580
4.201250
4.149140
3.879890
4.356650
4.689030
3.926100
4.412450
4.006130
3.496970
3.578460
4.379060
3.948620
3.594020
3.630650
3.664380
3.683060
3.283920
4.321010
3.857040
3.770530
3.844060
3.425560
3.229710
3.437600
3.732820
3.787440
3.691820
3.698550
3.949820
2.796680
2.760370
3.087480
3.417740
3.580240
3.508370
4.082630
3.666180
3.638560
3.533520
3.585360
3.479220
3.136120
3.236260
3.491680
3.863540
3.970180
3.913980
3.346100
3.824990
3.900420
3.356730
3.623900
3.761540
3.884390
3.534870
3.169550
3.931860
2.797180
2.982750
3.101050
3.312220
3.375990
3.413700
3.646960
3.846070
3.054870
3.516130
3.332530
3.306890
2.845250
3.314240
3.000050
3.220480
3.290050
3.463670
3.688400
3.790690
3.152200
3.564450
4.073650
3.474720
3.646640
3.887030
3.343010
3.365400
3.140490
3.670880
3.190140
3.255500
3.234820
2.781210
3.357700
3.308180
3.762770
3.346000
3.231160
3.089760
2.964240
2.854680
3.231620
3.038240
2.646780
3.244260
2.423100
2.759170
3.264060
2.535820
2.337070
2.605900
2.490040
2.716240
2.355720
2.473060
2.569220
2.727920
2.619950
3.238270
2.654790
2.606850
2.307570
2.994240
2.376800
2.426460
2.585160
3.113430
3.115030
2.631080
2.560720
2.941940
2.922950
2.915050
2.932040
3.434030
3.368200
3.830630
3.580210
3.066430
3.375550
3.210270
3.929170
4.080410
3.631130
3.818710
3.891180
3.703510
4.624670
5.110360
5.675490
6.004980
5.379870
5.282410
5.620970
5.575790
5.607750
5.782110
5.588960
6.080800
6.119820
5.872140
5.431890
5.982090
5.735940
5.704060
5.994710
5.020080
5.756900
5.497470
6.392560
5.442760
5.122180
5.534740
5.600430
5.518960
5.808560
5.733530
5.351790
5.021220
5.216710
5.079780
4.707140
4.694590
4.841910
4.733870
5.143220
4.986680
5.093840
4.715790
4.164770
4.580400
4.762510
4.891490
4.465130
4.743160
4.726060
5.064330
5.187680
4.841510
4.850580
4.673010
4.731060
4.523280
4.439590
4.786830
5.071550
5.005880
5.107380
4.273640
4.877980
4.904900
4.455010
4.918570
4.462810
5.074860
4.647890
5.272430
5.199760
5.260380
4.879790
4.900380
4.501220
4.522970
4.183160
4.636610
4.664260
4.763180
4.657830
4.708560
4.834380
4.447000
4.676290
4.488490
4.491720
4.684430
4.707720
5.694730
5.619340
5.269410
5.398660
5.490830
5.095940
4.962300
4.968920
4.657180
4.811090
5.106920
5.295240
5.248900
5.585530
5.436730
4.910940
4.780760
6.021570
5.019340
5.686180
5.581660
5.336620
5.332250
5.140680
5.177290
5.298940
4.967790
4.807080
4.771090
5.053080
5.289930
4.501470
5.139780
5.437280
4.880040
4.878490
5.019400
4.955590
5.672910
5.617710
5.591640
5.253080
5.494120
4.934910
4.841500
4.651710
5.358240
4.943980
5.301670
5.745140
4.953770
4.503780
4.769090
5.311720
4.642010
4.562140
4.760780
4.761850
4.337330
4.411630
4.277050
4.125670
4.171870
4.397380
4.567260
4.218460
4.699510
4.845300
4.362140
4.403680
4.643540
4.411460
4.204340
4.049940
3.698110
4.055160
4.083370
3.912000
3.929090
4.746790
3.919640
3.932140
4.291970
4.131750
4.058610
4.066420
4.371730
3.642790
4.256710
4.910790
4.525900
4.009780
4.141590
3.614320
3.966850
3.975410
3.885420
3.870230
3.732020
4.022250
3.584840
3.030910
3.492000
3.248970
3.278250
3.433280
3.925580
4.021850
3.759180
3.931980
4.040240
3.854890
4.014390
3.219710
