7.155140
7.070420
8.446010
7.458870
7.628130
8.044580
6.933400
7.064910
7.793710
7.695230
7.655260
8.034740
6.810160
6.980510
7.471770
7.956550
6.873630
8.367200
7.907160
7.920200
7.801920
7.325210
7.099510
6.417480
8.458430
7.883060
7.855820
9.101430
7.822860
7.781910
7.999980
7.812500
8.000130
9.131390
8.957990
7.648480
11.033200
8.331970
7.777720
8.865240
8.887570
8.334680
9.944210
8.709710
9.666120
9.076590
10.010400
10.498700
9.670970
9.104520
9.381700
8.995490
8.953160
8.320870
9.749100
9.323730
9.833840
8.671770
9.492330
10.200800
9.555860
10.413900
10.483700
9.141120
10.828100
9.770370
9.527810
8.916500
10.392800
10.759400
9.073530
9.570790
11.938200
9.791350
10.199900
11.616400
10.105000
10.890500
10.480800
9.985530
9.687780
11.520200
11.677600
11.140500
10.991900
10.668300
10.745300
12.294200
10.534600
10.569100
10.802600
11.336600
11.523500
9.606230
8.979640
11.495500
10.047100
11.513300
11.111500
11.306200
12.478600
11.378300
12.579400
11.322400
11.410000
10.644000
12.531200
12.033300
11.908100
12.758400
12.957100
12.818800
11.852200
12.237700
13.836700
11.862200
11.852400
10.639100
12.824600
12.637100
11.360100
12.290900
11.010100
11.175400
12.428100
12.384300
11.139600
11.267000
11.569900
12.282500
10.985800
11.040100
10.465200
10.084400
12.245400
11.887000
11.314400
11.940100
10.925800
12.224500
13.950300
13.657600
13.388300
13.089500
14.115600
14.074500
10.457000
9.661100
10.453800
8.094310
9.061350
7.617540
7.595600
