4.161250
3.769680
4.954630
5.216670
5.681610
5.287910
6.967930
5.944890
6.257510
4.723510
5.858980
5.489540
4.966500
5.717080
5.082240
4.706210
4.497840
4.909550
9.007720
13.385000
9.208330
7.396560
4.492560
3.986650
5.532570
6.443820
6.359970
4.225810
4.037350
3.892410
6.002580
4.105500
5.082870
3.838070
3.846720
7.738700
5.130630
3.909800
5.189350
6.310990
5.429460
4.858670
5.198750
5.609360
4.445020
4.501180
4.934300
6.229460
8.951910
6.629020
12.361000
9.051430
12.112000
10.896600
9.893360
10.222000
10.380700
9.778760
10.813600
11.052000
9.587990
8.938230
9.671020
11.241600
10.464200
11.536000
8.917290
8.181670
9.224060
8.942610
13.068300
11.739300
10.015500
5.143790
8.014540
5.497340
7.437680
8.821370
8.567740
7.885660
9.295150
9.887670
10.452000
11.371100
12.064300
10.959400
11.468400
10.099000
8.666090
5.820760
9.280840
8.539800
10.405600
11.775900
7.497890
11.484500
10.544400
10.713000
10.379400
10.862600
9.788450
9.078370
8.745180
8.014030
9.903510
8.389450
11.236100
10.252700
11.167300
9.948850
11.165900
8.680490
7.270240
19.062200
11.417600
11.309300
12.263400
9.236960
9.416320
10.851600
15.208200
6.900080
5.154730
6.069950
5.442570
5.991500
6.384890
11.603900
7.340130
6.905130
7.976780
4.099190
9.409170
14.494400
8.886160
11.160900
10.879200
9.763040
9.966780
9.170460
11.156600
7.596040
8.041750
9.600120
10.209100
8.459370
9.409430
6.975100
7.429210
8.031230
7.269270
7.386020
6.473830
7.178580
7.192420
4.644530
8.037690
6.007580
7.055840
6.999160
6.803450
