1.284050
1.521070
1.048560
1.000950
1.006410
1.071590
1.312780
1.431700
1.894290
1.223210
1.024010
1.483430
1.366350
1.273170
1.392690
1.661690
1.371760
1.902760
1.782290
1.756130
2.036060
1.703160
1.901760
2.103200
1.782430
1.742670
1.728720
2.045210
1.766200
2.352950
2.427800
1.958280
1.836230
1.852550
1.885190
2.005930
1.958330
1.695970
2.370780
1.912730
1.766750
1.887820
2.429650
2.244480
1.923600
1.797030
1.881800
2.058410
2.121260
1.984070
2.149660
2.121180
1.978180
2.262480
2.572120
1.991430
2.466860
2.133790
2.434570
2.626570
2.249260
2.236740
2.328820
2.011480
1.916200
2.625890
2.636810
2.678000
2.441200
2.160940
2.477400
1.966540
2.265800
2.054860
1.864450
1.778650
2.027510
2.502310
2.351590
2.340240
1.896500
2.529320
2.424750
2.046890
1.951470
2.249500
2.406600
2.141060
2.096230
2.042750
2.171610
2.328440
2.210810
2.247720
2.303160
1.956940
2.840160
2.485680
2.717830
2.193370
2.330550
2.827390
3.072800
2.905030
3.213960
3.615790
3.642680
3.224380
3.219200
3.552650
3.803140
3.399350
3.086610
3.613530
3.910500
4.031820
3.819720
3.250740
3.080470
3.498190
2.726700
3.507230
3.957780
3.594560
3.539680
3.546330
4.031450
3.749660
3.490670
3.229890
3.429140
3.670940
4.117910
3.736740
3.404390
3.427470
3.197810
3.623180
3.375090
2.908230
3.611280
3.762940
4.121180
3.977520
4.094480
3.471470
4.679690
4.254040
3.869600
3.469140
4.291490
4.166230
3.831120
3.320500
3.307570
3.786370
4.060230
3.781100
4.432360
3.372830
3.077730
3.794680
4.050250
3.680800
3.751950
3.703240
4.174820
3.790670
4.502550
3.841500
3.668090
3.858070
3.931400
4.008400
3.882840
4.125430
4.959970
5.060270
4.214500
4.529800
3.979820
3.972220
4.163410
4.228490
4.392820
4.051230
4.541540
4.169790
4.351630
3.784550
4.267610
4.031980
4.557580
4.901730
4.159860
4.711370
4.455100
4.725620
3.911100
3.734210
5.050040
4.778390
4.449200
4.885990
5.455390
5.071270
4.698210
5.705060
5.050030
5.234880
6.488150
5.905320
5.439550
5.908560
5.878250
6.870490
6.728250
5.537880
6.271960
5.802140
5.752400
5.561000
6.197700
5.510490
6.251070
5.922140
5.793950
5.711670
5.964450
7.075400
5.959790
6.290220
5.709830
6.736900
5.805270
5.341390
6.271350
6.752270
5.284350
6.031860
5.897120
6.218070
6.042590
6.038370
5.992760
6.229590
5.568690
5.670590
5.831440
5.445350
6.993380
7.043930
5.985700
6.163630
6.411040
6.052090
5.806380
6.193100
6.832320
6.198370
7.250760
7.141070
5.916990
7.328070
6.970770
7.308440
7.377370
7.401650
6.662420
6.460240
6.641900
6.651630
6.669550
6.940740
7.077680
7.159420
6.933420
7.311000
6.687560
6.825110
7.368740
7.968830
8.322990
7.915430
6.910170
7.172230
7.955680
7.546450
8.068220
7.164370
8.151470
7.785350
8.470560
8.155900
8.268970
7.784330
8.794300
8.019430
8.646230
8.696540
8.622580
8.806750
8.725490
9.293660
8.884990
9.404970
8.719590
8.255830
8.651820
8.633470
7.256500
7.780120
7.210740
8.227520
7.381990
7.984760
8.376800
7.824750
8.061980
7.608300
7.984340
7.408950
8.185040
7.833140
7.741510
7.949220
8.194960
8.651910
7.952320
8.510720
7.424260
8.439440
8.437320
8.228570
8.505110
8.214720
7.987460
8.855480
8.455790
8.046010
8.432260
10.404800
10.358900
10.477900
8.295450
9.549970
9.171040
9.621750
10.563700
8.914610
9.553790
9.922840
10.097500
9.850620
9.841110
8.907520
9.709840
9.869050
10.128000
10.346800
10.904000
10.933900
9.428220
10.036300
10.645700
9.140650
9.748450
9.330780
10.310100
9.821850
9.950580
10.731500
9.700140
10.255400
10.429600
10.582800
9.798380
9.890330
10.515400
9.946260
9.357600
9.799320
9.186830
10.251500
10.322400
8.616420
10.354400
9.758300
9.881750
10.938900
9.949110
10.292800
10.860400
10.238300
11.687100
10.767100
10.465300
10.776200
9.384940
9.303630
10.825700
9.689400
9.601950
10.319400
10.468100
10.865000
10.077800
10.730600
11.367900
12.668400
10.270600
10.297800
11.290000
10.355200
11.057000
10.917700
11.694600
11.871400
12.024300
11.935200
11.572800
12.419600
10.613400
10.536200
11.773700
12.004500
11.215600
11.095600
11.154700
11.282800
11.783800
10.565400
10.983300
11.952200
10.508600
12.040200
10.626400
12.217300
13.130200
13.238000
14.675000
12.162900
12.809800
12.073900
11.805900
13.065700
11.580800
11.412600
12.887600
11.521700
11.932800
12.684700
11.785300
11.352500
11.372800
11.340700
11.956400
11.422200
11.472600
10.945600
12.420900
12.078200
12.690300
12.275900
11.952700
13.531700
12.451700
12.547600
11.791400
10.899500
11.911900
10.353800
11.622000
11.016200
11.238200
12.096300
13.326300
13.679400
13.398600
14.276700
13.045600
12.189600
11.498200
12.266300
10.367200
13.059400
11.973600
14.194900
12.111200
13.087000
14.366000
13.082400
15.797100
12.812400
13.791200
12.693800
10.764500
11.678200
11.317700
12.450600
13.020100
11.865100
11.850900
11.540800
12.775300
13.225500
14.702000
14.534400
13.644300
13.688400
13.925700
15.300900
13.406900
11.850500
12.397400
18.567000
17.187700
16.951700
15.645900
13.573200
13.595000
10.513600
11.379500
12.766900
12.663500
8.985950
10.982200
15.913200
13.523100
16.178900
14.780700
9.866670
8.189910
6.931180
8.589550
10.145700
11.111000
18.502500
14.958300
17.468700
13.631200
14.212100
15.781800
18.963200
