3.254270
5.277510
3.508770
2.930550
3.608460
4.380260
5.911570
5.832380
6.292060
7.548620
7.647780
8.085580
6.965080
7.338100
8.071250
7.291800
7.217330
5.780560
6.246320
5.950840
7.158420
7.353880
7.494260
6.556840
6.141020
6.770630
6.559670
7.255950
8.045750
6.886080
6.923970
5.292080
6.220140
7.013750
5.679110
5.539200
5.708300
5.630920
6.192250
6.605960
6.153630
6.266350
6.269520
6.354030
5.160770
5.483930
6.674290
6.306730
6.243950
5.889990
5.236940
5.645760
5.518730
5.237840
6.546710
5.496170
6.131920
4.879010
6.007240
6.274170
5.668710
5.565290
5.742910
6.124120
5.951780
5.942920
5.634190
5.749210
6.150270
6.161400
5.460130
6.062330
5.817190
5.347800
5.241660
6.055980
5.438100
6.358280
4.441840
5.031380
6.003890
6.940560
5.622790
5.878220
6.841990
6.430300
6.364510
4.097800
4.723590
3.144590
3.909930
3.880070
4.120170
3.867930
5.025830
3.993680
4.500840
5.798160
5.221110
4.476300
5.398450
6.754200
2.482330
2.848650
3.287050
4.055820
6.376730
3.985970
4.065370
2.564430
4.163180
5.060930
4.612700
3.943820
4.487710
4.455040
5.086670
6.327450
4.397880
4.743390
2.757070
3.449000
3.203080
3.311830
4.272640
3.822590
4.055550
3.122390
3.444060
3.790060
4.258860
2.886550
3.235270
4.125700
4.018110
4.973330
4.453960
3.933640
3.634490
4.137650
5.052930
7.190600
7.544730
7.450730
5.291980
4.619340
5.068950
4.408280
4.490120
5.584620
5.441040
4.520200
4.481290
4.051470
3.399050
3.508250
3.705990
4.378190
3.941380
3.793230
5.412350
7.030410
4.685820
3.957610
2.818600
2.740290
3.440990
3.158540
2.979950
3.168260
3.664390
2.595350
2.926920
3.458220
3.398380
3.634030
2.887960
3.425460
3.423180
3.618850
3.848430
3.213690
4.400920
3.757100
3.354780
3.427590
4.518850
4.235380
5.061160
3.811970
3.079850
3.709410
4.077740
4.432110
3.755870
4.406950
3.801030
3.175850
2.747680
2.951260
3.837750
3.151510
3.024470
3.378810
3.537460
3.592070
3.247070
5.874920
4.389760
5.191260
6.632970
4.761350
5.173400
4.176340
5.869110
3.487670
3.327260
5.088190
4.488220
3.658010
4.396790
4.418760
4.601900
6.434960
5.566110
5.393210
5.676490
4.258460
4.734220
4.295340
3.796960
3.489940
2.959530
3.651290
3.489500
4.080700
3.203630
3.812940
4.433850
3.522630
3.626480
3.549310
3.377610
3.648770
3.928890
4.200760
3.670120
3.580060
3.645140
3.812290
3.670350
4.195000
4.252420
3.610770
4.126050
4.220510
3.740850
3.753610
4.072820
3.707070
4.008520
3.783020
3.875310
3.447500
3.825680
3.662690
3.756180
3.844490
3.956600
3.696500
3.525070
3.477220
3.744030
3.735850
3.637710
3.716690
3.086020
3.426120
3.458170
3.562200
3.816290
3.261570
3.661430
3.134780
3.283840
3.403650
3.263150
3.746030
3.086400
3.341560
3.515010
3.729150
3.262490
3.630920
3.928150
3.680310
3.898860
3.039450
2.634230
3.257440
2.276400
3.164490
2.239760
2.074000
2.929930
3.938740
3.496470
2.739950
3.768230
3.736050
2.849420
2.673300
3.190300
