22.443800
16.944600
20.058200
16.663400
18.916600
18.168000
17.412400
20.330100
15.551400
15.914100
14.886300
13.667200
13.419300
12.117100
12.514000
13.805700
15.716500
16.175900
14.400100
15.376600
15.153900
14.187600
14.254900
13.708900
16.422300
14.345500
14.967500
13.509000
16.376100
14.419500
16.544900
15.783000
15.721300
14.605700
14.585700
13.851700
13.215100
15.845400
16.014200
14.708800
15.565300
13.863600
15.241100
12.909700
13.703100
14.566000
13.135600
13.547800
14.722300
14.696500
14.709600
14.316900
13.240700
13.111900
13.826700
15.053400
13.981800
14.155400
13.874500
13.519400
14.123700
12.441100
14.852900
12.624400
14.827300
11.873800
12.935200
13.487600
13.775900
13.808700
12.870200
11.881800
15.362100
12.389000
13.134600
11.623100
13.647100
12.990100
13.090200
12.562800
12.526700
14.497500
12.034800
13.332800
11.216600
12.306900
12.509700
11.354400
13.071600
11.788400
12.066300
13.352300
9.494060
13.101000
13.654200
9.677760
12.167300
11.570000
13.796800
10.935900
10.727600
11.043500
12.335500
11.708000
9.252020
11.070300
11.084600
11.360300
11.244900
10.742900
10.315300
10.309000
10.708800
10.146700
11.357000
8.981930
10.228900
12.228300
9.661170
8.789120
10.513700
11.448300
9.645980
8.826900
11.427500
10.367000
10.482700
9.756040
9.332670
9.522420
9.660590
8.995320
9.219450
9.305460
8.788770
8.360660
8.823090
8.921360
8.671270
8.354840
9.217500
8.624370
9.311250
7.647900
8.452710
9.111630
8.010020
7.757840
6.862220
6.993750
6.517050
6.560210
5.885260
