11.201400
8.214590
7.590380
9.776320
8.944270
11.062900
7.489180
9.273940
11.186400
7.834620
7.981460
8.105630
10.335900
9.955090
9.329170
9.566240
8.046880
6.224730
8.056090
6.448270
8.399470
9.458340
6.850200
9.217900
6.222460
7.072130
8.089900
12.463100
8.800960
6.665270
7.042700
10.184100
8.158370
6.721890
9.157560
6.745930
7.355910
6.641010
6.438080
7.161440
7.771680
7.007950
6.356170
6.170120
7.335680
7.999780
8.736430
10.114600
7.753040
10.826800
8.776200
8.761690
12.188200
12.228700
10.917300
9.393070
10.471400
10.901400
10.476000
9.488450
10.293000
8.357270
10.679600
7.846630
8.543140
8.716660
9.869400
8.937610
10.399500
8.718390
11.460100
10.676100
8.847910
8.506170
9.238880
10.101700
8.813190
10.815000
9.001040
9.477680
9.483380
8.365030
7.447500
8.232750
8.183790
7.135580
7.590610
8.036530
9.022490
9.385720
8.433220
9.478930
7.658600
6.452360
8.978190
9.073810
7.215930
7.032620
8.002520
9.271030
7.244170
7.231550
9.241450
9.376270
6.777570
8.333230
6.171170
6.589300
8.095900
7.378550
8.296340
6.962490
7.934470
8.522240
7.140230
7.401600
7.387100
6.868930
7.181450
6.083280
8.689190
7.447750
6.454320
7.878870
7.143460
9.210280
6.051180
8.814720
8.008760
9.647650
8.105750
8.750130
7.953100
7.081660
6.162620
10.132100
6.708480
6.061420
5.371860
6.709740
7.180730
7.649480
6.426480
8.786950
7.349610
6.821290
5.306190
6.417000
8.301330
7.540020
7.095040
7.292510
7.073910
5.685270
6.275280
5.767440
5.540400
6.762430
4.556920
6.094360
4.244930
7.114550
5.333600
5.974490
6.933650
5.030350
6.098680
5.559710
4.849480
6.704180
5.868790
6.414030
6.220610
7.518570
5.738300
6.938040
5.028770
5.077020
6.092410
7.144760
7.646920
7.418110
5.463280
6.765440
6.930300
4.728400
4.798160
4.366080
3.508970
3.867330
4.658260
4.560710
2.708960
3.409130
2.936620
2.758300
3.128880
3.800140
3.036410
2.944870
2.322080
2.272630
2.370570
2.748660
2.357250
2.751590
2.667130
2.898990
3.012700
3.089390
2.535590
2.714600
2.621500
2.955070
2.647200
2.547320
2.042480
2.619230
2.567430
3.821940
3.092470
3.206650
3.208830
3.077210
2.890710
3.413670
2.372680
2.339740
2.417380
2.377720
2.309650
2.374230
1.952420
2.248040
2.248410
2.148230
2.381950
1.656430
1.851780
1.625930
1.934770
2.001920
2.017500
2.686670
2.398420
2.205770
1.893210
1.357490
1.956900
2.066210
1.865880
2.043310
1.901840
1.557970
1.912780
1.664390
1.429940
1.354890
1.739770
2.084620
1.779460
1.431000
1.524890
1.614040
1.185270
1.798380
1.442860
1.014040
1.473560
1.641200
1.449260
1.242620
1.239760
1.172890
1.520190
1.774760
1.508610
1.143640
1.356760
1.487680
1.388700
1.443400
1.830610
1.996060
1.278180
1.407790
1.283150
1.118830
1.160070
1.080300
1.033820
0.933967
1.119010
1.239130
1.204910
1.249930
1.613490
1.631640
1.138840
1.279640
1.093830
1.021940
1.265090
1.232560
1.090550
1.331030
1.504070
1.029100
0.787853
1.003570
1.448220
1.254730
1.435530
1.133990
1.016720
1.120870
1.334630
1.195520
1.285480
1.313710
1.313000
1.470830
1.314400
1.273000
1.344160
1.334730
1.421680
1.159030
1.099990
0.964389
1.060030
0.957715
1.050880
0.976719
1.148360
1.006830
1.206430
1.245720
1.221800
0.979099
0.912931
1.082600
0.992284
0.863939
0.826198
1.164760
1.221160
0.749426
0.821510
0.865428
0.900818
0.987686
0.934380
0.933797
1.011950
1.126330
0.959275
0.832661
1.004260
0.722793
0.600488
