6.69587
8.60327
11.3632
22.7074
20.5654
15.4159
23.1247
21.9612
23.854
23.9144
23.8732
21.7009
25.2252
24.2791
22.8094
23.1232
17.5417
20.7569
25.2172
28.2176
21.896
16.619
20.5123
26.4811
16.9481
10.383
14.2105
15.3832
9.18497
8.00125
12.1271
26.8059
24.4369
25.5165
24.7771
24.0725
25.8509
16.0306
21.0005
25.4597
22.1287
23.0698
20.1395
21.9754
25.5414
20.1921
25.4844
22.9655
21.1091
20.5226
16.688
15.6226
16.8133
17.1648
18.3777
15.8506
14.8637
13.5324
13.3927
13.0574
17.7174
16.5937
15.7536
15.2218
11.6002
12.1879
14.2643
14.9337
13.7423
15.4764
15.9091
19.032
16.522
16.2553
16.7016
12.5364
12.6299
16.5141
19.1733
17.4413
17.884
18.0464
15.4406
21.2976
13.7733
16.5413
13.1435
11.6103
7.45346
5.91416
7.11405
8.65757
12.1179
12.68
11.5641
9.62732
10.6569
11.1793
15.0821
12.6399
13.9012
11.2841
9.19437
10.8292
9.6663
14.0707
12.6023
10.2025
10.2228
14.2862
10.4682
14.3104
13.9163
10.6355
13.6681
8.76466
7.42886
