16.2351
13.3489
12.2819
8.19265
3.885
4.10595
4.95177
4.33943
4.289
4.27531
4.79463
4.45884
4.93107
4.25181
3.8532
5.34922
4.38634
5.50051
5.69182
5.18813
3.46468
2.66357
3.0748
3.61422
2.44446
2.50512
2.442
2.78233
2.43648
2.31528
2.81458
5.59982
6.67705
5.91907
7.01445
5.19128
6.62675
4.91693
5.33916
5.04312
6.85821
5.76789
10.8853
5.51853
4.13159
4.58238
6.68418
5.55958
3.91465
5.37957
7.57949
5.3718
8.53354
5.04463
4.73557
5.41354
5.97659
7.09306
6.42703
9.51644
6.55591
5.71216
5.98444
6.27472
7.35007
7.09692
7.11563
7.48122
7.11104
7.06809
6.69278
5.45256
5.96492
7.09941
5.30241
5.91221
6.12594
6.49757
6.26713
5.62656
4.97162
6.10913
4.63244
6.6251
7.51017
8.1789
6.13106
6.38126
9.02423
7.91722
7.90675
6.92058
6.08006
8.48341
6.52914
7.61313
6.52431
8.28051
8.40554
9.92989
9.43203
8.99962
8.06743
8.93568
8.28265
8.83938
7.43481
9.30784
8.60111
7.56179
9.33189
8.78133
8.35261
9.0855
9.9668
9.47017
11.2998
10.4828
9.37511
10.9665
10.537
10.2539
11.7903
11.5186
9.81479
10.4584
10.3219
10.7227
11.2824
12.0328
10.5467
12.8463
11.2725
12.4305
10.8816
12.6548
13.3277
12.1483
12.7543
13.3106
13.6942
11.3439
11.8922
13.5842
12.9561
13.519
15.1028
13.0172
13.3662
11.4721
12.4876
12.311
11.5274
12.1315
12.2969
11.4269
15.0198
15.5554
11.1449
10.2536
12.3823
14.0608
13.8413
16.4089
14.4845
14.6556
13.3904
15.3158
15.8312
13.1048
11.945
9.23979
9.78199
10.277
9.81944
9.60105
9.26366
10.2249
8.98777
8.84276
9.5454
9.17068
7.30258
10.2778
14.0562
8.65252
10.2374
11.2019
15.0793
10.6506
10.0638
13.1463
16.4335
14.9052
15.5355
17.0079
