0.0905631
0.0971885
0.084516
0.0863028
0.0948232
0.0610646
0.0719861
0.0667312
0.0597613
0.0740548
0.0805678
0.0714486
0.0685355
0.0733695
0.079346
0.0787854
0.0756098
0.0900511
0.106869
0.0850234
0.127655
0.145976
0.215172
0.160447
0.156162
0.230494
0.273869
0.243786
0.319772
0.327691
0.257929
0.223202
0.206752
0.368061
0.455129
0.47401
0.37258
0.428357
0.353628
0.343781
0.389143
0.297687
0.484075
0.605054
0.372088
0.291095
0.285195
0.437607
0.513871
0.381835
0.459677
0.438179
0.534586
0.661034
0.512323
0.495481
0.508161
0.495935
0.433547
0.411316
0.272706
0.381938
0.366897
0.449901
0.370181
0.431186
0.591914
0.554464
0.748565
0.77094
0.595894
0.679309
0.789032
0.580677
0.524304
0.548734
0.517503
0.568703
0.700362
0.896512
0.684919
0.675298
0.557638
0.620524
0.565445
0.589994
0.727201
0.596523
0.526816
0.622804
0.614676
0.679672
0.630452
0.677538
0.625757
0.696376
0.65232
0.614379
0.70103
0.680649
0.672615
0.763694
0.721403
0.768921
0.675652
0.831598
0.650673
0.671831
0.835808
0.62677
0.59963
0.641542
0.786312
0.759984
1.01231
0.981623
1.0352
1.00808
