0.979474
0.957959
1.10485
1.05964
1.14862
0.805603
1.15594
1.2937
1.34406
1.081
1.63047
1.64012
0.954107
1.37244
1.88076
1.57794
2.26235
2.52741
2.42925
3.28225
2.11806
2.97713
1.71059
2.56905
2.91345
2.01174
3.10681
3.3915
2.51094
1.64738
2.58361
2.61106
2.79035
3.29776
2.82
3.28922
3.25692
3.20422
3.12358
2.1595
3.53667
3.48026
4.4771
3.62171
4.79374
3.7413
3.53433
3.35858
3.69428
4.21767
3.87817
4.14803
4.36165
4.16101
3.64893
3.74313
4.10949
4.61569
3.61452
4.56196
3.89382
4.40232
4.64554
4.95494
4.72801
4.30697
4.33578
4.05751
4.95389
5.5406
4.69338
4.34415
4.42142
4.57676
4.70513
4.23367
5.19826
4.21742
4.40513
5.15211
4.65181
5.35394
4.9928
4.39473
4.11981
4.36017
4.78468
4.62774
4.67974
5.88841
4.9401
4.7095
4.62156
5.70568
5.28129
5.91643
6.09572
6.20292
5.69176
5.71897
5.16971
4.81472
5.86014
6.16876
5.9638
5.3754
5.62905
5.74853
5.33609
6.24898
5.97377
6.08431
5.90194
4.89281
6.40727
5.82869
6.26341
5.59627
6.04168
6.46074
6.4076
5.70791
5.88765
4.80252
5.60879
6.78808
5.14711
4.46691
6.14397
3.84269
