0.199149
0.192316
0.193882
0.193161
0.181797
0.17727
0.191787
0.191455
0.293164
0.255965
0.707357
1.72325
1.85151
1.65041
1.83508
2.06023
1.95962
2.04026
1.3688
1.4897
1.49143
1.8101
1.24661
1.33717
0.764709
0.626623
0.556832
1.43267
1.32788
1.27607
0.976426
0.792058
0.759177
0.733688
0.725363
0.723701
0.761446
0.733883
0.891418
0.999171
0.760213
0.988593
0.890985
0.83726
0.966718
0.821938
1.07308
0.840763
0.881845
1.09486
0.807084
1.24021
1.02048
1.04505
1.05092
0.906058
0.799698
1.03921
0.951374
0.791318
0.760693
0.636355
0.889369
0.494444
0.895433
0.493602
0.504219
0.754652
0.942554
0.711732
0.884433
0.628331
0.93894
0.611928
0.607421
0.723734
0.71926
0.760591
0.519767
0.703344
0.497862
0.637341
0.700722
0.635196
0.814335
0.889496
0.842928
0.638697
0.548365
0.682243
0.637715
0.578033
0.605833
0.6577
0.714358
0.5305
0.655784
0.578616
0.530685
0.60177
0.547471
0.65887
0.763672
0.638357
0.605386
0.577872
0.524527
0.537014
0.53543
0.536835
0.507831
0.520472
0.499654
0.541126
0.443616
0.481545
0.43498
0.448661
0.460365
0.486672
0.409038
0.476197
0.39045
0.364511
0.475248
0.443655
0.438899
0.461883
0.406635
0.421795
0.442842
0.374716
0.423061
0.469084
0.462989
0.44584
0.465666
0.426942
0.521628
0.36304
0.378364
0.424218
0.451062
0.385348
0.390899
0.409424
0.402737
0.432199
0.342754
0.423475
0.381324
0.425234
0.376752
0.387666
0.381688
0.389625
0.388543
0.388103
0.430142
0.298398
0.374916
0.333351
0.307037
0.330333
0.35599
0.316719
0.292066
0.350564
0.318914
0.350229
0.35916
0.37337
0.347854
0.405367
0.387479
0.396527
0.367348
0.404809
0.420362
0.400267
0.350021
0.313854
0.381314
0.350014
0.383926
0.318801
0.337748
0.325773
0.288047
0.332381
0.31171
0.305942
0.307029
0.348375
0.307411
0.310217
0.352499
0.323404
0.293378
0.289013
0.326246
0.322222
0.300493
0.312761
0.267868
0.322293
0.293951
0.284448
0.306673
0.271389
0.308557
0.305148
0.304243
0.31405
0.266995
0.293197
0.282783
0.284778
0.289962
0.308896
0.300596
0.286445
0.30109
0.296962
0.276351
0.318839
0.273583
0.302768
0.299303
0.241643
0.282186
0.266605
0.260504
0.306911
0.24432
0.239254
0.21303
0.275844
0.242656
0.24638
0.274147
0.291938
0.250141
0.260171
0.239146
0.227108
0.226843
0.244176
0.220081
0.244614
0.165807
0.239986
0.271455
0.248724
0.238659
0.221165
0.24955
0.220612
0.241933
0.253699
0.263962
0.243084
0.233819
0.2241
0.236112
0.232654
0.246796
0.260955
0.23065
0.257829
0.247004
0.240365
0.268465
0.252447
0.221903
0.232108
0.212575
0.222931
0.217031
0.240335
0.216351
0.24333
0.221629
0.196024
0.19156
0.202569
0.229864
0.245143
0.27258
0.224809
0.207245
0.182254
0.220893
0.221942
0.188911
0.190775
0.192596
0.194713
0.210187
0.194027
0.205359
0.204723
0.269516
0.185015
0.198111
0.198782
0.211663
0.189758
0.233415
0.230814
0.203499
0.18895
0.19183
0.217526
0.212198
0.193074
0.179514
0.190777
0.209891
0.161227
0.161645
0.16283
0.181029
0.17848
0.224307
0.236001
0.206662
0.212579
0.185592
0.189526
0.188565
0.187447
0.200174
0.208173
0.183916
0.179362
0.23316
0.204178
0.199135
0.189169
0.184499
0.224084
0.173524
0.231346
0.175107
0.158111
0.208905
0.209801
0.17696
0.175492
0.163335
0.166934
0.192987
0.202717
0.135579
0.174303
0.159762
0.159494
0.155505
0.188825
0.179422
0.204811
0.173932
0.168617
0.140565
0.178689
0.170742
0.166904
0.145497
0.149528
0.132378
0.208949
0.141283
0.13461
0.12838
0.143805
0.119747
0.137295
0.16385
0.128715
0.146102
0.163722
0.171299
0.152281
0.16292
0.14206
0.151533
0.149707
0.132967
0.146102
0.165754
0.262878
0.195305
0.183896
0.241003
0.207649
0.17915
0.178042
0.164177
0.146882
0.17124
0.152955
0.143213
0.170823
0.177529
0.16901
0.133642
0.138296
0.178205
0.132496
0.136651
0.136322
0.119064
0.11769
0.121369
0.132391
0.109801
0.123714
0.117721
0.111694
0.131749
0.124222
0.135581
0.135907
0.145585
0.168831
0.116427
0.160105
0.2404
0.174232
0.150954
0.124716
0.152473
0.169612
0.125932
0.141101
0.157908
0.128332
0.12925
0.125207
0.12377
0.111006
0.148051
0.133223
0.144729
0.144687
0.161161
0.130248
0.167047
0.212932
0.173259
0.155117
0.182849
0.154792
0.166317
0.15511
0.168691
0.156388
0.137066
0.146774
0.136941
0.186504
0.17147
0.144454
0.162809
0.132995
0.143118
0.160596
0.148564
0.178793
0.155578
0.164542
0.155883
0.160281
0.145179
0.159323
0.170722
0.163574
0.162306
0.155652
0.197887
0.252737
0.242553
0.250759
0.240982
0.241935
0.271992
0.263005
0.272936
0.244582
0.294483
0.245637
0.223273
0.238307
0.232349
0.244068
