6.058560
8.103790
12.809200
13.604400
11.704100
10.490300
10.847200
11.530200
11.325000
13.142600
9.882530
10.303400
9.202660
9.210750
9.695500
9.352320
9.064940
11.269600
10.659100
10.379200
9.187880
9.602290
9.759180
9.234530
10.530900
10.134400
9.348980
7.802770
9.751260
8.471850
7.638530
9.049100
8.403830
9.084130
9.362890
8.130600
9.167720
7.617760
8.276900
9.672080
9.817640
9.217310
10.663500
10.100800
9.526830
12.585800
11.877000
11.470400
10.010400
8.830060
8.712260
10.030700
9.473460
9.505690
10.000100
10.482100
9.225470
8.380330
8.214500
9.946060
8.737100
9.998160
9.084230
9.093460
9.221590
9.184780
8.705180
9.103890
9.060020
8.709600
9.145230
7.734960
8.674730
6.970370
9.625110
8.101380
9.474850
9.235610
8.574100
9.137240
7.883040
7.974140
6.084660
8.082560
8.258040
8.048730
9.018080
8.563260
6.972480
8.442980
9.099530
6.998740
9.097360
7.757820
8.145550
7.492170
8.854540
7.867170
8.563920
8.817800
8.585160
7.211970
7.503790
6.499090
7.532520
7.616880
7.781860
6.462570
6.649760
6.435620
5.665300
6.001290
6.745600
6.617620
5.923990
3.747100
4.895220
5.821330
5.484900
4.551490
4.924600
4.799480
5.055890
4.316180
5.819730
5.452210
4.582270
4.842230
4.691410
4.236540
4.277640
4.243000
4.981550
5.327160
5.019440
4.895380
4.435570
4.059730
4.141990
