4.415390
4.323640
4.865690
4.948780
4.533610
4.878090
5.950800
5.905740
7.142840
7.536120
9.276050
7.989720
7.902620
9.834610
7.590290
9.325140
9.993600
10.748900
11.309900
10.079800
11.261200
10.229500
12.789700
12.428600
12.266400
11.917100
13.997500
12.406200
15.302500
11.780200
12.195400
12.686200
12.666800
14.085700
11.277500
14.927500
15.077000
15.236300
15.411500
14.193700
17.487700
14.151500
16.531100
20.139700
17.596800
16.351300
18.627800
21.590800
22.550100
17.407300
22.048900
20.064100
27.338200
28.579700
29.922200
30.063100
30.702600
31.197100
31.704500
33.811800
39.182800
38.065400
31.280300
33.057500
31.275200
29.867700
28.858200
26.520000
25.604000
29.707100
32.038400
34.699000
33.615700
31.884100
33.899200
29.523500
28.399800
25.232900
31.258700
29.702300
30.310500
31.255900
30.916700
33.775300
33.288700
32.549200
38.352100
36.246800
34.120100
34.410600
35.613900
33.421600
33.584700
33.805900
33.698800
35.648900
34.688700
32.440600
30.800800
30.234800
31.669400
35.330900
35.438500
30.331800
35.623700
32.002800
33.515700
28.787700
33.987000
31.082700
33.468900
30.700800
31.025700
30.542700
29.336700
35.456200
33.620800
30.989600
33.323400
29.076300
32.219700
30.062500
30.203200
29.188400
29.286500
33.483100
28.830700
43.308000
30.413400
27.990700
29.249900
33.006400
34.047100
33.137000
34.310500
31.401400
33.245900
35.772900
35.131600
31.509000
27.941600
32.265600
23.736000
23.586500
33.862600
28.813100
30.807800
28.808100
24.675700
31.332300
27.298700
28.864900
23.532800
22.119200
21.851600
20.973200
22.342000
22.031000
24.685000
20.468500
20.902700
19.892900
21.801300
17.445800
20.126900
22.110900
22.866300
23.372300
25.250800
20.611800
10.418900
14.348100
13.780800
18.038900
17.386700
14.585700
14.275900
15.644300
28.447300
30.200200
31.630100
25.919800
24.201400
26.871300
24.451400
29.701200
31.893500
28.285400
27.848700
29.160800
29.507500
33.751400
35.204100
32.381800
32.458700
31.718300
26.958000
