2.67869
3.07313
2.90524
6.9359
11.8642
10.5241
9.52096
9.92276
12.1804
9.96225
10.5291
7.62316
10.8301
10.5641
9.64196
7.41888
8.46238
7.93841
8.01735
11.0498
7.82123
7.555
8.88508
11.5787
8.99635
8.43371
8.91997
8.4008
8.81949
12.1573
9.19493
7.03164
13.5783
14.1959
10.2441
10.4475
11.7689
9.49341
11.4777
13.311
8.01471
9.21049
11.003
9.99618
9.2223
7.32908
11.8437
10.5322
10.9862
11.3106
10.5213
11.6481
10.3601
8.7264
8.80865
9.75562
10.5047
9.17906
9.1431
9.96231
9.26652
9.95083
9.45544
9.6182
9.00074
9.27754
10.6112
8.71366
11.5644
8.29339
9.65015
8.54259
8.73053
8.36338
9.83046
7.60047
9.45673
8.94306
7.20187
7.67078
9.71409
7.36527
8.11126
7.67076
7.4291
6.44054
8.93322
6.75727
6.34271
6.7916
5.70474
5.54616
5.78934
7.18416
7.18585
6.83866
6.75501
7.25411
6.00334
5.71237
6.9235
6.91017
7.03458
7.63963
6.66552
6.93636
6.6158
5.70758
5.55759
5.82691
5.44638
6.80562
5.51399
5.85513
5.72532
5.65483
5.47218
5.14861
4.45856
4.19352
4.47939
4.84521
4.28611
5.93575
5.67869
4.51495
5.4526
4.74655
5.50246
5.4641
5.05807
4.45546
3.98571
4.07442
3.78334
4.56282
4.34224
2.76075
4.18021
3.62197
3.26871
3.74119
3.85829
3.62587
3.68734
3.74678
3.27686
3.18376
2.48743
2.65589
2.16523
2.35327
2.27365
2.39452
2.06488
1.94097
1.95391
