0.241302
0.235658
0.310433
0.330976
0.379492
0.409852
0.490956
0.471909
0.496471
0.595335
0.586781
0.573666
0.640248
0.782152
0.628391
0.654642
0.65569
0.651805
0.633899
0.803571
0.763846
0.78314
0.729253
0.83845
0.717578
0.864613
0.912343
1.03948
1.0426
1.0899
1.05527
1.10343
1.25436
1.11298
1.29592
1.1776
1.37073
1.7627
1.41934
1.44424
1.32629
1.49687
1.60508
1.51793
1.70752
1.85872
2.16818
2.03186
2.00893
2.84238
2.62507
2.27148
2.19912
2.09521
2.91867
2.71821
2.11246
2.29992
2.39499
3.05993
3.29116
2.32037
2.71056
2.38419
1.77024
2.50395
3.15408
2.75932
3.59459
2.9906
3.37701
2.91524
2.36562
3.58378
2.66841
3.15362
2.87521
3.73139
3.15351
3.26268
3.33061
3.897
2.89602
3.36876
2.74627
4.04708
3.9342
3.70476
4.07143
4.55426
3.84357
4.42489
3.50799
3.77923
4.36197
3.80371
3.44734
4.82398
4.72506
3.92594
3.6143
4.59192
4.76472
4.88151
4.6174
4.19453
4.51607
4.24906
5.94336
4.5683
4.46024
5.46682
4.32679
4.34299
3.87918
4.80855
5.13604
5.43292
5.21393
4.5316
5.17636
4.72246
4.64384
4.98449
4.40456
5.15869
5.27956
5.06877
4.12634
6.17423
4.38226
4.80453
5.44233
4.55348
5.68864
5.57251
5.1544
5.65453
4.29725
5.28641
6.38949
5.882
4.62842
5.27958
5.33763
5.81405
5.37408
5.59909
4.90208
5.81699
5.67129
6.96763
6.02053
5.8243
5.48047
6.51865
5.3938
6.05631
6.41033
6.07246
5.60042
6.13602
5.6496
6.74472
5.44869
6.42131
6.09419
6.6279
5.26853
6.2045
5.49117
5.53957
6.34131
6.77944
6.43749
6.15166
5.94097
6.51933
6.95149
6.27509
6.50507
6.20282
6.10796
6.46179
6.09728
5.69288
7.00794
6.29239
6.34832
7.24473
6.54675
5.66952
5.66571
6.21532
6.15345
6.93751
6.24301
6.77364
6.19976
6.11201
7.06966
6.61117
7.19235
6.24455
6.21969
7.11351
6.56265
6.64543
6.68984
