12.3456
12.7955
12.8562
11.4315
12.5747
12.755
12.8283
13.5083
14.4264
16.0964
14.1371
13.373
15.8627
14.7869
13.3918
14.0997
14.8558
14.3842
15.1801
15.8858
17.8182
14.481
13.7945
15.9844
16.233
14.9916
13.6223
15.3097
15.1481
14.4914
14.765
13.5336
14.5578
14.8525
15.4997
14.0359
14.0099
13.293
15.0425
12.6619
13.3763
12.896
13.0142
13.8728
15.3233
13.19
13.3995
13.7984
15.1757
16.2864
13.8288
14.5158
14.3951
15.7764
12.1779
14.6494
14.6256
11.8856
14.5907
14.7489
14.5025
14.3936
13.7761
14.5515
12.676
14.5812
13.2316
13.1962
14.1841
12.6827
10.4199
10.1389
13.1858
13.9182
12.4329
13.9459
13.4076
14.7124
14.5553
12.633
12.5696
12.6141
12.7061
12.4786
12.5049
11.6949
10.4655
11.8217
11.928
10.8333
11.9395
12.425
12.0146
11.5036
11.0783
11.9028
12.4785
9.13332
10.5156
9.35553
10.5828
8.51697
11.1424
9.21473
10.1881
7.91758
8.34946
8.2973
8.43599
7.46543
8.31076
8.1269
7.96617
9.54189
8.35793
7.60409
8.06504
7.96848
6.7948
5.44675
5.62014
8.1268
6.64809
6.01074
7.25305
5.79696
5.96944
6.36258
5.76454
5.37241
5.77979
4.18344
4.635
4.85972
4.73245
4.86244
4.52756
4.93722
4.28688
3.85184
4.38831
4.074
3.51562
3.61253
