0.201758
0.268504
0.266012
0.271271
0.208237
0.302981
0.331815
0.341064
0.495762
0.419636
0.43157
0.396878
0.371154
0.447501
0.464347
0.470647
0.513467
0.494378
0.507604
0.466158
0.498465
0.472849
0.492175
0.483226
0.534675
0.496873
0.526643
0.49757
0.507814
0.532634
0.603363
0.591173
0.615525
0.558357
0.541795
0.588481
0.533365
0.580802
0.642623
0.702487
0.616492
0.597224
0.650744
0.569398
0.689389
0.573274
0.603024
0.626123
0.696839
0.588318
0.66079
0.770049
0.623844
0.685102
0.708198
0.677157
0.713038
0.721594
0.66596
0.586662
0.683286
0.791966
0.644121
0.73002
0.732722
0.721766
0.841984
0.807604
0.821402
0.765357
0.999127
0.638885
0.879951
0.814508
0.822645
0.912672
0.972991
0.927656
0.921732
0.890157
0.968705
0.862899
0.865883
0.940526
1.0092
1.0269
0.85383
0.935481
0.97894
0.9063
0.989412
1.06834
1.13594
1.21381
1.26069
1.1315
1.00406
1.05592
1.09959
1.01013
1.14242
1.36315
1.16038
1.33031
1.28369
1.11937
1.16924
1.29624
1.20408
1.25575
1.14826
1.32485
1.23088
1.41548
1.31689
1.32492
1.49897
1.52104
1.19429
1.51674
1.23146
1.55745
1.37657
1.27941
1.53129
1.5364
1.18428
1.46631
1.54703
1.38059
1.43131
1.56494
1.42508
1.44392
1.41233
1.61374
1.71625
1.51566
1.57212
1.67817
1.57208
1.63281
1.48698
1.56049
1.56764
1.59635
1.63397
1.74967
1.80548
1.6116
1.55935
1.73737
1.66154
1.72978
1.61517
1.73711
1.69015
1.75918
1.7865
1.71457
1.68198
1.6107
1.60128
1.68526
1.71819
1.88309
1.87603
1.77382
1.87038
1.69841
1.73816
1.797
1.89774
1.96661
1.90529
1.82507
1.90966
1.83094
1.87888
1.97222
1.63692
1.61413
1.71279
1.71988
1.8712
1.7543
1.79042
1.75358
1.64318
1.84086
1.6531
1.73633
1.7344
1.66484
1.62388
1.74866
1.71565
1.8204
1.72152
1.81682
1.87263
1.78804
1.81993
1.97291
2.02296
1.94859
1.86468
1.83072
2.04793
1.7478
1.74748
1.45798
1.88402
2.0796
1.97302
2.14348
2.28424
2.04148
1.84315
1.83021
1.73806
2.12468
2.12529
2.17908
1.88677
2.04206
2.09524
2.06634
1.8445
1.44601
1.45035
1.35663
1.60754
1.94394
2.04497
