0.622664
0.550069
0.60135
0.580032
0.757345
0.604451
0.590143
0.727507
0.872838
0.569858
0.844709
0.749327
0.695066
0.66529
0.533125
0.527162
0.495212
0.448306
0.507966
0.620262
0.569089
0.543978
0.654529
0.56195
0.556181
0.6445
0.624845
0.556583
0.548495
0.636234
0.477171
0.538584
0.448094
0.489622
0.488707
0.453625
0.415346
0.406114
0.446854
0.360954
0.477169
0.381986
0.430147
0.439975
0.421231
0.375866
0.394584
0.408871
0.35264
0.357269
0.339958
0.369634
0.372407
0.322734
0.312985
0.307471
0.300106
0.278827
0.313307
0.331715
0.362184
0.310693
0.328145
0.366315
0.353564
0.35926
0.354712
0.319664
0.318924
0.326378
0.317418
0.292873
0.284503
0.269419
0.271396
0.33341
0.281436
0.270884
0.313445
0.306961
0.250088
0.267871
0.305487
0.247242
0.240773
0.23705
0.269409
0.25217
0.229743
0.267738
0.246624
0.220439
0.254846
0.251536
0.276898
0.256544
0.27101
0.315429
0.243665
0.252999
0.265004
0.269662
0.261786
0.247737
0.239821
0.270523
0.254632
0.235444
0.283328
0.235851
0.279176
0.293007
0.273571
0.283181
0.289887
0.237506
0.26066
0.237104
0.224043
0.266287
0.24945
0.249833
0.265182
0.251156
0.258988
0.245421
0.227806
0.278679
0.210469
0.23939
0.27064
0.255449
0.330269
0.370067
0.356479
0.352261
0.291921
0.304373
0.341259
0.381293
0.392072
0.363107
0.310986
0.333558
0.346085
0.353142
0.337781
0.36683
0.367474
0.336135
0.359177
0.351357
0.327413
0.363785
0.312184
0.31415
0.366977
0.312409
0.34544
0.31138
0.356756
0.3864
0.362722
0.268891
0.308668
0.35517
0.315547
0.274321
0.328697
0.331418
0.285499
0.280435
0.307902
0.310984
0.31194
0.3082
0.28525
0.309052
0.282092
0.318068
0.305004
0.357808
0.318917
0.33437
0.2707
0.263338
0.230714
0.253082
0.306078
0.266887
0.259145
0.270541
0.29939
0.290364
0.313978
0.353655
0.30839
0.298061
0.285841
0.260145
0.255231
0.299383
0.285745
0.261155
0.25396
0.275234
0.229949
0.28209
0.252355
0.267711
0.282751
0.270914
0.287058
0.287096
0.272026
0.280533
0.286799
0.268217
0.328888
0.294077
0.309139
0.320236
0.286392
0.259325
0.27485
0.235194
0.237089
0.275411
0.238337
0.264611
0.256844
0.230198
0.222032
0.219255
0.220723
0.219515
0.248034
0.236337
0.20919
0.202765
0.205927
0.261319
0.205954
0.241039
0.221359
0.253541
0.296402
0.247518
0.213167
0.230674
0.205649
0.221883
0.228553
0.225525
0.213118
0.22544
0.242515
0.205177
0.207958
0.205167
0.183004
0.189244
0.176519
0.182382
0.166127
0.189349
0.261164
0.255622
0.267765
0.239774
0.230362
0.202553
0.172663
0.184705
0.230586
0.238618
0.243663
0.224324
0.258875
0.249108
0.192078
0.180474
0.193364
0.203876
0.209321
0.189318
0.252211
0.226758
0.217459
0.243807
0.20269
0.247858
0.210395
0.230723
0.223717
0.20461
0.212823
0.216122
0.178446
0.169158
0.195333
0.191167
0.300151
0.152732
0.191931
0.185583
0.198926
0.222004
0.205293
0.176351
0.176939
0.192276
0.187251
0.212004
0.200275
0.208905
0.181884
0.196465
0.186884
0.1942
0.24722
0.229115
0.267999
0.242669
0.217271
0.203078
0.157181
0.161069
0.177269
0.170893
0.192585
0.22408
0.209854
0.17441
0.181266
0.197273
0.223985
0.274342
0.187419
0.211217
0.215982
0.219349
0.209683
0.182931
0.173327
0.19197
0.20702
0.199182
0.240722
0.202259
0.185717
0.231953
0.203599
0.220195
0.16706
0.178039
0.180117
0.192073
0.151638
0.154742
0.177715
0.193783
0.172785
0.164415
0.173261
0.168831
0.202484
0.204835
0.183548
0.216233
0.205317
0.178869
0.177048
0.165646
0.193241
0.194939
0.175504
0.200008
0.211271
0.154888
0.182375
0.172277
0.30515
0.263537
0.268819
0.265768
0.215938
0.239712
0.210015
0.211021
0.212628
0.242089
0.26117
0.185673
0.274297
0.225735
0.299159
0.272625
0.186358
0.180491
0.198725
0.202005
0.153813
0.121056
0.124314
0.219317
0.14095
0.141816
0.115897
0.142872
0.154939
0.139657
0.129201
0.154063
0.141664
0.13222
0.119911
0.136928
0.138828
0.132417
0.122562
0.147449
0.113685
0.123815
0.136569
0.110565
0.132145
0.109148
0.105423
0.111028
0.107862
0.132391
0.158942
0.153511
0.127206
0.136113
0.140503
0.134782
0.136135
0.146235
0.16635
0.15534
0.139908
0.13716
0.126397
0.12252
0.14009
0.128253
0.152973
0.158881
0.135186
0.134011
0.155689
0.148483
0.148807
0.15783
0.145548
0.152361
0.128506
0.141886
0.12753
0.122263
0.14834
0.143915
0.145922
0.141605
0.119635
0.135822
0.127603
0.138132
0.120505
0.113397
0.127541
0.132001
0.124472
0.112724
0.10605
0.119737
0.1159
0.113189
0.112603
0.123254
0.117063
0.111707
0.127492
0.108371
0.110104
0.111774
0.110893
0.108433
0.123657
0.118479
0.116002
0.112575
0.136068
0.0927437
0.0913137
0.0985875
0.100201
0.0876221
0.105682
0.0898159
0.122916
0.125081
0.126017
0.0979328
0.0972018
0.114981
0.114852
0.114036
0.113495
0.100458
0.10267
0.0918808
0.117426
0.111007
0.112932
0.129928
0.113881
0.121022
0.118764
0.119252
0.11175
0.114765
0.11188
0.126584
0.116709
0.125226
0.103029
0.123678
0.118686
0.114995
0.11889
0.12371
0.110965
0.118043
0.128597
0.119256
0.107714
0.109764
0.116277
0.108032
0.101323
0.113883
0.117645
0.11454
0.106001
0.0983226
0.111959
0.118467
0.11024
0.114103
0.11661
0.116599
0.120401
0.0953191
0.107618
0.0826663
0.089917
0.0994271
0.100055
0.0844696
0.0897855
0.0743556
0.0804782
0.0794642
0.0914663
0.100278
0.089956
0.0773581
0.0991892
0.101318
0.115555
0.119367
0.125969
0.129443
0.104562
0.138831
0.109895
0.122756
0.109473
0.109495
0.116358
0.105965
0.114267
0.113054
0.111847
0.11033
