0.118934
0.119287
0.117121
0.0767879
0.0929853
0.0632835
0.0866746
0.0699813
0.0815302
0.0857739
0.0734067
0.0685246
0.0742868
0.0557853
0.0791304
0.0821797
0.0955152
0.113665
0.109434
0.0784199
0.100576
0.108496
0.0921087
0.0609069
0.118275
0.0970561
0.426258
0.239273
0.289762
0.389234
0.503611
0.315639
0.522127
0.175942
0.235616
0.219954
0.270383
0.219416
0.319616
0.305929
0.265123
0.312637
0.337167
0.394026
0.347885
0.258978
0.32778
0.309575
0.372514
0.375476
0.424117
0.660235
0.78737
0.577828
0.527529
0.54248
0.65975
0.513865
0.59131
0.721812
0.62241
0.627795
0.63437
0.731637
0.603669
0.677386
0.841123
0.84016
0.886876
0.865654
0.925514
0.984785
1.25385
1.04157
1.12315
0.694321
0.718621
1.04391
1.01282
1.14682
1.00021
1.02071
1.07347
1.06696
1.11012
1.71948
1.1521
1.19109
1.47481
1.66222
1.45923
1.54087
1.40592
1.80239
1.54167
1.5669
1.38141
1.67952
1.35601
1.61491
1.5007
1.68777
1.553
1.51422
1.45398
1.53755
1.51507
1.47061
1.67094
1.63783
1.50201
1.44156
1.26222
1.3567
2.03146
1.48054
2.11238
1.89834
1.81746
1.64636
1.4387
1.33672
1.9213
1.88416
1.29627
2.11857
2.14405
1.9034
2.08632
2.60596
1.86668
2.04679
1.8036
1.76498
1.90686
2.37345
2.43984
1.9249
1.7675
1.65887
2.51288
1.30874
1.79494
2.50416
1.88895
1.97399
1.33541
1.58873
1.64938
1.73777
1.46542
1.39349
1.3063
1.32591
1.88468
1.90599
1.82942
2.06355
