0.833926
0.894285
0.880383
0.886561
0.899468
0.838794
0.871336
0.897555
0.875645
0.878046
0.885921
0.85116
3.86551
3.01744
2.28646
2.96998
2.84579
2.21615
1.70905
2.64595
4.3693
3.14719
4.33169
3.31214
3.90096
4.46541
4.71803
4.44581
4.13389
4.1179
4.67184
3.64948
4.3984
4.80117
4.07377
5.60493
4.47383
5.37276
4.8899
5.61338
6.73537
5.67164
6.02209
6.17146
3.7718
5.15195
3.79327
2.23034
2.18135
2.12751
2.91927
3.02097
2.85936
3.58591
3.37088
3.13465
3.31899
2.96331
3.16293
2.54045
2.75503
2.81984
2.88079
2.4152
2.42845
2.46733
2.60707
2.71425
2.90599
2.82446
2.50708
2.90813
2.88961
2.79489
2.75695
2.7327
2.90461
3.1968
2.95197
3.23436
2.87006
3.14195
3.24055
2.82503
3.26315
2.90214
2.69503
3.34961
3.00313
2.8088
2.91796
2.56553
3.26911
2.78579
3.32341
2.70958
3.57732
2.25951
2.70183
1.98248
2.44633
2.60547
2.71548
2.55558
2.71655
3.07648
2.70913
2.43852
2.6531
2.55589
2.29239
2.78566
2.1711
2.31903
2.88182
2.12512
2.41047
2.1186
2.27327
2.51036
2.6474
2.30173
2.43389
2.65163
2.45172
2.21397
2.13756
2.69305
2.2948
2.12926
2.31308
2.19115
2.22875
2.46436
2.14842
2.22844
2.05201
2.15613
2.32777
2.09262
2.32236
2.19549
2.14623
2.38327
2.03806
1.87609
2.07762
2.11962
2.51093
2.37882
2.24908
2.2504
2.36204
2.20209
2.01492
2.14939
2.03576
2.11469
2.55672
2.696
2.56984
3.08469
2.76816
2.69587
2.5353
2.34534
2.53492
2.55325
2.41163
2.45769
2.18489
2.45185
2.56062
2.16358
2.41959
2.64645
2.57711
2.56882
2.00774
2.23348
2.35518
2.40681
2.23959
2.30344
2.20648
2.26496
2.07376
1.88598
1.86354
1.98441
2.12893
1.99397
2.23804
2.01728
2.0343
2.28974
1.93664
2.31573
2.42364
2.43762
2.30588
2.24834
2.34329
2.15845
1.93564
2.3916
2.43128
2.34238
2.30091
2.41986
2.30679
2.36845
2.16297
2.1613
2.17544
1.89674
1.91029
2.10152
1.99039
2.07327
2.2041
1.86564
2.25034
1.92371
2.20564
1.99733
1.99903
2.05089
1.97168
2.1833
2.08634
1.9977
2.08354
1.8782
2.08529
1.95077
1.89234
1.9255
1.96685
1.95688
1.82256
1.82946
1.79507
1.95808
1.86939
1.82541
1.85323
1.93569
1.82652
1.89102
2.07647
2.0107
1.83579
1.92293
1.67017
1.77892
1.83957
1.7755
1.76461
1.82746
1.81076
1.72148
1.68752
1.85266
1.64403
1.64878
1.54463
1.57864
1.62133
1.57474
1.43008
1.54364
1.35561
1.50931
1.58374
1.43914
1.38525
1.48076
1.42733
1.4153
1.66726
1.69248
1.46616
1.67324
1.79424
1.84621
1.75611
1.85051
1.8773
1.62681
1.85666
1.77246
1.69367
1.71236
1.69477
1.59413
1.5896
1.60734
1.72454
1.54725
1.61972
1.52915
1.49149
1.25658
1.20709
1.15295
1.21226
0.861885
0.994024
0.907369
0.792883
0.61678
0.689184
0.520703
0.495794
0.511948
0.509247
0.411443
0.396597
0.433477
0.428122
0.440595
0.467347
0.446524
0.414891
0.521533
0.361623
0.428784
0.386284
0.465046
0.425461
0.424694
0.396707
0.516944
0.427201
0.480819
0.443311
0.419854
0.413152
0.44604
0.459796
0.646852
0.446113
0.561653
0.52929
0.400719
0.458214
0.414895
0.511398
0.54268
0.495128
0.485986
0.435825
0.438978
0.425969
0.383023
0.37652
0.401168
0.392623
0.486042
0.310184
0.323576
0.398748
0.325747
0.341147
0.318386
0.366532
0.382304
0.463799
0.547035
0.429246
0.430631
0.495802
0.380957
0.382365
0.467192
0.536113
0.380011
0.436426
0.367454
0.338498
0.407996
0.342725
0.438743
0.35589
0.419423
0.367487
0.412021
0.389823
0.36298
0.363348
0.353036
0.409955
0.338166
0.326338
0.301837
0.261875
0.302309
0.282737
0.246079
0.249562
0.220072
0.194711
0.265938
0.303582
0.302501
0.338394
0.377252
0.376597
0.409955
0.526014
0.451945
0.412822
0.335493
0.336266
0.316321
0.332184
0.255666
0.244656
0.229649
0.241149
0.273039
0.303536
0.263993
0.283571
0.301378
0.328191
0.414855
0.453594
0.377205
0.338594
0.330608
0.342602
0.245413
0.231346
0.211148
0.241272
0.271635
0.307019
0.335788
0.379961
0.336465
0.338682
0.340191
0.32047
0.350568
0.289381
0.294057
0.273881
0.318654
0.317941
0.291391
0.283795
0.207641
0.260554
0.257355
0.329104
0.347442
0.285616
0.338472
0.367215
0.277464
0.271031
0.310687
0.258648
0.46164
0.415595
0.442424
0.322929
0.548313
0.412579
0.363041
0.211645
0.232781
0.247391
0.293635
0.26231
0.346109
0.345376
0.323105
0.238344
0.237741
0.246918
0.268597
0.235165
0.261741
0.221555
0.190714
0.263516
0.232555
0.198174
0.217007
0.215103
0.199004
0.18622
0.196756
0.199537
0.17681
0.201697
0.212276
0.218205
0.247301
0.189965
0.210387
0.207993
0.222391
0.232758
0.228828
0.228482
0.239985
0.247946
0.246186
0.263009
0.251361
0.251892
0.270607
0.255752
0.267502
0.275815
0.261582
0.266541
0.242884
0.230056
0.24583
0.257934
0.233329
0.236221
0.217142
0.215405
0.212485
0.242796
0.244355
0.201334
0.240458
0.231502
0.221885
