2.21847
2.37074
2.59623
2.42489
2.49447
2.64844
2.59331
2.73975
2.85824
2.89317
2.84713
3.11684
2.94977
2.81402
2.6132
2.58892
2.69067
2.91333
2.97947
2.92083
2.81214
3.35256
3.35528
3.39547
3.2683
3.07595
3.21035
3.49112
3.6679
3.41644
3.07582
2.8067
2.82933
3.50481
3.19203
3.67876
3.46772
3.29153
3.25151
2.83174
3.12825
2.96181
2.92534
3.54802
3.22587
3.41802
3.72757
3.49026
3.0308
3.53605
3.1939
3.36135
2.83134
3.3339
3.65954
3.54026
3.70275
4.09094
3.73964
3.19079
3.04348
3.02062
3.25384
3.19867
3.75353
4.19742
4.37663
3.86893
3.33969
3.64318
4.04021
4.61271
4.06967
3.62981
3.41304
3.78761
4.41295
3.15811
3.18216
3.97331
4.03254
3.2304
4.33333
4.24601
3.99358
4.0827
4.02091
3.80427
3.56747
3.77314
4.40316
4.27262
5.14185
4.9562
4.82565
5.14279
3.94498
4.02779
4.08657
4.06226
4.14309
4.72173
4.72979
3.67982
4.98163
3.75527
3.88753
4.03798
5.00623
5.07572
4.69562
4.86417
4.23726
5.51089
5.70998
5.78512
5.86707
4.84939
5.89161
5.89597
5.65069
5.78643
5.86982
5.36541
4.51399
3.83393
4.61661
4.73193
5.62247
6.05329
4.61821
5.11456
5.54577
5.67375
5.22402
5.53416
4.89432
5.59413
4.94917
4.77171
6.03446
4.74697
5.15824
5.44769
4.67814
4.76438
4.22798
4.68949
5.47965
7.09494
6.46432
6.32831
6.55928
5.18942
5.41611
5.4647
5.4693
5.50876
5.69272
5.30728
6.58256
6.17922
7.32562
5.8882
5.34152
5.63318
5.66483
6.05901
4.91684
6.34588
4.83299
5.64333
6.27978
5.73221
5.88321
5.07151
5.16277
4.74842
4.70777
6.33235
6.56155
5.66816
6.65979
7.32595
5.75688
5.47802
5.4864
4.99959
6.18879
5.92135
4.87011
4.70933
6.10645
4.17483
4.43563
4.49611
5.79706
5.32036
5.98861
4.8611
6.45433
5.5576
4.97626
5.83408
5.98032
6.05807
6.5338
5.89564
5.48266
5.82866
5.5213
6.4422
6.9764
6.43915
5.99806
6.15158
5.60094
6.4287
5.52403
5.96355
7.31397
6.11375
6.86089
7.46978
6.82614
6.34746
5.11564
5.88253
6.12979
5.70564
6.95388
6.30359
6.15847
5.74726
5.74937
6.47515
6.70812
6.43523
5.69537
7.63572
5.90056
5.96836
6.34382
5.71891
6.86915
6.30631
6.78404
7.34826
7.21016
7.95483
5.99711
6.18049
7.76353
5.78932
5.3961
6.7988
7.98941
6.50851
7.65494
6.85615
7.09457
6.10611
6.61805
7.8189
5.57011
9.04862
7.37104
5.68013
5.81654
6.83799
6.42513
7.20163
7.55646
6.78044
7.08624
5.92219
6.50315
6.90092
7.25249
5.87531
6.16277
8.35439
8.27398
7.1979
6.21345
8.6874
8.37054
8.03892
6.41419
6.99626
8.16077
7.89408
6.76923
7.99032
7.03722
7.68593
8.77598
5.4476
7.03642
8.58582
8.74515
7.79562
7.7389
7.53521
7.53313
8.95337
6.94411
7.59712
8.68142
7.64924
8.55565
8.13435
7.73253
8.40461
7.26943
8.84762
8.11693
8.30896
6.7044
8.68498
6.62277
8.41982
7.64578
8.02834
8.31639
8.43253
6.15362
7.51457
8.07906
9.07255
7.45006
8.70323
8.12668
8.62677
8.2327
6.30828
8.00144
8.43235
7.95482
6.50122
8.57759
9.4284
7.45788
7.68375
7.9672
7.56987
8.90284
9.0916
7.87914
8.18773
7.13311
7.84648
8.03714
7.2514
9.35222
5.71901
9.04037
8.85894
7.48423
7.93506
9.13681
9.72941
9.23194
6.65841
9.7467
7.2351
9.131
9.60806
8.15422
7.35265
8.28248
7.27259
8.21815
9.51028
6.71902
7.1151
9.68724
7.10802
6.73871
7.42206
9.58327
7.11749
7.96632
8.06814
10.7965
6.33134
7.02196
8.71288
8.50337
7.26059
7.77508
6.98733
9.1291
7.70276
8.04275
7.83457
7.11176
9.25319
9.05307
7.74601
8.12465
8.64107
7.9041
7.2488
8.99216
8.18223
8.47341
9.81549
8.58836
7.89038
9.32064
9.16238
7.97031
8.90535
7.24377
8.78894
7.65539
7.5819
8.05262
8.67486
7.52177
11.201
9.03429
9.41078
8.18316
9.71203
7.71071
8.8347
8.12268
8.64219
8.33861
8.56547
7.62393
8.86011
7.63016
7.83593
9.5068
8.29976
9.3168
11.5097
9.28589
8.66166
8.75633
9.03794
11.5316
7.94633
8.56213
8.22505
7.4613
6.492
5.65561
7.61209
6.59993
6.61619
7.08812
6.43296
7.87151
7.02313
6.71778
8.07598
10.0229
8.1938
5.08139
6.79589
6.64357
8.17662
7.21073
8.65656
7.71616
