10.8194
11.759
15.7639
16.6267
27.4109
35.6268
44.1785
51.9146
52.4479
52.9901
51.8541
51.8909
53.0733
42.1583
48.3462
40.086
41.6503
41.0474
32.7485
30.5201
34.8343
23.1852
20.1197
16.8662
18.1703
13.4978
14.6669
17.2089
15.0624
11.9988
12.3541
13.6099
18.4747
16.0511
14.4879
15.4657
25.268
31.5532
31.9867
29.0451
29.4964
20.1225
24.6899
28.4954
26.434
28.895
21.1406
22.9765
24.1511
19.3605
18.0134
19.1433
17.7257
16.9099
16.9863
17.6663
17.9694
18.4854
17.1285
16.3207
17.074
18.7845
20.0373
17.179
17.5158
15.8622
19.0585
17.2305
17.7847
18.4542
16.8696
16.9289
13.9732
15.7063
16.779
16.042
14.0622
15.3173
15.254
14.6993
13.8134
14.0715
13.8244
14.9821
14.5702
15.0181
15.2883
13.5497
11.7316
12.179
13.6235
13.0
12.1177
12.4761
12.3619
12.4857
12.2307
11.7186
11.7532
11.1933
11.6528
11.3499
11.8934
10.7274
11.33
11.3195
10.9553
10.6068
10.7236
9.93308
9.61094
10.8152
10.1909
10.1655
9.54557
11.1013
11.7525
10.235
9.10852
8.94515
9.58829
9.15287
10.1965
7.81217
10.0608
10.8159
8.47031
9.38135
8.30453
8.30061
8.94512
8.99719
8.49428
10.0269
8.70293
8.56551
7.92813
6.30333
6.84809
8.02871
7.55385
6.76215
8.67377
8.63912
9.23266
8.51719
8.88021
6.92881
9.10649
7.92134
7.55982
7.3602
7.21638
9.27773
7.61386
9.67089
10.8257
7.67916
8.20147
8.46372
9.67993
7.1409
7.95426
6.15666
8.51403
9.08205
7.99972
7.69922
5.13704
4.77512
6.72968
6.4627
6.94675
6.85436
5.76238
6.23067
8.26311
10.1857
8.21447
6.97931
4.35916
6.34372
5.35244
4.93251
5.66722
7.74973
7.17371
8.12779
6.58148
4.33255
4.90131
5.81442
6.11993
5.78719
4.9568
5.15816
