0.944866
1.08348
1.41528
0.766537
2.06234
2.0688
2.12539
1.47702
1.40604
1.38748
0.90012
0.900982
0.97001
1.35033
1.43421
1.56138
1.80392
1.2842
1.04749
0.886972
1.04006
1.33888
0.744676
1.05038
0.779722
0.634523
1.04784
0.760765
0.976547
0.784757
0.937177
1.1197
0.88711
1.01396
1.37657
1.40226
0.949646
0.979453
0.975185
0.985361
0.78854
1.11248
0.823884
1.09819
1.01051
0.980564
0.879739
0.993802
1.10129
0.927732
1.05465
0.979142
1.01551
1.03902
0.929404
0.913419
0.980235
0.912858
0.790045
0.670483
0.844789
0.883876
0.76547
0.827002
0.76105
0.831333
0.928327
0.799679
0.861813
0.892759
0.914057
0.889723
0.84994
0.884537
0.958881
0.872519
0.709178
0.72935
0.727414
0.931741
1.00092
0.79051
0.869075
0.987862
0.86789
0.698066
0.749176
0.756259
0.749457
0.804105
1.01308
1.08759
1.05585
1.09729
0.691875
0.721254
0.941522
0.86086
0.955792
0.553998
0.567212
0.67841
0.660192
0.652598
0.802154
0.847095
0.770267
0.714886
0.762774
0.811696
0.808505
0.788639
0.902855
0.791703
0.855574
0.784658
0.761393
0.805611
0.807346
0.742055
0.667362
0.695727
0.79138
0.741654
0.7058
0.675853
0.59941
0.652902
0.597175
0.658609
0.644739
0.649722
0.527678
0.528526
0.562119
0.533951
0.590066
0.553067
0.566082
0.773363
0.76904
0.644093
0.704382
0.56596
0.642056
0.691054
0.793016
0.575675
0.944546
0.516345
0.609964
0.947907
0.744856
0.888606
0.681447
0.641256
0.7193
0.602959
0.739994
0.566736
0.780151
0.513983
0.517473
0.61686
0.843773
0.832743
0.621447
0.610975
0.715482
0.637527
0.726428
0.779855
0.70653
0.644946
0.607109
0.779781
0.60611
0.801088
0.521887
0.665956
0.757943
0.617229
0.529549
0.598871
0.527604
0.488528
0.469565
0.60677
0.497512
0.564118
0.430615
0.479187
0.555332
0.566292
0.639875
0.493914
0.362422
0.426101
0.384861
0.55756
0.400399
0.506969
0.351818
0.407038
0.436521
0.406994
0.264153
0.224175
0.230601
0.336987
0.268156
0.348808
0.311478
0.376852
0.266648
0.305691
0.40983
0.308218
0.315267
0.332946
0.294773
0.323165
0.269619
0.224651
0.2073
0.173066
0.214437
0.265263
0.232924
0.235884
0.386988
0.320412
0.288245
0.283489
0.260627
0.336786
0.313924
0.222336
0.343178
0.538518
0.441437
0.291008
0.189304
0.285368
0.245255
0.308838
0.325887
0.333818
0.359715
0.310153
0.322092
0.347326
0.249164
0.295074
0.402439
0.312513
0.454317
0.335136
0.242284
0.253147
0.248427
0.223433
0.224057
0.279964
0.207019
0.260475
0.247215
0.284799
0.269489
0.271749
0.259198
0.25409
0.247277
0.271336
0.284742
0.233466
0.208464
0.194827
0.229772
0.20374
0.169639
0.16921
0.163724
0.184927
0.177047
0.195714
0.194291
0.160388
0.179067
0.210153
0.221954
0.243901
0.251299
0.307922
0.317671
0.34211
0.357019
0.346403
0.33681
0.324757
0.265322
0.245039
0.261818
0.254601
0.214545
0.230266
0.211762
0.225301
0.203325
0.286411
0.223011
0.246972
0.280256
0.275715
0.246921
0.228165
0.197718
0.151902
0.14909
0.157663
0.105448
0.113798
0.13019
0.12768
0.126293
0.155732
0.136713
0.133904
0.154543
0.159732
0.165884
0.193678
0.162588
0.178183
0.289325
0.228166
0.239754
0.173116
0.176843
0.177028
0.186455
0.185336
0.216287
0.249565
0.215323
0.23715
0.222486
0.18994
0.182405
0.184558
0.156691
0.141595
0.15361
0.147512
0.166868
0.187357
0.190207
0.167206
0.197832
0.195638
0.204255
0.16738
0.153926
0.184965
0.220265
0.196507
0.171112
0.207463
0.24459
0.212702
0.177399
0.157641
0.199987
0.165551
0.221686
0.196866
0.156479
0.154406
0.196742
0.163919
0.202176
0.207318
0.195001
0.208696
0.252511
0.198567
0.176257
0.180633
0.189688
0.222511
0.177753
0.186778
0.171268
0.153312
0.142098
0.129258
0.147149
0.179758
0.137686
0.147771
0.13976
0.156087
0.170728
0.173269
0.163339
0.184581
0.17706
0.193291
0.231237
0.237925
0.212864
0.194616
0.15404
0.136588
0.157358
0.16078
0.199911
0.18615
0.151198
0.156094
0.161764
0.175622
0.162255
0.173031
0.153771
0.162112
0.16268
0.196949
0.156981
0.205843
0.234825
0.185881
0.219251
0.217813
0.205301
0.184103
0.196078
0.186308
0.247912
0.254111
0.176551
0.1868
0.177459
0.187372
0.228573
0.20253
0.178327
0.23777
0.21908
0.197295
0.187123
0.217353
0.191592
0.197269
0.231122
0.276785
0.255948
0.191145
0.251048
0.263258
0.248665
0.176414
0.159006
0.15548
0.160379
0.16307
0.175051
0.162065
0.213346
0.130559
0.157413
0.130796
0.192464
0.264853
0.272816
0.179304
0.191559
0.178443
0.146607
0.150225
0.136925
0.151075
0.285841
0.184023
0.229313
0.142507
0.119925
0.153917
0.297505
0.218381
0.136635
0.15266
0.153693
0.173016
0.170621
0.142863
0.176067
0.117103
0.189218
0.244058
0.206568
0.12914
0.173849
0.122563
0.125216
0.14683
0.158028
0.240311
0.376005
0.166672
