1.35011
1.16515
0.972995
1.33607
1.33267
1.37651
1.17121
1.40944
1.34662
1.19972
1.23003
1.79028
1.39971
1.59696
1.68341
3.44834
2.75562
2.50896
2.83428
4.49648
4.31953
3.51674
3.94463
4.58719
3.84349
5.01125
4.47918
3.57945
3.71327
4.45253
4.12116
4.43775
3.42697
4.53887
3.85846
4.44852
4.46428
3.75785
3.81055
3.43424
3.94322
2.92014
3.9141
3.19433
3.56637
3.11369
3.21599
3.17207
2.93391
2.86443
3.22772
3.13142
2.80404
3.16373
2.63311
2.66506
3.40334
3.16872
2.84176
3.10071
2.61508
2.83545
2.72956
2.33848
3.10529
3.08503
3.05069
2.38326
3.08477
2.99662
3.26399
3.0121
2.64256
3.54586
3.25174
3.07843
2.85065
2.81655
3.65988
3.44451
4.06475
3.5661
3.19381
2.93205
2.72095
3.54995
3.41184
2.82467
2.95407
3.17375
3.4544
2.86377
2.71962
2.46333
2.87376
4.15201
4.60121
4.5457
3.85296
4.90773
3.95252
3.85343
3.52896
4.291
3.97875
3.71137
3.55296
3.63283
4.5947
4.01284
3.53018
4.56255
4.35086
4.06479
3.91953
3.70375
3.88994
4.12088
3.81006
3.40864
3.59611
4.01964
3.97845
3.42412
4.34445
4.63419
4.2202
4.07674
4.93966
4.58614
4.40378
4.14797
5.02044
4.12156
4.32052
4.12144
4.38687
4.33418
3.80415
3.05866
3.47046
4.08702
3.88424
3.81413
3.53606
3.72964
3.31909
3.48204
3.82614
4.10957
3.52014
3.38491
4.41484
3.94501
3.77817
2.96072
3.30855
4.07951
3.84857
3.46921
4.01972
3.934
4.10027
4.42331
4.19662
3.53618
3.32764
3.44138
4.08511
3.78833
4.2164
2.98122
3.83025
3.5714
3.91808
3.82118
3.31218
3.44589
3.95004
4.21941
3.20074
3.63992
4.29555
3.46739
3.43274
2.87919
3.57401
2.84154
3.04882
3.13789
4.31245
3.50043
4.06197
4.20035
3.95904
3.66301
4.44559
3.69682
3.08138
3.12041
3.30082
4.42943
3.6904
3.82564
3.93643
4.64376
3.72843
3.51968
3.80119
3.59842
4.09332
4.2203
3.60658
4.38311
3.35849
3.91471
3.68899
3.66608
4.17954
4.13129
4.11696
3.84449
3.53769
4.09119
4.25866
3.78733
3.89208
4.30625
4.57803
4.04963
4.45106
3.84846
3.16043
4.13597
2.98117
4.39396
3.85323
4.10997
4.55064
4.22121
4.10353
4.02885
4.27206
3.57503
3.43288
3.7098
3.79096
4.08552
3.56404
4.40185
2.81303
4.07945
3.95371
2.56047
4.39004
5.14533
4.5429
4.39806
4.21938
3.21365
2.85404
3.5205
3.30645
2.59729
3.00185
4.31655
3.03046
4.22146
4.39551
3.80437
4.29826
4.0308
3.93076
4.11567
3.7776
3.3793
4.10658
3.58339
4.11742
3.54747
3.38824
3.67749
3.60795
3.82912
3.41011
4.38617
3.96728
4.19889
3.83217
4.40777
4.05716
3.31465
3.66478
3.28096
3.36727
3.03615
4.43806
3.77642
3.70703
3.75971
3.53999
4.11907
3.5448
4.20527
3.805
3.91692
4.09656
3.38722
3.91507
3.75182
3.19449
4.01171
4.0619
3.61275
3.89382
4.31546
3.64319
3.88767
4.08626
3.76314
3.84813
4.13887
3.77451
3.5298
4.35646
4.00568
3.92191
3.69211
3.92122
3.01635
3.32209
3.292
3.37285
3.94627
3.13911
3.13777
3.84001
3.54659
3.27242
3.67392
3.65208
4.38827
3.70609
3.60845
3.19105
3.7436
3.638
3.69683
3.66658
4.92797
4.18062
3.85689
3.59142
2.78637
2.72538
3.73254
3.55069
3.37288
4.08727
4.09675
3.95971
3.99784
4.63565
4.71672
4.6163
4.04176
4.1627
3.46928
3.32109
3.16904
2.64955
2.50706
3.19681
2.66411
2.76189
3.35697
2.94159
2.74168
3.39659
3.43472
3.95945
4.57659
3.73728
3.16686
3.39834
3.79268
3.44269
2.81809
3.60375
3.51624
2.59602
2.43694
3.05401
3.092
3.55253
3.86935
2.80781
3.19996
4.56064
3.7018
3.16302
3.07026
3.71816
3.55344
3.67836
3.32105
3.07704
4.99576
3.90565
3.28713
3.85294
3.72982
3.63905
3.51237
4.46659
4.20389
3.30287
3.37906
3.03321
3.64029
3.7222
3.55795
3.23843
2.97961
3.48238
3.75233
2.80116
3.81947
3.26598
3.15401
2.76921
2.85209
3.18572
3.25538
3.67681
3.36943
3.73172
4.22267
4.03682
3.33493
2.47937
3.09141
3.33161
3.01658
3.38528
3.40354
3.57817
3.89378
3.06075
2.82249
3.08149
3.30987
3.41814
3.19316
3.50775
3.09957
3.20256
3.22746
3.49711
3.31651
2.3729
3.15583
2.76013
3.56187
3.03429
3.60342
3.96183
3.871
2.39403
3.65916
3.87822
3.08567
3.84502
3.92529
3.17072
3.10115
2.75387
4.02772
3.51128
3.16735
3.52891
3.54009
4.22425
4.33947
3.99782
3.85202
3.64132
3.8068
4.10038
3.37832
3.05681
3.20152
2.3783
2.38809
2.97991
2.81732
3.16946
2.97819
1.86138
2.26245
3.06912
2.15636
2.12646
3.09816
2.74477
2.42059
2.3657
2.22699
2.34223
2.55293
2.19077
2.37151
2.34194
2.59868
2.23598
2.68103
2.58531
1.94929
1.8602
2.47466
2.91387
2.87796
2.77697
2.61041
2.54847
2.39915
2.72371
2.59797
2.91435
3.21421
3.08326
2.70336
2.78803
3.02769
2.55505
2.60699
3.01204
2.52746
2.51109
2.56876
2.34511
2.16908
1.66851
1.93866
2.01641
2.1321
2.116
2.13146
2.27727
2.28943
2.13859
1.90946
2.32676
1.99994
2.11922
1.79508
1.80093
1.84047
1.70356
2.12575
1.78959
2.03162
2.19355
2.41565
2.34542
2.23863
2.24247
2.0003
1.88672
1.68202
1.72689
1.55059
1.74255
1.74647
1.97508
