0.307609
0.362961
0.411792
0.394815
0.31813
0.287912
0.333384
0.449936
0.4775
0.534815
0.513968
0.35434
0.45594
0.341775
0.408427
0.39005
0.336935
0.417331
0.441685
0.394841
0.363728
0.49015
0.493821
0.465739
0.40031
0.462789
0.443005
0.477264
0.513861
0.419776
0.477135
0.480887
0.426805
0.414816
0.332497
0.320485
0.405332
0.388358
0.413374
0.257605
0.34757
0.448933
0.474746
0.549459
0.44392
0.386041
0.426015
0.494299
0.688358
0.711708
0.537648
0.5831
0.5741
0.536144
0.574089
0.539374
0.623121
0.621326
0.728094
0.524627
0.53104
0.593664
0.453666
0.838118
0.691257
0.951082
0.844944
0.853752
0.84234
0.838012
0.836677
0.793311
0.575521
0.64369
0.625105
0.638535
0.592832
0.664715
0.665551
0.6333
0.582662
0.659714
0.609219
0.602398
0.638137
0.593838
0.616998
0.58581
0.573376
0.588726
0.530521
0.613624
0.607248
0.581422
0.616345
0.598137
0.553645
0.584807
0.605393
0.485637
0.555709
0.583498
0.700361
0.692857
0.760279
0.83411
0.70311
0.625772
0.517777
0.80407
0.762198
0.661856
0.764805
0.694062
0.59452
0.580769
0.471725
0.473496
0.487672
0.509325
0.562756
0.48442
0.449469
0.483171
0.486162
0.519996
0.453922
0.656836
0.550063
0.558016
0.697106
0.603649
0.549854
0.561271
0.511827
0.461342
0.544541
0.65689
0.600806
0.301437
0.383184
0.422628
0.47963
0.418068
0.405102
0.458176
0.403836
0.442636
0.465835
0.456291
0.52547
0.461141
0.473131
0.562484
0.492368
0.47417
0.492516
0.437137
0.436823
0.428327
0.398827
0.41455
0.385639
0.386873
0.393637
0.466522
0.387147
0.401106
0.432732
0.446509
0.458292
0.429023
0.39556
0.355873
0.487802
0.451585
0.388493
0.434085
0.47527
0.452303
0.431531
0.456421
0.443383
0.490257
0.426914
0.439621
0.404322
0.435949
0.375771
0.383266
0.437953
0.444319
0.401157
0.362489
0.694698
0.471989
0.34098
0.344244
0.378536
0.429699
0.424578
0.470961
0.435249
0.401783
0.395581
0.470433
0.392456
0.501721
0.368579
0.463876
0.392674
0.347372
0.31527
0.286619
0.199418
0.237018
0.246461
0.312405
0.274895
0.351575
0.253989
0.480073
0.238503
0.247001
0.264776
0.294999
0.306257
0.197244
0.286373
0.273439
0.180543
0.240175
0.217847
0.218023
0.149932
0.219867
0.244744
0.246012
0.249813
0.355662
0.377956
0.359842
0.233641
0.280265
0.2665
0.273356
0.285709
0.174525
0.189026
0.257108
0.303063
0.324319
0.262973
0.273088
0.238417
0.312521
0.327754
0.37524
0.222033
0.347029
0.35432
0.364532
0.334949
0.319466
0.415274
0.389229
0.471265
0.57202
0.395674
0.258065
0.21069
0.318845
0.475341
0.382712
0.270881
0.321071
0.302761
0.300056
0.326732
0.256973
0.194765
0.401437
0.283318
0.194668
0.152678
0.219765
0.279979
0.382073
0.33955
0.295055
0.269771
0.382933
0.29404
0.323776
0.26734
0.226746
0.285318
0.243391
0.294517
0.374577
0.327467
0.336087
0.317861
0.261206
0.24013
0.271
0.300389
0.283204
0.22558
0.299642
0.283628
0.230296
0.210174
0.263213
0.228336
0.200092
0.246775
0.272187
0.348571
0.224579
0.239286
0.227155
0.293461
0.388682
0.415385
0.258408
0.225023
0.254219
0.327052
0.277553
0.380178
0.394709
0.366151
0.350645
0.316064
0.271701
0.329689
0.279655
0.299123
0.33319
0.308371
0.298662
0.370763
0.28758
0.277628
0.320545
0.31922
0.354981
0.296194
0.30823
0.280055
0.277592
0.308281
0.261667
0.286952
0.247973
0.274924
0.288227
0.309952
0.280601
0.30641
0.292047
0.298538
0.296219
0.278559
0.286959
0.300833
0.272856
0.286629
0.285902
0.232223
0.206844
0.211126
0.197249
0.254248
0.249433
0.247994
0.226988
0.236706
0.205802
0.226252
0.229193
0.195662
0.234015
0.218047
0.237906
0.231515
0.258126
0.252712
0.257235
0.259153
0.266167
0.282178
0.247654
0.236484
0.233564
0.226757
0.259314
0.239891
0.258795
0.252134
0.243848
0.242171
0.268568
0.262504
0.255575
0.284036
0.258163
0.245558
0.244037
0.235081
0.218126
0.250471
0.242482
0.254469
0.261986
0.228248
0.249863
0.25758
0.222126
0.236735
0.267477
0.272089
0.295876
0.252479
0.246298
0.305021
0.288386
0.271557
0.270264
0.279277
0.266541
0.258474
0.269785
0.259442
0.26163
0.24879
0.250526
0.2236
0.303744
0.264442
0.226072
0.214989
0.23716
0.246535
0.288858
0.270654
0.211385
0.228333
0.226946
0.250815
0.230947
0.255676
0.253272
0.266475
0.260077
0.234526
0.261814
0.227647
0.250799
0.241661
0.239852
0.244425
0.211779
0.261398
0.21944
0.217517
0.250555
0.27235
0.259063
0.236894
0.247186
0.250517
0.252947
0.248417
0.235731
0.247821
0.2296
0.223457
0.246338
0.220714
0.242096
0.264868
0.212272
0.215754
0.226578
0.240767
0.202247
0.191599
0.208541
0.223365
0.200363
0.19922
0.234289
0.208874
0.207183
0.206214
0.195552
0.186957
0.238874
0.232117
0.199701
0.215037
0.211376
0.20858
0.197322
0.204952
0.214839
0.205804
0.209236
0.211281
0.196466
0.185765
0.209004
0.186807
0.213912
0.168749
0.215296
0.202218
0.184357
0.199312
0.212888
0.204698
0.198904
0.204697
0.195949
0.213227
0.196631
0.208688
0.208003
0.204991
0.211871
0.206213
0.201903
0.215176
0.198313
0.200529
0.196127
0.231079
0.223377
0.248204
0.231562
0.21737
0.258228
0.257672
0.281978
0.265071
0.250277
0.221473
0.258248
0.251583
0.245116
0.220896
0.249092
0.223445
0.235799
0.252812
0.205623
0.250366
0.240148
0.219595
0.200827
0.201644
0.22868
0.209562
0.208213
0.223969
0.243348
0.23442
0.220107
0.251166
0.206154
0.257694
0.232157
0.247512
0.22918
0.219673
0.210728
0.230339
0.207474
0.204035
0.175508
0.210932
0.193293
0.208612
0.222814
0.190586
0.203442
0.200548
0.198062
0.197448
0.19325
0.200316
0.196945
0.221888
0.195943
0.205599
0.214708
0.200458
0.214018
0.2223
0.186735
0.18446
0.197785
0.214159
0.195739
0.21092
0.1903
0.186347
0.180657
0.190995
0.176874
0.179785
0.178168
0.192565
0.213957
0.197136
0.185331
0.181802
0.194677
0.197847
0.182445
0.188315
0.169029
0.183618
0.193621
0.195683
0.191027
0.18808
0.201645
0.178647
0.171899
0.172158
0.165518
0.181535
0.185577
0.179176
0.166895
0.186076
0.177247
0.184466
0.174058
0.185031
0.182434
0.177788
0.189524
0.188948
0.18477
0.184664
0.188023
0.198463
0.177844
0.186593
0.186882
0.170691
0.187783
0.184347
0.193154
0.186078
0.177727
0.17407
0.185684
0.177595
0.158118
0.180644
0.176104
