0.295315
0.303639
0.284362
0.358088
0.391853
0.639382
0.701642
0.688045
0.727666
0.622071
0.617704
0.622274
0.589679
0.530102
0.570595
0.603671
0.544372
0.570504
0.613433
0.648357
0.628323
0.712329
0.705539
0.559595
0.628982
0.576373
0.67827
0.59182
0.688007
0.72501
0.495424
0.5685
0.495249
0.547058
0.508875
0.474768
0.459419
0.461921
0.425126
0.364778
0.372697
0.284616
0.335688
0.28083
0.324149
0.357627
0.479689
0.474682
0.547542
0.58554
0.612358
0.598341
0.554794
0.636058
0.485082
0.548332
0.569185
0.621157
0.508585
0.466892
0.655359
0.523594
0.60932
0.443913
0.566361
0.586019
0.468226
0.506422
0.370445
0.495266
0.425108
0.522869
0.453377
0.373134
0.387218
0.460182
0.390288
0.375985
0.444434
0.455772
0.387715
0.364465
0.419878
0.455796
0.376832
0.321842
0.404404
0.397073
0.369845
0.391634
0.335222
0.494591
0.458871
0.41222
0.516302
0.498616
0.488712
0.54302
0.535491
0.440555
0.497458
0.503915
0.553668
0.460332
0.55091
0.410185
0.42643
0.481321
0.439305
0.532291
0.442663
0.538593
0.484256
0.517209
0.506424
0.385997
0.443517
0.483567
0.387
0.448129
0.348817
0.489156
0.463943
0.41904
0.426936
0.420231
0.368123
0.450881
0.409567
0.406516
0.424096
0.355492
0.44497
0.313846
0.416529
0.353689
0.464783
0.400516
0.478967
0.392441
0.446697
0.42158
0.421743
0.475706
0.458698
0.403998
0.383382
0.413803
0.462068
0.420712
0.421827
0.418552
0.398676
0.425846
0.457798
0.436655
0.351242
0.458476
0.355763
0.512076
0.390306
0.354856
0.464873
0.359545
0.429522
0.381464
0.414406
0.340895
0.422062
0.390837
0.387618
0.385741
0.336379
0.367944
0.339277
0.323697
0.431387
0.317461
0.347555
0.382059
0.397062
0.376078
0.324713
0.373882
0.360859
0.374681
0.35827
0.305164
0.387353
0.35788
0.331518
0.351236
0.383741
0.36725
0.319837
0.356494
0.389684
0.362468
0.329924
0.354505
0.383695
0.351734
0.307999
0.3699
0.332686
0.320057
0.307858
0.303455
0.323196
0.328162
0.292459
0.335515
0.318733
0.319331
0.326267
0.329021
0.331406
0.377714
0.333398
0.29032
0.346993
0.405074
0.361137
0.282421
0.285235
0.324181
0.226924
0.260144
0.340115
0.295186
0.261656
0.264819
0.31922
0.35065
0.354908
0.338031
0.284036
0.333376
0.335679
0.220433
0.302142
0.340891
0.230785
0.279763
0.26756
0.246903
0.267538
0.228528
0.194192
0.25628
0.287534
0.212342
0.200736
0.231844
0.208535
0.211722
0.224119
0.212785
0.167867
0.126624
0.173054
0.197446
0.177367
0.177184
0.125425
0.145016
0.154214
0.153852
0.159014
0.135231
0.170917
0.180723
0.184253
0.220713
0.114619
0.177923
0.199725
0.159304
0.170269
0.189295
0.161759
0.162117
0.162422
0.159352
0.189724
0.237674
0.195076
0.158172
0.179088
0.165749
0.186562
0.183969
0.161582
0.178023
0.18502
0.172367
0.204028
0.207102
0.152355
0.161124
0.180704
0.170162
0.189216
0.160523
0.126978
0.138106
0.131067
0.143285
0.178393
0.221236
0.24157
0.151417
0.187428
0.17504
0.152424
0.170734
0.15852
0.141444
0.172483
0.168566
0.183281
0.152744
0.167053
0.200076
0.183613
0.199929
0.22475
0.17757
0.212534
0.177733
0.164425
0.186445
0.168944
0.139576
0.150042
0.127634
0.141554
0.200518
0.203578
0.205263
0.183885
0.181135
0.176637
0.174671
0.1756
0.195773
0.200336
0.218278
0.17329
0.166281
0.203724
0.1908
0.188481
0.20247
0.190228
0.218827
0.207837
0.239125
0.194491
0.21129
0.194513
0.195925
0.206998
0.194728
0.164917
