0.131547
0.176394
0.164717
0.194576
0.229771
0.301406
0.29722
0.323314
0.271573
0.261474
0.286273
0.254519
0.232488
0.278925
0.24058
0.250358
0.235857
0.223503
0.218853
0.221951
0.233844
0.302912
0.357546
0.368802
0.346999
0.303136
0.303199
0.289906
0.240331
0.205764
0.205663
0.1766
0.196328
0.208566
0.203901
0.225675
0.24846
0.24818
0.230113
0.250174
0.2443
0.244025
0.235786
0.254025
0.216846
0.258965
0.292956
0.270223
0.274876
0.257831
0.270521
0.281274
0.295879
0.255804
0.283332
0.252007
0.304826
0.297511
0.32906
0.278082
0.310945
0.322506
0.344616
0.305588
0.333316
0.356644
0.356909
0.349887
0.37149
0.355582
0.351158
0.379803
0.38898
0.38534
0.37527
0.411665
0.386231
0.412446
0.353022
0.370824
0.411478
0.355011
0.348704
0.367815
0.44319
0.418472
0.410084
0.428353
0.433419
0.389235
0.376128
0.404417
0.39781
0.400317
0.39373
0.425144
0.411177
0.361515
0.389318
0.395891
0.400102
0.373926
0.368727
0.374074
0.420973
0.348568
0.353283
0.401855
0.342528
0.353519
0.415963
0.364967
0.368573
0.44436
0.382055
0.375581
0.375837
0.374768
0.392776
0.441147
0.399916
0.443753
0.425917
0.405179
0.411471
0.388196
0.412526
0.43275
0.455882
0.563291
0.456921
0.500102
0.509714
0.486806
0.491272
0.457149
0.420248
0.50697
0.504087
0.420733
0.409199
0.414432
0.313997
0.384495
0.335971
0.403492
0.426596
0.433576
0.397199
0.431889
0.403708
0.377309
0.452933
0.456597
0.411286
0.411674
0.445852
0.493947
0.439619
0.444328
0.400912
0.456819
0.439504
0.394413
0.423291
0.391719
0.414843
0.367846
0.418284
0.491888
0.491093
0.37609
0.417229
0.509075
0.473227
0.425585
0.466804
0.487253
0.426928
0.45594
0.452533
0.479088
0.495906
0.535896
0.492544
0.568474
0.501572
0.561125
0.481494
0.41422
0.445461
0.429057
0.458791
0.616174
0.546385
0.502273
0.449927
0.497304
0.415209
0.420344
0.508529
0.606423
0.45393
0.624251
0.518084
0.60893
0.598122
0.789612
0.877678
0.690762
0.669466
0.685643
0.598642
0.685179
0.445783
0.644974
0.575125
0.724089
0.487953
0.571876
0.573438
0.495174
0.575878
0.443483
0.554694
0.488994
0.618679
0.694617
0.545045
0.631431
0.75035
0.532668
0.781211
0.468817
0.679909
0.613165
0.610524
0.629936
0.543664
0.544287
0.521347
0.411953
0.481547
0.517852
0.583947
0.599396
0.643073
0.668004
0.631479
0.553549
0.510997
0.552629
0.530775
0.530096
0.528906
0.62591
0.499685
0.614617
0.474989
0.579589
0.754956
0.665703
0.514535
0.509567
0.549366
0.591247
0.768563
0.667295
0.588911
0.602323
0.648738
0.624551
0.616374
0.685329
0.658519
0.655141
0.667632
0.647065
0.695468
0.649139
0.507897
0.598354
0.562989
0.716472
0.672252
0.686002
0.719718
0.62216
0.639338
0.63628
0.707764
0.701067
0.754615
0.678097
0.675316
0.721173
0.727866
0.633327
0.594427
0.671455
0.790876
0.688846
0.617586
0.722774
0.701602
0.77034
0.752757
0.654107
0.637827
0.679854
0.758849
0.828015
0.845445
0.814597
0.699089
0.878378
0.885785
0.742542
0.817551
0.702256
0.639492
0.689318
0.711812
0.736348
0.712653
0.812448
0.713764
0.728562
0.699306
0.772323
0.731455
0.703739
0.786065
0.782879
0.607605
0.80429
0.706826
0.762105
0.704565
0.788012
0.877835
0.697679
0.724944
0.657436
0.748733
0.764858
0.790313
0.697632
0.615038
0.810922
0.830714
0.750064
0.710807
0.697224
0.764463
0.770478
0.872779
0.706395
0.641804
0.772806
0.746297
0.726142
0.777929
0.748375
0.702746
0.757517
0.716845
0.763982
0.885986
0.727136
0.834652
0.837784
0.906721
0.868637
0.927809
0.976721
0.753223
0.870466
0.931041
0.98848
0.838716
0.901743
0.796924
0.803689
0.951636
0.876697
0.913721
0.913452
0.895645
0.823229
0.937794
0.902146
0.938693
0.786422
0.911169
0.935727
0.824173
0.887909
0.967466
0.950134
0.907996
0.908597
0.981471
0.98564
1.03482
0.824203
0.996993
0.998823
0.95647
1.00965
0.916571
1.03725
1.00012
1.00556
0.945273
0.951882
0.914168
1.06543
1.01094
1.00923
0.957713
1.02327
1.23588
1.05438
1.20558
1.13669
1.09172
1.12691
1.15186
1.10233
1.07108
1.24923
1.12896
1.05703
0.919195
1.26044
1.05419
1.04158
1.16706
1.0832
1.08557
0.963811
1.14859
1.1687
1.1176
1.10735
0.97617
1.05582
0.980658
1.18691
1.05513
1.08947
1.11611
1.20594
1.1821
1.1214
1.04959
1.27477
1.26754
0.992679
1.03281
1.32336
1.26931
1.1504
1.1621
1.03215
1.1477
1.33285
1.32243
1.49086
1.11191
1.36889
1.18403
1.22881
1.28463
1.22681
1.23611
1.41802
1.24689
1.12538
1.23889
1.25235
1.33341
1.39769
1.30637
1.33664
1.45591
1.36637
1.4794
1.30381
1.34676
1.36446
1.398
1.29937
1.50001
1.37937
1.32986
1.42958
1.31391
1.29114
1.2525
1.38592
1.30978
1.44949
1.62961
1.67691
1.37215
1.542
1.3806
1.71496
1.5049
1.55529
1.56097
1.58414
1.94073
1.60025
1.55974
1.51778
1.52682
1.6916
1.33711
1.55517
1.24448
1.60447
1.36555
1.40344
1.21544
1.36417
1.24723
1.41012
1.50533
1.23822
1.61619
1.46484
1.56236
1.55842
1.31192
1.33751
1.4375
1.30423
1.31277
1.55968
1.13659
1.33861
1.44204
1.46552
1.29924
1.4403
1.34331
1.62349
1.56001
1.41365
1.54319
1.56738
1.39089
1.26122
1.42732
1.34726
1.36797
1.23792
1.2994
1.31482
1.33963
1.41579
1.42061
1.31717
1.20862
1.27066
1.39278
1.47542
1.34051
1.39177
1.63898
1.45801
1.51639
1.73088
1.40639
1.45325
1.28071
1.62602
1.44302
1.27848
1.11539
1.36806
1.21058
1.11273
1.06974
1.43683
1.31704
1.38016
2.04359
1.35678
1.66315
1.54684
1.54258
1.71307
1.67659
1.53297
1.67798
1.42878
1.39687
1.30469
1.17661
1.26251
1.31205
1.40659
1.62494
1.62822
1.56408
1.48076
1.7533
1.89678
1.67666
1.92301
1.89834
1.79747
1.3807
1.49618
1.50076
1.13127
1.74804
1.55054
1.8291
2.19282
2.20182
2.17443
2.12051
