8.00531
9.18165
13.1299
10.8684
12.7631
12.2704
9.4336
15.6844
13.0946
11.368
15.1713
10.8658
10.6513
12.7075
10.1603
10.8368
9.39358
10.3369
10.4817
9.20067
9.88048
10.2631
11.0918
10.6175
10.1232
10.4247
12.0066
9.48734
10.1754
10.4692
11.5357
9.3845
11.5454
12.2883
9.41008
12.2461
12.7694
12.8493
11.3993
12.7809
9.9659
14.7176
9.08891
9.81356
9.78578
8.54474
7.34463
9.05433
6.35516
7.72598
10.7358
17.3705
10.4213
11.1934
10.3278
8.60524
8.18308
13.36
13.3266
9.93218
10.6539
9.46172
10.1985
9.38299
8.99293
6.60019
7.97441
8.92329
9.39388
6.31634
6.55655
6.32985
5.07701
7.27742
6.98356
5.20872
5.69592
7.06437
4.90545
6.88663
4.2238
4.05062
4.45948
3.37189
4.07805
2.90737
3.16633
3.97503
4.14333
2.83212
2.78097
