0.0486032
0.0413797
0.0591533
0.0553492
0.0611027
0.0623538
0.0695873
0.126762
0.106003
0.136021
0.103074
0.0941321
0.135605
0.0989632
0.148972
0.151424
0.141686
0.171703
0.149987
0.161436
0.148799
0.174909
0.189496
0.217921
0.194767
0.176952
0.204246
0.216951
0.219294
0.209194
0.259054
0.285599
0.286371
0.306882
0.305066
0.316831
0.361397
0.313298
0.301261
0.36231
0.355468
0.358312
0.376249
0.463745
0.443463
0.481695
0.50126
0.469016
0.479066
0.576219
0.592171
0.600643
0.591662
0.756121
0.545255
0.704032
0.806911
0.635412
0.88097
0.774747
0.841815
0.966041
0.947997
1.06829
0.906235
0.881261
1.08656
1.07853
1.20712
1.22073
1.25762
1.4656
1.25622
1.27078
1.22421
1.10111
1.25486
1.20944
1.38989
1.12651
1.66442
1.21594
1.37822
0.999883
1.14756
1.29359
1.33086
1.23627
1.03373
1.36007
1.11566
0.866772
1.11159
0.976084
1.0602
1.02814
1.03922
1.27216
1.40856
1.24999
1.24282
1.21064
1.3809
1.36533
1.46843
1.3218
1.198
1.20583
1.45423
1.13831
1.52154
1.0663
1.32038
1.27954
1.25882
1.28049
1.10353
1.58208
1.61395
1.27303
1.84039
1.48996
1.41344
1.48484
1.81555
1.40308
1.61967
1.39825
1.54918
1.48895
1.58725
1.75422
1.67279
1.50264
1.84988
1.47827
1.5371
1.61396
1.80376
1.67536
1.75142
1.87413
1.9925
2.10296
1.79589
1.91874
1.70476
1.88867
1.82316
1.84861
1.95909
1.78022
1.82688
1.73294
1.83945
1.69978
1.61574
1.75592
1.86747
1.46371
1.58654
1.72206
1.80152
1.63211
1.85023
1.74964
1.85362
1.61035
1.64137
1.70566
1.9451
1.85778
1.66004
1.8958
2.12147
1.86089
1.97765
2.08135
1.84606
1.79146
2.00048
2.1503
2.12853
2.17277
2.11435
2.03187
2.57639
2.14611
1.88856
2.06764
1.85047
1.73799
1.9988
1.75962
1.39931
1.56828
