9.123470
11.146900
9.648400
10.465900
9.815820
10.123100
8.904590
11.307300
18.580800
25.374000
21.231400
25.524200
29.341100
24.272500
26.174800
22.137800
22.855800
23.921400
24.849900
23.289900
22.015400
21.851000
22.481300
21.959700
22.751600
22.303000
21.630000
20.897200
19.832500
20.191600
20.551700
19.899600
21.346000
19.762300
19.637100
18.998100
21.853300
20.324800
21.751600
19.714000
17.416200
18.967100
18.242700
18.450800
16.176800
17.375200
17.210300
16.522000
17.908300
17.706700
17.596700
17.879000
17.449000
15.888300
17.135100
15.891500
15.910400
15.746600
14.298000
16.109000
14.382400
14.785300
15.914200
16.673200
15.290900
14.307100
16.639900
15.804700
14.163700
15.422900
15.717100
14.307400
13.225900
13.084800
14.558000
13.584800
14.591000
14.292900
14.531000
12.624600
11.503200
13.082800
13.204600
13.495000
15.067500
11.991200
13.172700
12.610900
12.529200
12.256500
11.822700
12.657800
10.855100
10.867600
12.458200
11.370700
10.877600
10.480500
10.915700
9.220090
10.421400
11.286200
8.873670
9.058420
7.761320
8.362390
8.641780
8.089150
7.366250
7.925530
8.137360
7.528610
7.937560
8.165660
7.414070
6.980120
6.494480
6.397130
6.200820
6.709180
7.485980
7.672080
6.161510
10.651300
