0.288324
0.301572
0.407964
0.416616
0.431149
0.467204
0.502605
0.508784
0.508649
0.502098
0.474645
0.447246
0.458126
0.475655
0.518356
0.596304
0.768707
0.634446
0.700288
0.617605
0.671618
0.685226
0.883194
0.818228
0.777294
0.745731
0.797139
0.790593
0.7708
0.703654
0.915141
1.0025
0.954665
1.00275
1.01924
1.00909
1.08008
1.02767
1.171
1.09375
0.948611
1.32998
1.30363
1.20569
1.37812
1.3622
1.53307
1.67183
1.44028
1.60203
1.5613
1.72925
1.60791
1.59316
1.62894
1.68596
1.77835
1.55727
1.53865
1.81328
1.58664
1.7675
1.85339
1.93221
1.82301
1.73628
1.81921
1.88396
2.0181
1.87482
1.87282
1.84744
1.97647
2.07312
2.07153
2.04089
1.97973
2.28987
2.09316
1.87607
2.04923
2.26588
2.20584
2.18943
2.34146
2.5144
2.62605
2.41981
2.48723
2.55904
2.25327
2.44146
2.65576
2.56209
2.53754
2.63273
2.74187
2.60732
2.62326
2.61608
2.75206
2.82358
2.96735
2.67297
2.92643
2.98483
2.87024
2.65118
2.72769
2.9282
2.95111
2.75415
3.46001
2.87141
3.09842
2.97992
3.16589
3.11497
2.96823
3.0186
2.84897
3.04887
2.80187
3.02513
2.24349
2.94783
2.95196
2.82894
3.0774
3.33536
3.2268
3.08674
3.33952
2.85423
2.90338
3.08392
2.9482
3.50656
3.0909
3.1289
3.18072
3.26027
3.47406
3.25358
3.18876
3.36769
3.57324
4.12127
3.88429
3.0668
3.02202
3.71542
3.35088
3.23047
3.01677
3.69777
4.35826
3.82042
3.40308
3.84153
3.73376
3.7571
4.14996
4.16573
4.13323
3.78264
3.63115
4.06436
4.46554
3.8981
3.72049
4.13955
3.88394
3.52347
3.78019
3.98097
3.53172
4.27087
3.57398
3.51394
3.43832
3.92071
5.09779
4.54952
4.69386
4.24939
4.06743
4.3353
4.24266
4.28569
3.53136
4.37137
4.19479
4.52318
4.15864
4.48769
4.13958
4.31833
3.46324
4.40155
5.17988
4.72604
3.68703
4.46371
3.27727
4.98018
3.9455
4.46991
4.97074
3.9685
4.20278
3.89915
4.6136
3.8517
3.14377
3.23677
3.09356
2.81417
2.66327
3.08288
2.6344
2.47181
3.17242
2.20069
2.60571
2.40416
1.6646
1.64894
2.08616
2.07017
2.84717
1.94406
1.7568
2.00477
2.46124
