0.263615
0.273467
0.412915
0.347636
0.393611
0.357161
0.354017
0.36741
0.352839
0.463457
0.451207
0.401003
0.369098
0.434559
0.450089
0.470831
0.482939
0.478597
0.504505
0.567857
0.45303
0.411508
0.47272
0.556913
0.455268
0.500682
0.524277
0.579142
0.497004
0.591675
0.54222
0.535424
0.46832
0.481152
0.514732
0.460995
0.535927
0.519531
0.536358
0.603779
0.644996
0.591062
0.552294
0.467999
0.582987
0.539893
0.5759
0.726973
0.683733
0.772993
0.639953
0.62384
0.816545
0.600316
0.614002
0.789124
0.801152
0.714146
1.03507
0.800566
0.715149
0.890632
0.91771
0.941251
0.917784
1.21053
1.02942
1.06056
0.963107
1.08735
1.20118
1.06647
1.05253
1.33605
1.21419
1.06744
1.1802
1.1067
1.40877
1.49488
1.10096
1.24237
1.08917
1.53204
1.25608
1.6243
1.39631
1.57316
1.8067
1.63136
2.03889
1.98616
1.86096
1.58139
1.40244
1.25119
1.40731
2.5492
1.60346
1.33564
1.18065
1.38736
1.51932
1.58264
1.35001
1.48804
1.48513
1.22879
1.86653
1.73103
1.75945
2.1606
2.1974
1.66139
1.92065
1.86955
2.38383
2.07985
1.69823
1.91912
1.66626
2.51598
1.72974
2.0501
1.78858
2.16318
1.50328
2.19286
1.74348
2.14698
1.71252
1.70611
2.12972
2.71441
2.11268
1.92639
2.27622
1.85208
2.02387
1.90725
2.39972
2.77876
2.29351
2.55164
1.80302
2.02648
1.9725
2.14829
1.80094
2.10641
2.5446
2.28369
2.04499
2.32479
2.25246
2.1752
2.76937
2.69362
2.36801
2.62053
2.49207
2.27527
1.92174
2.24554
2.13654
2.64971
3.39806
2.33689
2.82325
2.53974
2.05324
2.04413
2.22564
2.02108
2.02647
2.3547
1.82523
1.77326
2.20739
2.03624
2.05675
2.28653
2.43901
1.8463
2.55858
3.43335
2.29062
3.30368
3.23681
3.11512
2.86527
3.43412
4.03319
3.71381
4.17429
3.9338
4.03526
3.66445
3.73266
4.5174
3.58705
3.79403
3.81925
4.06772
4.35457
3.75598
4.24697
4.10013
4.03644
4.79964
4.01717
4.42129
4.24032
4.54141
5.0899
4.7733
4.99731
5.01639
4.56131
4.23491
5.04831
5.24195
4.86876
4.40385
5.61531
5.11337
5.07432
5.19937
5.42405
5.98479
5.32359
5.68634
6.45677
5.86209
6.15094
6.01532
5.35287
6.52823
5.70288
6.65188
5.48731
6.1682
5.6361
6.96837
6.26041
7.12827
5.09483
5.62015
5.00829
5.68716
5.04879
5.29173
5.05256
5.836
6.46915
6.05136
5.89476
5.48568
5.04953
5.71745
6.29751
6.77464
6.24214
6.4706
6.69858
6.5964
5.71483
6.58761
6.34255
7.04158
6.54419
6.84986
6.20577
6.23492
5.77655
5.11015
5.2906
6.35839
5.39566
7.1339
6.97912
7.23858
6.50895
6.89666
5.92026
7.1607
6.6401
6.27989
6.30182
6.55221
5.84239
6.35015
6.30234
6.97105
6.10547
8.65354
6.34737
7.32005
8.30138
7.09406
7.10684
6.05216
7.81409
6.70702
7.53622
7.65187
6.57148
6.2087
7.35591
6.9597
6.59805
7.79846
8.42534
8.87516
7.40003
6.7246
8.14264
6.58185
6.95889
8.4152
8.99738
6.39002
7.65363
7.26185
8.757
11.1869
11.0357
11.6098
9.25815
12.0734
10.7801
6.02434
6.45961
5.07455
7.66989
7.50762
6.96901
9.12742
7.37537
