2.34759
2.52795
2.10255
2.06819
2.45522
2.60698
2.5266
2.21636
2.60759
3.04598
2.24566
3.16488
2.45529
2.91342
3.4742
3.22975
3.49609
3.12466
3.82396
3.6766
3.82797
3.27638
3.99745
2.90205
2.44934
3.41267
4.26811
2.61482
3.19869
4.70283
5.02052
5.30577
4.39737
4.39005
3.38515
3.91589
3.95593
4.49707
4.17938
4.31468
4.0605
5.49148
4.29727
5.21104
4.65237
5.76171
5.67869
5.65185
4.54577
4.78948
6.3864
4.73899
4.60632
5.07947
5.49909
6.06427
5.36642
5.35842
5.3055
5.19683
5.3784
5.83614
5.43746
5.33381
5.9089
4.80887
5.56924
5.12276
5.64664
6.16391
6.24931
6.19465
4.89648
5.93279
5.44912
6.66798
5.87867
5.45433
4.98985
5.50721
5.69907
6.96109
6.73537
6.1024
6.74562
5.39128
6.62875
8.11794
7.05269
7.16139
6.96671
7.41481
7.09983
5.30606
7.67146
7.12291
8.73355
6.008
7.55354
6.01679
7.65368
8.71315
7.81648
6.10221
7.27197
7.12333
9.14472
5.12546
7.43097
6.07553
9.18261
8.35315
6.93912
6.10304
5.95453
7.14968
5.8222
5.783
5.85791
5.70459
6.42476
5.03788
5.26077
6.67262
6.46183
8.75558
9.98276
8.83864
16.8104
9.85975
12.4414
