0.356027
0.337963
0.399811
0.307875
0.288677
0.293576
0.293303
0.356844
2.53239
2.44689
0.436035
0.367133
0.315407
0.422383
0.396766
0.389012
0.411328
0.408469
0.39104
0.401192
0.393671
0.414123
0.406372
0.374583
0.37957
0.359801
0.378211
0.387912
0.339204
0.367566
0.375158
0.352074
0.393943
0.36879
0.384111
0.376727
0.383675
0.380417
0.348752
0.398983
0.4242
0.392801
0.447605
0.840111
1.04783
1.59355
1.37977
0.471471
0.349001
0.391173
0.347774
0.314991
0.460348
0.976748
3.42887
2.14942
2.27661
2.30548
1.66314
1.16156
1.70739
1.91301
1.93315
1.54777
2.27934
2.15389
2.10344
2.11126
2.15677
2.10778
2.30649
1.76381
1.5673
1.31134
1.50031
1.22927
1.85588
1.84954
1.60022
1.42005
1.73165
1.66594
1.70631
1.58968
1.42222
1.47476
1.52175
1.4847
1.78974
1.50483
1.22109
1.56649
1.37355
1.28447
1.29206
1.44605
1.36828
1.29845
1.5645
1.73882
1.16946
1.32913
1.17297
1.50877
1.4884
1.36504
1.49506
1.1076
1.27976
1.25433
1.16049
1.18262
1.09513
1.17384
0.953048
1.19247
1.15186
1.0342
1.23324
1.08083
1.07021
1.12388
1.33675
1.3776
1.23214
1.13918
1.11129
1.06373
1.07716
1.14381
1.09486
1.03979
0.89296
1.20046
1.20362
1.0006
0.891613
1.0694
1.02401
1.16604
1.15399
1.15847
1.04446
1.19898
1.08706
1.01754
1.01773
1.00306
0.990376
0.90542
0.913338
0.992863
1.03926
0.903444
0.903556
0.989789
0.968204
0.794326
0.988451
0.805486
0.979848
1.04456
0.975564
0.95466
0.868709
0.770604
0.964908
0.91845
0.996121
0.852943
0.888805
0.889652
0.883547
0.923617
0.937939
0.808608
0.869775
0.822724
0.946925
0.808217
0.880096
0.876435
0.811267
0.747451
0.749525
0.840307
0.714823
0.779432
0.552411
0.74893
0.750078
0.658434
0.690817
0.630835
0.632216
0.522891
0.575953
0.446787
0.338818
0.396176
0.419922
0.467029
0.548238
0.634672
0.573473
0.347156
0.428321
0.337968
0.445818
0.487634
0.525793
0.480294
0.361882
0.814349
0.403855
0.42379
0.394985
0.480745
0.468693
0.47256
0.530309
0.480078
0.443924
0.5281
0.430271
0.410948
0.52135
0.651583
0.523785
0.529261
0.456896
0.635484
0.629083
0.636402
0.59876
0.529461
0.533092
0.548114
0.449575
0.555482
0.487013
0.606803
0.543461
0.611925
0.480685
0.524008
0.569789
0.514898
0.516566
0.501896
0.501246
0.538389
0.497808
0.519462
0.430619
0.506346
0.411052
0.498747
0.495028
0.537669
0.573616
0.492368
0.426408
0.464059
0.52464
0.418587
0.393279
0.411744
0.366404
0.372949
0.484754
0.428454
0.444312
0.487547
0.500284
0.381218
0.48478
0.400554
0.451378
0.354606
0.452566
0.48212
0.515776
0.432578
0.385044
0.472036
0.38835
0.398411
0.368587
0.455682
0.386895
0.385587
0.462889
0.348537
0.484262
0.450608
0.379561
0.416984
0.396626
0.45018
0.299323
0.399899
0.347799
0.380599
0.419536
0.4328
0.382693
0.348371
0.370162
0.350336
0.353339
0.361429
0.422413
0.348354
0.39979
0.408198
0.322181
0.366758
0.296372
0.412877
0.371477
0.352981
0.382181
0.366367
0.358781
0.40303
0.300086
0.319533
0.314043
0.325704
0.41584
0.349029
0.464299
0.279583
0.278348
0.333911
0.273265
0.282896
0.222608
0.260254
0.288713
0.269098
0.32803
0.333625
0.385947
0.390788
0.422247
0.419851
0.375486
0.390354
0.430134
0.38562
0.440768
0.387207
0.349919
0.33008
0.288245
0.353695
0.410053
0.355045
0.339632
0.324717
0.2981
0.289806
0.30959
0.260091
0.33312
0.329905
0.276432
0.31818
0.302782
0.30385
0.310795
0.318127
0.28505
0.261353
0.301991
0.230815
0.291728
0.311281
0.289048
0.275648
0.309168
0.321778
0.353899
0.277008
0.2736
0.296686
0.307495
0.297899
0.280712
0.289431
0.327607
0.239668
0.277894
0.285708
0.26204
0.238672
0.273068
0.270643
0.233043
0.258951
0.239634
0.236944
0.237428
0.199739
0.295379
0.200803
0.198271
0.198573
0.26471
0.250042
0.243554
0.268969
0.292182
0.311416
0.295373
0.227148
0.234401
0.25442
0.278877
0.24385
0.219829
0.206692
0.30733
0.241636
0.225569
0.24406
0.229728
0.198384
0.22586
0.19723
0.228652
0.221268
0.236118
0.254853
0.226031
0.246893
0.260582
0.251155
0.240066
0.220798
0.251426
0.254769
0.278616
0.24309
0.264374
0.31576
0.231322
0.231267
0.207477
0.234802
0.19506
0.210494
0.176859
0.22025
0.20328
0.252138
0.160737
0.174733
0.158144
0.212191
0.188864
0.231047
0.188685
0.196967
0.234729
0.223099
0.210878
0.196924
0.19826
0.179531
0.220793
0.22414
0.199561
0.212785
0.180947
0.152175
0.153799
0.187383
0.175334
0.152949
0.175572
0.174814
0.136973
0.152158
0.177314
0.171888
0.168548
0.159382
0.152199
0.169082
0.228602
0.232635
0.223803
0.243027
0.208776
0.260484
0.292203
0.329744
0.284183
0.195842
0.190152
0.207673
0.222538
0.19917
0.165119
0.153215
0.149764
0.162527
0.129396
0.14298
0.141305
0.203251
0.194748
0.187461
0.184224
0.151079
0.182798
0.145553
0.153278
0.164757
0.167366
0.146857
0.122963
0.142977
0.15907
0.13772
0.112322
0.128245
0.142535
0.133902
0.139713
0.125044
0.140946
0.158605
0.118974
0.143074
0.129188
0.140981
0.139198
0.127338
0.13582
0.159631
0.133537
0.12736
0.115244
0.112956
0.104217
0.126382
0.123251
0.121281
0.109197
0.11623
0.11511
0.110201
0.134168
0.119826
0.108844
0.112648
0.103293
0.132312
0.119397
0.118172
0.133684
0.125296
0.0892823
0.0697962
0.0855615
0.0891782
0.110544
0.121698
0.116173
0.107793
0.121692
0.116999
0.12318
0.110256
0.10846
0.114638
0.0882165
0.0962779
0.100083
0.0985221
0.114462
0.112866
0.0954327
0.109076
0.0765188
0.0844313
0.0823922
0.0901245
0.0903071
0.0967468
0.0941976
0.0875747
0.121145
0.122702
0.11612
0.130386
0.116311
0.150442
0.13245
0.133522
0.126099
0.129757
0.126763
0.117104
0.138306
0.1207
0.13299
0.132475
0.139799
0.141506
0.134884
0.127261
0.101814
0.113094
0.110899
0.10323
0.108692
0.107168
0.114188
0.116171
0.0988874
0.103657
0.114117
0.105486
0.12203
0.136013
0.137598
0.133057
0.118771
0.122913
0.124437
0.109574
0.134065
0.118454
0.170083
0.202833
