3.602390
3.423370
5.301900
7.992160
10.997700
15.120600
17.213000
13.918000
15.978200
13.545400
7.077810
12.294700
12.473900
11.693300
14.111300
12.729200
13.283900
11.306900
7.133070
9.338150
7.728340
8.025030
9.726960
8.373600
7.433010
8.038530
8.638270
9.024780
10.337300
8.716230
8.923450
8.810810
8.857680
10.906900
9.841750
8.185180
9.532790
9.177410
9.976510
8.897320
9.873060
8.817520
7.063620
7.479520
7.855400
7.214120
6.405200
7.912960
7.352690
7.370750
7.604490
7.665270
8.095700
8.170540
9.001400
8.334260
7.791530
6.498210
9.161920
9.383300
10.153800
8.901570
8.049830
8.625790
8.815330
7.346220
8.093060
7.342850
8.439860
8.132130
7.692370
9.222000
7.685630
7.186090
8.511940
8.718040
7.401360
7.796190
7.452560
7.336690
7.773850
6.653360
7.641650
8.018240
6.942570
5.597750
6.292040
6.821580
6.546570
5.683620
4.937930
6.557790
5.394080
5.796880
5.638410
5.636140
5.511150
6.296770
6.344670
4.307460
6.332170
6.485830
6.199160
4.967640
6.015810
6.448530
6.013470
6.706980
6.441350
5.730580
5.496760
4.770600
5.704490
5.786550
5.280250
5.269980
4.315100
5.478440
4.444140
4.032780
3.974720
4.401400
4.967290
3.218060
5.023630
2.912190
