0.482014
0.522281
0.557476
0.68489
0.541876
0.436149
0.451632
0.384686
0.476331
0.537909
0.549421
0.555838
0.58552
0.529019
0.505784
0.511993
0.48431
0.508873
0.479875
0.497146
0.523134
0.501438
0.473624
0.52703
0.482618
0.43819
0.486185
0.454888
0.479669
0.506922
0.547871
0.50131
0.477758
0.485532
0.561269
0.476928
0.505881
0.520058
0.539791
0.542541
0.529437
0.509615
0.461313
0.472004
0.509288
0.454867
0.446218
0.449268
0.502131
0.497176
0.457566
0.490014
0.457643
0.48095
0.50394
0.43427
0.459809
0.443389
0.452937
0.490129
0.476978
0.485044
0.443876
0.488932
0.448406
0.517916
0.500136
0.47801
0.497498
0.476713
0.476324
0.46546
0.498314
0.482905
0.469382
0.487906
0.464695
0.65674
0.50649
0.511216
0.46255
0.452975
0.468453
0.526547
0.524897
0.457033
0.462074
0.493874
0.439228
0.535368
0.548747
0.507808
0.512888
0.566349
0.488107
0.554822
0.454744
0.478652
0.45738
0.445414
0.461445
0.458974
0.483761
0.436301
0.550961
0.55122
0.555673
0.475749
0.532091
0.580042
0.535191
0.540265
0.537694
0.506044
0.550876
0.527544
0.63111
0.599908
0.551764
0.498551
0.640373
0.517159
0.543152
0.492077
0.492539
0.577767
0.510436
0.595331
0.490652
0.479355
0.521582
0.522132
0.539797
0.490972
0.517747
0.520323
0.545979
0.537609
0.492496
0.518978
0.506075
0.482782
0.538357
0.507865
0.485576
0.53189
0.504908
0.494263
0.502603
0.528289
0.474622
0.502805
0.505538
0.530998
0.55773
0.515755
0.532652
0.5511
0.580387
0.521701
0.550724
0.533319
0.485973
0.560434
0.519757
0.560879
0.481548
0.512039
0.475852
0.518823
0.474487
0.475595
0.488284
0.485624
0.482462
0.543189
0.488559
0.551275
0.460345
0.497137
0.450706
0.509068
0.505642
0.513346
0.512729
0.544369
0.565911
0.534429
0.533311
0.515616
0.53465
0.56203
0.517528
0.52156
0.528245
0.560368
0.626221
0.520484
0.498582
0.578876
0.510653
0.587868
0.533585
0.580207
0.572437
0.581415
0.555001
0.597493
0.625486
0.497132
0.528772
0.544595
0.624279
0.553873
0.587425
0.550195
0.546844
0.575182
0.484913
0.518951
0.587594
0.479497
0.715055
0.567169
0.588028
0.608257
0.648316
0.558635
0.560866
0.567555
0.621634
0.572439
0.556123
0.516391
0.489715
0.513738
0.573946
0.5511
0.586484
0.531733
0.579578
0.562354
0.593784
0.533722
0.570684
0.546899
0.649898
0.543052
0.560002
0.622543
0.606707
0.552815
0.649827
0.715874
0.576623
0.61252
0.616933
0.630696
0.635398
0.58797
0.606819
0.622734
0.617507
0.634073
0.785907
0.6147
0.548372
0.714533
0.589261
0.688859
0.589562
0.514392
0.715442
0.623586
0.690517
0.578632
0.686003
0.663693
0.636776
0.745261
0.703252
0.62462
0.676015
0.666899
0.775744
0.746669
0.616426
0.675054
0.812807
0.672481
0.614375
0.710971
0.708596
0.673123
0.628547
0.718232
0.645767
0.745887
0.669413
0.82141
0.709181
0.743578
0.645272
0.58979
0.607181
0.636495
0.603534
0.56248
0.676188
0.56541
0.598846
0.621966
0.682744
0.63916
0.582395
0.589759
0.55556
0.64434
0.606731
0.6873
0.719566
0.681178
0.581266
0.635873
0.666334
0.691496
0.715811
0.853506
0.777484
0.730711
0.726615
0.648041
0.59451
0.746356
0.857827
0.691302
0.709075
0.718452
0.646443
0.713667
0.81267
0.683425
0.636035
0.612464
0.640091
0.648874
0.760542
0.614807
0.623817
0.576249
0.691375
0.599786
0.741257
0.690591
0.79256
0.826719
0.888102
0.778253
0.71946
0.752981
0.846091
0.832431
0.744881
0.752903
0.754673
0.726018
0.846922
0.877625
0.748492
0.672146
0.646789
0.5368
0.731428
0.735408
0.649619
0.69581
0.704762
0.63742
0.662607
0.602527
0.652682
0.69423
0.721187
0.696534
0.641729
0.669963
0.787129
0.71603
0.697257
0.650785
0.695872
0.641638
0.66706
0.782176
0.742447
0.634269
0.753107
0.763048
0.821148
0.751847
0.767131
0.72306
0.768657
0.679925
0.749541
0.827243
0.733908
0.879052
0.72918
0.714624
0.775216
0.723192
0.686189
0.694738
0.814999
0.746292
0.739355
0.82989
0.810518
0.864975
0.829938
0.786927
0.818196
0.672932
0.757568
0.789365
1.03211
0.62304
1.11491
1.11738
0.939379
0.968562
0.917203
0.812114
0.902674
0.830667
1.08413
0.835113
0.798891
0.832303
0.764594
0.850325
0.793387
0.897768
0.906499
0.815839
0.859699
0.926307
0.98923
1.0449
1.27519
1.13798
0.805387
0.81645
0.851604
0.938772
0.927699
0.928366
0.808902
0.846124
0.777726
0.744808
0.701966
0.715376
0.582635
0.709509
1.00105
1.0691
0.875775
0.780768
0.865822
0.860682
0.781641
0.822304
0.883142
0.698195
0.698703
0.749961
0.674062
1.07769
1.1567
1.23197
1.09051
0.957079
0.86278
1.01424
0.976606
0.909841
0.804558
0.909958
0.81283
0.933544
0.838797
0.779784
1.20601
0.902637
0.676576
0.796739
0.704294
0.717671
0.779895
0.898289
0.858613
0.829414
0.883677
0.735649
0.705528
0.812674
0.72135
0.896979
0.786617
0.835816
0.798314
1.31972
0.953372
1.09036
0.831201
1.00824
0.907491
0.937259
0.900892
0.796215
0.813316
0.861743
0.850229
0.85005
0.739338
0.938046
1.03218
0.839228
0.994658
1.11082
0.906816
0.997021
0.949042
0.97047
0.975866
0.903808
0.973406
1.03189
1.29519
1.26228
0.939393
1.03268
0.933747
1.01406
0.87868
1.00888
0.975021
1.10984
0.713937
0.942889
1.03107
0.96112
0.966803
1.08442
0.997014
1.06372
1.05376
1.0335
0.997085
0.923039
1.09362
0.946195
0.931241
0.924761
1.00437
0.871846
0.888681
0.865633
0.909478
0.983123
1.01135
1.17413
0.961424
1.09608
1.00162
0.773362
1.0089
0.83271
0.85931
0.969526
1.03535
0.965132
0.975673
0.929316
1.12773
0.888503
0.976928
0.792341
0.910328
1.05969
1.01196
0.964152
0.94715
1.07771
1.02893
1.0244
0.890114
0.896549
1.05134
1.01516
1.17573
1.09212
0.988881
1.28891
1.10402
1.14974
1.00754
1.01613
1.2078
0.951026
1.06399
0.847531
1.1401
1.17426
0.941978
1.05586
0.933147
0.98401
1.02963
0.91507
0.954266
0.943943
0.926025
0.846558
0.892935
0.880547
0.889897
0.952219
0.915902
0.957451
0.776511
0.915745
0.892385
1.04819
1.01868
0.981164
0.920941
1.0013
0.905046
1.00935
1.01942
1.08735
1.07509
1.00748
1.00207
1.0165
1.07656
0.889053
1.0043
1.06588
0.866256
0.915019
0.907255
0.900506
1.00209
1.02954
1.13541
1.12985
0.984196
1.14073
0.902392
0.903103
1.00042
1.00606
1.08833
1.11701
1.08559
1.13338
1.06084
1.03833
1.00668
1.0257
1.06994
1.05919
1.06883
1.03541
1.1464
1.05373
1.08142
1.00784
0.900039
1.00508
1.05432
0.985333
1.01684
0.977317
1.01061
1.06643
1.05534
0.94561
1.19069
1.14807
1.04259
0.928857
0.985866
1.21415
1.02008
1.12518
1.01222
1.09168
0.946987
1.0006
0.990367
1.1261
0.859711
0.946074
1.01246
1.08538
0.989152
0.952725
0.922613
0.913748
0.933542
1.10666
0.961691
1.02302
0.924793
0.846089
0.872494
0.940048
0.98063
1.15063
1.1073
0.975124
1.06958
1.06298
1.05206
1.0592
1.1746
1.16882
1.10339
0.971818
1.03662
1.06233
1.09426
0.95985
1.09673
0.99858
0.915431
1.05736
0.998498
0.924033
1.11292
0.878078
1.06665
0.992044
0.865145
0.767052
0.915083
0.806804
0.908973
0.807584
0.808968
0.835267
0.850303
0.964678
0.986174
0.908926
0.97028
1.09534
0.832814
1.12716
1.16687
1.10626
1.20561
1.14047
1.17645
1.31401
1.23915
1.16677
1.00757
1.28938
0.947299
1.09293
1.01094
1.00887
1.2161
1.03173
0.976914
1.13222
0.987001
1.07904
0.99795
1.15845
1.12744
1.21276
0.918423
1.12749
1.35373
1.28516
1.2653
1.19508
1.1853
0.979741
1.01788
0.857332
0.9585
0.978537
0.992573
1.10405
1.11368
1.20312
1.14138
1.09705
1.06618
0.979306
1.14835
0.99132
0.901463
0.943563
0.947397
0.983947
1.07532
1.01783
1.04009
1.16991
0.953359
1.12435
1.27341
1.23866
1.24112
1.24775
1.14391
1.27312
1.20417
1.18283
1.15208
1.20154
1.22274
1.28441
1.33553
1.24127
1.04503
1.22054
1.21054
1.07014
1.2575
1.16976
1.02164
1.19443
1.07388
1.12452
1.26371
1.3182
1.24215
1.17777
1.22002
1.10971
1.19512
1.21569
1.2897
1.34751
1.18339
1.19374
1.22577
1.15665
0.987213
1.05668
1.05763
1.0551
1.25942
1.18933
1.2709
1.11775
0.745058
0.845257
0.730111
0.691056
0.740488
0.777975
0.649582
0.737578
0.591036
