1.6544
1.96837
2.11737
2.04923
2.18617
2.25444
2.75722
2.73452
3.24949
3.53088
3.40533
3.52989
3.50342
3.55945
3.94281
2.97889
4.14197
4.23738
3.53246
3.49644
4.23967
4.08896
4.42717
5.10367
5.80136
5.76782
5.97957
4.56031
5.85296
4.81861
5.4934
5.25514
6.9754
5.2628
5.47435
5.47248
6.50833
6.15961
5.67081
6.86915
6.99759
6.77957
6.62927
7.05696
6.66232
6.84343
6.84362
7.2276
8.09851
7.75736
8.60752
7.29851
7.78417
7.69622
9.19779
7.9733
7.80046
8.80275
8.76611
7.32612
9.65578
9.25351
7.42969
9.2682
8.13242
11.3257
10.592
9.27231
9.77739
10.4551
10.0239
9.00845
11.8324
10.3739
10.6515
10.3144
12.031
11.1007
10.6135
12.507
10.4771
11.419
9.91661
13.5099
13.912
11.8361
10.1847
12.5072
13.0832
11.8028
12.5783
12.9893
10.9746
15.0003
11.427
13.092
13.9413
13.334
13.9126
15.6723
13.1105
12.7433
12.3919
14.0994
13.9685
10.8099
13.8377
13.1897
14.0799
15.788
14.3032
14.4313
14.7897
12.9871
14.8253
14.1474
15.2567
15.8884
16.3685
21.8461
17.2193
15.2949
11.1306
7.90623
7.77608
9.74252
10.1036
11.4058
19.1185
18.3448
