4.1304
4.53849
3.46269
4.32998
3.38944
4.02213
3.92915
4.22102
4.8536
4.68673
3.86314
4.96147
4.56299
4.97963
3.55691
5.31938
3.95291
4.55636
4.4065
4.32072
4.75573
4.6505
5.54525
5.77827
4.25798
4.85601
4.82307
4.42732
5.25945
4.31951
4.86846
5.3389
4.53206
4.97222
5.11506
4.36298
5.35527
5.6425
6.52838
5.47158
4.91202
6.34561
6.75498
6.11038
6.20399
7.1098
6.42289
7.13805
6.67581
6.69965
6.47411
6.97604
6.21452
6.50447
6.91743
6.70701
7.53538
7.26308
6.19069
7.5079
7.14497
7.74844
6.11482
7.58748
7.49535
9.66191
8.60226
8.9795
6.46788
6.45083
7.04066
7.40203
7.83212
6.6368
5.66161
7.58683
9.80204
8.31184
9.51427
9.57369
10.2089
7.47434
7.76865
9.56438
9.73241
11.1781
9.78588
9.65679
11.7576
12.7266
13.8844
12.848
11.7931
12.0657
10.843
9.71374
12.2547
13.0459
11.1539
11.4543
12.4708
11.7249
10.795
9.55982
11.0496
13.5773
11.4787
13.9452
11.929
12.4933
10.5898
14.0219
13.5197
13.2813
12.7576
13.9837
12.0323
12.3237
12.3537
13.1576
14.4805
12.6515
13.8221
14.4404
13.648
11.9591
15.6676
12.9511
12.946
13.5899
15.5418
15.1701
15.3894
15.9608
17.6629
14.2277
14.209
16.2098
17.9618
14.8472
16.5916
14.9986
17.7427
16.2632
17.9376
16.7906
16.2855
15.5387
18.685
17.7311
18.27
19.1217
16.2981
17.6812
17.8684
16.606
17.3133
14.0164
18.0439
19.6373
19.8673
19.799
16.3677
17.3179
17.3761
15.7991
19.6321
18.9087
18.4783
18.534
17.6321
18.5304
17.061
20.5015
19.1565
18.8265
20.5063
21.599
19.3782
18.9179
18.4195
19.3485
23.2926
19.2938
20.495
20.8129
18.9323
19.6299
19.2667
17.119
21.8809
19.3772
16.8866
18.2803
18.0142
20.7569
18.1926
17.9714
20.8072
18.1304
20.4641
18.2076
20.4902
19.6185
19.321
17.4478
20.0134
20.9476
20.8657
19.6598
19.4501
19.3391
19.4857
21.1647
21.0773
21.2823
21.8985
19.0222
18.4598
20.1496
19.1125
17.5856
21.8679
19.9386
16.6721
23.1774
23.2876
25.2095
22.0739
19.8883
19.844
25.3831
22.3341
17.3566
16.973
16.6757
15.9217
15.5618
16.7698
20.8753
19.008
16.7959
19.3158
26.3056
23.5444
27.7677
15.6287
19.7782
15.0028
14.191
19.6029
22.4201
24.7715
14.3305
15.783
17.2099
15.6558
17.2593
21.5253
20.7126
17.963
