0.365561
0.398675
0.63487
0.917309
0.478586
0.428731
0.408206
0.473711
0.440493
0.377895
0.351525
0.321598
0.39817
0.373025
0.407971
0.364258
0.559201
0.555882
0.366903
0.383494
0.308979
0.477269
0.44172
0.491394
0.501873
0.46795
0.445997
0.402053
0.42622
0.38948
0.42424
0.42595
0.401622
0.480642
0.411698
0.46446
0.472355
0.452692
0.530711
0.50356
0.512785
0.48532
0.462385
0.453338
0.409803
0.427386
0.492985
0.475269
0.526333
0.511583
0.449129
0.420906
0.46006
0.465952
0.5069
0.483949
0.499142
0.429584
0.482527
0.462581
0.439288
0.479734
0.531375
0.556482
0.63006
0.488803
0.447702
0.532505
0.507405
0.454732
0.507296
0.512585
0.493195
0.576025
0.531116
0.508192
0.483346
0.46742
0.486214
0.483686
0.486134
0.440067
0.476841
0.515562
0.53287
0.515402
0.530477
0.505043
0.526926
0.478207
0.554977
0.491321
0.497283
0.547928
0.525341
0.53622
0.728946
0.590346
0.614346
0.470731
0.524791
0.479354
0.586885
0.562796
0.597901
0.571341
0.448022
0.484828
0.488456
0.510561
0.521684
0.516773
0.556879
0.52584
0.635201
0.534444
0.556973
0.61128
0.632915
0.640873
0.595723
0.577497
0.643075
0.619101
0.66022
0.588485
0.764528
0.68606
0.77999
0.802084
0.752205
0.75833
0.783476
0.795791
0.883212
0.618005
0.667949
0.601347
0.623299
0.652603
0.737957
0.566061
0.552061
0.576907
0.657458
0.73159
0.625794
0.591497
0.6081
0.653317
0.693713
0.631059
0.766461
0.622043
0.629104
0.583467
0.569126
0.611391
0.582898
0.615559
0.647976
0.568757
0.644703
0.81461
0.739796
0.783753
0.668524
0.710043
0.7932
0.672368
0.681
0.593167
0.82804
0.676793
0.702123
0.71372
0.73297
0.760991
0.782577
0.764533
0.815344
0.798104
0.698088
0.789852
0.627819
0.714638
0.734206
0.69453
0.726346
0.655408
0.661395
0.780761
0.693327
0.718965
0.651352
0.694388
0.699128
0.567376
0.659731
0.629106
0.689553
0.652981
0.660678
0.727487
0.688471
0.579318
0.609713
0.692908
0.656385
0.792459
0.80679
0.608391
0.650769
0.73312
0.701263
0.65156
0.774814
0.643288
0.733499
0.779181
0.899754
0.751284
0.683128
0.743566
0.750599
0.799171
0.802145
0.964705
0.825955
0.822313
0.74887
0.755189
0.828075
0.730837
0.759961
0.776284
0.813734
0.851494
0.789513
0.834147
0.94125
0.76475
0.834583
0.906157
0.751402
0.821677
0.772909
0.873898
0.650053
0.913466
0.813547
0.702213
0.750179
0.836595
0.871886
0.923859
0.903354
0.715719
0.672693
0.786582
0.863887
0.842569
0.715437
0.595838
0.889534
0.786298
0.746239
0.866471
0.82837
0.702266
0.742965
0.694445
0.757386
0.706008
0.712835
0.932859
1.19031
0.877004
0.914371
1.00515
0.8703
0.964828
1.04923
1.05442
1.07747
0.923445
0.919969
0.759181
0.888139
0.97177
0.967808
1.0106
0.993436
0.928028
0.949651
0.708897
0.949811
1.05989
0.946999
0.981633
0.865968
0.815335
0.726289
0.798741
0.845392
1.13122
0.872534
1.10146
1.05744
1.15439
1.14336
1.20522
1.01455
1.00109
0.894364
1.02496
0.736583
1.05938
0.909888
1.2606
1.054
1.05187
1.2893
1.20292
1.12382
0.900113
1.01307
0.907944
0.883002
0.963962
0.934919
1.23366
1.31246
1.30028
1.06895
1.29594
1.07495
1.10802
1.16366
1.18167
1.27764
1.07879
1.00708
1.22975
1.14237
1.23452
1.28486
1.078
1.23595
1.30376
1.47826
1.31276
0.975299
0.999963
1.23868
1.23297
1.09319
1.07236
1.09
1.11829
0.920461
0.961661
0.851004
0.844271
1.02359
1.18502
0.90513
1.07791
1.06857
0.841471
1.14356
1.08282
1.21376
1.21418
1.28291
1.20095
1.3519
1.18697
1.38317
1.47873
1.4873
1.36889
1.226
1.39064
1.40037
1.43596
1.7965
1.60113
1.41484
1.37782
1.26531
1.43881
1.48203
1.61245
1.72475
1.64452
1.77925
1.48232
1.54334
1.65202
1.61616
1.85756
1.54827
1.23784
1.25639
1.27244
1.28799
1.43533
1.22044
1.17731
1.30081
1.18356
1.25681
1.13536
1.24561
1.10141
1.00821
1.04489
1.22509
1.23651
1.14528
1.21489
1.32583
1.26527
1.50148
1.19998
1.15447
1.16511
1.34279
1.37275
1.55339
1.25638
1.43758
1.60425
1.25483
1.3311
1.46238
1.18728
1.44626
1.21837
1.34825
1.25124
1.30325
1.43076
1.49172
1.31975
1.36155
1.41623
1.61303
1.57732
1.565
1.34717
1.47255
1.46535
1.57588
1.54223
2.14628
1.41598
1.9769
1.91077
1.64688
1.76517
1.87047
2.20531
2.39315
1.96367
2.04612
2.14671
1.99307
2.14053
2.09836
2.19966
1.7486
1.71894
1.78371
1.59114
1.30529
1.51424
1.45811
1.82257
2.02391
1.44722
1.89806
2.0468
1.8159
2.15445
1.88849
1.90457
1.91647
1.92334
1.94353
2.15926
2.62911
2.35953
2.84379
2.21808
2.68424
2.6719
2.62218
2.89832
3.08028
1.98866
2.72277
1.38289
2.11919
2.17738
2.16999
1.99774
2.09246
2.72231
2.51804
2.37008
1.81516
2.23294
2.34608
2.24874
2.4333
2.18039
2.04634
1.99963
2.98138
1.91461
1.99209
2.12015
2.06829
2.01538
2.06808
2.88172
2.30074
2.25822
2.7938
2.55807
2.4841
2.35468
3.26369
3.22836
2.79279
2.51074
3.39685
2.78392
2.48169
2.25917
2.50759
2.7813
2.3673
2.32346
3.01414
2.58867
2.33641
3.34957
2.14028
2.19703
2.47005
2.54981
2.75388
3.06307
3.35756
3.02841
3.19257
2.5259
2.86107
2.53024
2.64752
2.6494
3.0937
2.70245
3.06777
2.90411
3.28521
2.74452
2.73086
3.04951
2.62025
3.04908
2.59469
2.79139
3.52701
2.4843
2.89282
3.0234
2.21052
2.82119
3.13583
3.35045
3.25712
3.93169
3.31415
2.90229
2.22627
2.74802
0.819508
0.606475
0.636305
0.63897
0.659736
0.708088
0.53045
4.36623
3.31047
3.96027
3.30607
3.63834
3.64975
3.70258
3.00442
3.52119
2.98497
3.01277
3.42796
3.65776
3.60481
2.72724
3.76645
4.45444
3.53176
3.17365
3.85203
4.40622
3.24562
3.76058
3.1998
3.50986
4.11321
5.36773
1.11282
0.788225
0.73597
