6.98782
7.64924
8.42371
10.711
10.5101
11.3847
14.2743
16.7893
20.1829
24.3706
62.5773
52.4842
58.2592
78.9474
70.4541
62.7846
62.0545
43.0781
57.8201
49.1144
62.7812
57.4763
52.157
44.5759
39.8818
52.6118
46.1045
41.2726
37.4256
38.8842
43.9992
36.4815
28.5235
29.5132
27.1057
35.8835
32.1845
27.3768
25.5445
25.4835
20.5385
17.6641
20.0568
21.727
18.0665
20.5917
22.2669
20.86
18.8125
17.3706
19.6993
17.593
20.7346
20.7344
20.8588
25.0411
24.4503
26.3762
27.2154
25.8242
30.8874
26.7242
27.19
27.1022
29.7017
31.0197
31.2356
25.4168
22.7587
27.4094
23.4634
22.6747
27.2822
23.5448
24.8565
24.5931
20.671
22.4393
21.8822
24.2366
23.2755
21.9047
20.9946
23.053
20.7783
23.7933
23.3047
21.7809
22.5674
18.1868
21.7135
19.5749
20.1296
23.4811
19.4253
19.8796
23.2248
19.4245
20.2398
18.1146
20.0063
20.4075
16.1531
15.631
18.6156
16.4554
16.7804
15.8724
17.5585
17.7353
16.509
14.2896
15.0297
16.7364
17.5616
15.8664
15.3966
16.1391
15.3855
15.7665
16.4048
17.3764
14.8732
16.1988
16.1764
16.9089
13.9766
13.8001
15.0265
16.3431
13.6474
14.2587
12.9004
12.5982
12.8073
13.2405
12.0193
14.4789
14.6123
13.4564
12.6135
12.2233
12.4938
14.1835
14.2064
14.3621
13.0681
13.408
13.6555
12.3078
11.9497
12.3036
11.3581
12.0529
12.0666
11.9826
12.0735
11.6735
11.312
12.2532
12.7934
12.0779
11.2472
11.4081
10.1114
9.9161
10.5561
9.3367
10.5127
11.5298
10.54
9.95554
10.7727
11.1661
11.6209
11.0853
10.9797
9.87515
9.4207
10.9792
9.91797
10.5924
10.0235
