0.915695
1.03546
1.00924
1.56086
1.82381
2.42653
2.04141
2.25131
1.79928
1.59214
1.62459
2.1146
2.05516
1.57429
1.52285
1.88977
1.89364
1.44887
1.5321
1.55175
1.65039
1.57188
1.69571
1.40166
1.79015
1.75658
1.63619
1.99416
1.95564
1.81994
2.08231
1.54604
1.62901
1.73909
2.08516
1.59285
2.05272
1.85626
1.6884
1.74523
1.60683
1.86494
1.22268
1.22073
1.74006
1.85011
2.20866
2.0462
2.39314
1.7091
2.06757
1.99535
2.18064
2.23292
1.83748
2.34158
1.82657
2.14976
1.90181
1.97582
1.96984
2.23392
2.0461
2.15808
2.37017
1.85935
1.99621
1.86243
1.72961
1.71374
1.52908
1.9337
1.89269
1.90977
1.97346
2.03505
2.24453
1.41792
1.83686
1.0186
1.66618
1.61298
1.36778
1.5208
1.51185
1.34173
1.65958
2.2638
1.6314
2.13523
1.47371
1.51848
1.35442
1.26218
1.14124
1.16851
1.04155
1.00254
1.05162
1.43475
1.27588
1.06683
0.976756
1.26043
1.377
0.957197
0.714672
0.869823
0.908449
0.62018
0.903911
1.23471
0.956491
0.776539
0.611815
0.761845
0.738797
0.650395
0.655208
0.700119
0.621391
0.631173
0.765748
0.693105
0.666067
0.601913
0.586702
0.543228
0.523411
0.481043
