0.868583
0.950906
0.986386
0.935365
1.03201
1.05117
0.965353
0.858404
1.07021
1.77884
2.89397
2.83514
4.86583
2.88627
3.07813
2.84889
3.91661
3.06242
2.72856
2.79372
2.42724
2.98472
2.2189
3.1823
3.49576
4.16643
2.92247
2.06222
2.53742
2.27346
2.983
2.66578
2.56266
3.28188
3.21834
2.75557
2.63917
2.57635
2.63964
2.65829
2.86015
2.88529
2.81828
2.71668
2.5882
2.72327
2.76404
3.08044
2.99381
3.01464
3.12579
2.66073
2.69926
2.50964
3.30988
2.91846
2.62275
2.89746
2.89854
2.23436
2.51546
3.12819
2.92285
2.8048
2.39557
3.00287
2.77676
2.77053
2.57986
2.34885
2.82585
2.70634
2.42737
2.39558
2.71836
2.55727
2.68171
2.3792
2.75953
2.50807
2.43858
2.39357
2.61753
2.57863
2.34746
2.91899
2.82257
2.54071
2.25019
2.55566
2.55728
2.34806
2.69782
2.58595
2.65386
2.94298
2.54215
2.62085
2.46858
2.75026
2.65188
2.41472
2.37111
2.48898
2.91028
2.51365
2.58896
2.2518
2.20512
2.22502
2.17376
2.19752
2.13537
2.34784
2.66538
2.56253
2.57884
2.52968
2.2984
2.68895
2.06083
2.1424
2.1339
1.93484
2.18386
1.9068
1.73978
1.72291
1.32047
1.37315
1.68068
1.58316
1.4785
1.50143
1.268
1.1648
1.33209
1.44108
1.32056
1.16743
0.8416
0.690541
0.64573
