0.393242
0.387357
0.407164
0.396824
0.401133
0.418915
0.444217
0.45937
0.48901
0.521484
0.572275
0.521582
0.578448
0.575111
0.587171
0.615252
0.641611
0.632339
0.673963
0.663538
0.625136
0.642229
0.625387
0.644144
0.59765
0.688962
0.739728
0.716589
0.692988
0.769289
0.765551
0.7074
0.751296
0.786586
0.805462
0.770421
0.73906
0.759263
0.826717
0.748389
0.757139
0.824969
0.798382
0.81611
0.781466
0.807164
0.749178
0.75138
0.840161
0.901241
0.93995
0.848419
0.81877
0.871527
0.89088
0.832762
0.786707
0.82692
0.788739
0.842973
0.753105
0.898541
0.845877
0.840191
0.892899
0.819676
0.833347
0.936331
0.812936
0.917039
0.922438
0.803966
0.960035
0.965291
0.931331
0.936086
0.982738
0.975337
0.823009
0.888423
0.881221
0.8944
0.93025
0.976723
0.971246
0.909608
0.985661
0.990571
0.949138
0.916443
0.767746
0.887281
0.956394
0.820572
1.05232
1.04693
0.904946
0.916617
0.867641
0.989772
0.810065
0.878641
1.00843
0.939867
1.0005
1.11958
0.938182
0.959254
1.05965
1.11706
0.935479
0.982377
0.894731
1.06159
1.15902
0.963725
0.801108
1.07445
1.03255
0.80996
0.926884
0.918169
0.838496
0.885441
1.06491
1.19312
1.02681
1.06811
0.99094
0.875874
0.971104
1.01488
1.10291
0.875777
1.0773
0.981505
0.967713
0.926713
0.964802
1.25518
1.00805
1.07939
0.96171
1.05668
1.18561
0.869678
1.08695
0.994613
0.951395
1.04424
1.00524
1.02262
1.07255
1.0208
0.868674
1.04802
1.12771
0.993728
1.13932
1.06177
1.11245
0.924401
1.17552
0.997587
0.947313
0.936841
1.13734
1.05527
0.955836
0.997074
1.09857
1.08153
0.977974
0.945798
1.10321
1.07561
1.1703
1.17709
0.984387
1.12749
1.10401
1.1186
1.13351
1.13491
1.06051
1.08801
1.11082
1.18306
0.978208
1.20035
1.14825
1.12372
1.12869
1.21356
1.20184
1.288
1.16711
1.19704
1.23125
1.27635
1.42352
1.39716
1.15728
1.36532
1.3305
1.41671
1.45108
1.42176
1.39841
1.20667
1.47613
1.35147
1.51334
1.54182
1.55289
1.50691
1.54613
1.55315
1.43151
1.55052
1.51981
1.24068
1.49442
1.68002
1.46279
1.60084
1.54989
1.58157
1.73442
1.85408
1.4951
1.71977
1.66305
1.54733
1.79488
1.64453
1.61745
1.65815
1.85842
1.81053
1.84045
1.49922
1.81162
1.89222
2.18335
2.03593
1.69767
1.55505
1.75593
1.79557
2.00829
1.90413
1.73653
1.81418
1.98155
1.859
1.70298
1.89825
1.80319
1.82632
2.35938
2.00051
1.92619
2.05865
1.87662
1.93792
2.05686
1.87068
1.89771
2.13266
2.49816
2.01659
2.26377
1.84284
2.14088
2.36788
2.18361
2.1833
2.33072
2.57651
2.01369
2.31926
2.01982
2.5797
2.31645
2.23741
2.05215
2.16283
2.06604
2.26496
2.08173
2.51442
2.63144
2.29748
2.38163
2.12634
2.36579
2.51855
2.33229
2.32305
2.06363
2.59652
1.9259
2.23887
2.48698
2.82804
2.8975
2.78352
2.53221
2.84041
2.54567
2.51097
2.42218
2.45535
3.23693
2.56905
2.29816
2.647
2.73762
2.96974
2.8384
2.67001
2.60402
2.55492
2.40116
2.30171
2.6289
2.80577
2.85666
2.99632
3.02153
2.85096
2.88972
2.68605
2.77383
2.77204
2.98789
2.73214
1.71217
2.9464
2.51427
2.61868
2.53205
2.65731
2.9228
2.6523
2.86013
2.57478
2.57027
3.02043
2.48618
2.89656
2.7244
3.07746
2.80411
3.11771
2.94555
2.8654
3.22468
2.81936
3.18149
2.74542
2.89408
2.67596
2.99317
2.92387
3.04297
2.91427
2.48046
3.13678
2.60893
2.9587
2.79506
2.80183
2.95911
2.96549
3.00326
3.10335
2.87634
2.83497
3.25409
2.84759
2.71615
2.79012
2.73105
2.77553
3.25685
2.83462
2.92218
2.59549
2.91179
2.70485
2.87914
3.11844
2.52872
3.08144
3.14507
2.52804
3.44895
2.40728
2.86487
2.8507
3.10713
3.00116
3.71783
3.19015
2.82905
3.60614
3.31529
3.99753
3.32635
3.51689
4.03138
3.4113
2.89605
6.64103
3.98703
4.06943
4.19224
3.89583
3.45908
3.48085
3.53044
3.69263
3.49164
3.33629
3.63837
3.19925
3.55561
3.79221
3.72385
3.58749
3.65526
3.67838
3.65731
3.9123
3.52904
3.609
3.45411
3.16876
3.535
3.35709
3.66427
3.40643
3.28249
3.48773
4.62063
3.44113
3.89859
4.2601
4.4424
4.04155
3.98354
4.3502
3.75995
4.11176
3.54261
4.75136
4.20959
4.68701
4.1404
4.19348
4.20128
4.12266
3.54503
4.04167
3.56189
3.50415
3.38034
3.19448
3.82123
3.44472
3.22208
3.41183
3.65998
3.14431
3.61912
3.97109
3.6689
3.62461
3.76411
3.5096
3.4768
3.9574
3.9332
3.75658
3.31523
4.00817
3.61774
3.91856
4.24379
3.68469
3.49374
3.60615
3.83934
3.83588
3.97571
3.76595
4.49103
3.99034
4.50797
4.44446
4.45635
4.96874
4.67869
4.46789
4.17007
4.35047
4.42608
4.3909
4.26895
4.37344
3.93044
4.1437
3.85766
3.92621
3.62965
4.106
3.7367
3.71992
4.28077
3.88025
4.23841
4.5334
4.45448
4.39
4.18414
4.17971
3.82827
3.92504
3.96585
4.04543
4.0432
4.11288
4.29216
4.28744
4.90475
4.61572
4.21627
4.52903
5.04817
5.21715
5.18712
5.14876
5.47727
4.91799
4.31954
4.5945
4.80947
5.05304
5.13965
5.13544
5.00787
5.39161
5.53086
5.64748
5.37363
5.61883
5.61216
5.38958
5.67565
