1.15135
1.17822
1.17576
1.2438
1.12936
1.06596
1.13417
1.13509
1.16737
1.17772
1.08808
1.28955
1.15531
1.33941
1.55175
1.52066
1.5739
2.4227
4.46118
4.48154
4.61151
5.07255
4.2785
5.17955
4.27429
4.50254
5.16185
4.59228
5.5024
4.56716
5.12128
4.75185
4.58534
3.77063
3.7578
3.74429
4.02186
3.84134
5.16296
3.92478
3.3266
4.13565
4.32903
4.54442
3.82362
3.87777
4.0789
4.07758
2.50548
3.28513
2.88138
4.39731
4.48813
4.29043
3.53728
2.76518
3.11029
2.82448
3.14673
3.34413
4.82262
4.89276
4.39925
4.44429
4.52145
4.27416
4.04523
3.67292
3.47321
4.08555
3.77386
3.52093
3.32517
3.28682
3.70511
4.17797
3.63664
4.34214
3.77413
3.94498
4.19068
3.77808
4.14262
4.25469
4.24138
3.77282
4.00866
3.71213
4.09152
3.32374
3.83521
4.29993
3.69893
4.40557
3.42631
4.52293
4.68568
4.05855
4.58723
3.89038
4.09563
4.12025
4.28023
3.85995
3.99725
4.03992
4.0985
3.68373
4.09731
3.85524
3.70292
3.76226
4.04663
4.13088
4.24994
4.24087
3.70572
4.09793
4.08919
4.00766
4.45556
4.48989
3.8369
3.84069
3.53112
3.89857
4.04197
3.88001
4.13874
4.0468
3.77357
3.94581
4.11244
3.98667
3.28498
4.10127
3.68202
4.62274
4.16833
4.05522
3.98421
3.80653
3.4934
3.74621
3.65874
3.44886
4.36657
4.28323
3.69839
4.60448
3.84011
4.29157
4.42212
4.28392
3.56578
3.80728
3.74967
3.84402
4.13478
4.18045
3.36483
3.7042
4.18609
3.49312
3.94579
3.3691
2.67677
3.11723
3.24088
3.02399
3.51557
2.78704
2.4048
2.95926
3.31356
3.38737
3.44419
3.05494
3.23777
3.00418
3.27647
2.51018
2.87481
2.3623
2.60323
3.05491
2.74889
3.20524
3.14536
2.97618
3.04707
3.27353
3.43162
2.5462
2.49605
2.96494
2.88811
3.15182
2.76573
2.42469
3.27226
3.00466
2.7094
2.94996
3.21539
2.5967
2.29757
3.22583
3.32798
2.86642
3.40179
3.11468
3.04831
2.7745
2.59161
3.01522
2.86903
2.84738
2.42795
3.03933
2.47335
2.40491
2.20535
2.27926
2.45152
2.33545
2.54722
2.61356
2.59062
2.25875
1.98586
1.99047
2.45019
2.22098
1.88426
1.91015
2.02957
2.28799
1.9037
1.92726
2.11477
2.29274
2.37841
1.52829
2.16567
2.29532
2.21173
1.88767
1.91044
2.19942
2.09649
2.1819
2.53108
2.26071
1.79678
2.27663
1.99247
2.14616
2.22126
2.35787
2.64872
2.08743
1.99266
2.07995
1.56835
1.50414
1.96915
2.21207
2.39329
2.084
1.51132
1.72187
1.30457
1.70511
1.44163
1.42073
1.75804
1.16242
1.24827
1.06811
1.09975
1.69258
1.65726
1.65487
1.4804
0.919132
0.791827
0.879928
