12.7736
10.9808
10.7278
16.593
16.5288
15.2014
21.367
26.9507
46.9178
35.0183
40.0181
32.7689
40.73
36.9341
35.8073
34.3387
33.094
32.1405
32.3589
28.9703
32.3443
30.4151
29.9352
28.6335
28.0639
29.6958
28.529
29.8708
30.0192
27.7289
27.3181
28.3436
24.9655
23.718
26.4205
26.4779
27.3731
25.3141
22.7144
24.6603
27.4477
25.2253
24.4379
23.101
25.7065
24.5634
21.8858
22.7088
23.0802
23.7799
22.0763
22.247
22.491
23.6258
22.5425
24.6646
22.1552
22.8397
22.7636
22.9556
20.5576
23.6126
19.9953
24.1956
19.1499
21.6906
19.8618
18.1519
22.7246
16.7474
17.4538
19.146
15.9737
12.5644
12.5825
8.52835
8.43099
7.99669
9.54967
11.4311
12.3634
10.7254
10.0145
10.762
10.0967
10.9485
12.3262
11.2781
11.265
10.7731
10.2931
11.0711
10.1431
9.47486
9.19154
9.65223
8.50676
8.17359
8.64945
7.99882
9.03374
7.82194
7.73628
9.08361
8.42647
9.18571
8.34679
8.54543
8.70924
8.69882
8.60141
8.50815
9.99777
8.15868
7.42897
6.95376
6.0812
