9.099830
8.655240
7.802980
8.512390
8.009880
7.690820
7.444440
8.226250
8.889360
9.044900
8.624340
9.284170
9.060760
9.008190
8.894630
8.471130
9.333460
8.832650
8.678630
9.518320
9.667940
8.931760
9.483060
9.183030
9.831220
9.532360
9.804010
9.756010
10.400200
11.155000
10.612900
9.688340
10.399300
10.463100
10.679400
11.312700
9.870910
11.313500
11.149000
11.164100
9.465420
10.859400
11.761600
10.218100
11.513200
12.040500
12.374100
12.257500
12.852800
12.641600
13.287800
13.249500
12.566300
12.091800
12.744900
13.045100
13.756500
11.375600
13.108300
13.445800
12.142900
12.277000
13.559000
12.306300
14.952200
14.504200
13.891400
13.699600
12.584300
14.708200
14.431900
13.621500
15.013000
14.816300
15.394700
14.181200
14.947000
14.447500
14.979500
14.763500
14.574400
12.963900
14.436800
13.638200
15.396400
14.972800
14.224500
14.367300
15.593600
14.405000
19.668000
17.376400
16.643600
15.816500
15.792900
18.287700
17.212800
17.792200
17.389000
17.299400
17.597800
17.854100
20.471400
17.827800
19.547700
20.943700
17.149400
19.170100
19.228300
20.170600
16.748600
17.440800
17.706800
16.466100
18.845400
17.533700
19.431700
20.496600
18.278200
19.653200
17.572000
18.311400
19.907100
17.580700
16.353700
18.718400
18.430600
17.607400
22.041600
19.968400
20.461300
21.557400
20.086300
37.071300
23.549500
23.665600
28.456500
25.905500
25.818300
25.184100
18.336800
16.703100
14.690600
12.545000
11.129300
11.983600
