0.852492
0.887864
0.741881
0.821661
1.15783
1.4669
2.49485
1.99167
8.46403
6.9448
5.35791
11.0365
8.46193
8.49257
7.97753
7.65245
4.86615
6.8877
4.01047
4.86942
3.35921
4.10315
4.79694
5.07736
5.08486
5.29337
4.36683
5.04982
6.00711
5.95506
5.81186
5.53569
5.56332
6.00161
5.24296
4.72146
6.26281
6.22426
5.66779
5.99287
6.47087
6.47007
5.89596
5.68872
5.86187
5.10804
6.52556
4.97928
5.68762
5.92406
5.74529
5.69508
5.17346
5.34647
4.59869
4.85923
6.40059
6.87623
5.33053
6.85296
4.85106
7.12937
6.29676
4.92853
6.44026
5.00138
6.91549
4.76805
5.97212
6.38413
4.63162
5.32654
5.20497
5.36542
6.65155
4.95066
5.0631
6.96563
5.511
6.86639
5.10344
5.50746
5.07403
4.83239
5.23471
4.43581
5.17772
4.96692
4.64515
5.12369
5.10815
5.26819
4.70101
5.54559
4.6457
4.39533
4.41786
5.14121
5.82799
4.25537
4.04826
3.6232
4.5753
4.36017
3.99951
4.96905
3.74264
4.24048
3.47848
3.5938
4.83462
3.74788
3.28377
3.41653
2.98413
2.58791
3.74385
2.76952
3.53418
2.34183
2.33997
1.84619
3.00961
2.27384
2.5887
2.65221
2.89206
2.64542
2.27108
2.52085
2.77528
2.0685
2.38607
2.30105
2.26986
2.33709
2.24965
2.15146
2.14157
1.79179
1.75929
1.80436
1.70029
1.81013
