5.84056
8.34908
6.26865
11.2004
10.2099
18.1954
22.7523
24.0398
24.453
19.6929
17.4634
16.1984
12.3522
15.1494
18.3329
19.2857
19.8156
21.8133
14.6558
21.0119
15.7492
18.2837
15.8354
19.9054
18.974
18.1793
17.9627
17.5628
16.1549
15.4473
16.6358
16.5308
15.0761
17.677
16.8318
16.4099
14.5869
16.487
13.8092
19.6717
14.3882
16.654
12.1382
15.2373
12.8391
12.9299
13.9911
15.491
14.093
14.6162
14.6536
13.3686
13.0719
13.1374
13.396
12.0249
14.1531
12.9306
13.6512
13.9059
14.2629
13.3194
14.2869
15.2516
13.7487
17.484
13.7019
14.3252
13.5372
15.7628
14.8289
15.8385
11.3618
11.7809
14.0504
12.6774
14.7123
14.084
13.3535
14.0086
13.8207
13.1532
12.0775
13.1637
12.2102
10.1025
13.5151
12.5217
11.4973
9.83267
9.07674
12.1987
11.796
10.1859
10.6111
10.0782
9.15716
9.8219
9.74778
11.7864
11.1552
8.59825
10.0465
10.1429
9.2754
8.49474
8.78759
8.58032
8.23744
7.75056
8.18999
7.59982
9.16745
8.28194
9.1355
9.30645
7.92167
8.06039
