8.534570
17.840800
20.169400
18.724800
17.224300
16.699100
17.060700
15.517200
13.088800
10.818900
10.868200
9.903670
9.874550
9.203810
8.609620
8.283710
8.178070
7.192630
9.018010
8.259840
8.886620
8.459770
8.095080
14.288800
12.770300
14.506900
12.874200
14.926400
15.039800
9.179570
9.693660
11.793700
8.849850
8.031980
9.583130
7.373890
9.859810
11.265400
12.217200
12.295500
10.807700
10.433700
8.892570
8.963910
7.242500
7.988150
8.744710
9.030410
8.980520
8.917800
9.860000
9.976890
9.234350
9.468840
10.269100
10.341100
8.659180
11.087300
10.148100
9.789480
8.843440
9.716920
9.046390
9.554280
8.843370
8.091540
10.513200
11.271100
11.305700
10.997400
8.817200
9.451620
9.913710
9.001200
8.988580
8.289110
7.699370
8.320740
9.513060
9.067340
8.371270
7.015870
7.813750
9.063850
8.272990
9.071910
8.022250
7.720700
7.847420
8.656570
9.702440
8.229860
8.043500
8.532460
8.456460
9.481620
8.388310
7.883420
8.581960
8.136020
8.455820
7.216380
8.518930
8.497340
8.672950
7.800580
8.562750
7.360400
7.857620
7.264180
8.133540
8.047690
6.745510
6.784410
7.953250
7.571640
7.224100
6.837650
7.814600
6.894620
8.104490
6.714580
7.374420
7.513260
7.932770
7.130200
6.772670
6.504100
7.929830
7.335400
6.744130
6.822620
6.977660
7.652100
6.559050
6.782800
6.141180
6.943420
6.138770
7.186820
6.718560
7.031300
7.087000
6.028570
6.435430
5.621490
5.617900
5.825040
6.005730
6.779360
6.212790
5.670630
6.497190
6.007710
5.609140
6.507650
5.037150
5.934460
6.230590
5.061060
5.816090
5.332620
5.707690
5.399230
5.569680
5.892480
5.755310
5.660890
5.244010
5.451790
5.441100
5.327270
4.768510
5.198280
4.936190
4.993340
5.087150
4.785720
4.620210
4.876160
4.627150
4.980220
4.561550
4.951490
5.175710
5.006370
4.579360
5.001340
5.085370
5.529220
5.594510
5.085660
5.108220
5.038860
5.113290
5.020200
5.260610
5.412590
5.642200
4.525030
5.202050
5.396200
5.016650
5.297730
5.529180
5.598700
4.823120
5.116310
5.123400
5.064130
4.850350
4.725110
4.616650
5.047590
5.235840
4.964750
5.050710
4.778390
4.812050
4.892330
4.582840
5.004690
4.966190
5.068330
4.725330
4.586270
4.894030
4.642080
4.878030
5.031590
4.482760
4.818550
5.292440
4.546420
4.758020
5.449280
4.675370
5.163160
4.518700
4.692420
4.594600
4.806890
5.392260
5.601320
6.175660
6.606320
6.107090
6.220460
6.532160
6.710160
6.228220
6.821930
5.682640
5.618720
5.997330
6.072920
5.593410
6.132380
6.083940
6.026670
5.759270
5.776710
6.486740
6.940020
7.206330
6.737590
7.504780
7.778500
7.532420
6.992250
8.238720
7.017070
7.870340
7.527070
7.887080
7.738140
7.511260
8.240800
8.336760
8.007910
8.044800
7.586140
7.467490
7.275310
7.551380
7.963230
7.589350
8.221400
8.441930
8.574560
7.745280
8.136600
8.637790
8.037710
9.023980
8.671990
8.556590
8.851740
8.951100
9.233400
8.906490
8.980220
10.212600
9.458240
10.013400
9.697520
10.026200
9.329380
9.918460
9.811690
9.921680
9.075940
9.791940
9.995570
9.516700
9.859210
9.444660
9.942540
9.550730
10.158600
9.833030
9.801420
9.862080
10.854900
10.584200
9.703160
9.852320
10.250800
10.376800
10.130800
10.432500
10.203000
10.708100
11.301500
11.390900
11.644600
10.813800
11.351600
11.684700
11.474900
11.202500
10.215900
10.456700
10.564100
10.462500
10.865800
10.966800
10.630200
11.440100
10.705900
11.800700
11.476900
11.540700
10.580700
11.993800
11.143300
10.946600
11.953400
11.713600
12.135700
11.253100
11.182300
11.598100
11.747600
11.459700
11.402700
11.250000
11.521300
11.969600
11.853300
11.366000
10.693000
12.037300
11.741600
11.838800
11.652200
11.653800
11.475200
11.404000
11.318100
11.445400
12.107600
11.849400
10.774100
11.400200
11.563600
11.532900
12.066300
11.199800
11.235200
13.317600
10.711200
11.296300
10.823400
11.410500
11.782400
11.645900
11.379000
11.194500
11.811900
12.321600
11.544800
11.924000
11.793900
10.702800
11.501200
10.562500
11.187800
11.618100
11.900900
10.931800
11.350900
12.362500
11.087700
11.334900
10.782300
11.615600
10.621500
11.529300
10.441800
10.629600
10.800700
10.525000
10.932700
10.525400
10.848200
10.899400
10.837100
11.341300
10.961200
10.895300
11.411400
10.769800
11.268900
10.745800
9.921720
10.444500
11.177200
10.593600
10.367600
10.810400
9.510290
9.727760
9.777490
10.875700
10.855100
10.833300
11.836700
11.074400
10.303700
10.768500
10.895600
11.684400
10.606400
10.931000
10.391200
11.498300
12.193300
12.024400
11.299600
11.166800
11.770400
10.424000
10.516100
11.135200
11.112500
10.824000
10.733700
11.317700
10.175000
10.634000
10.568800
11.453400
10.848000
10.558700
10.957100
10.545400
9.629830
8.543120
9.324510
9.233230
9.725290
9.854680
9.747120
9.168640
10.145900
9.472650
9.885610
9.053340
9.634980
8.797140
10.269500
9.706840
10.128300
9.893060
9.730860
9.462240
9.342630
8.864680
8.875390
8.792460
9.517750
9.069320
8.989730
10.250200
8.880610
10.076700
10.699100
10.205600
9.104630
9.348000
10.759600
9.825800
9.508990
8.891850
9.532950
9.109710
9.847860
8.988060
9.228800
9.038070
8.977250
9.019970
9.372580
9.831820
9.247120
10.102500
9.041080
8.920450
8.309200
8.071480
8.788500
8.422410
8.782420
8.288700
9.311060
8.176490
8.544720
8.239120
8.390700
9.080520
9.119770
8.671510
7.701960
8.254280
8.821930
8.919610
8.497490
8.932160
8.173880
9.259810
9.158470
8.193900
7.721320
7.792280
8.150700
8.194950
8.702570
8.432700
7.762490
8.617650
8.313620
9.119440
8.137290
9.358210
7.903280
8.137800
7.587990
7.711390
8.851130
7.380750
8.031080
7.931610
7.494380
8.795280
8.046350
7.242590
7.572460
7.959610
7.633150
7.817720
7.804560
6.562200
7.814180
7.432700
7.097990
6.830280
7.971980
7.507620
6.826810
6.007010
7.208870
7.073530
7.072550
7.072860
7.036240
5.535220
6.704440
7.450010
6.327100
7.072670
7.422080
6.682550
6.037660
6.815380
6.027620
5.795480
6.290600
5.597830
5.773810
5.726660
5.299870
5.605720
5.508660
6.256260
6.971590
5.981200
4.808960
4.709600
5.445790
4.452010
4.448130
4.188570
4.343910
3.784770
5.008070
4.626800
4.279920
3.989710
3.779790
4.570800
4.200680
5.274840
4.825690
4.309280
4.808040
4.782130
4.816360
4.407420
4.236860
