0.0812482
0.0695738
0.0717526
0.0664071
0.0639833
0.0677866
0.0803768
0.0905709
0.120211
0.0885467
0.0726226
0.107085
0.119015
0.0993929
0.121811
0.113575
0.187601
0.203985
0.3025
0.206965
0.279247
0.242747
0.38131
0.413334
0.427425
0.378147
0.445908
0.364465
0.309727
0.351061
0.460706
0.470624
0.325806
0.500247
0.55572
0.400707
0.464086
0.482366
0.511878
0.486075
0.379788
0.36075
0.450744
0.578147
0.507177
0.562232
0.533511
0.47711
0.511333
0.723762
0.60955
0.571846
0.561859
0.707945
0.626462
0.652027
0.610172
0.535771
0.602206
0.619192
0.65222
0.550964
0.508567
0.719814
0.708322
0.550284
0.745172
0.695535
0.629095
0.760463
0.656202
0.599344
0.753157
0.726407
0.752755
0.651709
0.734542
0.693405
0.739331
0.771775
0.763298
0.725421
0.847124
0.621575
0.855591
0.846993
0.701851
0.921797
0.902314
0.862485
0.859923
0.892506
0.964486
0.74688
0.847193
0.844627
0.90136
0.88966
0.838289
1.11157
0.766974
0.830055
0.941739
0.686108
1.03903
1.11982
0.983879
0.859763
0.901157
1.07516
1.0129
0.968899
0.932511
0.915501
1.0523
0.960512
1.00658
0.96321
0.989481
1.12738
1.07558
0.915338
1.03016
0.967002
1.03173
1.05723
1.11278
1.02384
1.11732
1.10048
1.04854
1.18603
1.11961
1.04411
1.20462
1.08142
1.12921
1.07008
1.08279
0.998175
1.21138
1.07909
1.12659
1.26528
1.07635
1.19278
1.43884
0.915224
1.39002
1.05665
1.26791
1.05508
1.17728
1.08743
1.54732
1.24184
1.26185
1.2248
1.66706
1.1847
1.47356
0.932601
0.993793
1.14633
0.812205
1.03206
0.986497
1.04177
1.08467
0.987268
