7.008700
7.878720
7.590820
9.520100
11.896500
11.349200
15.831700
10.208800
10.514600
12.177900
14.873800
16.623400
19.171700
17.455800
16.953800
17.292800
15.675800
16.781800
16.192400
18.476500
16.839000
15.897500
15.709200
16.730400
17.398800
17.201800
15.798500
16.312300
16.051800
16.259300
19.663900
18.287500
15.307000
15.543500
19.291500
16.792800
18.002000
14.185000
14.294900
17.270100
12.877900
12.974200
15.639000
13.369700
12.766100
12.374900
13.308700
13.680300
14.801300
15.968100
16.273600
15.125000
14.908000
17.568100
16.426500
16.806200
16.711500
19.330900
17.303800
17.185400
14.982700
17.363000
13.239000
12.346500
14.227600
18.080800
17.007600
16.905700
18.501700
18.610600
17.931800
17.161800
17.478700
17.799000
16.928800
15.115300
17.724700
17.590300
15.868100
16.616200
15.679600
17.694200
15.057800
16.110100
13.861600
15.440800
16.209000
15.589500
14.086500
15.579200
13.628300
14.602800
15.613000
15.076100
17.381200
18.792300
17.038900
20.278100
17.993400
13.045500
14.790500
19.040700
17.684100
17.522800
19.467000
20.064300
15.289300
19.916700
19.371600
14.968200
18.173100
19.041700
18.015200
16.933600
15.617700
15.856200
16.805700
16.040600
15.642400
16.978300
15.652000
16.625900
17.483300
17.972300
16.424000
18.424600
17.297000
18.842300
18.894600
17.682200
17.720600
17.287400
18.204200
17.745800
18.391800
19.317600
19.673700
19.933800
20.263800
16.223600
17.678400
17.511300
20.101800
15.656900
17.494500
16.752900
18.777600
15.352400
14.714000
16.894300
16.848700
15.566500
18.866400
18.254200
18.410600
18.559300
16.377300
17.618000
18.648900
17.821000
15.859700
17.561900
15.874000
19.103500
18.969800
17.321900
17.448600
18.214700
17.447700
19.382200
19.247900
19.478700
19.770700
16.393600
19.364600
19.557100
20.422800
18.534700
18.845300
18.908500
18.757800
18.072600
18.806500
19.109800
19.067300
19.439300
19.402900
19.789400
16.594400
17.490300
17.365500
16.316400
19.432800
19.042700
19.238900
17.994900
21.954500
19.623800
20.127000
20.099100
19.144300
16.225900
19.696700
20.599500
20.776100
18.504400
20.741300
19.293100
16.865700
18.475900
17.201800
17.671700
15.574400
17.365000
17.964500
17.826100
17.873800
17.917400
17.676600
18.241600
15.924900
17.545500
17.849500
17.876100
17.229400
19.483300
17.690500
18.303400
18.681500
20.890000
17.824200
18.265300
17.996900
16.656300
16.821400
17.979300
15.860200
16.401000
17.230300
18.103300
16.912400
17.178000
18.549100
19.628900
17.757000
18.241500
16.129000
15.577400
17.192600
15.859400
14.963900
15.508500
17.798200
16.551500
15.913900
16.771400
15.571500
16.013300
15.421300
15.925700
14.422900
17.478500
16.380400
15.621000
15.997700
15.681000
16.241300
14.536800
16.748800
15.635900
17.630100
16.132500
14.427600
15.624100
14.833300
15.796300
16.114100
13.979200
14.934900
13.766400
13.978200
15.193600
15.282000
14.543100
14.260600
14.529200
13.623000
14.383200
14.682500
13.391800
13.901100
13.269700
13.894600
13.422900
13.178000
13.051900
12.377400
12.522900
13.099100
13.159900
12.641000
13.272400
12.034900
12.481400
13.189800
12.530900
11.934500
11.868300
12.227000
11.480900
13.726600
12.541400
11.771800
12.055900
12.173100
12.217900
12.503500
11.560500
12.289400
11.923700
11.479700
13.108900
12.672200
13.603400
12.926300
11.361100
13.142300
12.210300
12.952500
11.989700
12.193300
12.414000
12.859800
11.649600
11.622600
12.606700
12.720100
12.802400
13.110400
12.845200
11.426800
11.974200
12.618300
14.263200
12.104400
11.778200
11.141600
12.629700
11.672600
12.785200
11.786500
11.658400
11.261400
11.169600
11.940900
11.014700
11.833300
11.478000
12.216300
10.828300
11.769800
11.573300
11.232900
11.017500
11.316400
11.190600
11.046400
10.980000
9.770150
10.018600
10.329900
11.367000
10.498600
11.102100
10.055200
10.762500
10.011300
10.183300
10.955500
11.240700
10.051500
10.958400
9.368400
9.159630
9.992420
10.241600
10.246100
9.968690
9.670560
10.458500
10.325500
10.822700
9.729240
10.136800
10.832000
10.062300
12.278300
10.757400
11.809200
11.933900
11.178600
12.018300
12.059700
13.353400
12.178000
12.173500
11.824100
11.390100
10.974700
11.551500
10.994200
10.812600
11.639200
11.493600
10.786300
11.022500
10.760800
8.976800
10.661300
10.539500
10.497400
10.212500
10.768000
10.336100
9.896510
9.534280
9.293210
9.264010
9.290520
9.703750
9.228190
9.861630
9.697270
10.053900
9.367130
11.134800
10.617500
10.098500
10.255700
10.771600
10.646000
10.572800
9.903210
10.955300
11.451700
10.515500
11.862700
10.474600
9.621990
9.850850
9.556250
11.016000
8.365470
10.145700
7.906250
9.411520
12.166000
9.763380
10.374500
10.063900
9.403090
7.579730
7.956220
8.047790
7.537160
7.638250
8.726120
7.991830
6.893580
7.251130
6.516970
7.828450
7.150520
8.823980
8.092430
8.878280
8.314910
7.245330
8.041030
6.781740
6.747600
6.787710
6.717190
6.485750
6.448200
6.497400
6.239010
7.117400
8.072830
7.346930
5.437580
6.745950
8.297200
8.044250
6.852110
7.229270
6.536100
6.260150
6.077570
6.984970
6.368120
7.532790
7.646160
7.270430
8.905290
9.424040
7.608500
7.853850
7.620660
7.453890
7.606140
7.771450
7.406210
7.642300
7.833620
7.673010
7.917550
6.917740
7.981630
7.834190
7.667930
8.277560
7.934800
7.947020
7.873370
7.540940
8.056940
7.948700
7.647430
7.622490
7.813770
7.581720
7.734940
8.141880
7.895490
7.732730
7.817120
8.842070
7.503590
7.222900
8.028440
8.181090
7.598210
7.367250
7.123820
7.831710
8.213500
8.149080
7.820070
7.306560
8.168370
8.036510
7.960570
7.718780
7.584920
7.268660
7.682290
7.454980
7.299460
8.125400
8.472190
8.123130
8.105620
7.711360
7.452420
7.079260
7.582960
8.254870
7.819240
7.647910
7.736060
7.582220
7.320520
8.489050
7.996120
8.762970
8.296790
8.744300
8.446260
8.579600
8.302700
8.857400
7.945810
7.926710
8.517560
8.954640
8.814430
9.374250
8.524590
8.411290
8.649980
8.100420
8.224100
7.878970
8.079530
8.280120
8.462660
7.932400
7.871980
7.545050
7.710640
7.480110
7.779320
7.885100
7.590440
7.575010
6.753060
8.057440
7.996410
7.967930
7.939850
7.498030
8.020070
7.641880
7.837210
7.576520
7.607770
7.899790
7.591930
7.979760
7.460100
7.954240
7.533770
7.407400
7.630830
7.611880
7.622090
7.649400
7.254810
7.795370
7.789780
7.942840
7.995810
7.684620
6.845620
6.633860
7.334240
7.480270
7.469620
7.108130
7.504200
8.607730
8.594590
9.107090
8.612540
7.849720
8.916980
8.640760
8.483440
8.288600
8.912760
8.137990
8.282740
7.933120
8.378080
7.051410
7.359450
6.793870
7.319240
7.221340
7.292770
7.488260
7.513170
8.026220
8.051520
7.797510
8.205420
8.095640
7.725160
7.630610
7.717100
7.686330
8.244470
7.701580
7.303640
7.372940
7.039140
7.167750
7.532140
7.568130
7.316720
6.923480
7.850590
7.230730
7.497260
7.846390
7.706460
7.441660
7.606620
7.705370
8.156360
7.923790
7.441540
7.763760
7.488450
7.592190
7.408210
7.870930
7.213070
7.314800
7.131810
6.813610
7.333700
7.318740
6.897830
6.912180
6.888470
6.695750
7.093630
6.695890
7.170780
7.207830
6.732030
7.134810
7.074730
6.687460
6.763890
6.775860
6.392260
6.575090
6.692950
6.725190
6.227950
6.747060
6.653960
6.441470
6.234730
6.873290
6.352980
7.158930
6.747700
6.758510
6.986200
6.445210
6.763300
6.965440
6.272510
6.473460
6.529920
6.124630
6.542920
6.375780
6.665250
6.678060
7.004520
6.434600
6.346530
6.450140
6.529400
6.197260
6.183510
5.711750
5.758720
6.116820
6.082800
6.115300
5.719940
6.006340
5.824400
5.871490
5.643010
5.926810
5.843230
6.028470
5.812810
5.541150
5.773310
5.616580
5.809960
5.762080
5.928520
6.299290
6.425140
6.337040
5.582410
5.801620
5.738700
5.840200
5.532630
6.003620
5.838880
5.642960
5.632030
5.689120
5.506310
5.410060
5.331540
5.373310
5.305600
5.396850
5.620180
5.497830
5.769820
5.355360
5.765910
5.354250
5.349060
5.327320
5.408480
5.477220
5.474080
5.485830
5.484680
5.362100
4.689210
5.586060
5.530410
5.359980
5.304990
