0.563467
0.525349
0.387927
0.379728
0.336026
0.351227
0.74503
0.734225
0.690621
0.838253
0.998973
0.75861
0.755806
0.710571
0.820733
0.66666
1.02582
0.843117
0.875317
0.768924
0.613526
0.819058
1.13856
0.920062
1.04057
1.14392
1.29323
1.19733
1.29743
1.34555
1.23621
1.63335
1.44136
1.46127
1.38444
1.26529
1.49844
1.37813
1.69363
1.52816
1.51522
1.8433
1.35579
1.9566
1.58509
2.32724
2.14651
1.89954
2.48831
2.12154
2.61672
2.06775
2.54604
1.73765
2.54936
2.38257
2.41387
2.50256
2.48755
2.50141
2.33925
2.2108
2.27461
2.5542
2.91191
3.03447
3.55639
2.5588
3.12819
3.52902
2.82485
3.2321
2.86199
4.0053
2.98199
3.80717
3.55582
3.26141
3.78092
4.06895
3.52622
3.46249
3.64239
3.3731
3.77376
4.64355
4.3975
3.83477
4.08445
4.05929
3.96574
4.4635
4.97033
4.73396
5.54228
5.1582
4.65976
5.37314
6.0688
5.32896
6.3082
4.88092
6.03923
5.03083
5.36358
5.8561
4.99374
4.89365
5.32006
4.67096
5.41069
5.33141
5.86899
5.04372
5.2004
5.24291
5.83784
5.52757
6.37249
5.32312
6.13265
5.89238
6.08818
6.56623
6.36213
6.12859
5.44449
5.46058
5.14795
6.22272
6.38484
6.561
6.37509
5.68406
5.69198
5.78818
4.92228
5.5691
6.00164
6.0007
5.90281
5.97657
7.01043
5.79387
6.44421
5.90583
6.58451
6.14242
6.32896
6.40412
6.43734
6.05051
6.26541
6.3459
6.01132
6.09762
6.38299
6.48569
6.1457
6.44826
6.42165
6.37562
6.11985
5.53903
6.07891
6.69966
5.69786
5.98419
5.70902
5.87651
5.41532
6.1211
5.83751
5.64714
5.2406
5.62607
6.04519
7.08689
8.78685
8.01756
7.1751
8.40469
8.7405
