0.618176
0.5528
0.828573
0.788316
2.16527
2.31159
2.61179
2.24839
2.58027
2.33863
2.98757
2.66934
2.58291
2.68292
2.63629
2.43464
2.22939
2.17458
2.40265
2.145
2.26712
2.07213
1.77862
1.96202
1.95868
2.35474
1.60791
2.35171
1.8172
2.2454
1.81329
2.33114
2.78012
2.13388
2.11961
2.03831
2.0588
2.01295
1.59571
2.06412
2.32818
2.35263
1.86963
2.69117
2.16135
1.31353
1.63597
1.5912
2.33372
2.57896
2.79099
2.29748
2.22606
2.25313
3.50257
2.3028
2.35478
1.85008
1.71849
1.85942
2.14979
2.1138
1.83001
1.98504
1.95785
1.9547
2.2734
1.8025
1.81485
1.645
1.81407
1.80997
2.01789
2.55385
1.83972
1.73709
1.96936
1.6099
1.67216
1.69699
1.67922
1.71052
1.89934
1.72404
1.77936
1.77109
1.58862
1.74323
1.80806
1.75552
1.99656
1.72024
1.97643
1.84381
1.81909
1.76309
1.70903
1.71498
1.68193
1.76388
1.50384
1.61088
1.49845
1.62482
1.62236
1.60654
1.55066
1.6111
1.51926
1.79555
1.58398
1.74677
1.60004
1.70722
1.69039
1.59469
1.52693
1.42162
1.69142
1.44588
1.48688
1.51006
1.48006
1.45595
1.50756
1.71176
1.73637
1.40448
1.46267
1.54115
1.38818
1.2815
1.52089
1.33934
1.52629
1.48904
1.2875
1.43508
1.27721
1.48176
1.48345
1.61722
1.2299
1.13496
1.37019
1.33631
1.49549
1.38067
1.51084
1.48615
1.39783
1.43575
1.71193
1.31698
1.33629
1.43358
1.49055
1.38603
1.17749
1.31458
1.41212
1.59211
1.42145
1.522
1.43388
1.23975
1.17261
1.47481
1.22629
1.17967
1.29411
1.56905
1.33852
1.30488
1.55289
1.11132
1.26444
1.37691
1.39161
1.41758
1.18486
1.14616
1.13079
1.18172
1.10879
1.2768
1.31419
0.993319
1.03879
1.08826
1.12052
1.19659
1.02557
0.884695
0.926048
0.969512
0.909387
0.759848
0.856427
0.799492
1.04013
0.965735
0.94565
0.832548
0.780101
0.907599
0.827201
0.890664
0.795119
0.867466
0.894707
0.921715
0.818855
0.807986
0.84559
0.777718
0.760989
0.733566
0.723221
0.708762
0.767818
0.85333
0.853823
0.712628
0.726722
0.677044
0.7797
0.694916
0.679272
0.720247
0.541466
0.755931
0.617295
0.618245
0.62657
0.636032
0.608008
0.505809
0.558624
0.515663
0.558473
0.595853
0.689997
0.598982
0.628336
0.497399
0.234912
0.341043
0.366857
0.5444
0.581256
0.479985
0.445004
0.483327
0.300348
0.279676
0.425005
0.445703
0.418589
0.41797
0.367197
0.307692
0.429417
0.377814
0.464504
0.394579
0.317251
0.329982
0.352626
0.294944
0.300638
0.44188
0.411042
0.476917
0.493382
0.621461
0.705382
0.572728
0.568511
0.492877
0.453139
0.511351
0.393642
0.397018
0.404624
0.401331
0.468946
0.526942
0.514374
0.398107
0.390456
0.297489
0.354285
0.321238
0.260258
0.354036
0.263908
0.261195
0.297567
0.309513
0.33549
0.317576
0.405275
0.370032
0.363734
0.27972
0.298614
0.270665
0.337068
0.334827
0.315744
0.276145
0.201382
0.266543
0.266517
0.292793
0.304824
0.320486
0.330836
0.2854
0.276054
0.241371
0.237945
0.232819
0.328421
0.386071
0.243983
0.397178
0.31882
0.27397
0.407825
0.340188
0.299271
0.224882
0.28592
0.328614
0.311705
0.306642
0.218129
0.217213
0.287473
0.28012
0.249309
0.212221
0.304402
0.274744
0.284242
0.295431
0.332714
0.327179
0.251764
0.235653
0.249764
0.227034
0.262934
0.252131
0.249347
0.20895
0.216605
0.163396
0.193587
0.183124
0.145394
0.134455
0.183781
0.177267
