2.98842
2.786
2.90998
2.7814
2.46445
2.14724
2.14354
2.46664
2.15075
2.48164
2.16746
1.93606
2.07595
2.08206
1.97405
1.84972
1.86083
1.81993
1.68598
1.81211
1.87599
1.1333
1.2963
0.91286
1.10403
1.07073
1.08316
1.16053
1.31286
1.17524
1.16643
1.21371
1.28253
1.33159
1.28013
1.46404
1.4477
1.70704
1.65757
1.47512
1.20619
0.935631
1.30267
1.00545
0.965607
1.19487
0.891035
1.25017
1.18468
1.41338
1.68786
1.44166
1.52026
1.35566
1.18737
1.33353
1.62712
1.56515
1.67497
1.63486
1.46651
1.44587
1.61908
1.74087
2.05904
1.60032
1.73529
1.85174
1.66898
1.82656
1.7528
1.65279
1.68333
1.61145
1.84852
1.5867
1.61338
1.63899
2.10019
1.58994
1.40551
1.5786
1.66721
1.44997
1.5027
1.72483
1.49308
1.33121
2.0427
2.18277
1.61728
1.89123
1.55339
1.62816
1.74081
1.53807
1.57842
1.53089
1.88239
1.30474
1.53904
1.55779
1.51459
1.33444
1.50823
1.65912
1.53247
1.67214
1.45155
1.45174
1.54078
1.36991
1.37012
2.02008
1.54769
1.39101
1.53028
1.3109
1.78775
1.63937
1.54755
1.69361
1.55267
1.44093
1.69775
1.34904
1.61143
1.57911
1.58003
1.6703
1.51539
1.65989
1.75609
1.76675
1.49768
1.74056
1.76798
1.60513
1.4243
1.50865
1.36887
1.51705
1.43465
1.71651
1.31079
1.69008
1.67616
1.26138
1.67493
1.63806
1.46678
1.45058
1.47826
1.46019
1.49581
1.44719
1.42807
1.47678
1.51646
1.37934
1.44675
1.60433
1.39052
1.25897
1.39667
1.30719
1.32374
1.5045
1.48631
1.42076
1.22553
1.2462
1.29636
1.58667
1.23531
1.07445
1.19031
1.34759
1.10724
1.24682
1.20458
1.17792
1.25225
1.35078
1.1882
1.1477
1.44005
1.00752
1.20457
1.15409
1.14362
1.33516
1.09017
0.945403
1.03414
1.0981
0.976276
1.24751
1.08346
1.028
1.02164
1.16892
0.807733
1.11747
0.888987
0.950457
0.992637
0.880533
0.916767
1.005
0.870044
0.925062
1.1628
0.928282
1.20402
0.916602
0.850872
0.908981
0.831205
0.738341
0.821659
0.847626
0.826213
0.760963
0.776044
0.708053
0.932102
0.735512
0.708071
0.654864
0.74705
0.624384
0.710901
0.673459
0.735273
0.606356
0.601463
0.69596
0.635802
0.557485
0.665119
0.660311
0.498777
0.614259
0.678203
0.609658
0.521361
0.556423
0.431569
0.455085
0.618622
0.654615
0.446214
0.549426
0.732519
0.579407
0.433872
0.388267
0.538149
0.598739
0.492801
0.564086
0.489838
0.470874
0.359552
0.51749
0.341924
0.551827
0.472906
0.306073
0.468526
0.503884
0.581966
0.570681
0.54725
0.374613
0.529935
0.350064
0.488755
0.373265
0.438441
0.465216
0.352129
0.312203
0.489857
0.432243
0.296655
0.395234
0.393002
0.42692
0.440153
0.284949
0.392873
0.408055
0.347179
0.459981
0.376086
0.478796
0.352323
0.337855
0.360046
0.463008
0.426822
0.37749
0.45641
0.330207
0.399425
0.377918
0.299124
0.380616
0.397555
0.353501
0.297865
0.337544
0.301161
0.268077
0.285733
0.258539
0.198522
0.288732
0.260212
0.295292
0.290716
0.272655
0.30072
0.280841
0.23155
0.248857
0.26053
0.276827
0.20486
0.247622
0.237254
0.249726
0.213588
0.208532
0.196071
0.195795
0.203521
0.200134
0.21767
0.205662
0.188849
0.210273
0.181755
0.214659
0.207704
0.204803
0.214304
0.189131
0.184957
0.158285
0.153409
0.166916
0.179237
0.190094
0.18761
0.213594
0.221773
0.203357
0.192399
0.166778
0.164139
0.1736
0.142991
0.130973
