0.822575
0.892504
0.922995
0.950228
0.970648
0.927201
0.936932
0.89506
0.985141
0.918164
0.985531
0.897073
1.08238
1.10161
1.09502
1.1317
1.15334
1.09564
1.11181
1.09155
1.07808
1.0646
1.00345
1.11198
1.17796
1.174
1.14398
1.1463
1.29088
1.10865
1.1451
1.14016
1.20229
1.14469
1.14639
1.22662
1.27738
1.13258
1.31067
1.37798
1.24042
1.2396
1.29745
1.25226
1.22012
1.38554
1.35626
1.34219
1.41023
1.40542
1.33541
1.24793
1.3277
1.35995
1.47755
1.42004
1.42265
1.26773
1.30396
1.36577
1.32594
1.46668
1.47145
1.50732
1.40846
1.45583
1.35074
1.41454
1.40864
1.34929
1.47065
1.53451
1.6005
1.54744
1.61628
1.63772
1.64082
1.76567
1.94768
1.85676
1.76647
1.66476
1.76944
1.77858
1.9126
1.72107
1.57198
1.64631
1.92265
1.64828
1.85818
1.75046
1.70861
1.89722
1.83061
2.16747
2.19113
1.98363
2.04137
1.88734
1.39846
1.63176
1.74776
1.87398
2.01781
1.92671
2.05382
1.95694
2.00758
2.22295
2.00152
1.91056
1.78814
2.00943
2.06182
2.10921
2.20126
2.26923
1.90891
1.87719
1.8258
2.08536
2.09593
2.10498
2.18282
2.07207
2.42204
2.35434
2.35025
2.19239
2.35132
2.46178
2.41037
2.78491
2.7859
2.74266
2.68459
2.87988
2.47471
2.54814
2.48483
2.32447
2.553
2.40896
2.74105
2.6252
2.5143
2.67337
2.54493
2.69242
2.50769
2.54707
2.58751
2.50218
2.72937
2.7846
2.89162
3.42187
3.28801
3.29156
3.41537
3.42139
3.989
3.64337
3.1125
3.25364
3.35175
3.26576
3.21125
2.93991
3.20658
3.0558
3.46123
3.21313
3.30496
3.16123
2.99607
3.25126
2.81291
2.8651
3.89793
3.6146
3.19294
3.01975
3.4406
3.51859
3.39273
3.08076
2.83619
3.21757
2.95352
3.39162
3.46738
3.26101
2.85401
3.58392
3.2496
3.55605
2.96042
3.58376
3.3852
3.09358
2.55152
3.1325
3.22981
3.50363
3.43542
3.61978
3.51281
3.52556
3.13868
3.37131
3.36139
3.25662
3.57059
3.87407
3.97402
3.63252
3.55907
3.70502
3.8844
3.52445
3.42587
3.43414
3.69294
3.86493
3.59631
3.7217
3.60958
3.67999
3.41075
3.4807
3.25461
3.36251
3.47608
3.70261
3.35452
3.19374
3.44575
3.40769
3.19739
3.54631
3.63718
4.56199
3.29847
3.18956
3.74603
2.81048
3.66536
3.275
3.33528
3.46768
3.74554
3.68024
3.3743
3.52218
3.12874
3.70632
3.85798
3.80228
2.66632
3.97339
