0.246334
0.217812
0.230044
0.218936
0.226448
0.222954
0.211496
0.215883
0.238196
0.246873
0.247177
0.255008
0.251833
0.322197
0.383527
0.644284
0.713166
0.687018
0.68397
0.649949
0.638899
0.550096
0.546872
0.483636
0.576436
0.579989
0.612356
0.639923
0.614883
0.56049
0.568659
0.546461
0.491525
0.538782
0.567293
0.543079
0.546296
0.552047
0.558493
0.540231
0.569891
0.486625
0.475483
0.459792
0.503807
0.521224
0.476453
0.506617
0.492217
0.528041
0.519869
0.494657
0.527298
0.515069
0.557727
0.521011
0.45779
0.393528
0.410748
0.421108
0.406023
0.409867
0.398685
0.419045
0.482461
0.476923
0.473903
0.416284
0.453974
0.428995
0.451217
0.455332
0.415054
0.413531
0.4428
0.424939
0.437287
0.409172
0.421987
0.44782
0.39281
0.41127
0.436736
0.378088
0.417408
0.423792
0.440239
0.445539
0.393237
0.448712
0.463199
0.44319
0.429791
0.422484
0.42993
0.433175
0.429608
0.439333
0.421633
0.390555
0.400721
0.380768
0.381525
0.441355
0.384524
0.352503
0.408589
0.384417
0.37334
0.356919
0.341946
0.359344
0.379652
0.361727
0.359519
0.385796
0.375187
0.343439
0.385284
0.325577
0.364854
0.421921
0.390257
0.427788
0.376311
0.406025
0.3807
0.351846
0.370633
0.347284
0.339829
0.331087
0.406292
0.35027
0.376651
0.366243
0.374641
0.365202
0.347118
0.356642
0.366016
0.338608
0.353802
0.360447
0.3406
0.337405
0.2849
0.386449
0.333472
0.330102
0.368604
0.383419
0.363802
0.314593
0.366143
0.252377
0.326235
0.301484
0.425564
0.427421
0.423328
0.381072
0.363761
0.396812
0.365869
0.371683
0.376719
0.358327
0.447647
0.412952
0.369991
0.399282
0.39015
0.410822
0.383037
0.356354
0.391336
0.38293
0.34003
0.332941
0.328056
0.378263
0.310582
0.37044
0.328495
0.341559
0.458092
0.367593
0.336354
0.361969
0.368524
0.358863
0.352843
0.365379
0.340663
0.36133
0.33494
0.356774
0.313408
0.35797
0.314245
0.335171
0.312762
0.353791
0.348888
0.345795
0.335743
0.367386
0.328009
0.337475
0.310922
0.320785
0.337475
0.315943
0.291837
0.295632
0.269618
0.305074
0.314592
0.303145
0.319494
0.278978
0.306995
0.298248
0.293162
0.26477
0.307058
0.325724
0.367331
0.351077
0.343681
0.318607
0.301837
0.29865
0.292018
0.311122
0.319316
0.289988
0.298403
0.334591
0.330958
0.326864
0.319379
0.321903
0.303977
0.368572
0.309218
0.30429
0.351567
0.311611
0.338489
0.318155
0.33475
0.335149
0.308491
0.330228
0.312491
0.291951
0.29523
0.288266
0.305674
0.291451
0.283901
0.297706
0.271831
0.324504
0.30564
0.309037
0.317208
0.304552
0.301011
0.29731
0.300549
0.321577
0.309379
0.284237
0.317349
0.34425
0.315186
0.304373
0.32907
0.339465
0.31569
0.296001
0.299072
0.304702
0.324895
0.306678
0.331655
0.318682
0.31406
0.322333
0.338829
0.310993
0.302911
0.322078
0.301735
0.319841
0.334998
0.297132
0.307431
0.314492
0.301152
0.290235
0.305914
0.315048
0.303701
0.332368
0.294782
0.321158
0.321617
0.338766
0.295822
0.311886
0.32204
0.319599
0.318004
0.365238
0.343971
0.322386
0.32604
0.320392
0.358881
0.346663
0.338162
0.326121
0.3603
0.336108
0.308823
0.322936
0.319324
0.338787
0.340826
0.340543
0.336365
0.337011
0.334377
0.292348
0.327347
0.313154
0.33597
0.327119
0.369265
0.326233
0.351872
0.308847
0.318524
0.362458
0.361213
0.342526
0.334696
0.335838
0.316949
0.33493
0.329352
0.327829
0.355364
0.327344
0.343438
0.317915
0.328239
0.313174
0.292632
0.351113
0.336343
0.315354
0.321701
0.306801
0.314682
0.328019
0.304546
0.295729
0.310317
0.304493
0.312744
0.324978
0.317261
0.304475
0.326093
0.326172
0.328456
0.327092
0.300143
0.305174
0.282317
0.320403
0.31921
0.300365
0.311914
0.323509
0.294491
0.293703
0.27319
0.24533
0.298501
0.292384
0.248312
0.285235
0.306795
0.332935
0.278377
0.302058
0.290461
0.290213
0.292337
0.28988
0.327447
0.333522
0.35747
0.361384
0.324981
0.308726
0.331299
0.279122
0.295907
0.285326
0.29276
0.303305
0.272038
0.295706
0.33879
0.329618
0.319993
0.324903
0.376915
0.361805
0.358382
0.331703
0.34486
0.315463
0.315615
0.336536
0.363467
0.324732
0.308192
0.367745
0.33287
0.337854
0.359145
0.299358
0.311589
0.298025
0.324433
0.307196
0.317042
0.339446
0.362495
0.314445
0.365782
0.351686
0.331877
0.36686
0.352628
0.349688
0.35156
0.363683
0.36878
0.3432
0.335984
0.365878
0.373762
0.396163
0.389074
0.393714
0.393271
0.379097
0.389509
0.395641
0.389449
0.432674
0.410905
0.42063
0.40048
0.413625
0.43794
0.438473
0.37537
0.342053
0.415866
0.384587
0.399124
0.324206
0.329726
0.371849
0.37768
0.398696
0.450764
0.459364
0.414649
0.392778
0.401739
0.397367
0.427502
0.427157
0.409532
0.412426
0.422002
0.45004
0.383306
0.401097
0.394299
0.405801
0.387007
0.417292
0.443263
0.380003
0.378039
0.463723
0.421875
0.373638
0.393152
0.405494
0.379367
0.398345
0.336115
0.378834
0.45268
0.412092
0.413977
0.413285
0.382656
0.33398
0.415171
0.369125
0.458726
0.365867
0.405845
0.424063
0.401251
0.38973
0.40412
0.404825
0.420384
0.418018
0.381403
0.393641
0.37488
0.410128
0.395114
0.398765
0.429094
0.40676
0.413053
0.460003
0.401969
0.420619
0.435537
0.447152
0.452652
0.415959
0.442266
0.393252
0.38917
0.455761
0.442247
0.44174
0.449083
0.444765
0.427531
0.430794
0.443278
0.441322
0.469412
0.442744
0.422745
0.436377
0.426376
0.455431
0.467084
0.470296
0.46212
0.436739
0.454614
0.461482
0.469719
0.463114
0.504346
0.484074
0.458919
0.462
0.467877
0.503336
0.472294
0.450081
0.503861
0.473214
0.455632
0.456831
0.428111
0.435
0.426781
0.493743
0.47166
0.446461
0.441995
0.428044
0.339336
0.339847
0.391549
0.335502
0.298029
0.281467
0.247765
0.261642
0.226391
0.226411
0.195342
0.196531
0.219229
0.208808
0.181588
0.200269
0.196737
0.168951
0.160095
0.186485
0.157823
0.147918
0.179728
0.188468
0.17072
0.16565
0.159962
0.15019
0.158714
0.181966
0.177305
0.14895
0.160244
0.160177
0.169765
0.173337
0.162913
0.1688
0.183163
0.185553
0.150232
0.137645
0.172331
0.166495
0.143876
0.181026
0.155173
0.13773
0.15356
0.153849
0.164953
0.146533
0.158635
0.141666
0.138717
0.13174
0.140801
0.160467
0.1352
0.147574
0.148443
0.158866
0.127086
0.146152
0.125761
0.159048
0.147007
0.142753
0.165671
0.167879
0.18678
0.190591
0.18107
0.191766
0.175928
0.195355
0.201065
0.204958
0.218058
0.223588
0.22505
0.237109
0.228957
0.230566
0.227257
0.233386
0.217301
0.21362
0.246522
0.242292
0.251295
0.212715
0.211432
0.227935
0.214354
0.225443
0.228664
0.252967
0.230934
0.220011
0.233375
0.230147
0.22314
0.213187
0.237499
0.223493
0.217574
0.229082
0.230781
0.228745
0.22074
0.199694
0.205984
0.218985
0.229463
0.207647
0.213075
0.232082
0.223488
0.200145
0.21224
0.204455
0.198498
0.214744
0.210447
0.213968
0.21611
0.188147
0.212976
0.211899
0.212049
0.212861
0.204399
0.197226
0.211945
0.191303
0.209147
0.214734
0.20176
0.211331
0.196884
0.172514
0.199426
0.194176
0.187907
0.190407
0.174686
0.163655
0.156726
0.139026
0.125582
0.108728
0.0894056
0.0677723
0.0702677
0.0630137
0.0713092
0.0661304
0.0554948
0.0654551
0.058607
0.0593044
