0.44215
0.448848
0.419266
0.407746
0.535535
0.478022
0.465173
0.505732
0.528679
0.523593
0.517181
0.642684
0.57543
0.563216
0.585442
0.666449
0.568435
0.538482
0.616737
0.64557
0.639238
0.661085
0.744385
0.629162
0.805016
0.671765
0.726347
0.674371
0.767916
0.704604
0.670912
0.703651
0.646837
0.659849
0.712871
0.679467
0.732974
0.764395
1.01324
0.705117
0.887189
0.77163
0.711036
0.77792
0.812714
0.997754
0.723379
1.04759
1.006
0.73813
0.88818
1.13412
0.836202
0.934412
0.821103
0.970655
1.10893
0.985952
0.937217
0.913403
0.835152
0.884078
0.922274
0.848338
1.07186
0.737997
0.74629
0.672543
0.758398
0.838615
1.07933
1.05632
1.08455
0.951332
0.922627
1.07368
1.1078
1.21629
0.95803
0.788051
0.972142
1.2496
0.93426
1.02193
1.38429
1.27721
1.08418
1.17334
0.996564
0.985545
1.13194
0.926709
1.27404
1.13024
1.0014
1.04891
1.0637
1.32843
1.05195
1.25111
0.931449
1.03107
1.33897
1.04944
1.09909
1.06932
0.973067
1.13837
1.11642
1.05657
1.1549
1.24998
1.00734
1.1919
1.04384
1.14205
1.32991
1.26186
1.18486
1.21169
1.26269
1.20178
1.31698
1.32136
1.24663
1.26243
1.08311
1.48329
1.23327
0.974134
1.56279
1.06252
1.09389
1.04325
1.43126
1.50176
1.38934
1.20646
1.28372
1.39056
1.11609
1.62418
1.36924
1.11018
1.16368
1.67882
1.51368
1.38976
1.25951
1.10978
1.31382
1.5236
1.6433
1.76313
1.2969
1.24379
1.73777
1.27503
1.36314
1.32674
1.13957
1.33758
1.53104
1.34002
1.33551
1.36115
1.2615
1.40953
1.41934
1.43254
1.27803
1.4283
1.38948
1.29163
1.35839
1.23893
1.29407
1.2952
1.10121
1.33307
1.33816
1.39883
1.72489
1.24987
1.1127
1.50827
1.30202
1.70495
1.39052
2.20332
1.21733
1.37333
1.34081
1.31825
1.46194
1.46175
1.66666
1.53843
1.69312
1.58343
1.79826
1.78138
1.83541
1.70463
1.49686
1.64216
1.86444
1.6285
1.73198
1.70825
1.53955
1.43968
1.81355
1.85705
1.96257
1.93313
2.2557
1.97111
2.20661
1.91209
1.9886
1.98886
1.90484
1.60865
1.60864
1.37992
1.88949
1.73922
1.24333
1.43996
1.78722
1.72524
2.0121
1.95779
1.8784
2.26437
1.88149
2.28983
2.26066
2.44147
1.77324
1.4325
1.4195
0.982186
0.725832
0.907101
1.13794
1.29109
1.28861
0.633735
0.656721
0.690535
0.515244
0.566026
0.771104
0.660205
0.617521
0.466653
0.483566
0.51602
0.863707
1.05225
1.02331
0.511149
0.301601
0.341327
0.340028
0.402171
0.524692
0.790905
0.843026
1.12714
1.07682
1.15659
1.01034
1.185
1.00479
0.789808
2.7184
1.74479
1.0768
2.10781
1.59689
0.653458
0.548866
0.389541
0.322127
