4.85203
6.64692
5.85358
7.77364
10.2227
15.1714
10.8136
11.609
13.8542
10.6254
11.5517
12.2345
11.4102
9.3485
11.6012
10.0073
10.6423
10.3896
10.1162
9.62883
9.01779
8.2858
10.7073
7.94953
11.224
10.0401
9.34747
8.7327
8.54483
8.87208
10.2233
8.45935
8.07741
9.18784
9.0733
6.46038
8.74546
8.1135
7.49205
10.4909
9.15882
7.93952
6.18215
6.68117
7.79766
7.63367
8.18568
8.9544
8.78123
8.45214
7.10951
8.22252
8.24715
6.47459
9.06864
8.68543
8.37935
8.76933
7.66197
8.81917
8.88813
9.61795
9.9638
8.57095
8.32972
8.1078
6.87498
7.27526
8.15436
9.71009
7.43984
8.49937
8.5778
7.82873
9.42244
8.70565
8.28297
7.02204
7.41773
6.72951
7.30746
8.37686
7.16692
8.39217
5.87034
6.84413
6.69287
7.32642
7.21523
7.66739
6.44435
7.22957
6.21146
7.14652
6.21421
6.60488
6.3932
7.59967
7.08854
6.46115
7.75263
7.72148
7.25362
6.98759
7.85506
5.74278
7.61579
5.91412
6.56677
7.26887
5.75784
6.75024
6.71112
5.81668
6.66757
7.48744
7.41128
6.25227
4.97727
6.89229
7.29005
5.71246
6.40439
8.04571
6.29581
6.97217
8.07832
5.44949
6.18185
6.09234
7.13065
5.90807
5.02087
6.92306
5.07507
5.95448
8.98178
6.28393
5.81759
5.57183
5.81742
6.33204
7.38478
5.82526
6.44665
4.87161
6.26213
5.79944
5.13649
8.66182
5.3986
6.97301
7.15601
6.44781
6.78497
6.53521
4.48222
4.95448
6.06473
4.51905
5.04897
4.6454
3.91897
4.59199
4.23505
5.02207
4.15647
5.21707
4.89186
4.26813
