0.418276
0.602152
0.604963
0.640528
0.46381
0.424811
0.442703
0.484343
0.548115
0.606217
0.522169
0.521214
0.531566
0.456449
0.59335
0.722216
0.624839
0.632909
0.549621
0.739661
0.674572
0.669052
0.488552
0.718304
0.444459
0.723962
0.784617
0.673558
0.601354
0.557346
0.390602
0.602599
0.659333
0.539401
0.740232
0.765644
0.618744
0.577214
0.679344
0.710836
0.751517
0.551923
0.726402
0.75347
0.862327
0.849095
0.651243
0.763694
0.728527
0.830667
0.797108
0.83523
0.929146
0.961687
0.880984
0.907854
1.035
0.839698
0.930443
0.772334
1.14692
0.875323
0.900393
0.970658
0.941173
0.930735
0.934947
1.06362
0.991822
0.911867
0.994509
1.13945
1.00543
1.03772
1.00247
0.821587
1.07493
0.864887
0.935206
1.10535
1.07919
0.932477
0.95925
0.893861
1.03165
0.973425
1.04692
1.03973
1.10951
1.03389
1.21917
1.43927
0.772113
0.844871
1.01149
1.39909
1.44695
1.12621
1.01202
1.15064
1.04903
1.50066
0.996674
1.01782
1.43747
1.36382
1.14112
1.07217
0.962816
1.21332
1.27026
1.31236
1.45809
1.51204
1.43503
1.24311
1.46511
1.16118
1.46342
1.55786
1.24806
0.932808
0.82211
1.01518
0.86199
0.985202
0.899963
1.10729
1.20273
1.25289
1.55022
