0.213258
0.242698
0.258071
0.272361
0.253207
0.258268
0.294571
0.27934
0.293993
0.317219
0.345167
0.33385
0.325035
0.375266
0.424504
0.42933
0.42815
0.53042
0.479783
0.504933
0.51944
0.511205
0.530768
0.686377
0.563701
0.568576
0.545432
0.708841
0.797905
0.767582
0.867538
0.840995
0.837502
0.883876
0.910057
0.974271
0.919743
0.985176
0.944228
0.842723
0.947706
1.02175
0.903016
1.17308
1.11289
1.19581
0.887926
0.937037
1.24116
0.927817
1.28999
1.48582
1.13616
1.0543
1.18356
1.22309
1.38307
1.41381
1.26933
1.22833
1.49528
1.5404
1.65176
1.59806
1.64721
1.53259
1.66864
1.53526
1.71385
1.74178
1.73492
1.78703
1.82801
1.55321
1.72246
1.76337
1.56333
1.68765
1.78934
1.87807
2.01099
1.95281
1.89736
1.8267
1.79938
2.01095
1.78944
1.72794
1.98982
1.88009
1.80117
2.03137
2.34665
1.72507
2.01699
1.91721
1.87748
1.71453
1.99769
1.92054
1.89321
2.06386
1.51015
1.46293
1.86177
1.61223
1.94359
1.88415
2.09206
2.31618
2.64454
3.38801
2.22669
2.47137
1.08862
1.08039
1.00236
