8.128050
7.208190
8.702430
8.036270
7.378850
8.232720
7.823180
8.092000
7.618020
7.431400
7.479570
7.862300
7.920570
7.904400
8.114210
7.731890
7.804890
8.285900
8.346300
8.302530
6.933810
7.667660
8.290750
8.889530
7.903700
8.008930
8.437670
8.814320
7.908580
8.265900
8.311930
8.199750
8.435710
7.954770
8.332410
9.636080
9.269400
9.908120
8.344230
8.082640
9.395890
10.498300
8.444240
7.698700
8.412010
9.066760
8.486830
8.984940
9.157200
9.958920
9.127990
9.431500
11.648900
10.159800
8.630780
10.074900
11.014600
9.183210
9.494370
10.115200
9.119440
10.385600
8.531200
10.714900
10.555400
11.193300
10.379400
9.629480
11.051600
10.212900
10.641800
10.119400
10.308200
9.946070
9.716000
9.929060
10.152200
11.231700
11.782300
11.035600
10.352300
10.798600
10.944700
10.786300
11.802000
11.911300
11.495000
11.411900
11.123400
10.995600
11.761100
12.624000
10.308900
10.512500
11.926100
10.388700
11.170300
11.393900
11.847100
10.724200
11.126500
10.750300
11.488200
11.365000
12.575300
12.553800
11.925300
11.965000
11.321700
11.258900
11.137700
12.218100
11.236400
11.028400
12.762000
12.150400
11.401000
11.121900
11.859500
10.863600
11.831100
12.244800
11.969300
10.783700
10.251100
10.478800
10.409200
10.416600
10.399900
10.129500
10.753900
11.086900
10.891600
11.765200
11.704500
12.387700
11.440600
11.449000
10.892800
11.948900
12.605600
14.034800
12.186500
12.395500
14.966300
14.969500
13.842100
14.234200
13.352600
13.682100
13.150800
11.742900
12.531500
