0.394016
0.425789
0.42157
0.422297
0.46668
0.520477
0.388725
0.491151
2.24886
1.7414
1.65769
1.65906
1.57897
1.4085
1.52192
1.56878
1.5484
1.39843
1.45229
1.39997
1.33563
1.44222
1.36576
1.26715
1.45536
1.28748
1.51889
1.48734
1.50314
1.55225
1.29284
1.30575
1.60084
1.6299
1.19538
1.297
1.53972
1.44387
1.37025
1.21393
1.28239
1.55416
1.41868
1.38546
1.39709
1.36799
1.59349
1.4283
1.56366
1.22788
1.27992
1.31987
1.48965
1.35463
1.28109
1.2821
1.48362
1.5277
1.33529
1.21837
1.94893
1.72793
1.06797
0.379602
0.309958
0.312543
0.364829
0.334206
0.325273
0.351538
0.343919
0.356465
0.361842
0.354931
0.362587
0.380374
0.427743
0.425995
0.377892
0.388573
0.425517
0.396397
0.42406
0.430265
0.369676
0.447645
0.442935
0.433114
0.480378
0.487736
0.524805
0.542563
0.775092
0.794979
1.87717
2.14343
2.05035
1.78163
1.78853
1.72958
1.76652
1.8913
1.60195
1.27409
1.19082
1.22262
1.28337
1.43788
1.34333
1.37825
1.38503
1.37076
1.40371
1.23856
1.32956
1.27767
1.14635
1.13974
1.37568
1.12504
1.23988
1.13311
1.38337
1.19856
1.32715
1.20368
1.37086
1.26938
1.37877
1.25533
1.17309
1.28019
1.30141
1.10363
1.24468
1.05211
1.14551
1.15136
1.25298
1.16639
0.970326
1.40786
1.24349
1.13414
1.25435
1.04651
1.31668
1.32432
1.21729
1.18748
1.0684
0.970513
1.07568
1.22271
1.11942
1.04535
1.01875
1.05834
1.04182
1.16996
1.09149
1.11433
1.08938
1.12475
1.14088
1.05628
1.20141
1.25355
1.27679
1.00073
0.990849
1.09095
0.953775
1.05439
0.908333
0.905015
1.35381
0.942425
0.847298
0.87615
1.1767
0.856628
0.650655
0.8535
0.779876
0.930246
0.644542
0.665808
0.828619
0.724234
0.61201
0.734527
0.55781
0.504217
0.67643
0.742601
0.760091
0.772299
0.99007
0.679408
0.661699
0.665748
0.840569
0.748235
0.580552
0.716626
0.756484
0.813447
0.566919
0.69051
0.834828
0.582539
0.599918
0.855292
0.746825
0.614325
0.826179
0.762107
0.678383
0.632984
0.58919
0.644125
0.681267
0.699752
0.578854
0.798796
0.764728
0.585866
0.696844
0.817568
0.733227
0.697553
0.893868
0.785385
0.588006
0.555863
0.779907
0.472575
0.607218
0.698001
0.708011
0.686062
0.629683
0.565599
0.857752
0.755245
0.692604
0.645459
0.82753
0.57953
0.659238
0.710662
0.801139
0.953722
0.958994
0.842358
0.778365
0.969511
0.916934
0.782311
0.6488
0.513388
0.609339
0.654791
0.607147
0.567953
0.77363
0.993399
0.915335
0.843454
0.663326
0.568605
0.956312
0.822632
0.67118
0.726922
0.764795
0.695632
0.901353
0.811054
0.675805
0.685613
0.859088
0.63868
0.573309
0.483965
0.717973
0.706996
0.679209
0.728507
0.699209
0.802017
0.725218
0.778576
0.781023
0.728734
0.7375
0.767517
0.764252
0.80966
0.646439
0.612105
0.582566
0.66025
0.606628
0.496702
0.445942
0.479064
0.526928
0.73441
0.58888
0.524112
0.627513
0.694315
0.713965
0.463474
0.408147
0.606477
0.593425
0.763493
0.571325
0.506058
0.475867
0.537823
0.522317
0.597227
0.592049
0.564414
0.371074
0.548019
0.705362
0.499095
0.433914
0.393191
0.358509
0.546907
0.57678
0.553454
0.537821
0.447613
0.520671
0.455248
0.459778
0.481646
0.521247
0.463892
0.544957
0.400168
0.446806
0.555377
0.4796
0.368363
0.407839
0.477372
0.440495
0.50858
0.414868
0.387045
0.402322
0.469169
0.436221
0.445085
0.37555
0.359712
0.272705
0.211011
0.39554
0.263388
0.298568
0.17289
0.20337
0.183439
0.15846
0.18712
0.198157
0.247516
0.296186
0.245284
0.293741
0.414007
0.184622
0.266606
0.276938
0.199165
0.294693
0.355015
0.388508
0.300446
0.407634
0.261353
0.321059
0.288914
0.309319
0.318393
0.3689
0.399982
0.221654
0.286661
0.337439
0.297565
0.471754
0.280837
0.332471
0.433692
0.266018
0.275136
0.450584
0.34464
0.272234
0.366234
0.305042
0.248919
0.234463
0.381384
0.325282
0.365022
0.329405
0.269807
0.363705
0.282552
0.322582
0.264605
0.503548
0.307992
0.204292
0.242443
0.284495
0.292377
0.263198
0.308529
0.318354
0.273975
0.309569
0.253448
0.196372
0.294964
0.225869
0.273276
0.227986
0.188535
0.225122
0.284933
0.281324
0.237653
0.315638
0.297743
0.342309
0.253834
0.210617
0.230656
0.303542
0.168059
0.1912
0.275693
0.241625
0.2063
0.425722
0.399612
0.272408
0.265919
0.270855
0.213029
0.216794
0.239601
0.2324
0.259008
0.26236
0.258581
0.161721
0.255745
0.320501
0.187329
0.254217
0.224169
0.269237
0.233562
0.283544
0.290547
0.275409
0.246907
0.216247
0.288827
0.191164
0.222776
0.206587
0.204569
0.203927
0.208521
0.210914
0.233049
0.212105
0.207637
0.224617
0.191232
0.194303
0.273768
0.235198
0.281993
0.211591
0.210844
0.185889
0.193764
0.179313
0.183942
0.230707
0.199538
0.198242
0.264461
0.210848
0.231819
0.217691
0.246663
0.240536
0.222078
0.225174
0.225101
0.218606
0.216328
0.186236
0.21354
0.181412
0.262925
0.272218
0.235844
0.244365
0.235879
0.241188
0.276875
0.232327
0.206349
0.265001
0.205384
0.234344
0.179564
0.208414
0.190721
0.217156
0.240965
0.223047
0.196707
0.210349
0.234575
0.230218
0.22046
0.182963
0.212794
0.157599
0.187194
0.2374
0.229281
0.183857
0.197524
0.236292
0.254432
0.257417
0.200821
0.187575
0.231192
0.192409
0.215359
0.210536
0.215077
0.202651
0.158943
0.211208
0.25199
0.232861
0.184958
0.202134
0.150926
0.178063
0.19367
0.147954
0.143005
0.156491
0.164367
0.155169
0.198901
0.164179
0.149377
0.20032
0.161339
0.173635
0.155272
0.150795
0.149858
0.148693
0.154815
