0.453493
0.456698
0.622949
0.511813
0.519723
0.549951
0.549815
0.552296
0.507138
0.756346
0.723756
0.500867
0.599379
0.510947
0.438698
0.389694
0.392715
0.49583
0.459938
0.409892
0.428296
0.46624
0.502554
0.522044
0.489053
0.501043
0.427002
0.631938
0.500138
0.178143
0.507791
0.35264
0.481841
0.297917
0.291592
0.378742
0.362607
0.319558
0.434036
0.327552
0.280784
0.405335
0.350417
0.261866
0.194311
0.301397
0.428726
0.410589
0.354603
0.296221
0.431464
0.415083
0.34454
0.328915
0.272876
0.488748
0.40743
0.473142
0.457976
0.458535
0.452497
0.514683
0.316246
0.362929
0.343939
0.381299
0.342456
0.270787
0.275693
0.450632
0.408105
0.343167
0.379311
0.531153
0.463607
0.692352
0.537623
0.739735
0.569618
0.926082
0.581633
0.462676
0.924539
0.574815
0.420097
0.735667
0.411189
0.502245
0.545846
0.325801
0.315568
0.526928
0.368782
0.351019
0.339328
0.526177
0.433199
0.269942
0.28532
0.263319
0.28659
0.213465
0.283753
0.320666
0.3249
0.323154
0.407779
0.393579
0.312307
0.42347
0.449862
0.567839
0.380315
0.354221
0.3218
0.31738
0.346665
0.393192
0.391568
0.44546
0.486285
0.514816
0.571967
0.582303
0.351874
0.360775
0.508563
0.441162
0.281768
0.269544
0.414568
0.460537
0.385087
0.401331
0.413478
0.406439
0.400432
0.399945
0.361764
0.395438
0.384503
0.343039
0.415429
0.409464
0.453709
0.366486
0.364235
0.442018
0.459364
0.406024
0.388433
0.437939
0.360468
0.305365
0.357129
0.414736
0.50199
0.41467
0.363507
0.378639
0.397005
0.354586
0.404149
0.490924
0.285216
0.388517
0.367507
0.491969
0.292025
0.47378
0.355155
0.388772
0.3786
0.35022
0.243372
0.252284
0.370733
0.319255
0.370058
0.319324
0.332555
0.396054
0.330862
0.399618
0.396702
0.287507
0.34934
0.28555
0.392398
0.256586
0.330611
0.379316
0.342071
0.313516
0.285391
0.264844
0.293885
0.251515
0.312344
0.404358
0.324292
0.414208
0.34262
0.368986
0.349277
0.345664
0.411056
0.314094
0.298789
0.338864
0.369856
0.463965
0.560956
0.356872
0.274679
0.4296
0.670043
0.575101
0.395488
0.320222
0.570725
0.594861
0.470122
0.471534
0.480822
0.507374
0.437786
0.505316
0.555499
0.485121
0.51837
0.491744
0.601293
0.524054
0.643287
0.520828
0.434626
0.462679
0.551887
0.392081
0.474274
0.508833
0.501825
0.538274
0.501871
0.61754
0.547669
0.430094
0.489175
0.401555
0.43556
0.374549
0.527949
0.426565
0.479239
0.385429
0.399372
0.363037
0.438769
0.474343
0.434527
0.390177
0.408472
0.46053
0.473083
0.463393
0.496563
0.457809
0.453826
0.554868
0.463582
0.405696
0.456435
0.442011
0.527245
0.398528
0.489082
0.336133
0.466275
0.475016
0.277463
0.2441
0.312016
0.629
0.525498
0.411036
0.41348
0.534939
0.328735
0.613053
0.431926
0.411467
0.450452
0.388054
0.388095
0.456201
0.475228
0.321516
0.462902
0.325473
0.301227
0.293963
0.352885
0.41662
0.312103
0.455755
0.481026
0.394674
0.431169
0.320731
0.414747
0.350784
0.327412
0.391836
0.423679
0.412284
0.491963
0.365573
0.383221
0.427372
0.633106
0.674306
0.565072
0.50958
0.517485
0.474028
0.389417
0.428896
0.4465
0.381728
0.486808
0.626217
0.511087
0.495481
0.354886
0.382466
0.526956
0.435396
0.458604
0.532033
0.419967
0.893637
0.432607
0.805721
0.630063
0.684914
0.791625
0.6363
0.567518
0.469742
0.49
0.55278
0.590924
0.476751
0.335435
0.391257
0.361779
0.341969
0.33081
0.290404
0.334782
0.415176
0.391318
0.396221
0.399684
0.407523
0.395724
0.299544
0.40068
0.524142
0.487183
0.456457
0.332514
0.352548
0.317851
0.261765
0.345787
0.298204
0.335584
0.266169
0.29093
0.240417
0.241859
0.226126
0.248229
0.225032
0.177739
0.144259
0.164185
0.172567
0.198673
0.277467
0.187124
0.200561
0.184242
0.183521
0.163769
0.167322
0.166718
0.197317
0.194857
0.192345
0.168709
0.155931
0.209136
0.176801
0.218926
0.221505
0.253655
0.233604
0.289932
0.291645
0.205531
0.23719
0.264242
0.241458
0.28823
0.28472
0.266221
0.237005
0.227422
0.243161
0.244266
0.257871
0.224305
0.200914
0.206764
0.191975
0.191625
0.188381
0.203026
0.19573
0.199877
0.179146
0.189402
0.198203
0.170779
0.136665
0.13115
0.12647
0.133101
0.129554
0.129689
0.132715
0.122437
0.130892
0.127875
0.129997
0.121147
0.132296
0.133947
0.129972
0.134043
0.14153
0.141294
0.13497
0.130764
0.136322
0.137851
0.142748
0.149949
0.142901
0.1402
0.164052
0.174198
0.175944
0.162028
0.163161
0.138831
0.129374
0.147456
0.126202
0.152275
0.131118
0.210192
0.226925
0.184085
0.182612
0.162902
0.177439
0.185947
0.182549
0.196913
0.222005
0.249706
0.249396
0.237023
0.21815
0.172572
0.237725
0.25309
0.242174
0.259026
0.203754
0.210746
0.248003
0.228938
0.208412
0.218291
0.193282
0.185149
0.198113
0.198885
0.193557
0.2206
0.24337
0.244912
0.224378
0.206635
0.207983
0.210629
0.228662
0.226528
0.242883
0.257267
0.227512
0.185216
0.173014
0.156889
0.154385
0.137927
0.11863
0.106247
0.0691823
0.0848097
0.0686549
0.073869
0.0639578
0.060357
0.0638462
0.0665178
0.0574878
0.0687207
0.0617792
0.0531171
0.064122
0.0801434
0.0697506
0.0631213
0.0645839
0.0653621
0.0616749
0.0799441
0.0783257
0.0684076
0.0685201
0.0713871
0.0612953
0.068123
0.0740497
0.0722346
0.0644758
0.0705492
0.0782161
0.0867462
0.0726714
0.0759046
0.0638653
0.0889136
0.0816168
0.0842253
0.0847788
0.0765473
0.0789597
0.0911766
0.0878379
0.0904513
0.0869575
0.101445
0.100688
0.100382
0.0859354
0.106588
0.10581
0.105467
0.101853
0.102556
0.103835
0.104784
0.10386
0.0971093
0.106514
0.100653
0.10016
0.107101
0.101668
0.102714
0.115061
0.111631
0.12319
0.120216
0.119278
0.112413
0.11797
0.107354
0.0940254
0.101077
0.0975452
0.0911003
0.104536
0.087999
0.100441
0.0909131
0.090355
0.0873095
0.0844072
0.0878669
0.0836468
0.0873178
0.0931008
0.0924295
0.0874627
0.0846271
0.0971929
0.0960141
0.096842
0.106005
0.0909289
0.0760423
0.0694489
0.0709143
0.0604506
0.0617145
0.0523222
0.055665
0.0475742
0.0458196
0.0479712
0.0460054
0.0532269
0.059954
0.0475962
0.0568028
0.0601132
0.0627255
0.0541743
0.0630406
0.053412
0.0511451
0.0651408
0.0469896
0.0574404
0.0634664
0.0711424
0.0840685
0.0869628
0.096578
0.0991582
0.0886725
0.0693633
0.054877
0.0593737
0.05102
0.0632293
0.0599402
0.0608311
0.0595822
0.0511959
0.0565476
0.0557597
0.0627493
0.0492708
0.0525246
0.0565189
0.0575289
0.061009
0.0742697
0.0653011
0.0761206
0.0796042
0.0764617
0.0703939
0.0843282
0.081842
0.100028
0.10824
0.105504
0.0829424
0.0981399
0.104096
0.105652
0.113322
0.106977
0.0960241
0.0852171
0.100379
0.100887
0.0953819
0.0793896
0.0543716
0.0655162
0.0818021
0.0984974
0.0839595
0.106956
0.0900048
0.0881515
0.107882
0.0923843
0.0656496
0.0721081
0.0627658
0.0665418
0.0653703
0.05769
0.060436
0.0697793
0.0748991
0.0756587
0.0660266
0.069577
0.0586396
0.0599492
0.0571958
0.0610675
0.0698169
0.0756896
0.0579275
0.0752547
0.0742307
0.0767823
0.068818
0.0698183
0.0702478
0.0614035
0.0559569
0.0563828
0.0576738
0.0608128
0.0581627
0.0593164
0.0614372
