0.132296
0.128662
0.124936
0.133566
0.119373
0.125563
0.121201
0.140785
0.146027
0.131479
0.151898
0.178192
0.173494
0.159623
0.179902
0.181833
0.186655
0.177618
0.172696
0.171507
0.186059
0.169301
0.200743
0.206225
0.204352
0.192257
0.213403
0.228083
0.198753
0.275371
0.287346
0.258424
0.365006
0.312696
0.328306
0.263929
0.255347
0.25771
0.267971
0.27559
0.274637
0.195404
0.21566
0.278214
0.447398
0.446418
0.52179
0.466679
0.632298
0.510834
0.569778
0.551026
0.452766
0.39135
0.417349
0.604157
0.582354
0.481309
0.456196
0.653447
0.870439
0.578378
0.575115
0.537293
0.654694
0.709848
0.510632
0.726658
0.672397
0.550649
0.607952
0.563646
0.540363
0.601664
0.581517
0.629205
0.575972
0.57442
0.552472
0.58837
0.656367
0.52636
0.582156
0.667453
0.758699
0.700288
0.657191
0.635814
0.572674
0.570138
0.586815
0.762571
0.737774
0.603839
0.733814
0.648845
0.677964
0.618793
0.682955
0.576969
0.745945
0.725617
0.675528
0.632933
0.739874
0.62295
0.756819
0.731427
0.72447
0.748867
0.706611
0.675733
0.694494
0.707657
0.698353
0.706713
0.661195
0.770085
0.679039
0.7066
0.967316
0.883811
0.924447
0.708294
0.78896
0.818905
0.760504
0.906624
0.870463
0.7597
0.967811
0.88479
0.831084
0.831232
0.997011
0.824887
0.886851
0.81309
0.858121
0.813177
0.989447
0.938563
0.960461
0.956218
0.8809
0.85252
0.871185
0.8178
0.838246
0.933415
0.819666
1.0748
1.25974
1.10386
1.51503
1.22963
1.18514
1.09988
1.24398
1.07978
1.18732
1.04848
1.39249
1.34663
1.4258
1.64848
1.2594
1.6004
2.1935
