4.19176
3.14181
3.37504
3.41834
3.19735
3.13214
2.93501
3.09567
3.30127
2.79904
2.63236
3.08029
2.70381
2.91278
2.61851
2.69872
2.48991
2.40053
2.44861
2.62416
2.5664
2.5188
2.37547
2.55448
2.56446
2.73909
2.37796
2.73641
2.47421
2.65367
2.28168
2.62697
2.43715
2.2692
2.68186
2.43009
2.26726
2.45442
2.34641
2.20309
2.14802
2.65723
2.41485
2.46135
2.13615
1.98686
2.49297
2.52058
2.43407
2.60358
2.49847
2.132
2.63746
2.38165
2.23603
2.19285
2.64932
2.35941
2.22492
2.23064
2.25393
2.21022
2.23323
2.22699
2.42971
2.03529
2.17461
2.34394
2.26132
2.32323
2.13267
2.17368
2.18095
2.20916
2.15044
2.35452
2.3062
2.37132
2.32832
2.15991
2.24591
1.99095
2.24527
2.22337
2.21324
2.08381
2.08206
2.11517
2.15999
2.05758
2.15237
1.94427
2.14827
2.16606
2.16447
2.2966
2.25704
2.05966
2.16397
2.11346
2.14594
1.90791
2.0247
1.9543
2.05471
2.01176
2.1129
1.98514
1.91315
1.87165
1.92813
1.87767
1.94023
1.82634
1.84625
1.87981
1.83759
1.76467
1.77176
1.86884
1.88172
1.82358
1.76491
1.88729
1.83132
1.89721
1.87622
1.73505
1.82696
1.76963
1.65636
1.58249
1.79158
1.76689
1.73149
1.77107
1.75461
1.81297
1.79656
1.76651
1.76641
1.7542
1.80537
1.80421
1.71734
1.65695
1.70951
1.64064
1.86035
1.70385
1.57559
1.77521
1.74046
1.59561
1.72124
1.65116
1.81187
1.68539
1.64762
1.75234
1.61619
1.62594
1.54289
1.65118
1.59502
1.59401
1.75375
1.81543
1.62214
1.69762
1.47781
1.63892
1.69525
1.61401
1.4937
1.45545
1.62043
1.5442
1.65836
1.62106
1.48882
1.59743
1.48729
1.65707
1.62855
1.67568
1.60078
1.48618
1.53408
1.65511
1.49407
1.50279
1.60474
1.5582
1.69505
1.39192
1.56298
1.44595
1.5409
1.48709
1.46551
1.57019
1.39546
1.52272
1.47311
1.59064
1.55922
1.50633
1.47219
1.34007
1.5144
1.45521
1.42138
1.38859
1.39716
1.34298
1.48819
1.58075
1.48038
1.52293
1.49404
1.54948
1.30709
1.43009
1.54693
1.42529
1.62085
1.54265
1.62244
1.37051
1.49314
1.57406
1.5385
1.55795
1.42903
1.41058
1.44078
1.47331
1.46228
1.59804
1.69712
1.37727
1.31685
1.31301
1.3555
1.41012
1.52652
1.51315
1.42966
1.39872
1.51753
1.59638
1.41359
1.36183
1.217
1.62873
1.46628
1.42704
1.45123
1.20328
1.43217
1.4008
1.32317
1.27061
1.38502
1.28389
1.28622
1.22927
1.28927
1.23328
1.18994
1.06948
1.25363
1.44231
1.33682
1.21349
1.20755
1.26032
1.2503
1.15581
1.34181
1.19407
1.29999
1.23325
1.25296
1.22015
1.24526
1.23143
1.1513
1.2611
1.32724
1.20421
1.3958
1.39506
1.23712
1.52785
1.35552
1.60258
1.4502
1.35071
1.45914
1.85238
1.45419
1.39838
1.31831
1.47588
1.37896
1.53639
1.49636
1.4915
1.4086
1.40244
1.38944
1.4943
1.39854
1.40202
1.46773
1.74124
1.87833
1.68096
1.6177
1.48357
1.57276
1.74317
1.80513
1.66897
1.73563
1.49307
1.34258
1.354
1.82497
1.32502
1.6271
1.34959
1.46427
1.37695
1.46902
1.59704
1.38841
1.51053
1.45941
1.5241
1.34646
1.41166
1.29738
1.5714
1.63589
1.42334
1.17537
1.51523
1.38284
1.52901
1.35443
1.22538
1.51698
1.42339
1.43035
1.17449
1.24238
1.46116
1.38894
1.55653
1.34906
1.37015
1.35714
1.27371
1.26522
1.28105
1.43149
1.34417
1.5786
1.24192
1.51099
1.50479
1.50218
1.26802
1.38191
1.23598
1.38539
1.49882
1.43574
1.26809
1.24679
1.22205
1.10495
1.30551
1.2254
1.29726
1.14005
1.20059
1.38209
1.05064
1.21865
1.40333
1.34271
1.32109
1.47126
1.52046
1.18826
1.44603
1.31116
1.45997
1.44465
1.24706
1.3305
1.31138
1.18746
1.33807
1.26395
1.38261
1.3241
1.35733
1.42573
1.33681
1.28273
1.3097
1.35849
1.29497
1.36674
1.40385
1.40545
1.24168
1.27243
1.29527
1.38687
1.35575
1.22068
1.26747
1.27491
1.24457
1.3635
1.35062
1.43384
1.27855
1.27805
1.34178
1.12829
1.29376
1.32095
1.20793
1.19952
1.26576
1.35019
1.30694
1.13173
1.30928
1.28096
1.16811
1.26081
1.23141
1.08315
1.12887
1.24805
1.2282
1.30492
1.3075
1.20123
1.0815
1.15363
1.16757
1.03931
1.0657
1.28036
1.38418
1.25586
1.0587
1.13857
1.06285
1.1784
1.03916
1.15998
1.0267
1.23433
1.2259
1.0519
1.10567
1.01771
1.17138
1.3627
1.19619
1.06236
1.13852
1.17298
1.18337
1.14455
1.10119
1.11453
0.976803
1.0046
1.14533
1.07259
1.07404
1.11595
1.06382
1.12797
1.12445
1.23331
1.29128
1.22158
1.07782
1.08124
1.12884
0.987587
1.09345
1.08985
1.1141
1.0025
1.145
1.13647
1.11363
1.10841
1.10089
1.07532
1.0226
0.918871
1.1557
1.09143
0.984471
1.1231
1.06841
1.1259
1.05206
0.959922
0.930261
0.965804
1.03469
1.03176
1.05099
1.02407
1.12176
0.920738
0.955383
1.07446
1.0225
1.08702
1.02937
0.929546
1.0573
1.10487
1.04863
1.04888
0.98392
0.858889
1.06521
1.05332
1.07912
1.01265
0.912593
0.911759
0.986194
0.978346
0.916068
0.998567
0.904647
0.917517
0.869889
0.970208
1.00771
0.960246
0.874986
0.960189
0.960346
0.922938
0.943154
0.854697
1.00932
1.01035
0.860236
0.933037
0.871479
0.993393
0.954359
1.00143
0.845978
0.872191
0.938399
0.911378
1.02358
0.911049
0.953503
0.931045
0.885958
0.907695
0.986534
1.00957
0.943571
0.9355
0.947692
0.917913
0.883274
0.891189
0.895375
0.79981
0.838497
0.870154
0.950355
0.800204
0.881082
0.898969
0.88847
0.935357
0.865493
0.890804
0.822502
0.934355
0.906354
0.91806
0.924126
0.772817
0.847931
0.87469
0.858738
0.828008
0.908538
0.86225
0.869707
0.836187
0.878212
0.787188
0.872736
0.775167
0.968238
0.900936
0.821409
0.772943
0.825533
0.739591
0.837802
0.800451
0.893047
0.802345
0.826665
0.74769
0.754779
0.784874
0.765022
0.847806
0.737192
0.779114
0.769164
0.876561
0.885661
0.750388
0.872565
0.811887
0.830141
0.829581
0.753395
0.864792
0.805981
0.789547
0.856417
0.882727
0.884853
0.873282
0.812148
0.802552
0.803384
0.831131
0.827916
0.767082
0.827156
0.746694
0.807923
0.816265
0.843625
0.838413
0.839055
0.844649
0.835396
0.786739
0.795211
0.785254
0.811549
0.824832
0.779944
0.820367
0.774389
0.781543
0.787675
0.792508
0.76172
0.767992
0.833403
0.81039
0.792085
0.740485
0.782907
0.769246
0.742592
0.783281
0.776058
0.777397
0.724198
0.751937
0.741801
0.740736
0.794516
0.760484
0.832608
0.749954
0.716761
0.756251
0.759618
0.797524
0.783047
0.763878
0.762312
0.759276
0.769279
0.799784
0.78266
0.80023
0.752714
0.776158
0.730322
0.703951
0.75354
0.756894
0.725325
0.744039
0.713976
0.726995
0.728253
0.726453
0.738789
0.725262
0.723397
0.729771
0.725645
0.717831
0.691109
0.676538
0.713921
0.621312
0.665014
0.663885
0.583188
0.548702
0.544263
0.461634
0.420496
0.414924
0.400044
0.365102
0.295232
0.310534
0.297525
0.293851
0.280813
0.263961
0.27174
0.250394
0.242274
0.249174
0.243444
0.258727
0.247133
0.232679
0.237675
0.234646
0.20487
0.236126
0.222018
0.225532
0.21473
0.208698
0.204036
0.218551
0.210561
0.232346
0.211798
0.200939
0.204067
0.204934
0.181806
0.198387
0.200683
0.181048
0.199727
0.16576
0.195808
0.218083
0.188879
0.197223
0.224279
0.184232
0.174965
0.204546
0.206381
0.182244
0.181152
0.182132
0.198479
0.198698
0.179488
0.185071
0.172052
0.167841
0.166405
0.167175
0.155336
0.152331
0.151751
0.149546
0.152941
0.137389
0.125599
0.116553
0.121342
0.116949
0.128748
0.116631
0.132406
0.117096
0.0938163
0.098607
0.105038
0.10375
0.0928317
0.0954966
0.0953759
0.0941566
