0.147386
0.141234
0.135806
0.125236
0.136784
0.160719
0.172289
0.174158
0.196474
0.160979
0.148489
0.147739
0.165576
0.192307
0.221591
0.18661
0.166196
0.234348
0.237502
0.164732
0.161393
0.159427
0.174938
0.26048
0.185481
0.208495
0.208942
0.172215
0.210361
0.294492
0.178375
0.192289
0.260392
0.208464
0.224588
0.199556
0.239252
0.260919
0.264439
0.276788
0.254757
0.272714
0.237935
0.23149
0.260003
0.252818
0.245118
0.346027
0.396114
0.547984
0.416099
0.353258
0.543025
0.425777
1.82236
0.874496
1.43617
2.13164
1.38347
0.746264
0.652255
0.61549
0.533361
0.863283
0.958319
0.923196
0.811929
1.0289
1.33043
1.27247
1.36963
1.48543
1.57847
1.85524
2.04217
1.91577
1.96517
2.33922
2.06336
2.14075
2.25822
2.49532
2.41832
2.61039
2.32843
2.31638
2.3812
2.5395
2.38858
3.55044
2.65584
2.2174
2.28702
2.76354
2.19595
2.65051
2.66737
2.60819
3.17607
3.16198
3.88468
3.53095
3.48681
2.59282
3.02943
4.08888
4.3892
3.7517
3.97642
3.71486
4.27543
3.85926
5.04964
5.37433
4.31402
5.76732
4.4564
4.4416
5.37874
4.3606
4.74934
4.63234
5.53451
6.5718
6.00456
6.29391
5.77862
5.99913
5.83682
6.75852
6.63202
7.85413
5.83396
7.06609
7.12468
6.38427
7.1447
6.86322
7.08705
6.39809
6.9996
7.64502
5.28639
5.58038
5.37838
6.31066
7.3948
6.45857
5.64126
6.06926
7.51444
7.59708
8.3147
8.16846
7.60373
9.84185
8.21719
8.7664
8.14825
8.74667
8.7715
7.8532
8.17638
9.69613
7.74156
7.04282
9.33964
8.13119
7.53476
8.02486
8.62757
8.80619
8.04641
8.0435
7.77437
9.54781
9.56375
9.76585
9.9521
10.3911
10.1729
9.87068
11.6063
9.93701
11.0033
9.96493
10.813
9.15416
10.5224
11.6724
10.6397
10.6339
10.2091
10.8554
10.7963
11.8299
11.4643
11.4568
13.0485
12.9423
10.8145
13.593
11.3155
11.9445
11.2221
12.2807
11.7263
11.3236
13.8931
13.8341
13.9126
10.9778
12.1196
11.4653
11.3158
10.7157
12.2444
11.1276
12.0098
10.7836
9.94043
10.2363
11.5741
13.7174
11.4527
11.7416
12.1242
11.887
11.7115
7.99775
12.0301
12.204
9.90883
8.5863
10.4357
