2.32161
2.15222
2.88826
3.53599
2.73007
4.53938
4.05147
4.3533
5.69843
8.57612
9.87924
9.42637
9.51681
6.86915
8.58475
7.41217
8.7184
7.13665
7.47519
8.336
9.01929
8.39649
6.51149
7.40332
8.17413
8.68461
8.75025
7.84264
7.27646
8.59177
7.1488
9.23602
8.92418
8.51624
7.92844
7.40554
7.98023
7.69509
7.58902
8.89247
8.86497
8.14388
7.2514
7.64535
7.32544
8.40837
8.37064
7.48003
8.25541
8.05954
8.0655
8.16412
7.14888
7.22568
8.2224
8.44827
9.11781
7.741
7.54362
7.85026
6.41195
7.12887
7.50838
6.56346
7.27598
6.97052
7.91852
7.47479
7.0804
6.89988
7.23397
6.73215
5.21852
8.83951
7.22428
7.06553
6.50884
6.23737
5.53948
7.55479
8.28096
9.0952
6.02667
5.61705
5.46397
6.15387
6.19146
6.66397
5.49506
5.77399
4.96875
5.88651
5.783
7.21657
7.83175
6.82102
5.84492
5.9902
6.67465
4.83046
5.39426
6.03446
4.23106
5.90066
5.6516
5.07824
5.34976
4.5196
4.99161
5.20245
5.38555
5.57477
6.60626
3.77321
5.21891
5.99056
4.85409
3.87798
4.85918
4.39535
4.42369
3.1257
5.49959
4.54989
3.5333
3.14111
3.76071
3.58412
3.94403
4.5276
4.46321
4.55795
6.0133
4.59762
4.1554
3.79014
3.51666
3.02022
2.72449
2.25302
2.23521
3.53113
3.49282
