1.21923
1.04523
1.02593
1.15588
1.13115
0.859687
1.00332
0.866708
0.900118
1.0381
0.779524
0.922548
0.882984
0.888554
0.798685
0.81396
0.770639
0.859056
0.879877
0.777986
0.695139
0.717968
0.737373
0.88878
0.947044
0.780851
0.597514
0.802852
1.01841
0.676596
0.912293
0.907578
0.91458
0.954031
1.02291
0.991786
1.02309
0.995604
1.03592
1.23617
1.20405
1.01613
1.02191
1.07186
1.01281
1.18572
1.31078
1.17549
1.3284
1.16035
1.06666
1.45236
1.23073
1.29483
1.35221
0.983464
0.867151
0.807527
0.913571
0.918578
0.857662
1.06434
0.915394
0.850902
0.961154
1.10803
1.11708
0.998336
1.11046
1.5665
1.12498
1.6393
1.58267
1.26241
1.40172
1.53388
1.59235
1.44832
1.56067
1.48706
1.52245
1.75454
1.5839
1.5636
1.46767
1.48876
1.77072
1.40877
1.84053
1.70352
1.54221
2.14176
1.65471
1.8622
1.6456
1.85034
1.75853
1.71981
1.72277
1.85231
1.76536
2.00522
1.77959
1.34682
2.02185
2.0042
1.84064
1.55991
1.73593
1.68199
1.83623
1.87899
1.79109
1.48527
1.99021
1.78232
1.93615
2.01961
1.3851
2.10106
1.93158
1.50838
1.85759
1.80471
2.26902
1.55622
1.79957
1.83306
2.28372
2.02133
1.75643
2.17697
2.20112
1.94946
1.84701
1.96292
2.04933
2.05493
1.99417
1.64211
1.57317
1.74818
1.45444
1.83923
1.58572
1.62954
1.50027
1.41078
1.6432
1.76141
1.78444
1.48098
1.91494
2.01986
1.47455
2.01179
2.09635
2.1343
2.09424
2.03824
1.76077
1.74821
2.00346
1.75229
1.97242
1.71058
2.10952
2.28179
1.82008
2.03982
1.90503
2.02023
2.12654
2.09376
2.12038
1.92281
1.8571
1.80333
1.72343
1.91707
1.73131
2.05042
1.97866
2.34429
2.12655
1.9058
1.93989
2.03849
1.91297
1.79656
2.04128
2.1135
2.13201
2.16687
2.24008
2.41824
2.02231
1.97786
2.44396
2.52493
2.25926
2.2645
2.34522
2.47831
1.94725
2.10851
2.37454
2.63376
2.32732
2.81449
2.61427
2.41693
2.37072
2.857
2.5332
2.29852
2.28858
2.43121
3.10326
2.6072
2.55833
2.77722
2.41059
2.6703
2.56754
2.5103
2.39652
2.16886
2.49528
2.79033
2.22427
2.6376
2.4793
2.67904
2.4436
2.57259
2.44218
2.53304
3.24986
2.38759
2.54768
2.96511
2.72171
2.22253
2.56115
2.60341
3.366
3.0862
2.90833
3.0479
2.66726
3.14526
2.85187
2.6581
3.1549
3.00187
3.27377
2.9295
2.98526
3.44153
3.48269
3.37574
3.00497
2.90746
3.33829
2.98634
2.29053
3.14251
2.58882
2.83776
2.99678
2.62831
2.91286
3.34151
3.27205
3.01196
2.65444
3.15753
2.90777
3.32587
3.15985
3.94266
2.65568
4.25287
3.36567
4.07872
3.50243
4.24407
3.67508
3.49641
2.96422
3.81396
3.8099
3.31613
4.17531
3.18274
3.81116
4.21428
3.63906
3.24529
3.01094
3.86471
3.65581
4.89645
3.7608
4.35938
3.49964
3.32006
4.23574
3.60204
2.99077
2.69676
2.76228
3.53542
3.19667
3.49662
3.26204
3.89795
3.84076
5.14377
4.00056
4.77459
4.45034
3.98469
3.8011
2.8034
2.76428
3.88407
2.35555
2.7865
3.00187
2.78954
2.7179
3.13584
2.76493
3.02539
3.00658
3.45423
3.00781
2.97876
3.48029
2.70177
3.31597
3.1817
3.98459
3.63667
4.1107
4.76237
4.03447
5.13175
5.70997
4.60964
6.01716
8.20734
6.12042
7.25652
7.66563
8.48278
7.50865
9.11552
8.39021
9.45977
9.13336
8.61242
9.80644
