0.22409
0.189206
0.246683
0.214561
0.228271
0.275158
0.228361
0.24639
0.233667
0.21281
0.253179
0.262139
0.279017
0.247163
0.243222
0.267295
0.284297
0.285217
0.254465
0.317834
0.281025
0.311472
0.272564
0.308708
0.323161
0.325651
0.290803
0.303261
0.287281
0.349082
0.339514
0.281363
0.31999
0.317854
0.296787
0.332199
0.308668
0.346338
0.32524
0.324374
0.303575
0.334702
0.337945
0.347801
0.335313
0.302658
0.292473
0.253142
0.35626
0.318544
0.28559
0.309603
0.29572
0.306025
0.328746
0.360788
0.360926
0.262614
0.30757
0.31977
0.312812
0.268096
0.297169
0.362485
0.337384
0.415985
0.345439
0.310439
0.374192
0.35531
0.35684
0.392484
0.339808
0.315497
0.317718
0.340502
0.3109
0.281368
0.338563
0.327109
0.344359
0.296689
0.29976
0.285908
0.281205
0.331754
0.330014
0.332684
0.399428
0.398408
0.346272
0.38609
0.323639
0.356562
0.391909
0.283272
0.445001
0.371476
0.389743
0.275579
0.336129
0.318391
0.299436
0.316694
0.248847
0.259436
0.299714
0.234927
0.294629
0.297053
0.302613
0.31222
0.335518
0.379398
0.311075
0.333926
0.294251
0.350406
0.372396
0.346102
0.336644
0.346697
0.380809
0.340377
0.288362
0.368456
0.284822
0.287979
0.313541
0.311979
0.316281
0.344931
0.303342
0.323037
0.274063
0.358032
0.384245
0.351026
0.338084
0.354295
0.357744
0.402293
0.407271
0.362086
0.336617
0.441508
0.392856
0.389095
0.356368
0.334195
0.386161
0.479128
0.274442
0.413074
0.35235
0.496538
0.484688
0.422608
0.393528
0.552576
0.54262
0.761555
0.655136
0.71744
0.584897
0.625368
0.709646
0.572424
0.734853
0.769041
0.478721
0.394388
0.519249
0.557541
0.511531
0.686717
0.579433
0.593067
0.685378
0.618837
0.4927
0.394153
0.47789
0.575356
0.487078
0.577244
0.504234
0.374912
0.49143
0.418758
0.541193
0.554905
0.441576
0.502295
0.455166
0.523368
0.358857
0.403428
0.536079
0.519498
0.650977
0.415507
0.350249
0.385666
0.353469
0.405224
0.433096
0.404953
0.426171
0.392333
0.410708
0.357927
0.414195
0.35277
0.287441
0.434971
0.366663
0.379445
0.349769
0.333515
0.352984
0.305971
0.585513
0.666704
0.655998
0.608919
0.517698
0.337512
0.352245
0.476205
0.702935
0.441613
0.514534
0.426852
0.412509
0.453559
0.386938
0.415787
0.487386
0.402014
0.393252
0.409481
0.370656
0.429592
0.391076
0.344469
0.529619
0.535553
0.405114
0.471177
0.491198
0.457605
0.560481
0.721627
0.736297
0.560812
0.390409
0.478411
0.533497
0.514687
0.580883
0.509324
0.615481
0.618372
0.459412
0.628552
0.592321
0.532318
0.599724
0.556018
0.548889
0.414127
0.496306
0.505484
0.456296
0.449984
0.616258
0.544769
0.57735
0.400917
0.401466
0.381735
0.481144
0.422514
0.59589
0.57087
0.582862
0.63733
0.790569
0.642925
0.433787
0.41703
0.455619
0.442427
0.391077
0.517972
0.469944
0.399225
0.62503
0.511571
0.595538
0.566583
0.535522
0.445487
0.488074
0.509865
0.379593
0.429926
0.452816
0.479379
0.429021
0.513048
0.443312
0.441886
0.47877
0.398941
0.529625
0.459335
0.423026
0.32694
0.421124
0.458355
0.469949
0.44134
0.4961
0.421113
0.455045
0.425545
0.422163
0.42869
0.411741
0.40343
0.444981
0.445486
0.504118
0.400527
0.38008
0.456505
0.444695
0.44245
0.472828
0.445274
0.419346
0.492139
0.448216
0.410395
0.335776
0.43712
0.425235
0.475374
0.482439
0.484085
0.477988
0.421834
0.453816
0.49397
0.488234
0.50678
0.408338
0.45367
0.473009
0.464722
0.466721
0.545582
0.509932
0.46569
0.542276
0.486266
0.41807
0.429617
0.430782
0.374717
0.384883
0.473093
0.429994
0.468083
0.533771
0.530888
0.612903
0.579834
0.590041
0.754631
0.655846
0.730069
0.666215
0.679603
0.639849
0.576483
0.628783
0.578916
0.640862
0.470311
0.688273
0.671737
0.662375
0.605588
0.72403
0.581246
0.713126
0.748153
0.646023
0.672307
0.677245
0.735702
0.570368
0.613773
0.777288
0.680377
0.574618
0.663452
0.625012
0.695249
0.64815
0.708842
0.711612
0.822225
0.687937
0.614851
0.818864
0.702802
0.712433
0.766289
0.720765
0.875347
0.8145
0.672436
0.678084
0.703612
0.685479
0.8291
0.720064
0.676344
0.748116
0.648821
0.745471
0.673547
0.918491
0.887418
0.893777
0.83638
0.819447
0.717205
0.859776
0.863961
0.82431
0.73952
0.767016
0.699034
0.802615
0.810078
0.79049
0.92254
0.87938
1.02872
0.886882
1.00706
0.913249
0.900394
0.965328
0.884853
0.906721
1.16592
1.0488
0.932482
0.997564
0.827352
1.02802
0.860558
0.907975
0.930856
0.928792
1.17457
0.817759
1.03709
0.963136
0.827686
0.943654
1.07731
0.851621
1.07474
1.16975
1.02193
0.983364
0.917408
0.874501
0.932868
0.978528
0.975622
0.908193
0.934958
1.00117
0.935821
0.860162
1.02694
0.992768
1.01886
0.948027
1.03853
0.995223
1.23198
1.11814
1.27685
1.07448
1.19781
1.15511
1.0129
1.15103
1.04592
1.15949
1.11857
1.07527
1.0747
1.04678
1.04064
1.10597
1.10724
1.05159
1.11765
1.18456
1.19165
1.08507
1.15645
1.15052
1.13649
1.10725
1.31353
1.25827
1.22874
1.04467
1.11434
1.03044
1.16229
1.21816
1.04423
1.14908
0.931991
1.09529
1.07553
1.15002
1.20606
1.03573
1.08089
0.976573
1.08534
0.939029
1.24524
1.19964
1.20116
1.28228
1.21994
1.41205
1.36766
1.34611
1.27319
1.30641
1.39827
1.47347
1.34504
1.10874
1.28223
1.43632
1.4175
1.6522
1.46661
1.31626
1.27217
0.991713
1.39133
1.70073
1.56737
1.70403
1.42516
1.62407
1.5376
1.54026
1.52883
1.41767
1.4835
1.52253
1.41576
1.48886
1.3745
1.29192
1.37676
1.50805
1.52009
1.41018
1.45853
1.44938
1.62423
1.35534
1.73251
1.53806
1.5484
1.58299
1.61049
1.67648
1.87218
1.70747
1.68421
1.85391
1.54642
1.8045
1.49776
1.75157
1.85877
1.67882
1.47781
1.73469
1.62309
1.79207
1.57425
1.63011
1.65599
1.64329
1.57705
1.63184
1.7638
1.83445
1.53254
1.8823
1.85364
1.62588
1.82821
1.86732
1.75799
2.00573
1.94908
1.9815
1.94453
2.18628
1.64621
1.54756
2.24723
2.51567
1.94695
1.86737
1.99646
1.99693
2.16044
2.02066
2.13132
2.14783
2.27828
2.2128
1.92571
1.87196
2.27141
1.79279
1.62483
1.98614
1.82148
1.67596
1.94604
1.60558
2.07928
2.36673
2.02675
2.81934
2.22258
2.15347
1.49048
2.21571
2.43114
3.13986
2.82564
1.88773
2.95277
1.94841
1.22104
2.62447
1.82447
1.45509
2.46929
1.7727
1.44846
1.61702
1.54793
1.66407
1.59184
1.94795
1.75492
2.15976
1.83936
2.11878
2.05536
1.91701
1.55023
1.56608
1.65634
1.77302
1.77431
1.72394
1.988
1.85983
2.30903
1.73242
2.08841
1.6229
1.58599
2.17281
1.83716
1.83499
2.10696
1.88849
1.84863
2.09064
1.85105
1.71483
1.53582
1.93822
1.93045
1.93151
1.93912
1.85972
1.49609
1.71255
2.06624
1.716
1.88596
2.08925
1.9233
1.82007
1.87546
2.2174
2.13733
2.21085
2.49719
2.59267
2.49925
2.7546
2.97439
2.75772
2.80387
3.04392
2.80965
2.21827
2.07362
1.87168
1.95404
2.18172
2.95115
2.72098
3.02121
4.16336
