0.656378
0.844905
0.829547
0.822602
0.820342
0.732908
0.720072
0.758778
0.719437
0.809935
0.826222
0.771488
0.754927
0.750201
0.770562
0.743071
0.73148
0.740291
0.799405
0.939184
0.821581
0.848013
0.86732
0.892921
0.743203
0.824896
0.8454
0.806165
0.867194
0.762684
0.808381
0.91234
0.856824
0.864959
0.83796
0.821441
0.889546
1.37611
1.36032
1.42632
1.49292
1.34111
1.4155
1.55823
1.71407
1.79007
1.93724
2.02382
2.27164
2.86174
2.1077
2.32811
2.27843
2.27625
3.00852
3.09504
3.45939
3.1387
3.29218
3.51434
3.31281
2.94928
2.94574
2.82576
3.3152
2.48287
2.86891
3.0184
3.71092
3.59296
4.22748
3.57393
3.5719
3.15704
3.78272
3.29253
3.17424
3.46238
4.21664
3.66281
3.34072
3.35723
2.95005
3.23655
4.50701
4.36452
4.97176
3.94353
5.88545
4.7347
5.58473
6.60956
6.27763
5.13976
5.32461
7.2604
6.24411
6.7176
6.80149
6.2092
7.22632
6.6257
6.49852
6.45963
6.03837
6.61886
6.69359
7.15825
6.82877
6.80627
7.49557
6.67479
6.37817
6.8819
5.63539
5.81931
7.02007
6.30925
7.13967
6.42631
5.8996
6.53822
6.63107
5.20198
5.17538
7.9279
5.15808
6.39569
5.34174
6.14898
5.30944
4.84059
7.03712
7.24412
5.88944
5.90292
7.42834
6.51526
5.63582
6.77965
7.91756
8.37784
7.89853
6.85828
