3.31022
3.13867
3.99859
1.91318
2.30818
4.00545
4.10674
3.67232
4.34597
5.70688
6.2715
7.19339
6.72735
6.54695
7.50942
6.44215
6.93609
5.23847
7.32926
7.80463
7.64278
8.05514
9.70829
9.65726
8.50966
8.12003
9.44939
9.55516
10.1584
10.9172
12.8403
11.0794
9.78511
10.7428
11.6358
11.0113
11.5729
11.222
11.3189
11.2936
13.1861
14.2969
13.2664
12.7414
13.4831
15.7085
13.3725
13.6193
13.5273
13.5556
14.8945
14.8143
13.835
15.3321
16.2427
15.8771
16.0415
15.3779
14.0974
15.5753
16.265
16.7231
15.4298
16.4744
17.4792
16.7674
15.8963
17.2302
15.912
16.6
16.5354
17.0903
17.3152
16.4478
15.8629
17.3203
17.6602
14.4731
19.3185
18.8961
18.3286
19.9416
22.4329
21.693
22.5416
19.7677
26.993
22.7752
22.3155
30.4501
30.5592
33.4144
