0.160429
0.159963
0.1737
0.155614
0.304355
0.290228
0.60648
1.14962
1.93485
1.51253
1.50813
1.33672
1.17336
0.98441
1.56459
1.33981
2.09399
1.38799
1.20785
1.45451
2.07141
1.26529
1.53658
1.75091
1.22495
1.70339
1.12574
1.15633
1.17288
0.940942
1.07239
0.813678
1.21419
0.820184
1.08561
0.81642
1.07822
0.964016
0.912335
0.907457
1.00671
0.993623
0.811209
0.776565
1.00828
1.37214
0.930377
0.919947
1.43711
0.956538
1.06775
0.75171
1.30039
1.12007
1.04663
0.865411
0.930211
0.946909
1.15501
1.08345
0.862333
1.10733
1.03221
1.03469
0.997664
1.23144
0.814434
1.27743
1.54904
1.17152
1.42423
1.33877
1.3594
1.30302
1.2172
0.917389
0.885002
1.17238
1.00835
1.22411
1.18488
1.05306
1.0407
1.36226
1.08624
0.958041
0.978103
1.56899
1.36874
1.19816
1.1722
1.0864
1.35428
0.971661
0.880471
1.00707
0.996516
0.678581
1.11193
0.919772
0.800216
0.780191
1.02586
0.888001
0.601846
0.776934
0.795949
1.0217
1.04698
0.65547
0.929069
0.795133
0.990502
0.808725
0.889924
0.845508
0.619636
0.649241
0.632655
0.629784
0.733517
0.519356
0.583221
0.674587
0.764494
0.772561
0.871422
1.01547
0.889928
0.907661
0.960849
0.764925
0.844264
0.841522
0.739793
0.729774
0.94501
1.11309
1.11024
1.12208
1.10028
0.946876
0.895359
0.986381
1.13994
1.09313
1.08892
1.2103
1.40364
1.18053
1.02603
1.15237
0.997122
1.02266
0.774443
1.02829
1.01981
0.984091
1.05326
1.06845
0.924185
0.973594
0.892683
0.806099
0.801114
0.861947
0.89668
0.751609
0.803604
0.868192
0.749206
0.776365
0.759382
0.76624
0.775278
0.773675
0.758743
0.687639
0.840464
0.702324
0.795668
0.832986
0.8086
0.72288
0.717797
0.662062
0.861073
0.831068
0.789393
0.78269
0.913929
1.00899
0.852714
0.920022
0.912093
0.852654
0.840097
0.906685
0.841321
0.867212
0.843529
0.745061
0.884514
0.869741
0.837096
0.959151
0.808392
0.801916
1.08619
0.902727
1.04298
0.851501
1.04743
0.760359
0.879095
0.899351
1.0209
0.919296
0.874474
1.28715
1.11162
1.13506
1.06107
1.11784
1.05361
0.958059
0.857572
1.03395
0.745539
0.927927
0.590989
0.675506
0.72134
0.579181
0.682142
0.409862
0.762039
0.615468
0.419258
0.454798
0.813547
0.638989
0.558007
0.665425
0.69448
0.66832
0.567737
0.569956
0.497647
0.471533
0.448662
0.506034
0.52075
0.437965
0.475718
0.381723
0.50055
0.474977
0.437884
0.447824
0.560982
0.419556
0.438268
0.480836
0.354667
0.475788
0.470809
0.495958
0.592095
0.482419
0.603073
0.454196
0.553752
0.519316
0.493997
0.51617
0.57655
0.566305
0.471596
0.510747
0.485274
0.394319
0.532299
0.46305
0.360435
0.388981
0.444678
0.455249
0.462601
0.438309
0.508202
0.433851
0.410903
0.464938
0.426686
0.462725
0.414696
0.399589
0.523676
0.422382
0.381302
0.421977
0.493166
0.36099
0.348585
0.338736
0.456871
0.410026
0.406286
0.384274
0.425538
0.40489
0.430706
0.446053
0.42226
0.423841
0.417586
0.444425
0.372526
0.358595
0.447368
0.34622
0.39671
0.390943
0.365101
0.288064
0.38757
0.374608
0.338421
0.294432
0.416015
0.39046
0.339817
0.378774
0.366803
0.375022
0.394736
0.375913
0.369495
0.350094
0.424325
0.406589
0.300488
0.382561
0.394006
0.406907
0.355414
0.385763
0.443109
0.39136
0.399171
0.400761
0.451002
0.459908
0.339816
0.360368
0.320843
0.278177
0.308923
0.337483
0.284955
0.368892
0.31996
0.302917
0.345048
0.372235
0.306615
0.373858
0.368222
0.372603
0.288435
0.302105
0.310127
0.283017
0.328797
0.268116
0.352481
0.280423
0.236055
0.236298
0.300615
0.254172
0.285623
0.198327
0.291799
0.267838
0.276772
0.289731
0.30802
0.31855
0.301341
0.257603
0.286995
0.255057
0.285738
0.237056
0.280104
0.257992
0.221738
0.210364
0.302178
0.264373
0.26748
0.275799
0.251568
0.301364
0.263573
0.232004
0.231673
0.25514
0.223239
0.217083
0.197427
0.237069
0.221993
0.217204
0.213283
0.204386
0.219334
0.205703
0.235428
0.248777
0.200539
0.20968
0.188949
0.176834
0.192167
0.204692
0.271518
0.220198
0.187782
0.215929
0.171018
0.238728
0.17597
0.193622
0.206799
0.219569
0.225318
0.19968
0.18231
0.195414
0.18836
0.186382
0.184661
0.193547
0.202983
0.181982
0.198291
0.159154
0.159012
0.156076
0.163548
0.154893
0.151209
0.179938
0.168478
0.145166
0.174125
0.180352
0.148164
0.191704
0.186633
0.178667
0.174175
0.184135
0.179087
0.185039
0.175981
0.235129
0.22128
0.20116
0.215036
0.291617
0.263855
0.181231
0.234521
0.382852
0.404479
0.233142
0.223342
0.238968
0.151121
0.154895
0.254208
0.211169
0.230513
0.265981
0.176495
0.196858
0.249339
0.171738
0.23498
0.275802
0.201017
0.189311
0.175924
0.234487
0.247428
0.242661
0.219881
0.328184
0.311985
0.318399
0.316459
0.348885
0.289395
0.279049
0.21285
0.282576
0.341052
0.301505
0.275425
0.341285
0.362498
0.324883
0.348695
0.368869
0.330223
0.431586
0.409756
0.266867
0.330264
0.233387
0.30601
0.316649
0.242619
0.27823
0.201585
0.198761
0.21725
0.207373
0.221086
0.186789
0.23328
0.218672
0.4227
0.206612
0.24477
0.198131
0.387355
0.210434
0.262504
0.128279
0.246108
0.205018
0.185287
0.144607
0.121765
0.163022
0.177743
0.120054
0.112542
0.170274
0.227623
0.206339
0.143236
0.161945
0.231814
0.184558
0.136475
0.151584
0.160067
0.155876
0.149384
0.128583
0.207026
0.17794
0.156006
0.12712
0.134793
0.2384
0.213878
0.16871
0.136334
0.15769
0.167445
0.237651
0.16907
0.156513
0.116046
0.129011
0.201867
0.202266
0.15966
0.140787
0.131249
0.217151
0.197828
0.141407
0.191485
0.191214
0.142986
0.18321
0.149332
0.173471
0.161211
0.183672
0.122418
0.213462
0.193977
0.153949
0.144701
0.128495
0.112203
0.117099
0.238443
0.116975
0.124935
0.122551
0.146406
0.138502
0.158855
0.0791858
0.0880392
0.0941548
0.102774
0.128946
0.130835
0.123488
0.175174
0.173756
0.135144
0.115073
0.130908
0.17469
0.149721
0.118817
0.136831
0.130607
0.120334
0.152025
0.119877
0.119806
0.124039
0.108602
0.134041
0.14476
0.158615
0.143319
0.125775
0.12736
0.13802
0.160276
0.112506
0.144848
0.125131
0.147804
0.122169
0.163852
0.134184
0.155226
0.181894
0.129083
0.127536
0.126374
0.135761
0.140891
0.138016
0.151336
0.141949
0.133766
0.0976829
0.14945
0.2074
0.18799
0.196647
0.210608
0.246827
0.21235
0.393954
0.301388
0.23044
0.193384
0.216528
0.165498
0.0894687
0.189268
0.176858
