0.997521
1.43887
2.54471
3.6305
3.19022
3.56215
2.56325
2.7987
2.89896
2.54529
2.27705
2.15141
2.80497
3.07074
3.35998
2.49716
2.21001
2.61886
2.31312
2.06085
1.69822
2.73156
2.57527
2.72241
2.27623
2.61302
2.63742
1.81619
2.00386
2.57353
2.83654
2.85599
2.13833
2.53518
2.43932
1.32675
1.60454
1.30606
1.15717
1.41146
1.22182
1.43616
1.54207
1.53034
1.67767
1.529
2.16245
1.23772
1.52652
2.49677
2.19968
1.98744
2.33917
2.10778
1.59574
2.27491
2.0384
2.02346
1.49467
1.67254
1.6698
1.39894
1.98258
1.62089
1.44932
1.79536
1.46094
1.34752
1.92638
1.76478
1.7065
1.52586
1.34937
1.51543
1.0408
1.17025
1.30066
1.05092
1.46787
1.34613
1.31701
1.43602
1.20162
1.48809
1.2659
1.47967
1.43858
1.22472
1.34995
1.44213
1.44887
1.2703
1.37672
1.21269
1.04406
0.880358
1.43366
1.12439
1.10097
1.28792
1.01975
1.24695
1.07751
1.18656
1.35783
1.18022
1.16382
1.39085
1.28197
0.998571
1.07341
0.843078
0.914261
0.898136
1.17521
0.952474
1.05495
1.21677
1.09832
1.22359
1.21818
1.19555
1.02481
1.03767
0.986454
0.953221
0.861808
0.859487
0.775107
1.04783
0.883766
0.828768
0.919339
0.968872
1.17138
1.08424
0.936155
1.02323
0.88931
1.03481
0.86469
0.990453
0.829067
1.01414
1.03108
1.20388
1.22995
0.928152
1.11588
0.891402
0.777705
0.941216
1.04522
0.738035
0.592278
0.592842
0.921918
0.865615
0.862407
0.848132
0.944384
0.821098
0.725312
0.827024
0.803156
0.562254
0.78913
0.651132
0.886749
0.74428
0.773427
0.979437
0.812094
0.977926
0.894031
0.871176
0.976531
0.995777
0.779619
0.681879
0.909986
0.728798
0.554067
0.528018
0.582822
0.935853
0.678434
0.444095
0.703939
0.573658
0.814799
0.923828
0.651548
0.885596
0.676023
0.886512
0.567441
0.429731
0.787906
0.641891
0.814565
0.683846
0.682539
0.92492
0.485725
0.580667
0.471433
0.618518
0.866602
0.608981
0.755462
0.765956
0.854111
0.505168
0.379836
0.634386
0.476616
0.591175
0.747202
0.551124
0.674665
0.687685
0.703009
0.745018
0.592795
0.974395
0.91925
0.736025
0.781469
0.63223
0.537723
0.460199
0.555286
0.336161
0.462446
0.491069
0.619134
0.672632
0.971708
0.828767
1.07926
1.19609
0.55276
0.444767
0.466062
0.273834
0.224533
0.388972
0.376369
0.529579
0.445743
0.395386
0.460618
0.439456
0.342706
0.327487
0.369383
0.310213
0.384212
0.529476
0.537051
0.792834
0.888499
0.880927
0.796404
0.700808
0.88815
1.18417
0.752156
0.663477
0.472248
0.499086
0.494279
0.483645
