0.345683
0.403753
0.51323
0.501467
1.90769
1.84486
0.971916
1.29049
1.49134
1.33117
1.05885
0.861445
1.18453
1.26013
1.08266
1.05209
1.1294
1.1722
1.23674
1.08761
1.12831
1.02741
1.15995
1.42668
1.51524
1.43375
1.14971
1.13852
1.09788
1.22044
0.865287
0.964813
0.885432
1.13234
0.830869
0.303559
0.253166
0.287703
0.292182
0.303054
0.304854
0.282494
0.298114
0.347433
0.363725
0.403305
0.326346
0.38409
0.398438
0.342651
0.371689
0.305969
0.301633
0.361233
0.311443
0.39201
0.320945
0.433593
0.479362
0.303575
0.404755
0.398403
0.346673
0.418815
0.462542
0.516174
0.734991
1.53828
0.957752
1.09667
0.879179
0.907456
0.964511
0.941384
0.992264
0.884461
0.899222
0.806961
0.899974
0.937777
0.834818
0.822582
0.761815
0.716991
0.797724
0.734919
0.768781
0.845599
0.793293
0.877547
0.871869
0.794943
0.771627
0.747016
0.784509
0.847985
0.805984
0.773905
0.86923
0.858682
0.821666
0.791665
0.763911
0.766998
0.885725
0.843377
0.836392
0.862151
0.920955
1.02475
0.904925
0.814833
0.907976
0.893875
0.970519
0.894285
0.798629
0.899001
0.929814
0.861848
0.874607
0.927293
0.860498
0.897434
0.932025
0.827268
1.02992
0.964436
0.965756
0.934759
0.934762
0.958426
1.08755
0.978846
0.904472
0.879367
1.00269
1.03129
0.95255
0.94299
0.991925
0.9191
1.04331
1.00615
0.987181
0.955709
1.05489
0.871693
0.82416
1.01242
1.04274
0.831471
0.704482
0.909872
1.09743
1.24564
0.948706
1.01169
0.893328
0.915464
0.924847
0.969435
0.982407
0.842658
0.847573
0.938966
0.871872
0.839089
0.717751
0.871843
0.891774
0.901074
0.900227
0.803322
0.783574
0.847069
0.777022
0.778405
0.75413
0.741813
0.789844
0.878655
0.814557
0.777777
0.758371
0.737463
0.762974
0.852773
0.802491
0.798159
0.750166
0.786066
0.787373
0.676858
0.733443
0.847388
0.840868
1.06959
0.729463
0.64627
0.819509
0.829807
0.885389
0.693081
0.997644
0.983291
0.665923
0.856655
0.961557
0.896747
0.725343
0.606282
0.879658
0.706466
0.659811
0.750105
0.686924
0.682685
0.637542
0.689575
0.689182
0.78189
0.687231
0.63034
0.794613
0.677345
0.776996
0.614783
0.787328
0.746203
0.77443
0.680139
0.805162
0.663277
0.766194
0.740276
0.80827
0.677845
0.674607
0.713946
0.669247
0.786823
0.747667
0.783222
0.739108
0.676136
0.661555
0.63599
0.732497
0.733227
0.705309
0.713245
0.67774
0.718206
0.653277
0.702274
0.618379
0.632259
0.718405
0.737806
0.722873
0.71645
0.710498
0.695474
0.673751
0.590035
0.690407
0.687571
0.69556
0.677339
0.617784
0.621563
0.690814
0.658083
0.642624
0.638853
0.657194
0.65147
0.660476
0.673323
0.638403
0.747801
0.603912
0.690487
0.539481
0.592441
0.644169
0.533826
0.571721
0.607874
0.656795
0.677624
0.589221
0.611297
0.573544
0.586397
0.620006
0.527753
0.535309
0.665979
0.561797
0.589295
0.509133
0.569373
0.552571
0.533472
0.567981
0.566508
0.576895
0.546684
0.564461
0.477465
0.522487
0.579008
0.618715
0.532589
0.608027
0.598962
0.57924
0.496733
0.486021
0.527458
0.53249
0.636846
0.472075
0.461862
0.388331
0.529461
0.633323
0.583573
0.636536
0.537615
0.533893
0.586731
0.587315
0.586532
0.530784
0.538933
0.538036
0.53711
0.477775
0.523464
0.470337
0.585811
0.526398
0.516562
0.583829
0.630141
0.609487
0.549295
0.542133
0.515583
0.528523
0.565255
0.573726
0.558598
0.53361
0.483336
0.601269
0.572543
0.567184
0.50863
0.552122
0.551584
0.527152
0.629799
0.622166
0.547015
0.554751
0.596263
0.570894
0.603346
0.585166
0.565059
0.618317
0.590115
0.629585
0.625033
0.599257
0.650371
0.585552
0.570923
0.565613
0.561508
0.570242
0.556384
0.616552
0.564982
0.559605
0.561272
0.562578
0.541062
0.610697
0.570912
0.570116
0.609174
0.585021
0.623168
0.518926
0.589045
0.571034
0.626929
0.569027
0.555452
0.628858
0.68218
0.625296
0.600999
0.608864
0.558787
0.594233
0.547796
0.485949
0.539258
0.559044
0.544636
0.570114
0.618459
0.64056
0.542228
0.584762
0.542401
0.54107
0.543215
0.580437
0.672569
0.683962
0.690949
0.750872
0.735913
0.767371
0.689494
0.682557
0.731548
0.574507
0.63135
0.714005
0.716936
0.733683
0.584673
0.624451
0.567508
0.625141
0.614012
0.518876
0.604183
0.613715
0.604001
0.617939
0.618863
0.577211
0.58182
0.521386
0.593595
0.58017
0.500291
0.516294
0.529277
0.555022
0.542937
0.557922
0.548222
0.557462
0.527875
0.564682
0.493857
0.496673
0.507631
0.538251
0.506956
0.504543
0.530298
0.497887
0.457864
0.520843
0.523842
0.560103
0.571555
0.572527
0.649771
0.600847
0.544025
0.531971
0.53062
0.559163
0.586313
0.592715
0.546674
0.545059
0.459699
0.520206
0.456247
0.425398
0.482118
0.51715
0.53521
0.479543
0.469649
0.47607
0.422869
0.45994
0.483068
0.485131
0.459953
0.477037
0.478225
0.462331
0.443596
0.474594
0.476285
0.470932
0.508662
0.534139
0.454909
0.4843
0.442382
0.451932
0.469736
0.545636
0.521973
0.514788
0.501429
0.495831
0.430612
0.433552
0.435484
0.479122
0.431391
0.442616
0.395936
0.385534
0.446655
0.405563
0.348025
0.364528
0.369771
0.369133
0.279225
0.287184
0.273642
0.192968
0.180272
0.157519
0.154349
0.155596
0.14732
0.162863
0.155986
0.137037
0.144283
0.158058
0.143764
0.142916
0.149937
0.132891
0.144701
0.147074
0.131989
0.12533
0.126509
0.130826
0.121825
0.134654
0.115942
0.12844
0.145856
0.11929
0.121886
0.119739
0.11786
0.122134
0.106617
0.113534
0.111995
0.109181
0.102311
0.114684
0.117511
0.1185
0.105702
0.108527
0.103091
0.110202
0.128339
0.0939315
0.126067
0.127572
0.1326
0.107773
0.126572
0.12367
0.13314
0.148614
0.141681
0.133708
0.142777
0.150801
0.168694
0.169259
0.158168
0.151439
0.169398
0.14924
0.164737
0.163437
0.171684
0.156322
0.151749
0.150562
0.16475
0.169835
0.170876
0.175147
0.166487
0.168689
0.18346
0.188933
0.180488
0.173088
0.180714
0.203565
0.211816
0.20647
0.187641
0.20556
0.162388
0.195454
0.191477
0.178823
0.175097
0.179529
0.184676
0.161926
0.169364
0.166905
0.181052
0.16949
0.1665
0.180691
0.180042
0.159994
0.151187
0.131106
0.153958
0.154091
0.163797
0.141511
0.152928
0.142018
0.154909
0.135502
0.135372
0.155711
