0.426941
0.34425
0.361212
0.509633
0.690703
0.697885
0.673099
0.667965
0.624473
0.660422
0.638304
0.636883
0.967867
1.18793
1.0674
1.09268
0.993984
0.958969
0.887599
0.88885
0.923969
0.967597
0.897909
0.884485
0.929173
0.945251
1.11495
1.3007
1.23687
1.11783
1.07409
1.06257
1.17926
1.03742
1.18634
1.49893
1.70334
1.19744
1.30759
1.17092
0.994189
1.12175
0.937634
0.965472
1.18231
1.43715
1.0344
1.1489
1.28437
0.982541
1.00639
1.34728
1.37725
1.14031
1.2649
0.987282
1.04693
1.19138
1.02565
1.12441
0.767632
1.55039
1.01585
1.08937
1.03266
0.855209
0.956381
1.00133
1.01464
0.871698
1.10063
1.04782
0.961456
0.8963
0.844175
1.09543
1.00341
1.34568
1.13938
1.15828
1.12265
1.62258
1.3267
1.31591
1.07594
0.990473
1.64523
1.34762
1.08304
1.004
1.29613
0.876475
0.859246
1.32011
1.2297
1.03794
1.02586
1.25072
1.27004
1.11278
1.09353
1.18599
1.17547
0.992801
0.983884
1.12002
1.29153
1.01997
1.3068
1.37022
1.17431
1.66758
1.27855
1.16291
1.12131
1.18526
1.2306
1.2626
1.00281
1.17214
1.44366
1.39589
1.35888
1.70335
1.37516
1.38871
0.987613
1.33506
1.73772
1.53045
1.2789
1.31593
1.51884
1.68256
1.68031
1.31448
1.78354
1.39932
1.68406
1.89819
1.70618
1.44971
1.60134
1.68548
1.73002
1.29824
1.19074
1.64157
1.61435
1.57196
1.76359
1.42551
2.17307
1.8204
1.31923
1.41409
1.62827
1.60591
1.68035
1.33792
1.25178
1.38674
1.71408
1.81646
1.11271
1.49699
1.53545
1.5123
2.19359
1.55348
1.7112
1.71953
1.48297
1.41169
1.82575
1.48226
1.95239
1.7687
1.57353
1.73811
2.19272
2.21836
1.66033
2.58439
2.6433
3.31641
2.0322
1.7784
1.84259
1.92939
2.38278
2.01087
1.34004
1.57405
1.58536
2.03767
2.22632
2.33873
2.4496
1.68179
1.75101
1.33481
1.27925
1.8695
1.52011
1.92784
1.41499
1.51255
1.95547
1.11427
0.849377
0.881064
1.29793
1.67341
1.85578
1.41051
2.28165
1.96581
1.71141
1.99472
1.75551
2.22734
2.3623
3.31082
2.1941
1.92322
1.88906
1.9799
1.7753
1.93757
2.56546
2.05444
2.6083
1.97837
1.25848
3.48356
1.77069
1.77522
1.94826
2.18407
1.86936
1.53266
1.48904
1.94088
1.37637
1.95259
1.52194
1.94672
2.26356
1.8591
1.79189
2.09784
1.93028
1.86671
2.28373
1.45961
2.02116
1.88747
1.63845
1.16887
1.4878
1.50133
1.34577
1.35951
1.79417
1.24076
2.19714
1.75949
1.42602
1.3972
2.25655
2.12088
2.14827
2.55324
2.42814
2.08383
2.30124
2.34991
1.94733
1.56201
2.53622
1.73716
1.72564
2.14677
2.50075
1.38024
1.64592
2.12848
1.80385
2.33605
2.27786
2.04683
2.23131
1.90343
3.30844
1.77859
2.34196
1.53569
1.53848
2.60094
2.60127
2.58001
2.50151
2.04538
2.37552
2.03532
2.37696
1.3058
1.62505
1.81369
2.47648
1.36577
2.84529
1.58764
1.53678
3.41797
2.37479
1.88054
1.91876
1.59987
2.65508
2.02838
1.81527
1.44527
2.9398
1.83434
2.16553
2.50986
3.37788
2.1723
1.75672
1.63677
2.44689
2.09334
2.64151
1.95595
3.87901
2.02711
2.2971
2.56435
1.73306
1.60427
2.80385
2.92398
1.60147
1.70604
2.0131
2.24817
2.77721
2.03506
2.12946
1.8733
2.42287
2.467
2.68929
2.23987
3.23322
2.02748
3.42518
2.7901
2.12093
2.55477
1.79045
1.73458
1.71736
2.09218
2.87722
1.76557
2.27742
2.44079
2.39874
2.73874
4.60126
2.49375
2.99686
3.25911
2.53278
2.52436
3.58759
2.17569
2.86991
2.40366
2.46886
2.1266
1.38382
1.37917
1.94538
1.48429
1.56546
2.27953
1.97189
1.3613
1.14069
1.73134
2.21181
1.95125
1.79943
1.81598
1.9068
2.71007
2.83215
2.17671
2.26144
2.54755
1.71264
2.1513
2.47618
1.81919
2.2645
1.65854
1.73582
1.27557
1.78087
2.22559
1.58071
1.4144
1.77675
1.34202
