3.36362
3.75846
3.89834
3.62697
4.04301
4.11199
4.27251
4.21631
4.36131
6.57875
11.1796
19.7537
21.1908
15.4797
14.2663
9.86735
9.88198
7.80701
7.50005
5.14704
6.68965
6.2553
5.56619
5.40544
6.61758
5.61666
6.64498
5.78382
5.87925
5.69401
5.06229
7.80473
5.02406
6.79584
5.94541
5.22449
5.92809
6.70648
5.3827
6.65581
6.92507
5.93634
7.63729
7.15616
6.92718
8.112
9.1726
8.6818
8.34189
9.28922
5.72725
5.23393
5.34229
5.68084
4.96615
4.45744
5.28907
5.56983
4.87474
7.21175
4.45537
9.1092
8.58416
9.62447
8.1786
8.46213
9.27394
7.24857
7.68764
6.87226
7.74968
7.01504
7.28255
7.69228
5.59951
5.6194
6.29651
6.05141
6.61545
7.35867
7.51847
6.4549
5.82429
5.67303
6.79426
5.79621
5.23356
6.51475
5.74561
5.20985
6.20699
5.11083
5.6196
5.61233
6.93492
5.46677
5.96358
5.97225
6.04654
5.62304
5.92174
5.25645
5.43799
5.45015
5.79566
5.09101
5.65011
5.06293
5.53466
5.57677
5.93378
5.11108
5.07299
5.24208
5.6907
6.0977
5.08802
5.45611
6.24807
5.17246
6.83467
6.94702
5.27455
5.03605
5.23334
5.56768
4.6837
4.86596
5.25102
4.59837
6.23631
5.458
4.41106
4.64702
4.37693
5.26465
4.92338
4.90717
5.20832
4.85853
4.1761
5.18891
4.55161
4.5259
4.96046
4.83094
5.17561
5.00819
4.82591
4.53501
5.07934
4.79615
4.69266
4.10151
4.32471
5.11137
4.40764
4.72532
4.10169
4.22592
4.57792
5.35927
4.77041
4.81004
5.09077
4.20958
4.20264
4.26759
5.06657
4.21429
4.57775
4.69369
4.49958
4.81476
4.4998
5.21262
4.23894
4.22983
4.89883
4.88791
4.38822
4.99723
4.80832
5.56657
6.0472
5.03946
4.76825
5.10096
5.14859
5.29428
5.61183
4.81463
5.5604
4.89799
4.47889
5.34921
4.30815
4.61116
5.48182
4.98591
4.70151
4.73886
4.33634
4.19569
4.25046
4.65542
4.06547
4.16567
4.48148
4.45512
3.76305
4.00328
3.79995
3.64506
3.83809
3.94791
3.62225
3.94532
3.53397
3.81566
3.82188
3.46177
3.79735
3.79222
4.1676
3.76685
3.52831
3.92998
3.65859
3.51118
2.98317
2.81102
3.21954
3.43958
3.00197
3.37587
3.86708
3.52858
3.67768
3.44994
3.56493
3.64013
2.97866
3.13132
3.68076
3.62547
4.06545
4.267
3.16702
3.44668
2.66297
2.81621
3.1441
3.0359
3.2636
2.70131
2.92147
3.37984
2.96273
3.20034
3.06171
3.03053
3.10484
2.86937
2.46196
2.57995
2.65098
2.49255
2.54796
2.06117
2.38841
2.6047
2.45627
2.26232
2.66769
2.27495
2.23846
2.1508
2.11676
2.02934
2.74924
2.64643
2.42589
2.54355
2.0422
2.24912
2.07901
2.45691
2.71075
2.16869
1.94127
2.34918
2.35483
2.46635
2.25141
2.24302
2.01373
1.93473
2.22092
2.4546
