0.232196
0.241274
0.270955
0.260298
0.244769
0.240384
0.231818
0.224084
0.226845
0.304532
0.346682
0.375318
0.347412
0.388424
0.586249
0.782908
0.954734
1.02663
1.11591
1.17314
1.47423
1.44971
1.38395
1.25028
1.48761
1.73759
1.82897
1.92039
2.12681
3.03373
3.5738
3.79838
3.90576
3.85176
3.28941
3.2767
3.24235
3.21796
3.20739
3.06521
3.10822
2.94859
2.35424
1.96027
1.9149
1.52465
1.55143
1.32558
1.49622
1.61071
1.6024
1.64041
1.67613
1.45968
1.48904
1.62067
1.82681
2.62457
1.65654
1.95919
2.14351
1.78616
2.10228
2.17116
1.32587
1.4566
1.59116
1.31319
1.36955
1.07088
0.905004
0.678844
0.277319
0.263009
0.20215
0.177597
0.190369
0.155777
