13.822900
20.124100
16.002600
11.394600
14.439400
17.783700
17.022300
13.010700
14.591800
15.028400
12.754000
13.822900
13.097000
10.869900
9.922730
12.701200
9.207490
11.317800
11.064800
12.321600
9.667030
13.403700
11.145200
11.842800
10.438700
9.547880
11.456200
10.677200
12.395800
9.087140
10.286900
12.035400
12.238000
10.799900
11.361600
11.011600
12.482300
11.808300
12.549500
13.592500
10.270700
11.664300
13.891100
10.631600
10.187500
10.299300
11.319600
10.743800
11.586500
10.721200
11.171500
9.096000
11.203800
8.658810
7.305790
10.400500
9.947800
8.168170
8.222860
9.120460
10.647600
8.244040
11.711800
9.289420
12.027700
9.317920
8.137730
9.721400
8.436080
9.876100
10.618400
10.212300
10.398500
11.437300
11.658000
10.390600
11.443700
10.908900
10.613200
8.891370
9.139930
10.443500
10.993000
8.846150
10.145700
8.009570
7.866080
8.215890
8.630680
9.198220
8.409450
7.878520
9.016990
6.785480
9.476490
8.120970
6.342000
6.645230
6.976420
7.965030
8.748150
7.988230
6.970790
5.762740
6.179060
5.362990
6.744220
7.548270
6.577710
6.981390
6.082310
5.755430
4.900020
5.150040
5.977880
4.547940
5.043610
4.808960
5.074330
5.418520
5.247690
5.178380
5.234390
4.784000
4.634150
4.554920
3.837310
4.135060
4.460260
4.276610
4.084330
3.774550
3.592140
3.458360
2.935670
2.945980
2.471710
2.868490
2.721610
2.803910
