0.551416
0.548684
0.493532
0.53693
0.484565
0.637028
0.609883
0.779254
0.59168
0.823573
0.86369
1.44047
1.53984
1.37098
1.81321
1.99738
1.62562
2.25525
2.27901
1.98724
1.42052
1.83214
1.4667
1.36163
1.39747
1.70382
1.73042
1.3551
1.28803
1.02828
2.6113
3.15839
3.66539
2.65433
3.06011
3.53704
3.10917
3.02206
3.87314
2.01011
2.52128
2.4681
2.73509
2.13217
1.54439
1.75376
1.78745
1.96579
1.42564
2.01473
2.48913
1.91657
2.99909
2.73657
2.51595
2.68634
2.85811
2.4316
2.02549
3.26549
2.33491
2.94097
2.80365
2.72264
2.33114
2.42124
2.76129
2.49561
2.33023
2.88576
2.21821
2.61038
2.62908
2.49223
2.95054
2.34204
2.19692
2.89681
2.98964
2.55217
2.98319
3.1783
2.62036
2.2671
2.49097
2.19279
2.60005
2.46473
2.66342
2.53889
2.84047
2.6685
2.45053
2.62138
2.78107
2.3754
2.70508
2.91961
2.65348
2.59158
3.26028
3.93438
4.45274
3.24718
1.94744
2.15368
1.44131
2.84097
3.78225
1.73056
2.39968
1.38167
2.54644
2.29784
2.80968
3.10405
3.9179
3.0133
2.70567
2.52762
2.53571
2.47719
2.53379
3.07633
2.59262
2.96047
2.6397
1.99157
1.91309
1.99518
2.02946
2.16412
1.80242
2.77927
2.33882
2.01296
1.69953
1.7807
1.76851
2.20834
2.07595
2.13776
1.787
2.21618
2.14875
1.90891
2.22883
1.78908
1.98147
2.22854
1.99348
1.5039
1.82587
1.93497
2.16828
2.08569
1.75254
1.82566
1.66245
2.28219
2.10935
2.24567
2.507
2.24821
2.18209
2.33302
2.24031
1.6818
2.11076
