1.0456
1.08194
1.10647
1.15702
1.26919
1.2166
1.35897
2.06463
2.51138
2.86005
3.51806
3.97304
4.24223
4.52162
6.04956
6.32504
5.27476
3.55791
3.51974
3.20207
4.54402
5.91938
4.76422
4.34207
3.18684
3.42996
4.55732
3.29783
2.41494
2.39278
3.71888
2.89808
3.32831
2.60568
3.79077
3.24527
3.08401
3.85977
3.42753
3.09799
2.80913
3.24502
3.33948
2.79302
3.3663
3.32778
3.47207
3.59978
3.30264
3.18487
2.76546
2.79197
2.8338
3.16655
2.71451
2.86811
3.75113
3.69937
3.361
3.09759
2.91858
2.79206
2.94305
2.74463
2.91935
2.57321
2.74087
2.9101
2.73325
2.45694
2.33384
2.58975
2.8034
2.70376
3.0485
2.43847
2.77099
2.66387
2.57735
2.71488
2.59499
2.38457
2.77131
2.73001
2.90396
2.80398
2.90594
3.15409
3.05751
3.01659
3.13842
3.03576
3.10307
3.13754
2.79096
2.52719
2.5326
2.37847
3.04697
3.30902
2.9888
3.3521
3.35828
2.74105
2.52955
2.39667
2.61486
2.8935
3.05149
3.24561
2.86902
2.84504
2.59298
2.74994
2.81332
2.65256
2.62789
2.52299
2.69238
3.03058
3.20807
3.15425
3.05289
3.00204
2.58976
2.63649
3.1255
2.93545
3.08816
3.26407
3.07059
3.21661
2.92135
3.22719
3.14297
2.90406
3.08582
3.15049
2.85626
2.72082
2.87726
3.13518
3.14792
3.01432
3.26086
3.30196
2.85523
3.34237
4.12324
3.43826
2.73712
2.46334
2.12958
1.94296
1.92242
2.26513
2.5094
2.57139
2.66411
3.50545
3.58995
4.11116
3.69911
4.60511
3.20482
2.72733
2.3963
2.30659
1.82764
1.94915
1.94012
1.88913
1.77945
2.08074
1.94214
1.82564
1.58657
1.30879
1.31203
2.14672
1.95942
2.7213
2.54127
