2.843420
2.883410
3.069050
3.130280
2.993530
2.514060
2.748000
2.981230
2.863340
2.473920
3.296720
3.173730
3.178240
2.883110
3.247550
3.227060
3.366750
3.382000
3.061990
3.078690
3.621870
3.614590
3.335150
3.659080
3.770520
3.671080
3.745260
3.895700
3.729020
3.819580
3.818260
3.894050
4.054560
4.159180
4.299970
4.003410
4.316930
4.144450
4.528360
4.383800
4.540990
4.268460
4.405140
4.611960
4.311330
4.427440
4.410620
4.679250
4.246650
4.579960
5.077360
4.923260
4.619320
4.682750
4.422350
4.800220
4.758150
4.675960
4.913350
5.289510
4.830640
5.344680
5.118670
5.142360
5.114180
5.633520
5.494190
5.399310
5.159930
5.206850
5.362090
5.350400
5.466900
5.680450
5.359970
5.601520
5.808050
5.345800
5.218710
5.271780
5.558180
5.386840
5.699010
5.773970
5.920030
5.283900
5.514140
5.822200
5.532040
6.081270
6.473710
6.432510
5.695820
6.285690
6.230680
6.615840
6.134850
7.169150
5.964340
5.908990
6.199070
6.636440
6.488090
6.663640
5.885010
5.859430
6.169650
6.265910
5.804720
6.284490
5.963070
5.573920
5.942050
5.463490
5.740090
5.188990
5.171040
5.309560
4.812340
5.286690
4.833140
5.332840
5.108560
4.474930
4.638970
4.794810
4.747910
4.847660
4.675000
4.750520
4.539450
4.389070
4.679830
4.529570
4.703650
4.401000
4.452160
4.701730
4.408670
4.555400
4.361060
4.547670
4.371860
4.486580
4.975420
5.139950
4.879860
4.773810
4.336930
4.991890
4.670070
5.147090
4.647210
4.434120
4.559400
5.061020
4.826420
4.689230
5.066860
5.226730
5.372540
5.300010
5.267620
5.131780
5.178760
5.330930
4.991410
4.897130
4.756680
5.183290
5.050750
5.511350
5.195190
5.297900
5.233120
5.667800
5.503020
5.374640
5.824170
5.368130
5.783770
5.670470
5.433290
5.825670
5.910170
5.801560
5.673450
5.587770
5.620860
5.661750
5.936990
5.857650
5.816760
5.712510
6.259050
5.846170
6.092830
5.838890
5.566940
5.432520
5.464800
5.595330
5.561970
5.751410
5.962100
5.974250
5.484700
5.657190
5.982650
5.824640
6.348500
5.789530
6.191490
6.351310
6.218560
6.524000
6.080530
5.889300
5.768410
6.443990
5.983020
6.205150
6.001910
6.216690
6.047190
6.166300
5.885050
6.273870
6.313320
5.937460
6.182080
6.348940
6.326600
6.532950
6.376180
6.185750
6.290720
5.816660
5.942160
5.886940
6.201850
6.311440
6.316350
6.680210
6.131570
6.201320
6.443930
6.498680
6.427720
6.439690
6.638340
6.035030
6.571010
6.647970
6.527420
6.565920
6.520440
6.419310
6.686180
6.627650
6.597920
6.651850
6.883010
6.896370
6.592810
7.055270
6.487960
6.831740
7.052490
6.394820
6.540210
6.953930
6.936330
6.712140
6.920480
6.786310
6.836820
6.955150
7.161250
7.124660
6.748190
7.315070
6.947560
7.038910
7.327920
7.525260
7.089290
7.335400
7.469400
7.525670
7.369280
7.334650
7.303380
7.169930
7.452510
6.842670
7.611240
6.625800
7.143720
7.041330
7.283870
7.200580
7.608180
7.464980
6.872320
7.338320
7.618450
7.132770
7.061940
7.133580
6.993870
7.105230
7.055790
7.500260
7.080430
7.325700
7.410410
7.296320
7.187150
7.611500
7.429400
7.521280
7.264860
7.259380
7.078120
7.091410
7.183260
6.992710
7.304390
7.638850
7.539090
7.615880
7.615580
7.492030
7.556590
7.375950
7.241190
7.325020
7.462590
7.328620
7.462230
8.203170
6.996880
7.349070
7.365570
7.900230
7.436640
6.952670
7.613780
7.581320
7.591710
7.709240
7.669600
7.625020
7.402850
7.536500
8.171190
7.145350
7.820880
7.770950
7.388730
7.917950
7.595960
7.707440
7.936100
8.077050
7.482830
7.204130
7.852070
8.100410
7.823000
7.673250
8.140720
8.125530
7.932910
7.955570
8.223910
8.102430
8.059800
8.332390
8.324780
8.189920
8.251640
8.777690
7.934630
8.500680
8.671300
8.086200
8.333710
8.472030
8.376850
8.026350
8.051830
8.204070
8.607680
8.571420
7.472100
7.673610
7.868320
