4.19205
3.3705
3.28283
3.07629
3.0762
3.53122
3.34391
4.26116
3.19342
3.65844
3.9555
3.90266
3.70633
3.53774
3.48721
3.51225
4.54797
3.52836
4.43364
4.31146
3.53611
3.48358
3.83876
3.75829
3.78805
3.49822
3.91285
3.13931
4.31144
3.37887
4.27845
4.3453
4.42337
4.59827
3.9577
3.61317
5.07213
4.02118
4.51956
4.60015
4.39376
3.99503
4.30962
4.96889
5.01448
4.19366
5.33126
4.29187
4.63645
4.00445
3.75702
5.47363
3.87054
5.19538
4.09846
4.51556
4.69923
4.876
5.65938
6.15023
5.24119
4.90839
4.87825
4.97818
5.00952
5.56691
4.88585
6.15056
5.6507
8.00538
7.22936
5.04447
4.98409
5.57643
5.49346
6.20567
4.84367
5.3242
5.59101
5.54602
5.60194
5.67665
6.04776
5.55804
4.81442
5.47027
5.95279
4.62417
4.88797
6.13005
5.23169
5.62829
6.07606
5.10401
5.55958
6.31606
6.07751
5.95839
6.38715
6.79486
6.38854
7.01346
7.01024
5.64176
6.66826
7.01261
5.05142
6.01819
6.47404
7.17678
6.81412
6.58545
6.71533
7.15567
8.28867
6.34879
7.61885
9.08888
9.54824
7.25931
7.7319
7.35779
8.03756
6.83023
10.6166
8.17301
7.48247
7.79138
7.32516
7.02252
7.81857
7.70819
7.4377
7.7369
7.08521
7.28998
6.85164
7.25766
6.97854
7.98175
7.12343
8.61173
8.24629
8.05767
8.90808
7.75727
8.40864
7.71114
8.4615
7.39596
8.28801
8.49494
8.32006
6.12835
8.4612
7.76568
7.14579
8.03834
8.71473
8.96441
7.24501
8.42422
7.53634
8.08514
8.39249
7.21499
9.02278
9.14169
8.7413
8.1472
7.94265
8.21874
7.11497
9.17499
8.16746
7.51712
8.07169
7.51341
7.59466
7.70281
7.87389
7.26684
6.62074
7.74804
5.65074
8.23514
5.31827
6.10629
8.4733
6.86392
7.73408
9.25675
4.35145
5.22412
3.66616
4.04049
