0.621168
0.612739
1.36626
1.4968
1.32668
1.03982
1.00401
1.09807
0.997684
1.06567
1.15299
1.12651
1.09951
1.07524
0.56155
0.464645
0.457007
0.455895
0.588489
1.22197
1.2765
1.07759
0.94863
0.82678
0.784674
0.957667
0.82438
0.841755
0.884783
0.839565
0.888722
0.858932
0.810994
0.889589
0.838973
0.797257
0.878912
0.838849
0.865853
0.917851
0.794207
0.821993
0.818716
0.832045
0.846835
0.858952
0.842881
0.795473
0.690647
0.833844
0.788629
0.690447
0.766899
0.777764
0.714293
0.752176
0.639541
0.719861
0.732176
0.729249
0.764222
0.765225
0.730288
0.719658
0.698333
0.704123
0.681034
0.705511
0.683974
0.628066
0.746403
0.695701
0.729698
0.735043
0.709755
0.735838
0.736991
0.692202
0.693539
0.66146
0.777203
0.759802
0.822582
0.742245
0.75796
0.695988
0.775114
0.721004
0.811321
0.828888
0.782348
0.775796
0.89024
1.08334
0.917471
0.842637
0.704355
0.730098
0.708233
0.761439
0.91213
0.777267
0.825589
0.751738
0.751448
0.726416
0.788618
0.771989
0.730493
0.745518
0.790925
0.759524
0.782688
0.86432
0.85678
0.792825
0.735595
0.732165
0.69179
0.699611
0.739081
0.74641
0.747331
0.789174
0.749559
0.774497
0.855134
0.75748
0.688218
0.73666
0.725133
0.84625
0.75091
0.80195
0.800072
0.918067
0.797997
0.714849
0.678135
0.740147
0.732356
0.7081
0.638782
0.639784
0.669157
0.612942
0.621847
0.588716
0.589571
0.626402
0.590968
0.602673
0.651817
0.680568
0.741148
0.597664
0.601121
0.631405
0.620105
0.654366
0.602703
0.589479
0.603774
0.600034
0.596058
0.619322
0.569534
0.615633
0.52173
0.576834
0.626248
0.610412
0.621285
0.618241
0.723623
0.6336
0.579791
0.590714
0.583494
0.586804
0.585351
0.590953
0.579099
0.572142
0.536573
0.561136
0.597604
0.595893
0.577386
0.557541
0.559312
0.556784
0.586738
0.537841
0.542353
0.53654
0.574292
0.54219
0.537695
0.596543
0.551068
0.573725
0.583833
0.548175
0.519458
0.575497
0.544359
0.524517
0.562272
0.560373
0.547624
0.58285
0.565907
0.538259
0.51385
0.540678
0.521253
0.564372
0.518407
0.564166
0.521877
0.537368
0.516814
0.529416
0.51907
0.522658
0.535488
0.545179
0.556115
0.524471
0.596655
0.538861
0.544452
0.569769
0.566506
0.565454
0.559622
0.555875
0.562527
0.592072
0.539149
0.568094
0.524796
0.595968
0.611219
0.612384
0.5847
0.56469
0.589166
0.582125
0.56043
0.54826
0.546665
0.553183
0.52213
0.507592
0.575054
0.523937
0.467513
0.553453
0.576205
0.549571
0.493948
0.527495
0.551675
0.497469
0.470844
0.522645
0.517402
0.510202
0.549275
0.522323
0.464873
0.470281
0.512593
0.502249
0.516301
0.479972
0.528841
0.523045
0.473117
0.478536
0.492984
0.467381
0.501875
0.450986
0.516139
0.505143
0.502448
0.485837
0.49684
0.540406
0.487699
0.507301
0.506987
0.504383
0.457025
0.493898
0.448783
0.473465
0.466955
0.475035
0.448578
0.432523
0.509309
0.455232
0.451938
0.426826
0.470724
0.45401
0.435045
0.492042
0.483505
0.469449
0.469079
0.428074
0.475575
0.472634
0.468699
0.476978
0.523286
0.513782
0.479856
0.449821
0.442369
0.432363
0.498948
0.440857
0.486385
0.474768
0.451076
0.470824
0.431851
0.444936
0.468959
0.486111
0.44391
0.486102
0.4708
0.466289
0.513069
0.526963
0.495075
0.499518
0.480397
0.47356
0.565335
0.472276
0.478437
0.521699
0.495399
0.58723
0.563909
0.495395
0.539264
0.535091
0.507567
0.596401
0.52328
0.488292
0.467597
0.512341
0.469136
0.502384
0.473632
0.427668
0.455994
0.479894
0.437987
0.460118
0.464431
0.432623
0.434639
0.409191
0.382863
0.384574
0.438883
0.429514
0.414385
0.389434
0.450338
0.424448
0.453786
0.454908
0.404699
0.395699
0.440185
0.454422
0.45542
0.372696
0.418001
0.396662
0.408809
0.422519
0.428978
0.401333
0.422049
0.451289
0.39542
0.419129
0.436222
0.386505
0.40688
0.445112
0.388995
0.412574
0.463206
0.375335
0.442441
0.392984
0.425357
0.404
0.38167
0.363407
0.403512
0.406001
0.412373
0.397266
0.387277
0.435607
0.379169
0.403514
0.375628
0.410925
0.40486
0.41054
0.370891
0.385506
0.377274
0.355048
0.353021
0.378978
0.383564
0.344705
0.36933
0.389809
0.367707
0.373508
0.362768
0.35368
0.329219
0.384149
0.387225
0.406061
0.398554
0.404414
0.384289
0.376761
0.413835
0.407027
0.359485
0.395597
0.357038
0.401363
0.394677
0.398687
0.425729
0.412767
0.42078
0.417931
0.442602
0.406354
0.418187
0.407392
0.434356
0.416524
0.436728
0.439892
0.415845
0.407323
0.402522
0.414994
0.407993
0.424604
0.484442
0.485877
0.456767
0.474563
0.475126
0.518215
0.532155
0.462366
0.461971
0.465417
0.539669
0.543803
0.548547
0.505116
0.465152
0.450574
0.455948
0.49432
0.468339
0.46848
0.532675
0.444098
0.432795
0.466902
0.514727
0.508522
0.481962
0.547382
0.495242
0.502412
0.456839
0.432797
0.496214
0.563876
0.520336
0.412201
0.375459
0.354116
0.384678
0.428955
0.448864
0.472962
0.445684
0.452544
0.47923
0.507338
0.447421
0.369556
0.377641
0.437653
0.480349
0.496841
0.468309
0.516931
0.466566
0.54899
0.394613
0.40538
0.510781
0.468632
0.433025
0.438551
0.435313
0.439766
0.458291
0.36089
0.367202
0.446975
0.491861
0.447515
0.407593
0.405355
0.409319
0.443055
0.405613
0.420529
0.417905
0.426839
0.432496
0.407248
0.377736
0.404669
0.443227
0.449609
0.421023
0.431786
0.385441
0.468004
0.414874
0.442037
0.490276
0.512685
0.458576
0.457184
0.486737
0.45709
0.420592
0.455596
0.705921
0.555004
0.546538
0.550933
0.543202
0.479726
0.545076
0.564182
0.466634
0.46505
0.463685
0.509559
0.489031
0.435976
0.410992
0.444361
0.500673
0.58466
0.503394
0.486568
0.415064
0.438562
0.459999
0.526606
0.499943
0.521428
0.494875
0.475813
0.474788
0.512083
0.492468
0.484818
0.495872
0.480909
0.491575
0.460096
0.452516
0.468764
0.435762
0.422092
0.42749
0.559492
0.512959
0.39736
0.421035
0.45275
0.444139
0.404157
0.329914
0.398538
0.457248
0.560794
0.532213
0.513986
0.428038
0.402998
0.42505
0.395668
0.402165
0.410291
0.48606
0.460747
0.436229
0.572139
0.526291
0.544378
0.63175
0.625134
0.581783
0.64095
0.535345
0.518863
0.544908
0.521479
0.56389
0.526538
0.535479
0.615348
0.572139
0.583777
0.548945
0.551848
0.602867
0.587269
0.511732
0.523369
0.492245
0.457006
0.494449
0.576957
0.534949
0.553862
0.4923
0.518443
0.552887
0.571854
0.562246
0.605722
0.585845
0.592861
0.578166
0.575
0.555109
0.586789
0.643182
0.630788
0.675403
0.602842
0.660433
0.590963
0.576409
0.627479
0.660748
0.63343
0.566403
0.629855
0.642864
0.578466
0.664855
0.654153
0.646049
0.671508
0.788238
0.902647
0.906682
0.901476
0.652936
0.590936
0.532045
0.49685
0.484491
0.52006
0.539099
0.525563
0.574251
0.519842
0.502512
0.474473
0.472285
0.484066
0.514985
0.525076
0.547608
0.552805
0.548863
0.550327
0.59493
0.597129
0.613741
0.606788
0.582623
0.608514
0.567507
0.517483
0.585797
0.634524
0.531435
0.554978
0.536284
0.555579
0.484622
0.570569
0.563572
0.572249
0.531751
0.532603
0.488278
0.55517
0.632303
0.554272
0.504048
0.647451
0.693435
0.597606
0.605311
0.608582
0.629545
0.637999
0.6308
0.587849
0.523057
0.557252
0.583491
0.588226
0.602886
0.609761
0.651045
0.629855
0.615217
0.621926
0.654274
0.609852
0.633789
0.637041
0.630327
0.65673
0.631379
0.625964
0.621494
0.620012
0.613438
0.653718
0.687297
0.671841
0.727403
0.732036
0.777478
0.779551
0.720766
0.737687
0.732608
0.75801
0.685693
0.711374
0.745507
0.68455
0.654657
0.726501
0.689909
0.684079
0.66871
0.67968
0.713573
0.742157
0.750307
0.706568
0.726628
0.743008
0.724302
0.749626
0.726765
0.815051
0.759525
0.821011
0.827574
0.768348
0.796398
0.793594
0.785177
0.816119
0.810481
0.856965
0.81256
0.834739
0.827886
0.923337
0.972753
0.892848
0.894537
0.837048
0.930289
0.907899
0.873014
0.910486
0.922146
0.855409
0.869964
0.944682
0.935343
0.953043
0.96419
0.96676
0.980342
0.976246
0.989242
0.876065
0.961278
0.954323
0.930324
0.939403
0.948312
0.95505
0.922368
0.970933
0.976108
0.949226
0.960352
0.919231
0.930131
0.934299
0.827188
0.727311
0.62303
0.488131
0.392873
0.268971
0.249866
0.123158
0.166185
0.158532
0.164199
