0.628772
0.545547
0.54661
0.57304
0.530157
0.651011
0.539995
0.483101
0.465746
0.497609
0.571663
0.596976
0.619261
0.619734
0.557968
0.567734
0.639517
0.623135
0.622588
0.654031
0.682222
0.672129
0.667795
0.697459
0.71099
0.658518
0.665184
0.724905
0.709256
0.737009
0.723681
0.688938
0.735053
0.786671
0.784502
0.732993
0.731528
0.741629
0.782969
0.801636
0.737697
0.74203
0.754792
0.719441
0.75624
0.806956
0.774685
0.794914
0.784078
0.783851
0.791601
0.802893
0.797823
0.758854
0.773778
0.757425
0.772441
0.807322
0.824957
0.803651
0.79038
0.777444
0.792343
0.715488
0.779417
0.761744
0.810435
0.820396
0.838185
0.784019
0.739382
0.807162
0.729928
0.718507
0.777792
0.758357
0.787409
0.749438
0.760746
0.75162
0.791758
0.825936
0.796592
0.795278
0.854084
0.776399
0.754498
0.817805
0.798195
0.790558
0.847223
0.850927
0.744407
0.847936
0.767284
0.923667
0.826029
0.806625
0.794209
0.817765
0.827821
0.814728
0.80445
0.818047
0.935835
0.947991
0.942271
0.949092
0.869537
0.830486
0.827185
0.818843
0.880389
0.935148
0.837868
0.81867
0.822364
0.931138
0.954703
0.908437
0.971972
0.860948
0.927182
0.833221
0.949406
0.939533
1.01488
0.858814
1.05767
0.959512
0.999918
0.878465
0.970463
0.992345
0.807203
0.814068
0.949497
0.854845
1.05903
0.99893
1.02787
1.08473
1.13568
0.919024
0.881917
1.02626
0.877333
0.962747
1.08169
1.14744
1.00597
0.976951
1.16833
0.857776
1.09293
1.17461
0.934582
1.10581
1.1039
1.0567
1.08061
0.8902
1.07466
1.00685
1.06625
1.00563
0.904527
0.960964
0.977977
1.10707
0.924737
1.10622
1.08612
1.00415
0.987979
1.01827
1.07261
1.15495
1.06882
1.08404
1.02328
1.14723
0.972998
0.994299
1.18727
1.06402
1.04366
1.10862
1.17424
1.18953
1.18028
0.999366
1.19158
1.1575
1.23221
1.17852
1.03033
1.17352
1.12301
1.28947
1.33698
1.19963
1.24387
1.27969
1.35934
1.09871
1.26264
1.53389
1.16166
1.27335
1.10359
1.396
1.28993
1.19329
1.12479
1.16278
1.4314
1.14199
1.28441
1.24688
1.23644
1.27737
1.37045
1.35776
1.41455
1.2951
1.48412
1.37665
1.27941
1.3478
1.38311
1.40332
1.36185
1.37346
1.27193
1.35708
1.28748
1.48946
1.3862
1.43232
1.11119
1.31316
1.51219
1.32825
1.27021
1.20438
1.54117
1.39638
1.49878
1.31497
1.42396
1.28124
1.30418
1.55826
1.49483
1.62151
1.45835
1.44321
1.38524
1.4785
1.3878
1.52004
1.28255
1.32825
1.29106
1.41883
1.26568
1.41496
1.23031
1.22188
1.22929
1.14034
1.34565
1.15282
1.17077
1.31598
1.23604
1.42352
1.46593
1.11104
1.24837
1.35373
1.55661
1.34874
1.26922
1.48365
1.29436
1.34256
1.40158
1.34289
1.28466
1.33613
1.31612
1.2292
1.32209
1.34707
1.30065
1.25116
1.37661
1.32051
1.41934
1.37751
1.48728
1.17848
1.39015
1.2759
1.42611
1.34658
1.30946
1.6544
1.49406
1.22316
1.19873
1.33869
1.28408
1.26105
1.26965
1.32084
1.3047
1.5524
1.70496
1.44147
1.34508
1.2676
1.42683
1.55293
1.56807
1.56922
1.62194
1.34711
1.51971
1.54473
1.30182
1.59162
2.01053
1.56773
1.40131
1.36742
1.35549
1.36924
1.95824
1.68974
1.50101
1.46258
1.95607
1.57828
1.77468
1.59491
2.03966
1.62644
1.34332
1.63675
1.82598
2.13228
1.97517
1.78778
1.80434
1.90801
1.85637
1.50577
1.4342
1.71943
1.72782
1.37822
1.45195
1.55361
1.67023
1.59084
1.58761
1.64195
1.8404
1.82157
1.75832
1.63933
1.76694
1.59171
1.52459
1.59276
1.52655
1.52569
1.67229
1.62892
1.86876
1.65351
1.60195
1.58693
1.59398
1.78667
1.54736
1.36416
1.48684
1.2704
1.86888
1.41976
1.7458
1.77438
1.64203
1.61737
1.50386
1.59923
1.39209
1.63685
1.50794
1.69968
1.57106
1.51214
1.61615
1.51044
1.49784
1.44776
1.86297
1.57238
1.80751
1.76416
1.85673
1.40671
1.97014
1.50953
1.61392
1.78994
1.8094
1.56247
1.78024
1.521
1.55079
1.54636
1.57686
1.39562
1.5122
1.56395
1.62902
1.36539
1.54694
1.63542
1.81651
1.82322
1.81981
1.54958
1.67109
1.79433
1.67759
1.51639
1.62031
1.42505
1.37351
1.33569
1.53776
1.27789
1.20179
1.29019
1.40262
1.45579
1.22636
1.26761
1.51269
1.45421
1.36167
1.31871
1.37694
1.28454
1.27931
1.3767
1.31536
1.37101
1.33201
1.22416
1.41172
1.27293
1.48433
1.43307
1.38575
1.2265
1.38648
1.38294
1.44346
1.47807
1.33625
1.21189
1.25824
1.22513
1.35294
1.5046
1.34188
1.28141
1.45646
1.27981
1.13493
1.27459
1.32599
1.58433
1.30312
1.23092
1.27339
1.22303
1.24207
1.23837
1.12886
1.21194
1.09799
1.31889
1.30555
1.43348
1.22789
1.12572
1.31529
1.28621
1.25225
1.3568
1.38036
1.46399
1.44297
1.44258
1.3135
1.2319
1.6411
1.2493
1.27995
1.49727
1.44489
1.36521
1.12025
1.25014
1.42513
0.832951
1.1051
1.22238
1.23284
0.974154
1.18336
1.23543
1.2904
1.31752
1.15111
1.25253
1.26912
1.12161
