0.416505
0.315655
0.225129
0.205329
0.21992
0.239175
0.219784
0.250005
0.224559
0.225221
0.230456
0.23132
0.242093
0.247795
0.339861
0.30928
0.331551
0.332011
0.303664
0.241597
0.21903
0.226531
0.203466
0.245186
0.284699
0.257975
0.351876
0.28429
0.269283
0.327985
0.325751
0.325215
0.276603
0.350345
0.321499
0.318064
0.255179
0.354168
0.314084
0.375384
0.351215
0.348943
0.38791
0.300118
0.320716
0.304642
0.361172
0.289677
0.298728
0.301368
0.416957
0.327942
0.322113
0.309637
0.274399
0.287259
0.314548
0.34732
0.290831
0.277328
0.315682
0.342271
0.318544
0.310253
0.31952
0.294744
0.316721
0.229923
0.252575
0.275894
0.278715
0.301469
0.270809
0.248305
0.278472
0.301226
0.280681
0.329681
0.344499
0.291461
0.196462
0.22375
0.283857
0.262468
0.330688
0.350139
0.330723
0.375714
0.298988
0.239876
0.284565
0.269913
0.252724
0.272596
0.255892
0.212277
0.247947
0.327576
0.259608
0.246582
0.265475
0.237168
0.247266
0.304405
0.278563
0.285301
0.279569
0.296219
0.303626
0.28341
0.254666
0.228588
0.244724
0.198801
0.363272
0.254934
0.22859
0.332741
0.186993
0.279646
0.235863
0.238934
0.245599
0.302654
0.240509
0.299724
0.222321
0.276475
0.297394
0.266815
0.247322
0.24037
0.196863
0.220354
0.224609
0.263149
0.369784
0.361996
0.243957
0.219617
0.180135
0.224861
0.21856
0.283689
0.236591
0.241742
0.198671
0.239997
0.251178
0.3088
0.298921
0.303501
0.292139
0.215533
0.264228
0.211699
0.228665
0.195232
0.260206
0.259495
0.257161
0.229468
0.281533
0.218473
0.231243
0.246388
0.243165
0.220438
0.239816
0.226246
0.267136
0.225544
0.243914
0.270708
0.252828
0.287322
0.251165
0.264208
0.264638
0.223997
0.276219
0.333122
0.273515
0.2815
0.263715
0.22326
0.244036
0.281494
0.328974
0.302579
0.266481
0.304822
0.266143
0.270599
0.328941
0.277368
0.266748
0.28229
0.240305
0.294223
0.258938
0.300978
0.269936
0.374466
0.264773
0.343567
0.382026
0.333365
0.343754
0.328378
0.256822
0.281696
0.31083
0.318003
0.283207
0.34164
0.261874
0.279516
0.296733
0.254186
0.323785
0.289553
0.274264
0.276729
0.277954
0.285804
0.294527
0.278349
0.265868
0.28798
0.293397
0.317157
0.27548
0.280577
0.282752
0.340811
0.301962
0.278683
0.281909
0.307523
0.291395
0.290907
0.281447
0.323437
0.27643
0.330072
0.33482
0.31168
0.29547
0.294428
0.311927
0.2758
0.313996
0.314787
0.274563
0.320441
0.296362
0.271194
0.330776
0.305709
0.308639
0.343461
0.317057
0.311081
0.304506
0.358656
0.342898
0.312707
0.325578
0.35609
0.348759
0.324815
0.302363
0.315259
0.31564
0.33305
0.351302
0.328446
0.335746
0.38611
0.314874
0.358006
0.314457
0.327355
0.344477
0.333638
0.343998
0.315606
0.346086
0.339274
0.3377
0.366794
0.292029
0.336442
0.353773
0.311012
0.418673
0.3338
0.407518
0.364377
0.362773
0.32969
0.388102
0.34467
0.350679
0.329912
0.28904
0.363267
0.381251
0.341183
0.373056
0.422994
0.390553
0.415206
0.465246
0.380514
0.341943
0.334643
0.357171
0.338162
0.348411
0.339536
0.386013
0.388065
0.380039
0.371219
0.411578
0.419106
0.357518
0.389841
0.370751
0.383783
0.361308
0.40522
0.375267
0.377194
0.374354
0.390482
0.367555
0.380363
0.415026
0.377842
0.427046
0.389863
0.41502
0.413329
0.423771
0.456831
0.427949
0.424248
0.414913
0.397428
0.42356
0.358268
0.421105
0.4515
0.434322
0.430805
0.431011
0.379658
0.373665
0.404177
0.470626
0.420406
0.415952
0.355748
0.424948
0.442737
0.388631
0.3562
0.396872
0.415426
0.404715
0.350425
0.379684
0.39498
0.341343
0.388683
0.417323
0.388585
0.455359
0.414956
0.404259
0.393862
0.37475
0.385039
0.393573
0.373267
0.365813
0.413289
0.451198
0.371364
0.421877
0.464244
0.470052
0.479408
0.46576
0.508181
0.497211
0.454012
0.440024
0.466718
0.493151
0.483622
0.491693
0.515818
0.47583
0.476388
0.427416
0.437696
0.517079
0.516865
0.435043
0.466033
0.485902
0.500285
0.524303
0.525936
0.581201
0.541752
0.608036
0.538318
0.550448
0.614515
0.581595
0.558219
0.539613
0.512908
0.629641
0.617669
0.715067
0.623899
0.611208
0.541423
0.530904
0.584611
0.54842
0.61386
0.576538
0.700904
0.549985
0.495894
0.502634
0.51801
0.573645
0.483379
0.411669
0.555321
0.496549
0.609326
0.461677
0.498588
0.626739
0.511615
0.597313
0.560179
0.472143
0.522701
0.545809
0.493561
0.470133
0.536155
0.499559
0.562938
0.639677
0.533689
0.483404
0.595091
0.514357
0.483212
0.494846
0.604664
0.596055
0.446239
0.449077
0.466035
0.520108
0.453367
0.502992
0.532077
0.494069
0.676506
0.529456
0.552313
0.579915
0.513846
0.488749
0.444425
0.444726
0.553742
0.537028
0.550658
0.569198
0.508776
0.549175
0.534344
0.502418
0.570926
0.620553
0.635826
0.551428
0.530957
0.570643
0.630434
0.611033
0.588755
0.628347
0.583966
0.6731
0.535682
0.560636
0.557865
0.625879
0.552771
0.589552
0.594808
0.511598
0.653704
0.54148
0.555322
0.602018
0.59364
0.601717
0.578066
0.603445
0.570273
0.623052
0.474052
0.534804
0.597585
0.705526
0.69787
0.681776
0.69501
0.736589
0.80022
0.685855
0.615614
0.589618
0.642297
0.548013
0.607773
0.538059
0.572113
0.659344
0.635309
0.619778
0.636264
0.740078
0.705096
0.738145
0.713606
0.69729
0.726734
0.74022
0.600654
0.590401
0.532434
0.613331
0.542644
0.646756
0.722926
0.753961
0.780127
0.637535
0.743713
0.762724
0.757135
0.634081
0.732087
0.65448
0.649833
0.746718
0.748662
0.698805
0.301159
0.381072
0.376253
0.294329
0.401152
0.348098
0.295096
0.244595
0.274711
0.391199
0.924237
0.880668
0.54607
0.365286
1.89556
1.90121
2.09029
2.04817
1.61364
1.08091
0.656497
0.726202
0.802849
1.33061
1.3402
