0.743811
0.758607
0.743863
0.834568
0.82069
0.842432
1.22922
1.10724
1.41778
2.22399
1.45961
2.8882
5.37341
4.31429
4.24317
4.46093
3.9099
3.32738
2.29732
2.18733
2.24594
2.37227
2.44966
3.62271
3.90763
3.58396
3.76732
3.75139
2.81235
3.84483
3.6851
2.34196
3.48359
2.99992
3.26264
2.1011
1.87647
2.23542
2.04434
1.91659
2.74062
2.49717
2.13603
1.90464
2.46841
2.28179
1.81799
2.42989
2.07563
2.03914
1.9664
1.96886
1.88803
1.80957
1.77333
2.21041
2.08789
2.36402
1.84821
1.823
1.99086
2.10752
2.37594
2.25794
2.01486
2.0153
2.1806
1.76159
1.89877
1.83301
1.82188
1.88198
1.8113
1.71214
1.55722
1.8052
1.78113
2.07155
1.9774
1.32709
1.93765
1.54359
1.9166
1.81168
1.70891
1.80909
1.59793
1.78151
1.63928
1.83536
2.00378
1.78552
1.72645
1.98408
1.77985
1.78743
1.57609
1.69884
1.50855
1.51709
1.31474
1.50256
1.29597
1.36605
1.57513
1.22997
1.34354
1.27348
1.74326
1.46368
1.34093
1.29543
1.52811
1.59827
1.77063
1.55678
1.22271
1.72919
1.37719
1.26222
1.43996
1.43129
1.48789
1.45235
1.30336
1.56236
1.4485
1.42317
1.29542
1.38975
1.387
1.66872
1.37281
1.13577
1.28176
1.26827
1.41551
1.59121
1.16431
1.30456
1.26908
1.46387
1.20201
1.41
1.48942
1.40656
1.16773
1.25284
1.07438
1.2085
1.30024
1.03234
1.11707
1.19735
1.1456
1.21286
1.49527
1.19311
1.56912
1.02903
1.29354
1.29995
1.2611
1.13538
1.08464
1.59976
1.28805
1.4485
1.2146
1.26878
1.25359
1.17879
0.959565
1.0013
1.19153
1.09073
0.966892
1.04516
1.25214
1.18526
1.11983
1.09324
1.02156
1.05579
1.13325
1.09832
0.927964
1.24088
1.00484
1.22623
0.940891
1.09567
1.26862
1.11434
1.04717
1.02024
1.23397
1.13548
1.06788
1.1546
1.00663
1.11926
1.01303
1.11438
1.20513
1.09916
1.25141
1.03797
1.26515
1.07327
1.0135
1.15121
1.04652
1.07031
1.13109
0.950549
1.07972
1.07927
0.978656
0.952754
1.01054
1.09054
0.976637
0.910874
0.980337
1.07288
1.02224
1.01435
0.901441
1.12914
0.968485
0.941913
0.982645
1.07456
1.02084
0.928379
0.865503
0.848861
0.996487
0.933609
1.06911
0.831227
0.964276
0.833298
1.02497
0.995656
0.920606
0.830037
0.884587
0.945496
0.777296
0.943735
0.951116
0.919864
0.953669
1.1994
1.1673
1.06524
1.09941
1.01981
1.09879
0.818177
0.922601
1.05236
1.07245
0.879228
0.925729
0.874409
0.921555
0.815766
0.940385
0.784406
0.787844
0.976122
0.811347
0.965461
0.828469
0.87276
0.885685
0.832173
0.864765
0.826323
0.705642
0.768798
0.774618
0.682408
0.773341
0.704757
0.767908
0.84635
0.855479
0.82065
0.783872
0.76556
0.7066
0.800522
0.795428
0.81819
0.905406
0.978912
0.813688
0.823688
0.84395
0.896068
0.747996
0.820525
0.708364
0.744534
0.850617
0.906078
0.932225
0.806176
0.79003
0.760099
0.831978
0.852529
0.832671
0.970397
0.949913
0.776205
0.839325
0.926913
0.770165
0.918714
0.788154
0.917653
0.907829
0.757597
0.731969
0.872574
0.809379
0.786388
0.848469
0.838654
0.726787
0.783097
0.804067
0.708795
0.792483
0.709645
0.825944
0.83617
0.724747
0.754372
0.76058
0.721337
0.636985
0.626175
0.708292
0.598455
0.848294
0.706855
0.660791
0.702866
0.682923
0.687481
0.70869
0.634449
0.721852
0.859582
0.694211
0.639642
0.692697
0.685682
0.674828
0.66872
0.725617
0.675501
0.660785
0.682168
0.697079
0.558007
0.605049
0.720476
0.592346
0.666394
0.69727
0.628223
0.663428
0.654746
0.717069
0.695838
0.710426
0.673954
0.676405
0.565439
0.621132
0.655558
0.601811
0.604923
0.661222
0.619814
0.628923
0.557078
0.653049
0.682626
0.652891
0.634174
0.558795
0.649076
0.635267
0.620744
0.668003
0.644779
0.643845
0.577946
0.618287
0.55515
0.641366
0.68152
0.615841
0.666826
0.602917
0.553623
0.605124
0.550517
0.596893
0.580602
0.569347
0.662843
0.605343
0.610645
0.551214
0.52389
0.515997
0.566329
0.596539
0.534214
0.604971
0.608419
0.677914
0.630173
0.655498
0.703971
0.703348
0.559489
0.703517
0.641116
0.568011
0.551696
0.595849
0.468759
0.539319
0.517424
0.52552
0.485399
0.576529
0.696311
0.62954
0.633773
0.596998
0.640846
0.687075
0.686446
0.732665
0.700509
0.646829
0.725281
0.890942
1.0379
1.14694
1.11031
1.09645
0.779973
0.630626
0.511248
0.509984
0.430805
0.490237
0.48731
0.480641
0.520395
0.459006
0.414503
0.435375
0.545015
0.532052
0.54956
0.484143
0.52461
0.474536
0.452973
0.460429
0.489867
0.477584
0.467606
0.455035
0.467198
0.483642
0.459756
0.493577
0.508296
0.529822
0.499102
0.547899
0.576234
0.497694
0.532182
0.586223
0.579681
0.559472
0.524815
0.553361
0.558005
0.527121
0.54644
0.518444
0.510762
0.552352
0.520646
0.487811
0.593464
0.517273
0.563553
0.531117
0.548539
0.579056
0.564634
0.520968
0.465353
0.537066
0.533638
0.507697
0.474816
0.466816
0.487516
0.511449
0.495548
0.465694
0.494179
0.452752
0.488273
0.47354
0.522409
0.491227
0.486494
0.500128
0.490015
0.48555
0.471773
0.48152
0.525812
0.541098
0.497258
0.50767
0.485646
0.513681
0.4701
0.426314
0.454858
0.455784
0.455811
0.438459
0.395193
0.430037
0.404835
0.411538
0.428486
0.454548
0.445775
0.45703
0.421773
0.384288
0.401035
0.387371
0.395207
0.415851
0.402516
0.406961
0.415692
0.44194
0.398111
0.444716
0.440971
0.448094
0.442816
0.416352
0.413237
0.406573
0.430592
0.47628
0.424165
0.511489
0.466999
0.486254
0.505
0.493239
0.496887
0.532742
0.507706
0.43547
0.467511
0.456715
0.543597
0.532931
0.447698
0.447126
0.493108
0.505836
0.466186
0.458348
0.498257
0.455378
0.505602
0.478396
0.431543
0.413466
0.426458
0.412005
0.399992
0.429871
0.429139
0.447186
0.44895
0.439615
0.428414
0.384573
0.367122
0.377892
0.414449
0.435874
0.380448
0.346317
0.363066
0.364718
0.343197
0.35073
