0.764293
0.831408
1.4016
2.07048
2.12193
0.98076
1.12757
0.944089
1.09414
0.996872
1.1717
1.09488
1.10236
1.0378
0.953028
1.10108
0.779695
0.853383
0.869972
0.644158
0.631961
0.578653
0.610125
0.641647
0.595627
0.67974
0.702115
0.709991
0.642895
0.783739
0.889257
0.884325
0.931109
0.908825
0.801166
0.811055
0.771278
0.894222
0.880489
0.813245
1.07876
0.852623
0.909196
0.970663
0.944305
0.746122
0.788766
0.854547
0.774584
0.755436
0.944502
0.884445
0.646462
0.818496
1.06752
0.880907
0.757152
0.812644
0.774907
0.836466
0.626921
0.656463
0.835426
0.680305
0.850568
0.889127
0.679833
0.711509
0.65408
0.682794
0.540343
0.644665
0.773928
0.593282
0.780849
0.769606
0.71233
0.684993
0.684787
0.604151
0.588858
0.597416
0.560536
0.730051
0.651465
0.490909
0.583985
0.602256
0.571426
0.574194
0.529356
0.544023
0.498567
0.574186
0.592973
0.561391
0.516462
0.541407
0.486398
0.563888
0.501766
0.48693
0.51709
0.563589
0.535072
0.647185
0.660993
0.608638
0.54701
0.595561
0.517787
0.527922
0.52718
0.538149
0.539195
0.409626
0.478075
0.517739
0.540283
0.499349
0.468024
0.535513
0.62689
0.480436
0.538928
0.579779
0.64224
0.489351
0.578971
0.562331
0.490458
0.466686
0.592427
0.524996
0.562379
0.483011
0.564462
0.543335
0.538382
0.610921
0.465492
0.658337
0.571356
0.459323
0.541222
0.677748
0.477944
0.416587
0.635669
0.506887
0.446641
0.431568
0.495993
0.461066
0.596613
0.452681
0.478988
0.508131
0.462757
0.641459
0.59202
0.453138
0.480536
0.531772
0.483353
0.583624
0.521081
0.632949
0.424448
0.4716
0.46714
0.47487
0.422026
0.326648
0.372055
0.364996
0.322923
0.382246
0.389986
0.336865
0.345313
0.293312
0.278353
0.264606
0.284657
0.318701
0.286468
0.28365
0.253551
0.292338
0.265687
0.234463
0.207532
0.228662
0.196903
0.203137
0.14439
0.163784
0.18562
0.120018
0.123322
0.1312
0.0985449
0.121377
0.134234
0.117878
0.119648
0.11794
0.108173
