3.32039
6.0539
7.91905
7.55869
8.57943
6.35914
7.68191
7.11377
5.23023
5.83074
7.84807
6.94004
5.00042
5.07633
4.72909
4.64337
4.35196
6.42214
5.0726
6.98784
5.18544
6.1184
5.94066
5.92253
5.97894
4.8824
5.64619
5.47184
6.13898
5.84628
4.80876
5.70003
5.28805
5.24994
7.18453
5.88858
4.82241
6.19127
6.25585
6.67033
6.99853
6.69256
7.88331
7.68383
5.2565
6.86764
7.36443
6.38196
6.54005
6.66481
6.88274
6.73723
5.76405
6.83198
7.59664
6.66781
7.10319
6.3749
4.87336
6.79017
4.92648
5.95522
6.13051
5.63803
5.49382
5.32783
6.21336
6.95298
7.61947
5.65159
5.40169
5.46816
6.11357
4.73402
6.72715
5.26509
5.94013
6.52506
5.73897
5.24875
4.46251
5.30861
5.20469
5.76598
5.61944
4.75622
4.92988
4.16775
4.6004
4.61549
4.32947
4.90967
3.6627
4.20605
3.45911
5.27668
4.25788
3.94773
4.21023
4.68096
4.91196
3.69632
3.81475
3.91798
4.13032
4.69297
4.63596
3.51229
3.93493
4.04069
4.22505
3.4265
3.62923
3.89153
3.47175
2.92075
3.06734
3.66598
3.60088
3.38912
2.67226
2.76107
3.34116
3.6912
3.74013
3.73693
3.8543
2.78637
2.68665
2.557
2.29503
2.2871
2.15762
1.97234
1.76182
1.61246
1.61738
1.66159
1.80846
1.34
0.905428
0.965057
0.808903
0.781126
