0.506983
0.460868
0.482074
0.515863
0.385964
0.396753
0.378933
0.405372
0.427215
0.374611
0.369309
0.333207
0.304915
0.352009
0.438123
0.384122
0.332173
0.317893
0.293671
0.267606
0.270915
0.271209
0.264846
0.259382
0.258926
0.266903
0.264348
0.262175
0.256812
0.236303
0.236477
0.257837
0.258476
0.252962
0.227898
0.276915
0.276007
0.2678
0.264664
0.270476
0.283352
0.275513
0.257578
0.246022
0.256378
0.24853
0.263975
0.265331
0.247341
0.227227
0.255604
0.258159
0.249857
0.264203
0.243483
0.258976
0.25964
0.246235
0.264318
0.25427
0.25916
0.248953
0.278853
0.234285
0.267731
0.276667
0.269393
0.256231
0.290216
0.274173
0.274422
0.277746
0.24635
0.242181
0.271809
0.252246
0.25183
0.244364
0.230294
0.224815
0.237396
0.245357
0.248506
0.27423
0.236969
0.241111
0.246956
0.253266
0.235208
0.25692
0.259352
0.243645
0.252424
0.226668
0.242396
0.223931
0.250672
0.246877
0.254258
0.256759
0.241403
0.242381
0.225998
0.258211
0.297946
0.249039
0.245386
0.237086
0.256331
0.255579
0.314444
0.291249
0.2978
0.328284
0.296206
0.34487
0.370664
0.306298
0.368873
0.326331
0.315675
0.271307
0.274593
0.300069
0.280219
0.239747
0.329426
0.286305
0.239605
0.217532
0.276508
0.340818
0.323079
0.240252
0.26243
0.250212
0.247065
0.234439
0.217971
0.205711
0.300897
0.255167
0.201049
0.211725
0.213563
0.320023
0.243992
0.231143
0.263373
0.258494
0.276513
0.296849
0.326079
0.286749
0.33266
0.305341
0.367825
0.329083
0.383589
0.253
0.196321
0.199317
0.21644
0.264257
0.335641
0.27231
0.32414
0.288054
0.341648
0.277853
0.281525
0.268137
0.272612
0.330233
0.168054
0.269979
0.306857
0.28166
0.28976
0.25807
0.245167
0.277567
0.27521
0.31077
0.283493
0.280458
0.294216
0.283096
0.29082
0.291966
0.355402
0.287604
0.306476
0.281529
0.359135
0.368663
0.384613
0.329422
0.381849
0.240078
0.275485
0.258563
0.303021
0.311769
0.431386
0.36639
0.325636
0.407268
0.42357
0.392449
0.453829
0.509969
0.396216
0.399855
0.403972
0.407199
0.525182
0.511903
0.414712
0.487595
0.478068
0.511313
0.556756
0.407601
0.504721
0.476041
0.436293
0.472884
0.416041
0.465196
0.510075
0.506118
0.462274
0.549198
0.634458
0.448037
0.438065
0.384727
0.466964
0.302603
0.278811
0.322938
0.370375
0.507294
0.509926
0.656871
0.561487
0.590293
0.673054
0.597319
0.42116
0.535733
0.540535
0.44553
0.437301
0.402456
0.328645
0.452409
0.447386
0.323892
0.384631
0.396506
0.314702
0.441979
0.586884
0.520671
0.463715
0.597429
0.650677
0.544488
0.461319
0.495472
0.411382
0.450311
0.501931
0.493656
0.450901
0.377045
0.467746
0.536782
0.483718
0.451267
0.524847
0.314321
0.505796
0.42053
0.472092
0.447329
0.343693
0.422077
0.275069
0.475092
0.424159
0.449369
0.520664
0.368521
0.360506
0.470167
0.308355
0.348316
0.518534
0.435578
0.524286
0.276707
0.355536
0.332629
0.403498
0.587025
0.309
0.57428
0.575854
0.431204
0.519795
0.433454
0.497274
0.474882
0.617606
0.428522
0.559761
0.62326
0.363706
0.406038
0.412191
0.422541
0.539861
0.589744
0.498143
0.601072
0.691428
0.472149
0.59416
0.674952
0.434149
0.241557
0.420822
0.272839
0.532932
0.453534
0.458028
0.318887
0.419548
0.287385
0.451348
0.447332
0.533968
0.525109
0.592463
0.430984
0.338954
0.250484
0.26343
0.336056
0.445298
0.402179
0.320722
0.549797
0.718313
0.895426
0.836404
0.675857
0.344544
0.463326
0.645055
0.71359
0.344974
0.368925
0.427587
0.360638
0.415958
0.780994
0.772536
0.746312
0.533829
0.30649
0.223049
0.241601
0.232853
0.206577
0.211321
0.257403
0.315207
0.406795
0.748134
0.295472
0.279744
0.34437
0.270382
0.324587
0.446696
0.446673
0.455598
0.585057
0.405288
0.402669
0.480971
0.357448
0.526004
0.675647
0.511048
0.376241
0.52502
0.703012
0.574757
0.553234
0.589538
0.68685
0.455689
0.46461
0.696844
0.360627
0.607994
0.583427
1.00692
0.394317
0.358343
0.36684
0.437894
0.265248
0.315121
0.301764
0.372128
0.645371
0.616325
0.637883
0.723729
0.816743
0.633948
0.672668
0.592676
0.761528
0.671774
0.733765
0.698281
0.654068
0.652015
0.710369
0.756075
0.551357
0.690826
0.679109
0.748902
0.788629
0.638893
0.815567
0.705297
0.917034
0.940552
0.613078
0.564202
0.756588
0.740108
0.689562
0.754502
0.667854
0.647222
0.597727
0.563458
0.588703
0.569902
0.544211
0.629739
0.619614
0.658337
0.815789
0.364136
0.168304
0.141731
0.11793
0.178907
0.164089
0.19937
0.175952
0.193763
0.176814
0.168046
0.15668
0.153396
0.162784
0.161473
0.187948
0.192192
0.190624
0.168212
0.206881
0.228229
0.372843
0.399115
0.322583
0.225878
0.227071
0.183691
0.206889
0.186095
0.166447
0.187083
0.212133
0.165552
0.17007
0.179076
0.180863
0.175818
0.164794
0.176579
0.181552
0.18506
0.228072
0.169157
0.198855
0.199157
0.210372
0.223354
0.303406
0.294236
0.494046
0.557396
0.489106
0.214932
0.284068
0.360096
0.484819
0.625947
0.264987
0.539431
0.321864
0.225806
0.281643
0.235411
0.255186
0.359213
0.219045
0.291353
0.29898
0.247783
0.698112
0.369766
0.434542
0.252733
0.316914
0.239112
0.249824
0.316835
0.277187
0.227634
0.170615
0.271088
0.265174
0.218706
0.657346
1.38974
