0.624924
0.690931
0.721658
0.780699
0.646246
0.650765
1.11514
1.27034
1.47772
1.05591
1.12076
0.619946
1.13184
1.16792
2.46099
2.33491
1.48781
2.11209
1.32301
2.35484
2.65296
1.52133
1.48277
1.35915
1.78369
1.52022
1.6633
1.70638
1.61141
1.64574
1.42917
1.33224
1.0231
1.73036
1.86058
1.75768
1.69894
2.23178
1.59092
1.79768
1.70649
1.92224
1.81634
1.79053
2.08284
2.0297
2.01756
2.0438
2.21712
2.13691
2.32482
2.39088
2.34807
2.22552
2.0595
2.36702
1.92957
1.92137
2.40829
2.54979
2.66798
2.14878
2.30381
2.06313
2.2756
2.21877
2.50997
2.48863
2.72725
2.51867
2.20285
2.33957
2.40747
2.09901
2.91475
2.65311
2.73982
2.55297
2.71649
3.03126
3.1053
3.09673
2.92244
2.66302
3.43152
3.44655
3.08791
3.0234
2.28442
1.4987
1.90434
3.23195
1.43186
2.51022
2.53559
2.12581
1.65518
1.25084
1.13586
0.957721
1.10097
1.05509
1.09782
1.13237
