0.599364
0.62301
0.327472
0.517896
0.181115
0.144758
0.253857
0.334815
0.252158
0.303026
0.263274
0.221545
0.178505
0.175237
0.132217
0.135548
0.170614
0.250663
0.205169
0.218795
0.26422
0.390429
0.350429
0.371221
0.459664
0.467618
0.452633
0.393572
0.413942
0.339994
0.30125
0.405891
0.517862
0.482144
0.522183
0.521788
0.426046
0.423387
0.475303
0.519085
0.461356
0.548846
0.559503
0.692059
0.682972
0.825328
0.649469
1.01735
0.703415
0.566849
0.488118
0.587176
0.560987
0.439709
0.447883
0.622287
0.662458
0.447359
0.70446
0.654776
0.887265
0.635465
0.602603
0.470255
0.872589
0.723067
0.459908
0.38071
0.59639
0.691511
0.681808
0.62183
0.62319
0.730815
0.787816
0.812889
0.726368
0.596515
0.612199
0.73318
0.935658
0.754883
0.565425
1.09272
0.837006
0.773458
0.99273
0.799951
0.816386
0.852243
1.03723
0.822967
0.777491
0.945204
0.689804
0.780863
0.782839
1.08402
1.05488
0.885156
0.938636
1.20896
0.917802
0.806622
1.03194
0.807566
0.873238
1.02138
0.956065
0.898698
1.08586
1.09638
1.01293
1.04542
0.853533
0.867205
1.11841
1.10913
1.084
1.33243
1.30527
1.10229
0.865276
1.17779
1.19669
1.0808
0.965913
1.09962
1.08629
0.94917
1.65153
1.74448
1.99209
1.6659
1.79513
1.50387
1.16847
1.73296
1.56946
0.955709
1.09765
1.0208
1.40025
1.77116
1.80021
1.48167
1.30066
1.36938
2.21149
1.75384
1.71721
1.34864
1.19996
1.32546
1.47379
1.14605
0.992227
1.41056
1.73091
1.33224
1.64607
1.57814
1.76954
1.6772
1.47196
1.27895
1.20882
1.25452
1.6394
1.50882
1.70235
1.89378
1.99164
1.83728
2.96135
2.27435
2.48797
2.16997
2.30414
2.55001
2.25112
2.67786
2.73132
