1.04986
1.04369
1.20798
1.19247
3.40262
3.18944
2.59723
2.16996
2.41972
2.19947
2.38434
1.9581
2.32793
2.24879
2.01957
1.89255
1.85253
1.87511
1.84887
1.68931
1.49876
1.86652
1.74013
1.42818
1.78486
1.93363
1.95943
1.63259
1.95874
1.79916
1.87145
1.61598
1.92681
1.80101
1.94867
1.71797
1.86022
2.40231
1.77073
2.20546
2.4499
2.12508
2.29805
2.43951
2.43928
2.14361
2.23874
1.86001
1.96348
2.48098
2.2978
1.85682
1.88053
1.91514
1.88454
2.00975
2.1013
2.17754
1.78029
1.91265
1.84399
2.0028
2.29988
2.04147
2.20138
2.27528
2.05984
2.09209
2.04345
2.03635
2.0157
2.05241
1.88328
1.89682
1.7837
1.77408
1.69864
1.41717
1.78852
2.01514
1.88619
1.58846
1.97351
1.82571
1.68288
1.87203
1.83763
1.65588
1.92452
1.99668
1.70269
1.36423
1.52618
1.40735
1.38538
1.33929
1.3207
1.37297
1.30969
1.30383
1.26457
1.22302
1.2719
1.48946
1.45186
1.47491
1.44788
1.27558
1.44547
1.41669
1.44317
1.57618
1.37561
1.50201
1.36837
1.50041
1.60651
1.43176
1.53616
1.43281
1.51941
1.44635
1.54582
1.65105
1.63152
1.41069
1.55304
1.51216
1.43498
1.30629
1.44054
1.45591
1.50311
1.42448
1.43252
1.29397
1.35299
1.41133
1.39006
1.41676
1.35416
1.39654
1.44955
1.3146
1.36945
1.36954
1.32163
1.39386
1.39806
1.4858
1.32229
1.26509
1.16247
1.22559
1.30628
1.21076
1.06006
1.12809
1.27153
1.21127
1.16489
1.26123
1.20745
1.10372
1.00341
0.919558
1.00365
1.09766
1.04136
0.949799
1.01015
1.15605
1.11156
1.05572
0.950178
1.07863
1.19179
1.09923
1.13682
1.14091
1.12838
1.07335
1.22989
1.16034
1.24123
1.08183
1.35435
1.28361
1.44932
1.34824
1.25481
1.14415
1.29165
1.21468
1.1168
1.31463
1.15514
1.17848
1.0667
1.24513
1.19602
1.22476
1.09395
1.0652
1.12587
1.1753
1.10782
1.0929
1.05515
0.943034
1.01374
1.0776
0.842463
0.861158
0.983008
0.913919
0.942194
0.900998
0.891578
0.890244
0.771184
0.813795
0.777139
0.763128
0.794373
0.868032
0.807332
0.741363
0.750361
0.805918
0.851973
0.80668
0.931491
0.866248
1.10479
0.852701
0.79131
0.813836
0.822825
0.848265
0.789947
0.880458
1.25106
0.974045
0.946809
1.07459
1.13873
0.840337
0.916407
0.993717
0.772577
0.882112
1.00146
0.776111
0.895941
0.809317
0.813656
0.865145
0.856798
0.89047
0.958503
0.845336
1.02024
0.999197
0.800332
0.942273
0.842698
0.805171
0.880791
1.0047
0.780372
0.895445
0.782547
0.851794
0.991141
0.781085
0.947332
0.929515
0.954399
0.819334
0.97714
0.895447
0.722133
0.907213
0.897174
0.93042
0.849207
0.974035
0.867417
0.824412
0.849426
0.958239
0.97273
0.891678
0.858553
0.833068
0.888769
0.946148
0.950812
0.947076
0.92186
0.929842
0.940261
0.870968
0.842862
0.849106
0.866301
0.824442
0.808261
0.742537
0.78595
0.782791
0.707449
0.743969
0.725983
0.77232
0.782536
0.876914
0.787089
0.898071
0.924178
0.876753
0.930785
0.928543
0.925744
0.752399
0.786203
0.845657
0.808619
0.800826
0.71634
0.745479
0.781702
0.763969
0.792293
0.746814
0.735321
0.736337
0.704464
0.720259
0.699216
0.71115
0.717162
0.65779
0.733705
0.732898
0.73899
0.722534
0.725862
0.835338
0.699794
0.727317
0.694185
0.740073
0.771203
0.675164
0.815021
0.753814
0.766284
0.753853
0.783214
0.723916
0.719284
0.767848
0.748627
0.699593
0.701315
0.68559
0.700277
0.686603
0.628954
0.659516
0.670315
0.660798
0.607303
0.636526
0.684055
0.663681
0.709644
0.712583
0.721424
0.729966
0.771243
0.797844
0.678728
0.727447
0.730221
0.647372
0.699949
0.674803
0.677668
0.675914
0.717785
0.68967
0.667263
0.714938
0.678009
0.693377
0.69465
0.740753
0.706704
0.77736
0.716915
0.759609
0.770851
0.731234
0.733253
0.67927
0.655438
0.699813
0.644473
0.739464
0.649423
0.67397
0.63835
0.713775
0.635178
0.630625
0.627997
0.619341
0.576461
0.63174
0.602914
0.613197
0.535936
0.548268
0.610059
0.5785
0.569519
0.61846
0.618261
0.587137
0.604423
0.590887
0.588144
0.549336
0.591847
0.613749
0.569506
0.582982
0.654196
0.608895
0.617643
0.561278
0.57064
0.561533
0.572434
0.527279
0.518488
0.556605
0.612286
0.52426
0.494209
0.570757
0.586474
0.556112
0.559339
0.558958
0.565603
0.498926
0.57438
0.708093
0.740806
0.730711
0.495063
0.458299
0.463571
0.488653
0.522526
0.622222
0.592715
0.586107
0.579532
0.558207
0.592806
0.556875
0.505517
0.519577
0.494498
0.512464
0.491721
0.476467
0.506255
0.589489
0.521158
0.559312
0.541986
0.485761
0.501616
0.596405
0.568838
0.474856
0.517579
0.471695
0.461464
0.403256
0.360018
0.375089
0.2912
0.337519
0.355392
0.363918
0.308948
0.330173
0.300224
0.310968
0.31245
0.28077
0.297696
0.301976
0.279975
0.248988
0.268448
0.261249
0.258825
0.2798
0.254858
0.249736
0.270153
0.271387
0.257688
0.257045
0.27916
0.296374
0.283683
0.273946
0.258685
0.232155
0.270676
0.257788
0.230172
0.275089
0.283972
0.29736
0.309517
0.237203
0.220915
0.261427
0.261093
0.250425
0.259168
0.277544
0.245824
0.24322
0.274497
0.279084
0.27279
0.282796
0.270243
0.246526
0.247759
0.244843
0.267039
0.234071
0.238497
0.25296
0.27757
0.269625
0.243657
0.284802
0.286047
0.281364
0.280057
0.254818
0.239208
0.299874
0.298589
0.273206
0.287609
0.280832
0.276403
0.302978
0.283092
0.288686
0.311512
0.301146
0.301009
0.312163
0.290237
0.304638
0.294494
0.319428
0.314213
0.314661
0.310728
0.307927
0.329096
0.313578
0.298908
0.31624
0.317825
0.331278
0.341358
0.298303
0.350109
0.323896
0.33614
0.320326
0.284725
0.2867
0.261041
0.221047
0.223607
0.199483
0.197979
0.174321
0.193298
0.193497
0.181969
0.193108
0.184537
0.206275
0.203119
0.198936
0.198383
0.202435
0.189102
0.195159
0.198579
0.223209
0.209373
0.212167
0.209596
0.23261
0.201402
0.192052
0.195534
0.196739
0.188829
0.19948
0.196694
0.203654
0.185082
0.172377
0.194875
0.187133
0.18616
0.178636
0.197548
0.181065
0.164813
0.174089
0.191588
0.166948
0.176971
0.177963
0.190009
0.182076
0.160105
0.154209
0.159451
0.15143
0.180899
0.156388
0.143228
0.15423
0.159126
0.157478
0.130883
0.147651
0.149353
0.143257
0.168068
0.165586
0.159686
0.152205
0.178669
0.161299
0.176065
0.185094
0.163828
0.155104
0.216271
0.186571
0.172046
0.15868
0.145585
0.159538
0.153335
