8.006720
7.975910
11.491600
12.984000
16.252100
18.329100
13.889900
15.626500
15.492100
17.337400
17.688500
19.248400
14.857700
15.115500
17.311300
19.137000
18.873000
16.748600
15.247900
14.681100
13.491000
12.806100
13.810800
14.452800
13.702100
13.187200
14.407400
14.888600
13.768800
12.944100
12.123900
13.061600
13.122100
16.160600
21.193800
23.423300
16.419300
20.356600
11.150000
12.639100
13.338600
17.228000
12.491300
18.152500
15.310400
15.193700
16.056800
18.033000
18.870400
15.271200
16.698100
19.271100
18.534200
14.942000
14.709100
15.535100
15.398600
18.527100
22.586400
16.061000
17.483100
15.019200
19.093300
19.082800
17.235600
13.539100
13.492800
15.997300
17.030800
14.198400
10.423900
11.339300
12.670400
29.680600
11.810900
12.572400
13.604200
18.841100
17.278700
16.833200
14.479100
23.438600
14.414600
12.277500
11.709300
13.677200
13.563000
14.402000
13.299500
10.686000
11.659100
11.241300
12.973100
17.246100
13.842900
13.452900
12.365700
11.592800
8.484700
9.015250
11.707700
11.146800
9.390660
10.264700
10.803300
9.483680
11.422900
18.173500
10.130300
9.405820
10.308700
12.750600
11.396600
10.505600
9.415540
10.025900
9.800110
10.097100
9.936840
