0.0414493
0.0407215
0.0566197
0.0507361
0.0521601
0.194828
0.109173
0.113455
0.0900202
0.0846304
0.130331
0.149305
0.162714
0.10095
0.103712
0.113563
0.207757
0.195516
0.13555
0.29986
0.290176
0.255922
0.256818
0.192378
0.226907
0.339793
0.442761
0.432794
0.294121
0.478074
0.53917
0.907012
0.654138
0.623486
0.618669
0.849943
0.580641
0.580247
0.850866
0.668248
0.689554
0.580752
0.734617
0.770711
0.775792
1.00042
0.58723
1.03855
1.35038
1.06077
0.60783
0.684294
0.3378
0.74937
0.700644
0.656698
0.780591
0.656693
0.60204
0.768604
0.858644
0.722859
0.663691
0.89666
0.871743
0.71512
0.958252
0.990032
1.12174
0.917936
1.05752
1.05515
1.18628
1.21562
1.19115
1.20665
1.25317
1.26922
1.05767
1.5336
1.50991
1.55269
1.83537
1.79167
1.54928
1.77157
1.83423
1.36015
1.52054
1.32698
1.54499
1.29249
1.12215
1.30911
1.79013
1.70264
1.53286
1.27127
1.56134
1.7577
2.35621
1.73555
1.49869
1.83415
1.46509
1.49931
1.53877
1.86986
2.06587
1.70471
1.61855
1.84057
1.95708
1.63204
1.58379
1.47786
1.40128
1.28745
1.31625
1.60585
1.39312
1.76256
1.61147
1.47191
1.63582
1.81721
2.10176
1.96256
1.90751
1.87
2.07984
1.77145
1.71509
1.54744
1.87501
1.22979
1.91852
1.54249
1.31451
1.66984
1.73434
1.82091
1.65076
1.41775
1.60432
1.24068
1.60237
1.18178
1.6986
2.07464
1.88579
2.1386
1.93129
1.56563
1.26086
1.6976
1.32936
1.28404
1.6811
1.98389
2.14196
1.98304
3.41843
2.30473
2.97974
2.69097
3.04861
2.44035
2.89158
2.15576
