1.59739
1.59047
1.58421
1.54801
1.40589
1.68939
1.87271
1.70401
1.64249
2.15141
1.79274
1.96922
2.68313
4.37959
4.23845
5.07702
4.46751
3.1215
4.14596
3.77716
3.77234
3.44871
3.38762
3.53947
3.34177
3.37055
3.67811
3.18573
3.29075
3.24032
3.1019
3.00896
2.68653
3.04639
2.96345
2.63339
3.13021
2.89775
3.16004
2.78766
2.82571
2.88309
2.87963
2.81048
2.96334
2.88094
3.00036
3.07259
2.1696
2.75763
2.77999
2.65956
2.58899
2.8174
2.92089
2.56688
2.34955
2.54489
2.72827
2.80873
2.18644
2.31579
2.93952
3.16688
2.87092
2.79818
2.60033
2.64695
2.2864
2.41345
2.27762
2.62768
2.63657
2.69326
2.52613
2.65676
2.31428
2.05475
2.0189
1.85873
1.82628
1.9848
2.05893
2.17673
2.41454
2.63068
2.58041
2.6093
2.26658
2.42668
2.01176
2.61815
2.43293
2.22256
2.1738
2.06418
2.08615
2.02108
1.82856
1.98781
1.78394
1.93346
1.90032
1.7548
1.81739
1.86961
1.75087
1.60828
1.46756
1.58937
1.41965
1.53578
1.56237
1.66397
1.58935
1.8744
1.68393
1.73503
1.71591
1.44849
1.73007
1.69867
1.70203
1.74449
1.74286
1.70931
1.86447
1.8446
1.73242
1.95189
1.74511
1.80463
1.78696
1.73583
1.99668
1.84682
1.71331
1.90372
1.91434
1.88125
2.05635
1.90749
1.89428
1.98515
1.90533
1.85713
1.94802
1.90311
1.89664
1.7925
1.86533
1.79709
1.86185
1.99772
1.81006
1.85151
1.71088
1.82689
2.03384
1.73195
1.85422
1.67152
1.88634
1.69035
1.6698
1.55938
1.66674
1.79353
1.40343
2.06416
1.73256
1.8924
1.78476
1.78702
1.72768
1.82669
1.6393
1.63401
1.52179
1.82765
1.67722
1.80686
1.87515
1.74568
1.56932
1.58292
1.60544
1.59097
1.4985
1.43483
1.41673
1.27618
1.50255
1.51977
1.58448
1.54965
1.35076
1.50136
1.4245
1.32848
1.22529
1.29908
1.48555
1.39263
1.28592
1.40976
1.277
1.23566
1.29379
1.35692
1.16303
1.28611
1.29717
1.40855
1.36422
1.29411
1.27471
1.35918
1.48118
1.34944
1.42657
1.45503
1.45826
1.38195
1.37734
1.30522
1.32681
1.41358
1.21785
1.34536
1.39591
1.32893
1.4158
1.48813
1.29984
1.54515
1.47498
1.3348
1.26076
1.31805
1.3933
1.57173
1.44007
1.26755
1.34259
1.38398
1.41301
1.24207
1.49993
1.45881
1.45264
1.60705
1.41351
1.43994
1.36871
1.25875
1.61352
1.37014
1.30849
1.19098
1.29476
1.34984
1.39396
1.19917
1.37849
1.486
1.5266
1.13897
1.25913
1.19288
1.27636
1.22824
1.31412
1.35547
1.26822
1.337
1.33379
1.12921
1.28148
1.2031
1.22374
1.11435
1.01691
1.25069
1.17966
1.1702
0.95916
0.982646
1.06465
1.0961
1.12355
1.10827
1.40785
1.24952
1.30381
1.18161
1.06346
1.40928
1.06216
1.10118
1.33562
1.10579
1.20824
1.16728
1.21254
1.20247
1.27163
1.17426
1.37844
1.31619
1.45061
1.3703
1.43784
1.33858
1.13077
1.49714
1.21169
1.32183
1.19065
1.38363
1.46654
1.65419
1.41351
1.54166
1.35079
1.46788
1.59973
1.36548
1.43211
1.50834
1.31759
1.61682
1.30684
1.59015
1.50497
1.40569
1.18476
1.50536
1.22183
1.70531
1.29093
1.43379
1.53469
1.65728
1.4425
1.09534
1.47727
1.18742
1.42702
1.29503
1.38161
1.31917
1.26793
1.45073
1.39255
1.29391
1.4245
1.21464
1.5557
1.27707
1.35442
1.49575
1.49488
1.33368
1.53752
1.40507
1.20582
1.93288
1.8587
1.47028
1.53236
1.20689
1.6471
1.48007
1.2357
1.28538
1.5946
1.35532
1.38581
1.70524
1.4457
1.44025
1.51268
1.56253
1.19214
1.51577
1.36755
1.39903
1.17251
1.25223
1.46004
1.26277
1.53529
1.21941
1.2765
1.28578
1.29125
1.47554
1.32132
1.29714
1.36766
1.14728
1.73352
1.53232
1.31086
1.26347
1.36176
1.2668
1.41431
1.21751
1.25131
1.58091
1.22535
1.45164
1.32535
0.975404
1.16062
1.21869
1.54327
1.50321
1.0861
1.44928
1.38297
1.15386
1.29709
1.52705
1.31126
1.34361
1.38342
1.10955
1.65231
1.32355
1.41573
1.34667
1.47889
1.07545
1.15355
1.47025
1.56583
1.28394
1.90866
1.63539
1.86126
1.06126
1.35025
1.2126
1.99033
1.70029
1.6652
1.2093
1.15731
1.36358
0.99507
1.45314
1.42192
1.36367
1.17545
1.20244
1.16251
1.12121
1.50851
1.15943
1.7484
1.77207
1.19018
1.41661
1.3287
1.22793
0.917704
1.39337
1.20704
1.12709
1.06921
0.848739
0.802096
1.07145
1.07731
1.01563
1.11
0.993737
1.17173
1.08442
0.973734
1.65694
1.09419
1.18683
1.1998
1.17131
1.00733
1.1185
1.05739
0.870977
1.05298
1.62001
1.10105
0.940826
1.24887
0.994949
1.0307
0.919371
1.01931
1.30527
0.862931
1.0915
1.63801
0.971203
1.12009
1.08127
1.03142
1.37562
1.01427
1.16819
1.14478
1.11139
1.24145
1.30342
1.05564
1.27375
1.33365
0.913836
1.07929
1.17722
1.09079
1.02432
1.11147
1.11434
0.969846
0.898573
1.00463
0.816335
0.915944
1.18858
1.27164
0.950343
0.967286
0.749734
0.951818
0.858146
0.906676
0.899104
1.01121
1.10715
0.842255
1.03086
0.749595
1.08813
0.869774
0.897725
0.842979
1.05208
0.974042
0.982021
0.751143
1.07775
1.18885
0.88669
1.23884
0.983043
1.14558
1.00229
0.916098
0.958378
