81.552300
77.652600
50.169200
55.576000
45.457900
49.726800
33.638500
44.545600
45.399000
41.393500
35.711600
36.290400
55.058800
48.336400
36.361000
49.112600
41.347100
50.888400
44.372400
51.119300
37.537100
31.978000
52.013800
62.404800
61.282700
34.328000
36.326000
34.056200
55.650000
50.682400
50.017200
40.549500
41.531200
32.485100
55.745400
48.264900
54.180800
37.703500
52.515500
63.210500
59.133000
48.162500
62.888900
64.061800
67.855300
68.129900
52.164100
65.919900
53.336600
40.604100
32.221600
52.068800
56.609800
54.262600
36.568100
49.777200
55.616100
48.720400
53.932100
51.098300
48.341200
47.405300
56.834000
56.214600
48.574400
56.331400
47.612600
54.722900
53.944300
54.650700
53.949300
47.807900
49.385500
50.579600
48.580400
41.824500
47.027300
45.094500
45.723900
45.888200
47.880300
36.972100
45.264500
46.994300
46.384400
48.141300
35.961400
34.761300
35.205500
43.937400
38.270500
44.715800
37.233900
42.176700
38.927800
38.436900
41.672800
44.273500
42.706400
37.996900
37.880100
39.951200
38.639000
38.582600
41.392000
39.592400
42.205700
36.820700
40.794200
46.696900
47.159900
45.355900
41.944400
39.531700
38.467000
41.458800
48.471300
44.191100
44.516500
41.475600
37.163800
50.941900
46.718900
43.963700
44.673900
39.573100
31.947900
32.305100
26.698900
28.154400
37.108500
40.197300
41.274100
48.710400
40.220000
41.045600
51.022900
37.485700
38.762300
41.416100
42.747700
35.575000
29.753200
27.402100
32.080000
31.559800
35.505400
37.803000
20.430900
21.305400
23.758100
24.135000
18.908600
17.599700
20.371200
22.236900
25.977900
22.660700
28.531500
34.133200
23.829500
29.044600
22.494700
17.793500
18.107600
17.068800
24.833900
22.673700
19.607800
21.597900
26.630600
33.994500
26.775100
28.710300
32.756300
33.450300
22.274700
34.023800
32.466500
23.479800
20.021200
18.491700
19.745000
21.147800
22.841000
18.505400
25.409600
25.006500
23.927500
21.601500
17.042100
16.512000
13.239900
15.368100
17.446200
19.462900
16.802200
19.864500
20.204200
19.053600
22.132200
16.949800
16.609000
18.130900
19.048800
20.660600
19.313900
12.974300
15.812000
19.636900
19.220000
13.595400
14.053900
12.543800
10.757500
11.405900
12.232900
14.122500
14.123400
12.483300
13.784900
17.874500
17.108700
18.483300
15.288800
16.110400
14.904200
14.280000
