1.71765
1.83561
1.98609
2.2766
2.21562
2.48475
2.47546
2.77871
3.12433
2.71036
3.52088
3.45489
3.31046
4.54588
5.00656
4.78878
5.73152
5.73001
4.96304
5.22855
4.29584
4.74139
5.18947
3.63244
4.10047
4.00243
3.2036
3.52737
3.16715
3.27296
3.56572
3.89562
2.93142
2.72498
2.86453
3.32748
3.60799
4.18109
3.27915
2.72627
3.69775
4.09844
3.25084
3.98377
3.33406
3.85049
3.74254
4.04629
3.36023
4.10034
3.95383
3.7994
4.15376
3.87106
3.72417
4.22165
3.77562
3.7425
3.65084
3.69903
3.80562
3.74844
3.97787
4.01257
3.92294
3.98007
4.06893
3.9479
4.10768
3.61135
3.67524
3.59465
3.31885
3.371
3.59635
3.48341
3.43962
3.62355
3.70186
3.81013
3.56458
3.5284
3.70117
3.50598
3.58935
3.34521
3.33021
3.23759
3.49929
3.58368
3.36352
3.38206
3.63766
3.39262
3.36719
3.39933
3.58228
3.27873
3.31954
3.13394
3.69197
3.43451
3.42399
3.1544
3.12414
3.2789
3.25078
3.39093
3.06506
3.16101
3.24597
3.39494
3.15847
3.08048
3.01222
2.98666
3.13653
2.97337
3.26025
3.05231
3.29792
3.2324
3.00025
3.15771
3.11927
3.1802
3.1808
3.20873
3.08398
3.00941
3.17285
2.96238
2.85966
3.2859
3.40181
2.90041
3.01473
2.74156
3.14758
3.1571
3.33749
2.88582
2.98594
2.74484
2.85106
2.58827
2.74176
2.73387
2.22471
2.29137
2.80046
2.75349
2.73933
2.62816
2.79908
2.67123
2.49338
