0.268099
0.246044
0.275399
0.318712
0.26844
0.277893
0.302352
0.265086
0.282008
0.327146
0.3706
0.318468
0.420499
0.49031
0.253464
0.353837
0.34392
0.261641
0.626004
0.830351
1.11826
0.961822
0.847623
0.960728
0.692799
0.744859
0.658123
0.921911
0.77985
0.728647
0.637427
1.144
1.66097
1.78323
1.5357
1.04599
1.05118
1.11233
1.17673
1.23319
1.04878
1.19618
0.907827
0.808107
1.24208
2.76554
1.94645
1.94852
2.28864
1.27845
1.5056
1.26488
1.138
0.947976
0.965313
1.34997
1.37839
1.2928
1.42174
2.31434
2.80878
2.40271
1.33347
1.7658
1.44235
2.20583
2.61144
2.32741
2.36984
3.0833
2.54282
2.30003
2.2948
2.3481
2.14832
3.30329
2.83423
2.68765
2.87258
3.37822
2.37217
2.1734
2.58955
2.72082
2.60366
2.80231
3.26912
3.53607
3.31884
3.37532
3.72364
2.77047
2.6199
2.74973
3.0404
3.81838
3.32946
3.6006
1.98809
2.13692
1.5848
1.46192
1.83163
1.50019
1.72549
3.16753
3.77293
1.9788
1.92953
1.50278
1.71259
1.48016
1.43352
1.76687
2.66763
2.66709
3.79246
5.46723
5.59655
7.96275
8.78284
8.48862
9.00996
9.02437
8.94045
7.89314
6.75906
5.91971
4.88908
4.77692
4.26763
4.02807
3.90858
2.94895
3.52898
2.24409
2.0179
2.7932
2.20471
2.18999
2.25048
2.32761
3.04345
5.85187
6.48026
5.51646
6.3157
6.81921
6.93831
6.70827
7.57661
7.22598
8.4714
7.71515
7.98127
8.09735
9.40826
6.65132
6.63689
6.96317
6.64836
6.44718
6.43617
6.53176
6.38077
5.9509
6.51646
6.43483
6.52978
6.52448
6.46886
