0.572367
0.477584
0.504045
0.515193
0.513334
0.49694
0.543047
0.453063
0.568957
0.359044
0.413185
0.472195
0.508814
0.449213
0.459304
0.752635
0.530729
0.501859
0.534599
0.522911
0.562435
0.511582
0.516659
0.536971
0.496008
0.477172
0.472152
0.536518
0.479851
0.610517
0.791893
0.406569
0.521834
0.607503
0.663424
0.512534
0.622383
0.779619
0.594404
0.845303
0.580586
0.53193
1.0029
0.72
0.595996
0.536603
0.574258
0.685519
0.650437
0.481734
0.486459
0.524741
0.564847
0.650004
0.736827
0.57738
0.65913
0.510089
0.550817
0.667374
0.437973
0.455772
1.51206
7.28064
7.3434
6.30735
5.92801
5.69937
5.97807
5.48462
5.3335
6.46526
7.05626
6.70025
6.78069
6.79346
7.17466
6.97712
7.69562
7.39653
7.8459
7.90301
8.3229
7.81361
2.57436
1.17731
0.682182
1.0598
0.999761
0.745686
1.06411
1.14862
1.08883
1.14153
1.17909
0.93505
1.19401
1.01638
0.855342
1.07044
0.942213
0.764861
0.87787
1.00566
0.951387
0.78014
1.16112
1.52109
1.21946
0.91254
1.1515
1.67785
1.14767
0.618022
0.747967
1.17542
1.0989
0.877272
1.04458
1.56451
0.979469
1.15496
1.06863
1.1688
1.12781
1.11292
0.886067
0.99411
1.3497
1.28124
1.05557
1.06113
1.05592
1.12706
1.11629
0.935321
1.27361
0.950698
1.14055
1.28174
1.14592
1.22597
0.807817
1.19008
0.769983
0.6684
0.795617
0.511698
0.424227
0.536779
0.459086
0.431257
0.471861
0.455346
0.753831
0.568341
0.523591
0.609779
0.515991
0.488455
0.696333
0.630024
0.657848
0.680016
0.526202
0.69573
0.606328
0.558777
0.73874
0.713677
0.801122
0.641558
0.456787
0.498917
0.673268
0.575411
0.61657
0.495143
0.630703
0.581678
0.650877
0.775852
0.780614
