0.229361
0.208803
0.207254
0.202183
0.214774
0.242967
0.232462
0.180221
0.195179
0.181616
0.165866
0.170028
0.378566
0.324278
0.292769
0.271787
0.251569
0.340418
0.296716
0.272702
0.261187
0.244271
0.318111
0.375493
0.325277
0.385654
0.309315
0.258258
0.555642
0.444398
0.474392
0.329866
0.36453
0.44262
0.52086
0.413855
0.46602
0.528555
0.832065
0.758543
0.534845
0.642684
0.754056
0.895594
0.532191
0.414442
0.560291
0.673656
0.603831
0.961262
0.915573
0.872283
0.68295
0.775796
0.634407
0.590336
0.632636
0.558298
0.710506
0.835337
0.700017
0.776932
0.902896
1.04234
0.919832
1.05736
0.867804
0.549419
0.645543
0.857798
0.526198
0.604652
1.03297
0.529542
0.575243
0.630041
0.682059
1.1027
0.867792
0.715336
0.582308
0.355516
0.24341
0.447392
0.55573
0.492302
0.339484
0.647065
0.601409
0.556488
0.84253
0.593257
0.580363
0.565477
0.358378
0.377685
0.57996
0.532696
0.477944
0.754733
0.604202
0.491202
0.849304
0.841582
0.518493
0.604785
0.629679
0.616621
0.673599
0.777558
0.838686
0.772902
0.815436
0.882841
0.707092
0.702137
0.71325
0.740097
0.644839
1.13622
0.507065
0.584621
0.815566
0.814656
0.732103
0.84737
0.719025
0.757236
0.722467
0.542897
0.589584
0.682491
0.970747
0.973877
0.530483
0.904127
0.929243
1.15211
1.13512
0.580438
0.488847
0.688425
0.686185
1.10099
0.93091
0.594204
0.869159
0.772425
0.65705
0.597905
0.792144
0.513437
0.652939
0.489212
0.619484
0.348354
0.594369
0.356181
0.967552
0.352541
0.285298
0.364811
0.337766
0.516555
0.401805
0.403349
0.320296
0.309024
0.390864
0.42524
0.393705
0.677356
0.65369
0.552379
0.477156
0.72385
0.633374
0.761084
0.630192
0.345277
0.495719
0.65148
0.380445
0.296312
0.449732
0.410131
0.375067
0.500125
0.295107
0.594057
0.572279
0.347416
0.702756
0.829874
0.507215
0.47648
0.589261
0.404538
0.341269
0.460816
0.839074
0.511647
0.43495
0.629152
0.582151
0.468527
0.329642
0.705806
0.316641
