0.130277
0.138171
0.135597
0.139537
0.185271
0.683763
3.37286
2.93932
3.08922
2.4105
2.22064
1.72724
1.35743
1.04304
0.953836
1.19863
1.7704
2.55027
1.93079
1.76691
1.55509
1.76928
1.57217
1.55141
1.34973
1.46853
1.24921
1.41061
1.24251
1.34662
1.57198
1.27112
1.59101
1.8539
1.75917
1.31553
1.68474
1.39514
1.76728
1.63246
1.42543
1.26196
1.75034
1.67894
1.43067
1.3396
1.60818
1.6174
1.23765
1.51076
1.44091
1.14638
1.60009
1.5097
1.70637
1.56881
1.74361
1.62569
1.48404
1.54846
1.77747
1.61632
1.40169
1.68316
1.77693
1.61594
1.37608
1.53655
1.58108
1.51999
1.22022
1.46508
1.3568
1.61825
1.42247
1.34103
1.89257
1.45425
1.67669
1.18325
1.62944
1.65824
1.3642
1.4648
1.49807
1.47253
1.66565
1.90244
1.41309
1.54575
1.20373
1.1138
1.5673
1.61315
1.40465
1.44196
1.50681
1.32177
1.63845
1.4537
1.43271
1.60027
1.68408
1.78759
1.68723
2.01564
1.84196
1.48971
1.59
1.70221
1.60671
1.51315
1.25418
1.50365
1.46943
1.41577
1.20464
1.4526
1.27611
1.65667
1.39929
1.47328
1.19495
1.37353
1.27699
1.56892
1.656
1.42811
1.56515
1.68842
1.26873
1.5065
1.07728
1.37032
1.41379
1.54215
1.74936
1.50058
1.82272
1.54668
1.65129
2.01475
1.49041
1.45996
1.64402
1.32221
1.23217
1.51277
1.23874
1.29155
1.46114
2.34005
2.0805
2.07799
1.52552
2.09293
1.82418
2.19956
1.74077
1.7422
1.94687
1.97949
1.88346
1.53637
1.37448
1.86919
1.51326
1.51613
1.41454
1.70112
1.737
1.79019
1.03586
1.25418
1.48934
1.29415
1.50827
1.19048
1.00128
1.10674
0.932104
1.19663
1.20414
1.28662
0.940857
0.813864
0.904577
0.91903
0.589234
0.776009
0.838007
0.741587
0.661099
0.614241
0.427966
0.729805
0.971725
1.02632
0.955585
0.779443
0.512579
0.620907
0.70018
0.39732
0.47266
0.72985
0.71224
0.668979
0.672044
0.284598
0.305741
0.253351
0.250837
0.324745
0.341899
0.338751
0.3732
0.417585
0.433681
0.290782
0.496493
0.183043
0.283531
0.312351
0.21948
0.263603
0.384867
0.306324
0.208643
0.203039
0.250009
0.223659
0.190105
0.209343
0.17087
