5.157160
5.707770
7.484900
6.792640
14.018700
21.989500
21.812200
21.326700
19.038500
13.623700
18.935600
15.472800
19.880100
18.813000
23.483100
22.312800
19.614700
22.580400
17.915600
16.199300
18.350600
16.950500
13.469700
14.978000
12.193900
13.256000
16.897400
18.811600
13.271800
14.006500
9.448790
13.329200
12.033800
12.202700
9.503470
11.367900
7.368650
8.286840
9.095120
8.337540
7.887780
8.663200
8.398310
8.379300
10.738500
8.419530
9.030320
13.837700
10.110100
8.264420
15.329700
13.949600
14.589400
13.599900
11.577300
12.010600
11.398000
11.299300
9.538580
11.563100
11.224700
11.144100
11.344300
10.730200
10.875500
12.705900
9.618830
9.878470
6.608750
11.111000
9.109170
12.973300
11.304100
10.733800
12.438700
10.060500
9.321580
11.923100
12.787100
9.406770
9.178010
9.881380
8.713770
10.144700
8.843430
9.271250
8.680990
8.653770
10.694700
8.292350
10.581200
7.772030
8.543360
9.115100
8.827050
9.917180
9.841670
10.391300
11.172600
7.740520
10.007200
10.268300
8.696790
9.113110
8.510310
8.823190
7.831280
6.178570
6.727640
7.802350
8.797220
8.012160
7.142300
7.652590
7.525080
6.791160
7.863810
10.840300
10.964700
9.567320
8.055740
8.569080
6.619510
5.783880
6.746750
9.072500
5.771480
13.068100
7.594370
6.089710
8.304420
6.763310
9.201490
7.133810
6.920460
7.246260
6.286090
4.311670
3.636420
6.340830
6.679690
5.805740
11.351700
8.039950
5.172220
8.355030
7.305710
7.982780
8.162180
5.342490
5.331120
10.059100
12.432700
7.810530
6.720160
9.376090
11.385000
8.166310
9.631390
9.878470
6.356230
5.982810
6.803440
7.087960
4.220610
7.003130
4.613030
5.642830
6.045210
6.947520
5.693380
5.863470
4.789230
6.253080
6.717490
6.087050
6.689830
7.383750
5.486670
5.511760
10.086500
7.164640
6.952500
7.326270
13.384700
8.797170
6.255760
12.300400
6.837270
9.414290
11.424200
7.320860
8.073040
8.397460
14.207800
9.840620
11.878900
9.547160
7.205410
6.535470
8.651110
10.490900
9.491560
9.024970
9.702740
7.913150
7.916580
8.803350
7.793310
7.861350
7.830230
7.766710
7.513880
8.790420
8.836340
6.429100
6.060940
6.158790
6.080060
7.663760
7.738990
7.357400
6.864830
7.133270
8.103110
7.936720
7.130830
7.024100
6.599900
5.997170
6.520040
5.695290
5.253810
5.746410
6.090710
5.707620
4.170180
6.556540
7.761110
6.658720
4.889940
3.913080
4.756260
5.393390
4.848220
6.771280
8.789650
8.733530
6.804100
6.881570
5.567140
6.565850
8.198130
5.631630
5.772260
8.419180
7.140190
8.115850
8.170590
7.179320
8.091570
5.914820
7.060650
6.259270
5.420170
9.082790
6.505370
5.975610
3.834820
4.375730
4.677330
7.723240
8.292980
6.725790
5.634880
7.219680
7.529090
5.709730
5.306540
5.037260
5.103010
3.322960
4.741510
4.372410
4.579570
5.017760
4.984420
5.275800
4.142800
4.952740
4.732070
4.642500
4.685340
4.521670
5.211050
4.339840
4.445360
4.549090
3.936430
3.983210
4.513690
5.097360
4.856420
6.198970
5.716110
5.515150
4.982210
5.406080
6.401090
3.996100
4.095300
3.903610
3.252830
3.331460
4.101590
3.862320
4.037750
4.282610
4.252890
4.339560
3.036100
3.382290
3.715240
5.342740
4.208940
4.015740
3.716510
4.229820
4.049620
4.067070
4.905520
3.981330
3.464160
4.186700
4.115180
5.138060
4.269850
3.605070
4.217610
4.985690
5.191670
5.264460
4.546330
3.945530
3.762280
4.928100
4.234710
5.877690
6.208800
6.278670
5.494810
7.009390
6.683690
6.942690
5.672400
3.302890
2.087580
2.143070
3.236980
2.704790
3.822790
3.266300
3.254560
4.822280
4.593740
4.243090
4.194170
4.042730
4.363550
3.936420
2.822910
3.098140
2.947210
2.788020
2.500900
2.498750
3.319620
3.653630
3.660140
3.791030
4.097190
3.798520
3.415150
4.329010
4.082160
4.002540
3.763880
4.528680
4.805470
3.499280
5.386700
6.551210
6.473680
4.672130
5.989860
3.495340
3.494760
5.977150
6.757940
7.532850
7.482490
7.106270
6.281890
5.595970
5.766300
7.080350
6.465040
5.497290
4.732260
5.379120
4.273200
3.857420
4.396070
4.788520
4.334450
4.754450
3.777140
4.821610
4.034650
4.056310
6.172700
5.850040
4.882500
4.401640
5.996610
4.990960
4.256610
4.090590
3.921010
4.910390
5.138880
5.365630
5.386600
5.005420
4.349100
4.556210
4.260210
3.634180
4.250550
4.511540
3.679080
3.640550
3.525810
3.716330
3.146380
3.196300
3.872440
2.877480
3.138510
4.780230
4.688740
5.116400
4.022230
2.919030
3.066480
3.751490
2.861140
3.073010
4.201430
4.148810
3.152210
3.224320
3.758510
4.356440
4.002080
3.994830
3.611820
4.587540
5.193280
4.824380
4.107410
3.993470
4.077510
4.903620
3.530040
3.174990
4.242130
5.119930
4.056920
2.971400
3.433150
4.383710
4.490780
3.647070
3.536400
3.359600
3.052860
3.510520
2.818670
2.889520
3.181300
3.531220
3.044820
3.054910
2.878820
2.666840
3.486550
3.005040
3.696260
3.591800
3.435170
4.267580
3.510930
3.819700
3.260860
3.279990
3.467880
3.566390
4.134260
3.824080
3.354410
3.402390
3.185370
3.415990
3.534970
3.326490
3.326630
3.062760
3.015760
3.159530
2.766190
3.045390
3.070840
3.481720
3.627440
3.312600
3.128990
3.457640
3.654650
3.766540
5.281230
4.613930
3.386590
3.206110
3.182500
3.370670
3.268160
3.555980
3.193370
3.564300
3.774720
3.265320
3.609430
3.236550
3.147170
3.196560
3.181930
3.179810
3.672010
4.056220
3.189990
3.572340
3.578750
3.418770
3.083570
2.675080
3.330580
3.128080
3.229740
3.207350
3.033310
4.114420
3.263910
2.721450
3.440390
3.688990
3.002160
3.187990
3.411080
3.779740
3.103680
3.379550
3.610420
4.155380
4.266740
4.215530
4.678360
5.092000
5.234650
4.331700
4.898840
4.633800
6.397070
6.098980
6.764560
6.826310
6.561880
6.650390
7.413840
8.021920
7.028690
6.917660
6.251770
7.791870
8.314660
9.019040
8.521060
8.591660
9.704460
8.513440
6.313870
8.620840
7.890810
8.372330
6.387740
7.808200
6.702710
6.559260
7.903320
5.687650
4.274580
5.219140
6.027900
4.697010
7.600760
5.829980
6.530870
5.293080
5.049510
6.971550
5.693270
4.817140
5.647460
6.485610
9.069230
5.809610
6.327150
4.092330
3.590300
4.430890
4.207180
5.764230
6.989630
5.412890
4.360650
5.095180
5.925670
2.983950
4.717700
3.252570
5.243310
3.906170
