0.525985
0.607693
0.62871
0.594744
0.589525
0.710548
0.944893
1.12209
1.64195
1.60487
2.13027
1.92141
2.99866
2.69536
1.68837
1.65942
1.57628
1.34452
1.31616
1.10898
1.01593
1.29363
1.16962
1.04583
1.28917
1.42985
1.2141
1.16737
1.39565
1.48322
0.968682
1.14665
1.16993
1.26475
1.17524
1.92955
0.999546
2.0411
1.67068
1.58572
1.25956
1.66143
1.83289
1.34294
1.77594
2.06899
1.32619
1.20588
1.42614
1.81919
1.32673
1.45909
1.39643
1.18484
1.16926
1.2814
1.03744
1.28811
1.2827
1.3812
1.2763
1.21281
1.47879
1.13824
0.930659
1.04507
1.24617
1.39624
1.26197
1.62875
1.13496
1.35427
0.960091
1.19234
1.60961
0.962511
1.00513
1.21982
0.806889
1.07368
0.932124
0.881066
1.40089
1.04886
0.967586
0.948916
0.830554
0.887501
1.0609
0.942362
0.838903
0.888849
0.797648
0.817886
0.80004
0.804385
0.79076
0.798385
0.606182
0.725606
0.634887
0.690667
0.727023
0.553595
0.625122
0.644978
0.61332
0.64042
0.571862
0.632703
0.568038
0.54414
0.636676
0.563018
0.627588
0.558227
0.563966
0.588186
0.59822
0.564559
0.448409
0.56378
0.602333
0.557231
0.557131
0.525673
0.553293
0.585893
0.566065
0.445694
0.491937
0.519118
0.461179
0.484303
0.484464
0.540839
0.493543
0.488423
0.513965
0.465452
0.473785
0.396032
0.471547
0.413055
0.434363
0.430079
0.420563
0.417777
0.380116
0.458359
0.418064
0.37307
0.441746
0.342373
0.456759
0.462815
0.431386
0.424865
0.408133
0.430706
0.335386
0.422795
0.357374
0.334317
0.38423
0.431721
0.365189
0.373677
0.401187
0.390695
0.301017
0.427109
0.354479
0.319549
0.408584
0.372232
0.389613
0.393334
0.2704
0.349589
0.33422
0.329718
0.373175
0.36832
0.353004
0.44042
0.355738
0.330021
0.383846
0.361446
0.357766
0.351404
0.319837
0.392468
0.360022
0.416994
0.402754
0.326862
0.377154
0.403469
0.340532
0.379985
0.41716
0.326046
0.28938
0.372077
0.409683
0.361348
0.338607
0.30562
0.327625
0.309621
0.329933
0.319872
0.332891
0.376009
0.328688
0.28335
0.279489
0.269606
0.318198
0.294278
0.293508
0.331755
0.339827
0.308763
0.311277
0.327363
0.298872
0.348294
0.32382
0.286617
0.321622
0.263358
0.280266
0.263054
0.307411
0.254126
0.293134
0.27466
0.256574
0.267378
0.292897
0.285977
0.234154
0.314552
0.283754
0.292464
0.26032
0.245493
0.255832
0.269599
0.249029
0.283788
0.261475
0.228758
0.280074
0.273043
0.277079
0.27974
0.241916
0.239491
0.278127
0.286331
0.223332
0.209527
0.246629
0.253134
0.226847
0.289073
0.242883
0.265857
0.225243
0.213733
0.210374
0.231596
0.248643
0.235285
0.25323
0.233735
0.229168
0.253754
0.232175
0.242542
0.257226
0.275325
0.275071
0.264803
0.21607
0.235302
0.248536
0.240391
0.280229
0.242789
0.230866
0.251842
0.232616
0.223774
0.222041
0.225436
0.244536
0.216307
0.228499
0.237186
0.256112
0.240828
0.22188
0.214191
0.224025
0.21971
0.245127
0.229911
0.206972
0.222687
0.219415
0.212539
0.21983
0.208487
0.236167
0.222714
0.219197
0.198316
0.2272
0.23245
0.211933
0.25837
0.24816
0.193618
0.229184
0.219706
0.201918
0.20762
0.213445
0.228131
0.21761
0.228695
0.211801
0.225714
0.210362
0.219451
0.200744
0.214702
0.1992
0.200776
0.203367
0.216556
0.220018
0.182704
0.206089
0.187233
0.191911
0.173633
0.17264
0.195656
0.206869
0.18532
0.173963
0.177285
0.196684
0.210169
0.183339
0.203413
0.216818
0.196928
0.196428
0.197718
