0.198424
0.187554
0.456874
0.286749
0.232468
0.375643
0.208607
0.239128
0.191666
0.197144
0.194173
0.239852
0.375772
0.320037
0.377321
0.454017
0.365757
0.543796
0.432295
0.37488
0.363683
0.476299
0.373173
0.38109
0.455895
0.463881
0.35827
0.426524
0.518868
0.502131
0.567481
0.39888
0.350503
0.478939
0.24164
0.317905
0.29183
0.45649
0.391655
0.28178
0.307336
0.412163
0.390021
0.328865
0.38065
0.384186
0.363022
0.396689
0.464364
0.585488
0.489401
0.670076
0.487929
0.512441
0.413117
0.422175
0.537695
0.675548
0.401284
0.339437
0.371
0.405458
0.323453
0.328978
0.320309
0.31557
0.309192
0.325626
0.348495
0.363748
0.388371
0.413415
0.409658
0.332333
0.346979
0.358725
0.398869
0.483085
0.310587
0.436589
0.384698
0.394517
0.384697
0.55102
0.455462
0.531382
0.615738
0.564227
0.681723
0.600811
0.641973
0.533724
0.59408
0.584212
0.538169
0.603286
0.466393
0.65133
0.409299
0.491159
0.588224
0.404905
0.380668
0.446383
0.346636
0.362992
0.385901
0.400559
0.55789
0.62812
0.502619
0.561276
0.737649
0.747194
0.550094
0.502424
0.569125
0.592518
0.723517
0.634437
0.567869
0.491776
0.604947
0.604689
0.450194
0.448294
0.382664
0.416306
0.442119
0.385926
0.431966
0.466431
0.39564
0.410483
0.38057
0.347784
0.38996
0.351184
0.314665
0.30118
0.369969
0.368423
0.314119
0.420257
0.451836
0.535376
0.534752
0.498008
0.517305
0.529497
0.417402
0.397051
0.273364
0.233928
0.284451
0.574392
0.484472
0.337361
0.31102
0.349587
0.35104
0.399865
0.34545
0.221901
0.551877
0.47971
0.435891
0.419962
0.582896
0.638977
0.564187
0.453025
0.585745
0.446845
0.425222
0.428856
0.38183
0.326008
0.370933
0.389239
0.282139
0.290524
0.327662
0.296194
0.297202
0.546205
0.51113
0.598379
0.56806
0.454043
0.54745
0.407133
0.515533
0.484411
0.574203
0.477439
0.449573
0.435323
0.523722
0.473083
0.426256
0.603945
0.403222
0.388648
0.386619
0.378588
0.419966
0.363714
0.353069
0.389376
0.54193
0.426559
0.65745
0.737946
0.437546
0.557016
0.582179
0.59616
0.558969
0.476489
0.466361
0.5064
0.463448
0.408758
0.4433
0.44422
0.474851
0.493764
0.468761
0.657004
0.629746
0.507794
0.457453
0.462159
0.442582
0.600557
0.477639
0.309947
0.428498
0.544757
0.50279
0.455812
0.305716
0.320185
0.34153
0.370584
0.277252
0.368457
0.339724
0.360999
0.389751
0.351769
0.538489
0.453403
0.51837
0.589916
0.634612
0.476621
0.494258
0.495787
0.564788
0.428892
0.327785
0.532253
0.531388
0.691429
0.365456
0.407022
0.39304
0.523324
0.5127
0.709759
0.648106
0.577327
0.536274
0.589786
0.75445
0.598337
0.7276
0.639742
0.581901
0.532275
0.677657
0.618151
0.310665
0.34183
0.399567
0.534309
0.587032
0.796
0.508975
0.847471
0.695314
0.519641
0.537684
0.632914
0.595917
0.621932
0.67954
0.546208
0.829692
0.77472
0.830913
0.902948
0.799741
0.817657
0.766976
0.784908
0.702536
0.715721
0.558982
0.67966
0.754538
0.929326
0.846189
0.786307
0.734052
0.810614
0.747833
0.746336
0.688865
0.623576
0.763167
0.751323
0.82629
0.783909
0.752705
0.710208
0.734248
0.698199
0.782023
0.658259
0.854447
0.804352
0.762956
0.808655
0.794229
0.79169
0.734432
0.811109
0.81868
0.733484
0.643534
0.798302
0.740704
0.836489
0.664434
0.787126
0.705827
0.768649
0.814334
0.843827
0.713955
0.760033
0.797182
0.652686
0.858858
0.756067
0.73572
0.779509
0.77282
0.819665
0.940155
0.889349
0.859734
1.01759
0.825063
0.533057
0.808885
0.925431
1.03592
0.851093
0.723239
1.24588
0.73146
1.08814
0.858495
1.23934
0.603469
0.963577
0.720949
0.560372
0.48098
1.08044
0.887253
0.74904
0.450886
0.543913
0.866708
0.722669
0.518869
0.680686
0.881542
0.772463
0.871643
0.783468
0.653362
0.598861
0.598461
0.688399
0.768103
0.457863
0.773654
0.7454
0.724374
0.77644
0.912717
0.729745
0.713103
0.49699
0.644955
0.652969
0.596186
0.649507
0.986803
0.758499
0.598803
0.551362
0.685932
0.613812
0.74052
0.497743
0.843219
0.724913
1.00726
0.781626
0.804127
0.903508
0.73982
0.625046
0.437232
0.514808
0.680386
0.9536
0.559523
0.35517
0.464865
0.833892
0.997956
0.861549
0.603578
0.87276
0.950507
0.841552
0.837241
0.937207
0.816801
0.767487
1.18141
1.09084
1.14548
0.619131
1.00303
0.820058
0.766266
0.946537
0.895229
0.804477
1.44466
1.22464
1.09956
0.781386
0.766512
0.728904
0.941142
1.21131
1.0426
1.11778
0.629254
0.552893
1.08166
0.864473
1.08112
0.853449
0.91943
0.786005
0.667939
0.78978
0.576084
0.583707
0.691892
0.727671
0.864599
0.843055
1.16607
1.08956
0.771988
0.66732
1.53029
0.839772
0.707301
0.810143
1.01309
0.853445
0.891291
0.748562
0.644256
0.845654
1.25562
0.796733
0.442957
0.862867
0.797773
0.849148
0.95017
0.882498
1.16309
0.440084
0.651505
0.735916
0.639107
0.591213
0.669116
0.723016
0.973033
1.06506
0.940691
1.00635
0.879081
0.742499
0.771856
0.654696
0.700245
0.863896
0.527747
0.56409
0.595483
0.626912
0.758154
0.567485
0.545447
0.565876
0.545297
0.474391
0.520153
0.613649
0.757718
0.573825
0.639663
0.561232
0.629767
0.65417
0.72917
0.633031
0.557487
0.507135
0.587106
0.609769
0.663086
0.676836
0.683911
0.627409
0.564158
0.652545
0.637702
0.574148
0.584935
0.567077
0.523809
0.546509
0.556156
0.592059
0.550313
0.548456
0.519868
0.627847
0.518902
0.595595
0.555412
0.597629
0.643115
0.558413
0.669197
0.57659
0.543785
0.568721
0.702142
0.646692
0.645704
0.59659
0.628964
0.634227
0.700056
0.637253
0.718384
0.673798
0.595439
0.63928
0.532079
0.526372
0.483133
0.627118
0.678373
0.64725
0.757937
0.682584
0.559821
0.742235
0.601041
0.58646
0.71237
0.636593
0.557986
0.618426
0.628468
0.654213
0.599682
0.488079
0.58754
0.643607
0.62874
0.560145
0.741373
0.584974
0.567015
0.54504
0.594713
0.610484
0.612024
0.619881
0.586168
0.628816
0.498382
0.487153
0.58027
0.615138
0.541295
0.632844
0.637915
0.583107
0.629399
0.475998
0.47595
0.491951
0.602721
0.587271
0.550721
0.561552
0.595338
0.533276
0.5773
0.590329
0.507028
0.566107
0.525801
0.457448
0.43055
0.529881
0.491164
0.525049
0.516804
0.479979
0.519699
