9.587890
9.156980
8.929480
8.953370
9.505540
9.287360
9.161930
9.433210
9.238230
9.596820
9.507110
8.910740
9.212460
9.301250
9.035050
9.096550
9.383150
9.499960
9.224860
9.498330
9.227290
9.705870
9.406650
9.482610
9.365110
9.550290
9.545890
8.930980
9.287860
9.574990
9.045730
9.025920
9.582260
9.427190
9.239580
9.292820
9.498000
9.441780
9.418190
9.379500
9.704790
9.674400
9.490210
9.563570
9.546670
9.731100
9.322840
9.456680
9.605910
9.488700
9.471170
9.453710
9.578720
9.463230
9.760660
9.456520
8.393190
9.536200
9.419780
9.911640
9.481350
9.680060
9.587990
9.508580
9.337300
9.776650
9.415880
9.874990
9.677100
9.794060
9.507940
9.542620
10.141600
10.208100
10.421600
9.715630
9.564220
9.728160
9.786690
9.725450
9.774410
9.555410
10.025200
9.503910
9.879770
9.770900
9.295150
9.653850
10.258100
9.875840
10.295100
10.499100
10.599600
10.342500
9.938670
9.875790
10.092700
10.394500
10.712700
10.105900
9.711410
10.215500
10.197300
10.142300
10.255100
9.786210
9.863910
9.417080
9.973560
9.609680
10.228100
9.908110
9.708720
10.348400
9.847340
10.096900
9.317610
9.726740
10.224600
10.391400
10.247300
10.320900
10.401700
10.299500
10.522900
10.310900
10.334800
10.687700
10.500500
10.095800
10.417900
10.440600
10.483500
10.359700
10.797500
10.155100
9.092830
10.441800
10.654200
10.751200
11.005600
10.867400
9.930320
10.511400
10.705600
9.948540
11.251800
11.108100
10.561100
10.423600
10.492000
11.084400
11.318500
10.461900
10.908900
10.899700
10.380300
11.089200
10.605500
10.547500
10.619100
10.628500
10.696100
11.072100
10.584200
9.806430
10.798400
10.464300
10.855000
10.557600
10.646800
10.282200
11.070900
10.932000
10.840000
10.538600
11.286600
11.677900
11.327400
11.193300
11.466800
11.384000
11.238900
11.167600
11.599300
11.088400
11.586600
10.585200
10.777100
10.793100
10.481200
10.992300
11.473700
11.083200
10.023900
11.443000
10.472900
10.778300
11.214000
11.451100
11.057400
11.804600
11.120400
11.085000
11.149200
10.541800
10.900900
10.899200
11.392200
11.554700
11.449500
11.175000
11.596300
12.208200
11.737000
11.708400
11.044100
11.318400
12.298200
12.337300
12.117900
11.840900
11.799900
11.667000
11.352600
11.294900
11.005400
11.070500
12.007700
11.928600
11.643100
11.864600
11.859000
11.638300
11.854400
11.865300
11.445300
11.761400
12.419500
12.174300
11.317900
11.527200
11.224900
11.465100
11.494100
12.176200
11.713800
11.578500
11.562700
11.770600
11.835000
11.866000
11.704700
11.292600
11.548400
11.787900
11.879500
11.571800
11.870200
11.684400
11.668900
11.428500
11.655000
11.325700
11.695500
11.812900
11.923500
11.417100
11.652600
11.716400
11.577900
11.788900
11.686200
11.746300
11.561700
11.510200
11.410500
12.141400
11.571400
12.504600
11.935200
11.730200
11.738800
12.035800
12.618500
11.687200
12.272600
11.887600
11.908600
12.094300
12.085400
12.387100
13.009800
12.719800
13.294500
12.572500
12.681900
12.269600
12.491700
12.088400
12.298300
12.604100
12.156500
12.364300
12.167400
11.748800
12.109200
12.470900
12.427300
12.391200
12.251700
12.165400
12.348400
11.817700
12.647200
12.129500
12.439600
12.351900
12.624600
12.729000
12.626000
12.603700
12.214400
11.052800
12.761300
12.685000
12.809400
12.394600
12.689600
12.399500
12.424000
12.804800
12.746900
12.777000
12.566100
13.151400
12.904500
12.367600
11.938800
12.616600
12.737800
12.965500
11.172400
12.302700
12.558500
13.065400
12.876500
13.320000
13.377600
13.067900
12.874300
13.034100
12.283000
12.956300
13.036500
12.668700
12.819700
13.448000
13.001800
13.334100
13.408000
12.949900
13.379500
13.936400
13.590100
13.606700
13.745000
13.546900
14.442000
14.569800
13.854500
12.691400
14.057600
13.744000
13.887400
13.947300
14.073700
13.971100
13.452200
13.891300
13.818100
13.636000
14.233500
14.392400
13.701700
13.610300
13.580300
13.514700
13.771000
13.458800
13.550800
13.794400
14.267500
14.453000
14.480500
14.163900
14.922600
14.425100
14.295800
14.605700
14.597500
12.453200
13.933400
14.781400
14.024500
14.403100
13.460400
13.992000
13.634500
14.001800
13.854400
12.856100
13.079600
13.420000
12.745600
14.112000
14.457500
13.696300
13.851900
13.910600
13.230700
13.552400
14.144900
13.403500
14.541400
13.280400
13.433500
14.122600
14.697200
13.789900
14.130200
13.822200
13.396900
14.191100
15.026300
14.538400
14.400400
13.932700
13.387700
14.074100
13.213800
13.623600
13.293400
14.024000
13.702900
13.864000
13.451300
14.842300
13.615500
13.908400
12.599900
14.793900
13.504500
13.333000
13.671600
13.286500
13.902300
13.793700
13.619700
13.661500
13.813400
14.238500
14.235200
13.806000
13.525600
14.165800
13.664500
13.650900
13.930700
14.159300
14.001300
14.106700
14.014600
14.248800
14.418900
14.001900
14.329400
14.346400
13.895500
14.194900
13.954100
14.401500
14.126800
14.144600
14.412800
14.509700
14.186900
14.056700
14.161400
13.933000
14.473500
13.919600
13.919400
13.887000
14.074300
13.619100
13.373200
14.164800
14.153100
14.089700
13.999600
14.630700
14.593500
14.557300
14.493500
15.267200
14.112200
14.453300
14.692700
14.901900
14.650100
15.137600
13.840700
15.196500
13.953200
15.231200
15.773600
14.872600
14.847200
14.302700
15.600700
14.729100
14.349000
15.012600
15.463700
14.858300
14.873700
15.339300
15.349400
15.481600
15.301200
14.982000
16.398900
15.620500
15.891000
15.237500
14.444100
15.774400
16.246100
15.031000
15.599900
14.716100
14.837500
14.995200
15.734000
16.126100
16.604000
15.533700
15.179800
15.349400
15.484300
15.445500
13.777500
15.895600
15.719500
15.047500
15.374700
16.699900
16.617700
15.044200
16.449300
15.538100
15.671700
14.829700
15.712700
16.025100
15.806300
15.067500
15.829700
15.284400
15.998900
15.792900
15.950800
16.360500
15.369700
16.392300
14.950400
16.374500
15.410100
16.407400
16.313000
16.434600
15.101700
15.529500
16.411800
15.074200
16.758700
16.679400
15.229200
15.701500
16.327900
15.731500
16.937700
16.457900
16.271800
14.815700
16.400200
15.929800
16.122900
15.875900
16.582900
14.153400
16.557100
15.132500
15.957900
16.055500
15.300500
15.209700
16.783400
16.170200
15.906900
16.286200
16.344600
14.441900
17.464200
17.403200
16.942100
16.972900
17.989600
18.551700
17.754400
16.185300
17.865400
16.860400
16.920000
17.603200
16.745600
17.811900
16.912000
17.430500
17.497400
16.910900
16.377200
17.435100
17.814200
17.597200
17.307700
17.583700
18.376800
17.515600
16.145100
17.933500
17.395000
16.742300
17.552200
18.665800
18.299800
17.993200
17.040700
17.889700
17.543800
18.442000
17.257500
16.726100
17.659100
18.624200
17.972300
17.963100
20.515700
18.530800
19.183600
17.472500
19.075000
19.408900
18.658200
18.203000
18.819900
18.908900
18.484800
17.285500
17.289900
18.099200
20.226400
18.510500
18.796300
18.917100
19.440000
18.440400
18.941100
18.560100
18.491900
18.357900
18.252900
18.417300
18.037800
17.466800
17.178100
18.631800
18.512500
18.336200
17.961100
19.013300
19.245700
18.498000
18.060200
20.068400
18.710800
18.582100
19.460000
17.741800
16.270700
18.572000
18.773400
17.943700
18.654300
18.715700
16.485300
18.069800
18.871700
18.600000
18.569700
20.362900
15.555500
18.146400
19.310500
18.131100
19.209900
17.904700
20.072400
19.202600
19.346300
19.349900
20.500300
18.295600
21.032800
21.568300
20.184800
17.887900
18.316200
17.290500
18.579300
19.643000
17.862300
18.840100
19.346100
19.541800
19.324800
18.584200
19.305800
19.320100
20.038100
19.535100
20.166000
19.095400
19.440700
20.877400
19.511900
19.495500
21.213000
20.743900
19.728400
20.504600
20.552700
21.049700
20.317100
21.227300
18.838600
18.791200
21.670900
18.057300
18.256600
20.898400
18.735000
19.083000
20.983100
22.737600
22.443100
18.184400
16.728700
18.923800
19.338000
23.443800
25.997600
23.207800
24.406000
22.136100
24.034000
23.088600
26.127900
24.087300
25.233400
26.446200
25.375100
25.770300
25.113400
24.873400
24.243400
19.610300
17.170200
16.348600
15.502800
17.066300
15.334100
15.313600
