4.34614
5.15173
3.52179
4.71038
5.9816
9.23268
10.9562
12.0469
11.856
5.72971
5.82417
4.38745
4.4343
15.4564
14.0153
8.48801
8.50497
7.653
9.15394
9.61352
10.559
9.08009
8.70541
9.73638
10.4221
10.4759
9.67608
10.296
8.64186
11.7864
10.3206
9.96596
11.842
11.1703
10.2756
10.2208
9.37337
9.58284
10.4705
9.94426
11.1738
10.1855
9.88623
11.0822
11.862
9.04973
10.1715
8.96559
6.06412
8.8947
7.47765
7.60382
13.4065
15.7202
11.3576
11.5236
9.86643
10.0776
8.48912
10.1266
11.4991
9.3067
9.07763
9.89446
13.2676
9.78288
10.5097
10.6775
8.99845
11.82
9.72458
8.96232
5.88717
8.53598
8.89561
6.21853
5.29302
4.06508
5.2831
3.12043
2.14727
4.11664
4.60799
6.22872
5.73893
6.20656
2.18719
1.56138
1.55409
1.56921
1.82284
3.2653
3.26318
3.03077
1.77058
2.04766
1.60367
5.6007
9.28312
7.76895
8.39339
7.37853
4.84194
4.37843
4.51061
4.5604
5.16817
8.85649
8.64209
5.18334
14.5696
9.76359
8.14274
9.33306
7.13215
6.8966
5.35971
5.81029
5.57187
3.84463
4.85832
5.07192
5.14923
4.40419
3.07036
2.88105
3.06881
2.53848
4.00213
4.82049
4.92998
4.56135
5.41612
5.27058
9.83262
6.07015
3.95158
5.62982
5.88996
4.7487
5.25784
7.72046
4.15637
5.45255
9.59523
8.4792
8.31129
5.76411
5.23376
8.65215
15.5891
11.6618
8.61304
2.63803
4.57921
23.9992
