0.235652
0.330119
0.530867
0.690527
1.13331
1.38168
3.11558
6.97509
8.67147
8.53254
7.64167
8.212
7.83619
8.05845
7.31611
7.11219
6.93062
6.72409
6.13998
6.25647
5.57907
5.47849
5.67584
5.59598
5.80149
5.92
6.28544
5.94408
5.48764
5.7108
5.72519
5.58161
5.65751
6.00164
5.87132
4.93814
4.85941
5.04939
4.61106
4.20514
4.48545
4.61224
4.73948
5.25645
5.32386
5.29933
4.821
4.60599
4.65297
5.31987
4.77768
5.15249
4.52205
4.01194
4.55748
4.38762
4.10086
4.6082
3.68365
4.23116
5.15134
5.03474
4.47885
4.33811
4.52399
4.8518
3.73573
4.34666
4.04226
4.58026
4.53582
4.16605
4.14028
4.47878
4.61275
4.04386
4.76127
4.12484
4.07605
3.91042
3.78396
4.22937
4.2087
4.10618
3.25863
4.05502
3.38991
4.33205
4.31151
4.20244
4.68989
3.37916
3.61344
3.13754
3.07542
3.18928
3.71388
3.39504
3.44895
3.69097
4.13035
3.61961
2.87624
3.18312
3.75746
3.24337
3.39981
3.18476
3.37941
2.92089
2.96822
3.03755
3.12387
3.20573
3.14343
3.10359
3.18238
3.52204
4.0929
2.96159
2.90018
3.32493
3.06408
3.19041
3.75736
3.3198
2.89249
2.8948
3.02756
3.18346
3.1609
3.51703
2.97599
3.17095
2.89907
3.20522
2.86661
3.22201
3.00478
3.17166
3.19237
2.93808
2.71779
2.93283
2.4744
2.47409
2.66835
3.18415
2.50052
2.97328
2.76221
2.70699
2.61698
2.98335
3.20043
2.54743
2.13147
2.44462
2.57965
2.55114
2.47519
2.88099
2.62125
2.61449
2.22524
2.11528
2.28092
2.04878
2.69783
2.06399
2.16885
2.60759
2.17373
1.85008
2.14339
1.89368
2.41611
2.11913
2.29839
1.85019
1.89925
1.5947
1.4206
1.69427
2.05304
1.73366
1.65138
1.54505
1.55578
1.88953
1.30593
1.57477
1.56003
1.79377
1.70307
1.27531
1.66381
1.62884
1.61957
1.41716
1.57314
1.46107
1.18497
1.54524
1.50726
1.0511
1.21097
1.06592
1.3671
1.16762
0.960882
1.20995
1.1205
1.23061
1.13444
1.01523
1.17032
1.06918
1.2005
1.24211
1.08909
1.01507
0.842445
0.937362
1.05889
0.952788
0.990777
0.94073
1.05681
0.872908
0.86897
0.966157
0.937406
0.815237
0.757329
0.893127
0.939036
0.88053
0.766113
0.843916
0.815056
0.721236
0.699941
0.721791
0.844717
0.827742
0.747377
0.76166
0.775683
0.668403
0.782427
0.790275
0.75499
0.796649
0.663219
0.858882
0.839083
0.705691
0.907499
0.912369
0.687672
0.651209
0.897198
0.848187
0.581732
0.682971
0.645678
0.717769
0.600665
0.633533
0.787157
0.546582
0.507752
0.617178
0.673402
0.549573
0.502769
0.493826
0.448816
0.57003
0.547534
0.623075
0.523821
0.593372
0.68428
0.585167
0.566447
0.528891
0.499102
0.558908
0.511064
0.488287
0.467809
0.565546
0.496736
0.495137
0.602711
0.465521
0.495669
0.676836
1.03357
0.601471
0.681018
0.542729
0.4778
0.487639
0.422719
0.392567
0.491681
0.462182
0.522241
0.407795
0.66353
0.492578
0.432674
0.475959
0.448161
0.427549
0.459457
0.374783
0.441619
0.440693
0.701526
0.620119
0.358377
0.385862
