0.381444
0.391933
0.368762
0.418795
0.423631
0.393868
0.476639
1.27724
1.31736
1.09424
1.0362
0.90143
1.08238
1.08338
1.13257
1.0013
0.915718
1.0608
0.952434
0.845556
1.0003
1.00977
0.959463
1.08684
1.08305
1.1175
1.14339
1.07367
1.29888
1.01648
1.08778
1.11225
1.15558
1.05399
1.02092
0.984239
0.991811
0.875181
1.11379
0.910766
0.871031
0.864015
0.957396
0.874326
0.888292
0.921935
0.862173
0.726499
0.788411
0.812422
0.90369
0.935459
0.952179
0.867876
0.913477
0.882524
0.872566
0.807935
0.779501
0.751081
0.852217
0.800917
0.799696
0.872879
0.868236
0.900833
0.845115
0.948856
0.551618
0.456674
0.990282
0.932082
0.870303
0.888057
0.896761
0.899567
0.699025
0.799853
0.908169
0.863252
0.862754
0.872312
1.03173
1.08493
1.0484
0.984633
1.0598
1.00314
0.884141
1.00266
0.816102
0.959054
0.943652
0.912461
0.892268
0.979569
0.979289
0.883349
0.98579
0.87522
0.798434
0.886051
0.874795
0.895241
0.907705
1.00926
0.898318
0.956833
0.944364
1.01204
1.06367
1.02337
0.55166
0.869175
0.739672
0.804652
0.542671
0.600452
0.593701
0.5412
0.439071
0.546882
0.875468
0.451045
0.477487
0.47988
0.55146
0.426414
0.647347
0.453037
0.50623
0.498569
0.446016
0.615499
0.603183
0.616724
0.598554
0.540384
0.449337
0.458871
0.786452
0.704579
0.481506
0.688713
0.556651
0.581367
0.727055
0.558169
0.547271
0.485069
0.548785
0.648533
0.496616
0.654954
0.710219
0.732111
0.765251
0.559673
0.687853
0.652724
0.638371
0.80369
0.47457
0.613894
0.497143
0.724638
0.644651
0.692515
0.547196
0.56391
0.751486
0.809948
0.932267
0.841891
1.01249
0.852261
0.908147
0.804991
0.701523
0.645936
0.676446
0.727754
0.638839
0.833465
0.850951
0.893414
0.715165
0.674332
0.585858
0.620987
0.574137
0.586623
0.525986
0.606326
0.608288
0.525127
0.597472
0.530952
0.460192
0.492092
0.779375
0.954338
0.907216
0.847681
0.889408
0.851912
0.795921
0.778337
0.733714
0.819148
0.799328
0.768871
0.755023
0.774124
0.782311
0.782617
0.740112
0.817648
0.722313
0.876504
0.687338
0.79373
0.738572
0.728108
0.738021
0.701638
0.662608
0.566645
0.475319
0.462399
0.542039
0.460292
0.44985
0.540383
0.54017
0.534835
0.504024
0.649306
0.499943
0.457631
0.603674
0.495703
0.53726
0.479184
0.436467
0.53692
0.495137
0.519857
0.581133
0.471043
0.562872
0.537725
0.529921
0.487224
0.587645
0.474553
0.547874
0.487852
0.534555
0.493167
0.70864
0.55757
0.606367
0.541206
0.523295
0.568112
0.515884
0.519935
0.426656
0.504703
0.426518
0.45642
0.496262
0.497577
0.374583
0.400671
0.364719
0.433579
0.453344
0.491622
0.547379
0.790039
0.624894
0.699837
0.636924
0.660526
0.630599
0.652101
0.738712
0.655936
0.639596
0.658494
0.592464
0.590554
0.538642
0.441202
0.601914
0.466588
0.506854
0.567179
0.551049
0.542158
0.50178
0.531906
0.546978
0.546806
0.605564
0.668112
0.541906
0.590638
0.604788
0.524644
0.470803
0.507699
0.529722
0.446796
0.476009
0.42107
0.467812
0.421296
0.470208
0.440719
0.61013
0.54624
0.477446
0.462813
0.54312
0.394127
0.542961
0.545551
0.50954
0.502293
0.547805
0.516541
0.512027
0.555475
0.598908
0.50753
0.563462
0.497048
0.442203
0.51143
0.54903
0.513618
0.485465
0.482376
0.496119
0.478792
0.565094
0.483113
0.514328
0.430609
0.462332
0.45806
0.436699
0.396442
0.507114
0.468602
0.411635
0.526546
0.509089
0.54833
0.494462
0.557822
0.424446
0.49393
0.431847
0.489117
0.523875
0.453921
0.558952
0.488631
0.541371
0.555128
0.449848
0.446877
0.490166
0.468369
0.568836
0.55233
0.473341
0.551761
0.50985
0.483421
0.514534
0.417751
0.377252
0.286752
0.28907
0.312073
0.340365
0.289509
0.427679
0.396692
0.371079
0.400003
0.366356
0.386579
0.391649
0.393295
0.466575
0.465892
0.431619
0.455728
0.440396
0.43055
0.428377
0.397567
0.412867
0.404105
0.385845
0.456967
0.464332
0.434449
0.440025
0.445482
0.45831
0.461246
0.486953
0.494965
0.48361
0.437685
0.463956
0.487753
0.437482
0.443215
0.410328
0.419391
0.491393
0.454503
0.508901
0.417021
0.496594
0.433062
0.463375
0.425323
0.545941
0.507942
0.469717
0.464865
0.48402
0.531001
0.544611
0.488634
0.491999
0.589841
0.497458
0.561081
0.433341
0.445411
0.427972
0.478908
0.473386
0.491327
0.497514
0.538687
0.507227
0.512639
0.442838
0.526682
0.484456
0.461059
0.490131
0.5049
0.575161
0.518146
0.521852
0.519656
0.457551
0.507921
0.490713
0.527117
0.523268
0.568026
0.511356
0.465431
0.476823
0.498636
0.506122
0.524452
0.492749
0.522634
0.587598
0.511784
0.567002
0.550447
0.521365
0.589792
0.517091
0.618328
0.660987
0.56211
0.577391
0.576994
0.545865
0.595913
0.544089
0.621678
0.623623
0.588482
0.525795
0.56521
0.550078
0.535231
0.554121
0.577199
0.589169
0.582619
0.565631
0.618148
0.569275
0.641594
0.556257
0.52809
0.551398
0.590832
0.600723
0.575454
0.539668
0.561712
0.605164
0.633408
0.49851
0.596148
0.588427
0.558609
0.651608
0.559079
0.575568
0.65983
0.577596
0.604149
0.566624
0.662172
0.722286
0.5465
0.587834
0.639685
0.610972
0.572375
0.633039
0.550594
0.524582
0.540245
0.596818
0.448746
0.600849
0.595777
0.600721
0.604309
0.592003
0.536522
0.573937
0.592416
0.63074
0.590254
0.61136
0.593564
0.579933
0.615086
0.592066
0.52639
0.530555
0.615763
0.633124
0.654793
0.587473
0.581701
0.57391
0.520825
0.646144
0.676214
0.58647
0.679983
0.663139
0.696048
0.653488
0.738536
0.717009
0.675743
0.667531
0.658788
0.60969
0.616771
0.692788
0.702852
0.666317
0.641817
0.726573
0.641105
0.622423
0.682109
0.555343
0.542235
0.564704
0.583367
0.596211
0.63957
0.635983
0.608941
0.562934
0.576555
0.656111
0.616411
0.61338
0.651531
0.646213
0.679661
0.658697
0.677
0.694155
0.635231
0.637671
0.672642
0.612326
0.62311
0.789484
0.740194
0.789063
0.805308
0.832609
0.833138
0.790128
0.744506
0.770225
0.792005
0.812962
0.789752
0.799817
0.802496
0.84433
0.765508
0.84248
0.820043
0.801866
0.815139
0.797184
0.918635
0.808472
0.859123
0.887848
0.887915
0.855875
0.820448
0.866707
0.853225
0.832117
0.838017
0.823422
0.790879
0.840681
0.825181
0.839391
0.873592
0.856512
0.898854
0.858682
0.839779
0.839531
0.847916
0.814011
0.815386
0.817786
0.881644
0.836161
0.83665
0.845544
0.82295
0.831007
0.85224
0.832491
0.863876
0.914587
0.887967
0.87786
0.84907
0.887156
0.900504
0.895299
0.94921
0.864346
0.888463
0.949928
0.922074
0.987204
0.933848
0.895782
0.908281
0.894431
0.945417
0.884376
0.864032
0.932276
0.891635
0.962994
0.963085
0.955508
0.947098
0.994637
0.982847
0.923246
0.96008
0.95685
0.990866
1.01385
0.979556
0.905339
0.959689
0.922626
0.968243
0.979275
0.947063
0.995779
0.953221
0.956572
1.04482
1.00452
0.992595
0.932058
0.927677
0.871761
0.986634
1.01416
0.96089
1.01203
1.00777
0.996395
0.961488
0.959578
0.910147
0.981008
1.02994
0.998767
1.0511
1.10537
1.08777
1.10428
0.988126
0.970309
1.02383
0.983195
0.997261
1.03935
1.07845
1.02641
0.995677
1.06037
1.04493
1.00303
1.08243
1.03056
1.05308
1.02576
1.06016
1.05511
1.08441
1.04984
1.05201
1.06364
1.08077
0.925915
1.00194
0.972794
1.03234
1.01332
0.989498
1.02102
1.06582
1.04445
1.00762
1.02255
1.02755
0.993385
1.01125
1.00102
1.07663
1.00292
0.994104
1.02878
1.01282
0.985617
1.00315
1.03269
0.940755
0.931305
0.991794
0.974279
0.966585
0.998866
1.07754
0.911967
0.908911
0.862408
0.878705
1.00113
0.993802
1.12917
