0.603664
0.592878
0.591246
0.657507
0.561374
0.590871
0.601428
0.693931
0.625541
0.624196
0.648593
0.725166
0.7591
0.804348
0.789826
0.817936
0.775632
0.842867
0.869645
0.924669
1.04593
0.96148
0.956167
0.89476
0.958911
0.988787
1.04837
0.970899
1.00193
1.0257
1.14418
1.09441
1.23618
1.27767
1.0566
1.12313
1.03367
1.07322
1.073
1.1892
1.16965
1.30165
1.28736
1.44152
1.30105
1.41097
1.22367
1.17567
1.24593
1.328
1.32964
1.40562
1.38788
1.392
1.42177
1.38319
1.3186
1.26388
1.37731
1.42077
1.29846
1.27612
1.367
1.44942
1.16176
1.16913
1.24015
1.42325
1.31475
1.31545
1.43814
1.4688
1.71525
1.50262
1.6016
1.5612
1.62406
1.79994
2.00053
1.61568
1.64839
1.82672
1.73354
1.74848
1.95713
1.70847
1.76098
1.75525
1.46254
1.71023
1.82499
1.85036
1.82575
1.7999
1.89489
1.8573
2.04039
2.05921
2.07932
1.97962
1.9889
1.91015
2.01362
2.07344
2.20862
2.10264
2.10525
1.91896
2.00185
2.04546
2.45342
2.29199
2.35501
2.05955
1.98483
2.11784
2.36534
2.3604
2.19205
2.25425
2.22641
2.23008
1.88696
1.88292
1.81184
1.57659
1.5614
2.21234
2.32066
2.23373
2.06516
1.64156
1.59574
1.61539
2.3456
2.41132
2.09175
2.0127
2.00959
2.16934
2.13329
1.76955
1.83723
1.98718
1.88067
1.79255
2.22783
2.23776
2.26675
2.24965
2.50662
2.53263
2.23863
2.2291
2.01494
1.7786
2.05841
1.94417
2.26959
2.22211
2.04794
2.11837
2.08227
2.19196
2.25903
2.03193
2.08638
2.38378
2.13863
2.08645
2.07339
2.0931
2.3436
2.11025
2.09047
2.33261
2.30797
2.40136
2.30286
2.56334
2.41959
2.22876
2.40997
2.04207
2.27391
2.37249
2.29383
2.77649
3.02361
2.65065
2.31158
2.34741
2.36522
2.71268
2.50205
2.37865
2.8266
2.75504
2.3686
2.169
2.00746
2.09695
2.3934
2.12191
2.09956
2.31107
2.57833
2.68368
2.76338
2.74769
2.97814
2.44273
2.85648
2.7909
2.74231
2.64717
2.4994
2.48101
2.28628
2.37449
2.39452
2.75495
2.72289
2.77787
2.61257
2.63869
2.48191
2.37367
2.47846
2.54773
2.29065
2.9269
2.78734
2.67425
2.53126
2.63755
2.45602
2.52779
2.45782
2.60582
2.54072
2.79335
2.44831
2.39469
2.68755
2.87784
2.75801
2.84438
2.70463
2.77004
2.94123
2.99819
2.75545
2.79188
3.16799
2.69709
2.76683
2.84737
2.76228
3.09524
3.27528
3.35711
3.13611
3.23
2.74
3.01051
3.32156
2.59805
2.97926
3.07679
3.28218
2.88188
2.70888
2.69195
2.79196
2.80852
2.86175
2.99636
2.60727
2.8207
3.12806
2.90295
3.34198
2.61389
2.91986
2.87852
3.06593
3.09401
3.03238
3.32139
2.83626
3.02737
3.27234
3.11023
2.8138
3.07778
3.27427
3.60806
3.09787
2.87954
2.92409
2.94718
2.90234
2.82584
3.32494
3.41637
3.36875
3.47934
2.97773
3.35522
3.17208
3.46733
2.93954
2.93979
3.4543
3.2593
3.01441
3.26212
3.06738
3.09851
3.17222
3.51252
3.42892
3.31241
3.01829
3.04084
2.85032
3.13576
3.04072
2.82746
3.0353
2.87349
2.9982
3.08523
3.61933
3.18832
4.20699
4.00068
4.93956
3.75475
3.16648
3.28783
3.05494
2.99114
2.59437
4.40558
5.0403
4.94588
5.34247
4.2872
3.73217
3.79861
2.76452
2.47809
2.91286
2.10199
3.01315
2.33069
2.97717
2.30539
1.83932
2.76143
1.7948
2.99603
1.35666
1.39155
