1.00789
1.55498
1.61312
1.89879
0.866043
0.918721
1.51053
1.94082
3.35605
4.84673
4.18647
5.16265
5.44056
4.87931
5.14921
5.37839
5.20804
4.02717
4.88481
5.14008
3.16227
4.1588
2.0556
2.47983
3.6777
3.37772
3.24436
3.50032
4.05967
3.89183
3.2371
3.62844
3.60716
3.22536
3.85748
4.74582
2.76425
3.22065
4.36845
3.86246
4.64503
4.35616
3.5654
2.97236
3.49408
3.90094
4.29848
4.65796
3.87119
3.22431
3.23511
4.12774
4.0818
3.89136
3.37433
3.96977
3.35124
4.16466
3.84326
3.78857
3.47699
3.81958
4.09319
3.93239
3.4306
3.1604
3.33091
3.08559
3.23968
2.69875
2.37819
2.77383
2.73372
2.72818
3.54243
3.00146
2.98032
2.90586
2.54625
2.95597
3.11041
2.89962
3.12289
3.45534
3.13017
3.3233
3.3474
3.33994
3.19932
3.16141
3.12705
2.87539
2.47167
2.539
2.9382
2.9589
3.08364
2.83399
3.21068
2.90073
2.7129
2.99458
3.06845
2.52068
2.73307
3.09706
3.65034
4.20375
3.41494
3.20714
2.5676
2.92739
3.43572
3.51427
2.89957
2.4554
2.64203
2.80021
2.75154
3.09989
2.74893
2.77954
2.62962
2.88098
2.68154
2.7637
2.45699
2.31917
2.74812
2.32786
2.71324
2.07494
2.12465
2.15976
1.83202
2.00689
2.1136
2.43377
2.75935
2.14649
2.22567
2.13552
2.25809
2.41815
2.74484
2.94618
2.46922
1.88253
2.69348
2.33276
2.41642
2.17266
1.97955
1.83667
2.43566
2.55991
1.77946
1.5517
1.69812
1.8645
2.19767
1.6525
2.10246
1.78386
2.0893
1.85709
1.94598
1.45852
0.959312
1.68861
1.72583
1.43153
1.45688
1.09697
1.20976
1.13707
1.69626
1.44723
1.42747
1.63362
2.49442
1.57627
1.57713
1.61715
3.07082
1.92888
1.65908
2.29503
2.16443
1.99581
1.52291
1.18363
1.63735
1.17073
1.1384
1.34268
1.66817
1.6208
1.36273
1.3574
1.12838
0.954601
1.22812
2.2033
1.55867
1.76669
1.31716
1.30387
1.54794
1.88859
1.60106
1.35488
1.55896
1.80263
1.80114
1.35971
2.02118
0.984823
1.2981
1.59761
1.6667
1.26831
0.858498
1.29044
1.16119
0.992399
0.946789
1.277
0.967579
0.966642
1.1212
1.27243
0.94912
0.641242
0.59411
0.580869
0.663801
0.693196
0.75998
0.687988
0.829834
0.665858
1.26164
0.769838
0.774508
0.580954
0.622469
0.616023
0.554543
0.572776
0.396297
0.516827
0.507697
0.406305
0.498031
0.529058
0.449572
0.470647
0.513647
0.550138
0.479752
