2.42617
3.75019
2.77684
2.65642
3.17483
2.49155
4.25147
3.34112
3.24588
8.09324
8.75309
7.67066
6.86498
5.50571
7.45135
6.84379
6.73173
6.3714
6.81578
5.83552
4.17023
3.9899
3.51474
3.6888
3.18849
4.30764
4.58217
5.36681
4.33801
4.15005
4.44412
4.34513
4.27096
3.13968
3.49677
4.12149
5.641
6.2993
4.44527
5.31034
5.03117
5.56865
5.2322
5.26131
5.87714
4.93105
5.74274
4.88234
4.72931
5.26166
5.09575
5.65068
5.33463
4.54578
4.52119
4.32386
5.41045
5.23317
4.58397
4.09261
4.50352
4.21477
4.61241
5.79575
5.09561
4.7239
5.12135
5.06858
5.10933
4.89805
5.1169
4.91897
4.51642
4.27294
5.33768
4.83329
4.65814
4.35855
4.35674
4.26364
4.4642
4.7966
4.42059
4.40371
3.82265
4.49879
4.55087
4.20921
5.28886
4.34817
4.86601
4.45525
5.35494
4.66717
4.49246
4.48002
4.64362
4.12097
5.27207
4.84555
4.53582
4.10985
5.02149
4.34939
3.77039
4.42807
5.16978
4.15564
4.45929
4.82837
4.25047
4.18384
4.43293
3.84254
3.86953
4.30167
2.8964
3.95467
3.27884
3.92958
3.80703
4.14771
4.10186
3.59057
3.91235
4.07673
4.14569
3.93222
3.99847
3.20335
4.25602
3.8033
3.47333
3.98729
3.48932
3.68767
3.45769
3.29879
3.64054
3.03269
3.88307
3.4249
3.32783
3.36228
3.03883
3.435
3.81656
3.82506
3.20536
2.93636
3.10936
3.04146
2.91472
2.83917
2.4094
2.7336
2.66527
3.07251
3.04929
2.58996
2.94247
2.77223
2.87782
2.64706
2.33387
2.22844
2.36547
2.21468
1.98635
2.14927
1.94505
2.24743
2.17713
1.95252
1.85981
1.89046
1.76892
1.67942
1.48365
1.5215
1.21932
1.09168
0.971506
