0.499143
0.370615
0.533567
0.479984
0.498747
0.484056
0.439204
0.509093
0.504963
0.379895
0.375308
0.457658
0.467919
0.510684
0.480501
0.485826
0.448168
0.546216
0.400726
0.374341
0.394613
0.401737
0.452132
0.464597
0.395931
0.38123
0.354495
0.368142
0.440146
0.350172
0.347122
0.303029
0.314994
0.276494
0.374153
0.317879
0.364486
0.347478
0.294786
0.380982
0.327519
0.306501
0.354227
0.390649
0.345152
0.288916
0.349081
0.326058
0.330019
0.3707
0.379119
0.335447
0.367023
0.363498
0.366565
0.275876
0.350384
0.312591
0.329505
0.336767
0.396972
0.300678
0.366929
0.351178
0.35462
0.300892
0.311615
0.348241
0.316255
0.316543
0.316183
0.351582
0.305731
0.308253
0.359263
0.270162
0.288053
0.282512
0.330387
0.327741
0.351085
0.307639
0.266737
0.346753
0.319605
0.305313
0.309205
0.326891
0.36578
0.339201
0.374866
0.313397
0.336614
0.340252
0.337711
0.271246
0.348772
0.365802
0.363499
0.327816
0.360914
0.370989
0.402991
0.31776
0.395065
0.304054
0.279693
0.32619
0.32068
0.30885
0.277134
0.292253
0.34991
0.289926
0.241373
0.318687
0.349276
0.279125
0.300582
0.270857
0.280044
0.294546
0.321357
0.306595
0.250957
0.273457
0.27524
0.300973
0.275982
0.277925
0.303684
0.264319
0.243687
0.311784
0.232588
0.249883
0.29603
0.263829
0.254779
0.27842
0.25114
0.331128
0.287134
0.240044
0.279229
0.270266
0.292261
0.256736
0.318194
0.286529
0.291463
0.256343
0.275851
0.221593
0.249668
0.257759
0.244547
0.21612
0.234245
0.260387
0.217076
0.228143
0.250599
0.236172
0.212553
0.247263
0.191206
0.254814
0.234608
0.247674
0.203959
0.208101
0.157047
0.190501
0.16869
0.231411
0.208129
0.198251
0.23557
0.208786
0.230764
0.206709
0.2284
0.211097
0.202574
0.202062
0.240204
0.219288
0.250842
0.207324
0.203308
0.229165
0.238287
0.254996
0.293508
0.210755
0.222205
0.218623
0.166616
0.205259
0.235651
0.25592
0.192421
0.199713
0.225855
0.196639
0.201237
0.279259
0.238944
0.222342
0.220911
0.190431
0.184732
0.212144
0.216328
0.220006
0.213519
0.227432
0.268703
0.238136
0.189449
0.175848
0.226479
0.224538
0.18522
0.224505
0.163856
0.237523
0.196703
0.218798
0.19019
0.217081
0.231887
0.18011
0.28381
0.187282
0.213979
0.192196
0.204713
0.194616
0.186486
0.199227
0.217412
0.17628
0.167613
0.230891
0.211336
0.19066
0.244953
0.202384
0.211575
0.208034
0.218946
0.203884
0.200341
0.187689
0.185598
0.236691
0.2437
0.194171
0.210491
0.241064
0.258625
0.192
0.242098
0.185325
0.242589
0.211733
0.22855
0.226602
0.234157
0.22289
0.222177
0.21797
0.210449
0.181772
0.217995
0.21736
0.198791
0.173843
0.190921
0.233182
0.20992
0.242852
0.216861
0.235455
0.2524
0.177816
0.244787
0.217866
0.208356
0.25127
0.247678
0.214955
0.235467
0.216715
0.202726
0.229123
0.227228
0.208773
0.23892
0.230004
0.214197
0.205246
0.213829
0.245264
0.274142
0.244041
0.204318
0.206091
0.211064
0.20653
0.210642
0.204139
0.19951
0.21434
0.19993
0.204473
0.196947
0.207737
0.194738
0.201647
0.212067
0.199023
0.20864
0.21202
0.233841
0.19457
0.241894
0.210836
0.1902
0.26428
0.204787
0.231735
0.221015
0.226801
0.221858
0.197927
0.217795
0.218957
0.212149
0.232894
0.233138
0.228343
0.234881
0.186027
0.198902
0.183415
0.19946
0.170235
0.193421
0.167131
0.234729
0.212336
0.176413
0.175349
0.19456
0.173946
0.171823
0.161951
0.165265
0.184782
0.181452
0.203599
0.223586
0.200253
0.179465
0.19506
0.180287
0.199212
0.191247
0.181846
0.215805
0.202307
0.250191
0.182427
0.21995
0.199327
0.187914
0.20096
0.191332
0.206998
0.188729
0.210576
0.199855
0.203167
0.182334
0.201792
0.226587
0.193496
0.225025
0.216894
0.182686
0.193629
0.235937
0.221437
0.226098
0.2223
0.19662
0.213074
0.218036
0.241149
0.223046
0.221027
0.214871
0.189835
0.172843
0.185661
0.18524
0.185096
0.18808
0.194775
0.179584
0.188836
0.185579
0.18878
0.173011
0.155223
0.166518
0.158734
0.147715
0.150858
0.150697
0.166932
0.159745
0.142078
0.140987
0.129709
0.146644
0.149248
0.149628
0.12426
0.133467
0.144228
0.139604
0.125559
0.15943
0.129358
0.142554
0.125138
0.115476
0.113384
0.143144
0.127631
0.123713
0.113509
0.141528
0.137641
0.128953
0.140617
0.124891
0.121123
0.114409
0.136529
0.124665
0.126412
0.136455
0.126333
0.150107
0.154603
0.13205
0.132273
0.136857
0.138503
0.126853
0.134061
0.144986
0.137949
0.151296
0.126112
0.12331
0.127028
0.13209
0.13366
0.117743
0.13963
0.15318
0.164731
0.126743
0.149415
0.141943
0.10966
0.154693
