4.32944
4.36895
6.50629
10.8026
9.50291
8.69384
9.78832
9.25796
9.66152
8.54788
10.2087
8.37246
11.0747
8.28174
7.16998
7.13904
9.93221
8.9584
10.3852
8.8789
6.50602
9.80271
7.77727
6.08679
10.2485
6.57968
9.4379
8.60821
8.90322
6.15183
7.36846
7.51004
6.65999
9.39499
7.89256
8.61957
6.28356
10.1906
8.99165
8.3975
7.50675
6.6353
8.56963
6.96228
5.90395
9.11378
7.83946
8.15029
9.55102
8.03567
7.52395
8.50817
7.42533
8.32144
7.46671
8.61282
8.48674
6.08417
5.11082
8.82785
6.49411
5.37207
7.4677
7.97938
6.2804
5.28277
7.75118
5.76533
7.07532
6.41438
7.02224
6.51634
6.73346
6.01777
6.98451
6.39677
5.43558
4.73462
5.28367
5.08908
7.10809
5.01355
5.16247
6.8441
5.39877
6.14413
5.43617
5.95728
5.15896
5.11335
5.40194
4.86399
5.13636
4.78612
4.97245
4.94703
4.82032
4.80765
4.0509
3.73943
4.78402
4.33909
4.14085
3.96629
3.96563
