0.935864
0.958947
0.939885
0.948394
0.929917
0.91485
0.973078
0.993383
0.976658
1.06151
1.02623
1.14649
1.62888
1.45614
1.92058
2.97827
3.14336
3.4163
3.27401
3.31061
2.32214
3.40237
3.12595
3.28874
3.56223
3.40429
3.11536
2.80874
2.86941
3.06154
3.15974
3.17533
2.93398
2.88957
2.2351
1.7871
1.81149
2.40747
2.13232
2.66206
2.87627
2.97326
2.56437
2.3057
2.4121
2.0677
2.35632
2.30015
2.07277
2.46485
2.44667
2.48393
2.77613
2.25783
2.39114
2.3556
1.9404
2.24788
2.16754
2.11909
1.83169
2.12211
2.24262
2.07554
1.99979
1.73585
1.83975
1.87218
1.98176
1.9372
1.88429
1.74129
1.77984
1.69083
1.78935
1.79646
2.03904
1.71418
1.86874
1.70806
1.84697
1.91522
1.93497
2.1002
1.9266
1.84025
1.73772
1.63918
1.96032
1.65943
1.78407
1.64723
1.73632
1.64244
1.73299
1.88775
1.75854
1.64943
1.71021
1.75917
1.75292
1.63822
1.67776
1.76853
1.85444
1.71565
1.60636
1.55449
1.65468
1.68647
1.67105
1.58195
1.77828
1.82701
1.89192
1.93138
1.73694
1.74318
1.92767
1.75832
1.85196
1.61756
1.72171
1.57349
1.69397
1.5228
1.72693
1.78578
1.59034
1.57495
1.68074
1.60892
1.81255
1.79541
1.80699
1.97997
2.01336
1.99661
1.93343
1.81595
1.93877
1.6594
1.5027
1.4031
1.6132
1.41449
1.50955
1.39974
1.33832
1.21156
1.35949
1.26133
1.31342
1.3549
1.3999
1.41308
1.27226
1.30424
1.25147
1.30782
1.36011
1.26046
1.35619
1.39599
1.41815
1.35522
1.33981
1.37192
1.29371
1.33778
1.31719
1.28029
1.3516
1.33778
1.43587
1.48185
1.36963
1.45556
1.39999
1.42582
1.41074
1.38771
1.40047
1.39505
1.28587
1.36357
1.40659
1.33364
1.36635
1.43991
1.2567
1.28568
1.39583
1.24384
1.31184
1.35039
1.21025
1.21935
1.16545
1.18006
1.17479
1.21664
1.24724
1.26493
1.16798
1.1675
1.12374
1.12933
1.13919
1.13126
1.2214
1.22348
1.21294
1.08543
1.06874
1.08669
1.14361
1.20508
1.11941
1.13467
1.1337
1.07397
1.05669
1.08366
1.09399
0.987684
1.0709
1.14647
1.19232
1.11834
1.04232
1.19945
1.10874
1.12981
1.05437
1.13738
1.07716
1.1264
1.13393
1.19506
1.13944
1.18468
1.10001
1.07398
1.1195
1.12087
1.02671
1.00572
1.02771
1.05394
1.08681
0.933043
1.1314
1.07507
1.11703
1.02932
1.13613
1.08558
1.06788
1.01314
0.970797
0.983123
0.993185
0.957333
0.951698
1.02137
1.01599
1.10486
1.08707
0.983817
0.981204
1.05261
1.05892
1.0112
1.06681
1.05869
1.05816
1.08148
0.918313
0.931304
0.988313
1.03462
1.01967
1.04715
0.890851
0.99637
1.00995
1.02235
0.992059
0.94571
0.977341
0.875722
1.00545
1.01335
0.853995
1.00094
0.894197
1.02466
0.885502
1.07632
0.976205
0.962247
0.968993
0.993707
0.99485
0.967226
0.929439
0.970064
1.00112
1.00227
0.912019
1.01373
1.01191
0.864707
1.02817
0.965431
0.8701
0.893201
0.974306
0.885397
0.985564
0.927096
0.879558
1.03498
0.869249
0.965511
0.912364
0.860974
0.981228
0.953892
0.839623
0.966064
0.849548
0.823517
0.86547
0.816588
0.863409
0.903169
0.74569
0.7459
0.827154
0.860773
0.901011
0.994718
0.815711
0.805606
0.869668
0.731878
0.833812
0.859178
0.796186
0.78288
0.919853
0.722703
0.88524
0.849994
0.953356
0.893011
0.805065
0.84255
0.755792
0.78743
0.802136
0.646958
0.836764
0.737406
0.709814
0.792092
0.708301
0.773587
0.777003
0.744999
0.797622
0.79609
0.84315
0.698135
0.67639
0.696276
0.764656
0.792908
0.816707
0.701001
0.731567
0.760877
0.698578
0.642119
0.734779
0.734037
0.652826
0.665588
0.570431
0.666126
0.629067
0.672715
0.805099
0.705655
0.705355
0.710338
0.652585
0.824278
0.748152
0.728207
0.674344
0.716969
0.806226
0.828703
0.832214
0.877441
0.723697
0.745386
0.626141
0.682163
0.766707
0.772403
0.635968
0.717346
0.737591
0.671158
0.736779
0.671017
0.84493
0.721519
0.667809
0.680827
0.576964
0.661709
0.669954
0.689928
0.673329
0.752158
0.777303
0.687842
0.657671
0.608916
0.674405
0.659403
0.623999
0.634141
0.735718
0.60594
0.665437
0.683147
0.666006
0.716419
0.721375
0.647241
0.666683
0.700144
0.65226
0.726948
0.70751
0.74168
0.631471
0.678576
0.619547
0.668214
0.6531
0.678718
0.594857
0.632497
0.683246
0.631977
0.707229
0.622233
0.585872
0.659255
0.648902
0.661217
0.619823
0.577769
0.630922
0.543806
0.57595
0.623292
0.548312
0.540618
0.601571
0.499904
0.529376
0.538189
0.558125
0.601958
0.557701
0.565049
0.554614
0.59096
0.519415
0.596209
0.558282
0.60428
0.591844
0.560165
0.605106
0.588097
0.623734
0.485414
0.564403
0.502053
0.522892
0.56501
0.513064
0.565134
0.551206
0.50423
0.54709
0.605952
0.546808
0.56775
0.51612
0.549277
0.500986
0.535674
0.512815
0.518436
0.504894
0.54857
0.513064
0.528473
0.569776
0.544591
0.501452
0.524637
0.530044
