0.141527
0.126966
0.1341
0.121865
0.148759
0.169466
0.150279
0.141296
0.1431
0.127886
0.13413
0.149965
0.152847
0.289579
0.26257
0.378842
0.658538
0.822655
0.715772
0.981789
0.843042
1.11811
0.84867
0.847397
0.613213
0.500986
0.915059
0.655581
1.02986
0.830142
0.775733
0.943031
0.658055
0.752776
0.893688
0.788505
1.02596
1.15932
1.02631
1.08684
0.981925
1.02692
1.18652
1.26364
0.920922
1.57843
1.01678
1.51472
1.61032
1.124
1.41763
1.12648
1.42148
1.347
1.34988
1.76691
2.09552
1.79715
1.87973
2.0637
2.1703
2.06183
1.3604
1.60034
2.42346
1.69973
2.01806
1.99998
1.81316
1.77048
1.48798
2.05954
1.56679
2.25991
2.44023
2.92245
2.80286
2.90524
2.34982
2.89277
2.61526
1.91653
2.56154
2.51574
3.09844
2.67899
3.00114
2.28979
2.81506
3.3306
4.06661
2.46446
2.89224
3.41335
3.29075
2.9407
3.03674
2.91335
3.07487
3.60808
3.02634
3.23406
3.48197
3.43982
3.48438
3.32888
4.19969
3.58284
4.52995
4.38824
4.0804
4.44549
3.635
3.87049
4.51376
3.78516
3.82755
4.63638
4.41766
4.18836
4.4582
5.6239
4.52609
4.20607
4.74243
4.39336
4.5941
4.59341
4.83036
4.11506
4.58173
5.37893
4.91334
4.62476
4.25819
4.757
5.33851
4.99494
5.5864
4.13201
5.26779
4.65075
4.80664
5.0831
