0.521917
0.466588
0.446492
0.418585
0.460243
0.418797
0.450603
0.446242
0.469647
0.451889
0.484205
0.607221
1.28152
0.647647
0.955352
0.278452
0.429009
0.470266
0.492333
0.35802
0.738084
0.485627
0.454169
0.583947
0.833619
0.568174
0.549534
0.646474
1.05913
0.635923
0.639696
0.672747
0.969375
1.02561
0.690285
0.498718
0.678651
0.544703
0.504527
0.479305
0.845916
0.572117
0.786104
0.502766
0.40757
0.631119
0.857488
0.824839
0.486618
0.883715
1.02986
0.452322
1.31799
0.796602
2.27505
1.41412
1.77062
1.66082
1.86013
1.8223
2.03237
1.05354
0.585828
1.76626
0.73882
1.44522
1.65209
1.34947
1.00153
0.965588
0.894002
0.827183
0.677358
0.632551
0.786704
0.72808
1.149
3.20139
0.881869
1.08734
1.27289
0.977904
1.78894
0.863787
1.80846
0.818406
0.687313
0.949602
1.20612
1.01166
0.828156
0.909653
1.4639
0.987554
1.26958
0.948069
0.884183
0.995974
0.85097
0.882382
1.0354
0.771531
0.860255
1.03269
0.824138
0.965779
1.15331
1.17854
1.55325
1.55422
1.59021
1.55008
1.43549
1.3505
0.88744
0.978757
0.9149
1.06128
1.26118
1.26052
0.893767
0.753326
1.06548
0.853145
0.676986
0.953896
1.03281
0.748466
0.890242
1.0499
0.996944
1.40544
1.25273
1.39731
0.683761
0.711329
0.85335
0.574295
0.63039
0.890781
0.794779
1.10805
1.01975
1.13158
0.718045
0.928707
1.10314
0.644023
0.865532
0.695785
0.662169
0.946883
0.95173
0.841445
0.728928
0.747305
0.788712
0.736036
0.74573
0.761616
0.921342
0.707114
0.661434
0.510457
0.795307
0.649981
0.491758
0.779437
0.742105
0.733817
0.796983
0.770332
0.707581
0.577455
0.758338
0.831068
0.865012
0.742747
0.753263
0.858384
0.94439
1.06036
1.49787
0.89056
0.882216
0.773152
0.576764
0.836089
0.683358
0.709622
0.77099
0.643449
0.580432
0.538297
0.644666
0.536065
0.414256
0.378249
0.470102
0.425956
0.301433
0.471307
0.376911
0.399993
0.619745
0.621075
0.455537
0.520967
0.603857
0.557124
0.712976
0.673479
0.734724
0.583671
0.542117
0.527107
0.524825
0.778556
0.664064
0.618831
0.594352
0.514444
0.645804
