0.275872
0.267718
0.221377
0.282044
0.244951
0.240501
0.469631
0.377093
0.446938
0.596282
0.74249
0.683465
0.748739
0.965303
0.95913
0.795976
0.68846
0.560477
0.452578
0.678329
0.753716
0.664798
0.593781
0.740117
0.79785
0.665794
0.661469
0.644913
0.783316
0.732162
0.830764
0.490189
0.461425
0.569435
0.600031
0.612442
0.749847
1.11737
0.964865
0.909014
1.15903
0.985632
1.30718
1.22933
1.14897
0.987591
0.88387
1.1508
1.13364
1.0347
1.11549
1.14355
1.27672
0.938139
1.16169
0.956872
1.11653
1.04647
1.13184
1.1118
1.23857
1.26101
1.10365
1.16977
1.34871
1.1475
1.20886
1.23715
1.21308
1.28506
1.31177
1.25876
1.23882
1.3528
1.29056
1.27351
1.1874
1.27108
1.24881
1.26711
1.2429
1.28787
1.34577
1.32717
1.35126
1.47241
1.30993
1.34236
1.35669
1.33372
1.52987
1.36935
1.49242
1.41602
1.28441
1.3088
1.28112
1.34472
1.37611
1.2557
1.51914
1.53575
1.44696
1.64958
1.31749
1.33534
1.40267
1.5256
1.69096
1.70646
1.26374
1.69562
0.852591
1.11758
1.74717
1.68124
1.65451
1.69203
2.24425
1.9996
2.18177
2.28908
1.64323
1.76753
1.62023
1.61565
1.77767
1.76222
1.98971
1.81267
1.9893
2.40064
2.33513
2.54715
2.44581
1.97795
2.55393
2.30039
2.75109
1.71153
1.33783
1.23948
1.30269
