5.348090
6.043620
5.907810
5.862320
5.633530
5.186210
6.303950
5.558400
4.661210
5.081170
5.731830
4.521380
4.406060
4.186530
4.214340
4.534020
5.724430
5.451010
5.216390
4.415830
4.027180
5.790200
5.371220
6.299360
5.777580
5.343170
5.566720
5.352360
5.711650
5.696070
6.176020
5.850840
6.147400
5.978870
5.706650
5.508320
3.834480
3.609920
3.305980
2.743140
3.076670
3.799670
3.458470
2.874370
3.808140
2.822890
3.247290
3.144350
3.151620
3.924900
4.116840
3.243070
3.590740
4.546600
4.226230
4.962600
5.658280
4.909460
4.939050
4.858530
5.214790
4.647760
4.673170
3.145760
3.609890
5.967980
4.274060
4.614300
3.129330
5.198880
5.890200
5.122900
3.894870
3.223910
3.008420
2.788190
3.566370
3.467060
3.611560
2.853250
3.278360
4.801220
3.682170
2.352180
2.830450
3.722380
2.668360
2.986530
3.143990
4.823140
2.942600
3.422770
3.227920
2.916190
3.427790
4.277890
4.846020
4.371380
2.517420
5.118620
3.991810
3.695390
3.773590
4.330470
4.184660
3.570590
3.606910
4.042260
4.420180
4.729190
4.779330
4.244220
4.211960
4.372470
3.180640
4.645250
3.450260
4.226730
3.947870
3.980050
3.913250
3.516790
3.134320
4.334070
3.705350
3.468350
3.560190
3.291870
4.023380
3.988530
3.446600
3.611400
3.869710
3.857530
3.324170
4.348760
3.907900
4.100830
3.982940
3.680380
3.692320
3.074690
4.289660
3.926620
3.306670
3.385830
3.500080
3.468570
3.617100
4.099690
3.899850
4.303330
3.699610
3.616930
3.972580
3.916810
4.012810
3.710630
4.385490
3.967660
4.126340
3.925100
3.098480
3.251710
4.127290
3.152020
3.183000
3.575070
3.791720
4.216650
3.409920
3.897750
3.061000
3.517100
3.142710
3.965750
4.260590
3.502820
4.583720
4.182440
3.908330
4.046420
3.708020
4.378970
4.501120
3.796990
3.649940
3.703710
4.228210
4.343760
3.905330
4.198350
3.934490
4.239210
4.026680
4.596110
4.165590
3.726010
4.167460
4.038180
3.549860
3.963950
3.647090
4.216940
3.903740
4.330430
4.085920
4.194350
3.771550
3.795210
3.872440
4.364410
3.311020
2.975530
4.200560
3.492990
3.410510
3.804550
4.082690
3.920800
4.292570
3.830420
4.063360
3.973680
4.178290
3.918540
4.028300
4.529610
4.221900
3.963180
3.542640
4.120890
3.405920
3.881100
3.969210
3.775090
3.562300
3.492670
3.573250
3.567350
2.827840
3.220010
3.210940
3.323480
3.314910
3.833300
3.341750
3.164110
3.039740
3.370220
3.033380
3.341540
3.592540
3.507440
3.370150
3.055980
3.704830
3.221520
3.250940
2.915440
3.356170
3.670400
3.401310
3.476720
3.346220
3.466470
3.076610
3.486070
3.093200
3.325610
3.356330
3.119990
3.233380
3.182720
3.404570
3.203770
3.801410
3.075780
3.943190
4.129710
4.344320
3.374340
3.174960
3.798480
3.005900
3.328390
2.756340
3.116250
3.416110
2.992750
3.201780
3.148910
3.214650
3.181120
3.220920
3.472840
3.112280
3.566520
4.209230
3.824300
3.366230
3.332260
3.607030
3.133930
3.297150
3.175560
3.289780
2.840460
3.159110
3.483200
3.001210
3.162070
3.314460
2.870640
3.253590
3.031880
2.974050
3.247140
3.478900
3.484620
3.064100
3.109980
2.899470
3.059140
2.917250
2.835740
3.045940
2.606890
2.679770
2.835510
2.726120
2.934880
2.686740
2.654640
2.472620
3.052860
2.615130
2.800470
2.750360
2.318410
2.639910
2.382860
2.360010
2.483160
2.806030
2.498730
2.763570
2.836740
2.881080
2.498930
2.470270
2.208200
2.085990
2.503880
2.215680
2.049020
1.736190
1.992360
2.012250
2.178510
1.848970
1.994790
1.945040
2.111410
2.041890
1.817620
2.422520
2.101280
2.338090
2.076110
2.277080
2.169410
1.989950
1.992480
2.230280
1.980970
2.030670
2.037090
2.139500
2.232090
1.882420
2.158760
2.159730
2.361460
1.882840
2.040180
2.066900
2.080700
2.383690
2.041940
2.487190
2.313350
2.141330
2.063430
2.028270
2.099270
1.996360
2.054360
1.740280
2.099780
1.853490
1.836800
1.735910
1.874770
2.097910
1.975700
2.021240
1.973950
1.654260
1.840930
2.033770
1.962320
1.832920
1.809650
1.633150
1.768900
1.743890
1.915810
1.805240
1.717130
1.927100
1.855540
2.086420
1.942030
1.909070
1.675730
1.727480
1.671050
1.808980
1.796750
1.815340
1.717430
2.075550
1.901250
1.703270
1.940400
1.880670
1.947420
1.922700
1.870370
1.711310
1.693840
1.919430
1.516290
1.904640
1.563040
1.900040
1.739320
1.632060
1.553650
1.847740
1.571520
1.557840
1.586700
1.708180
1.691870
1.751590
1.709840
1.660430
1.859680
1.522720
1.432400
1.952830
1.551830
1.487920
1.607570
1.728950
1.589330
1.587370
1.556120
1.673270
1.653540
1.761090
1.627780
1.772180
1.845850
1.702040
1.798660
1.603380
1.585850
1.574970
1.516750
1.460350
1.549540
1.491920
1.552390
1.521360
1.459360
1.445100
1.477980
1.924270
1.698680
1.467820
1.513830
1.636840
1.589010
1.657360
1.539760
1.534210
1.505840
1.346990
1.653500
1.780320
1.729210
1.685720
1.512570
1.634540
1.526890
1.570690
1.553310
1.424170
1.549680
1.539830
1.374960
1.786070
1.531520
1.547910
1.502010
1.570630
1.480900
1.391480
1.409080
1.406640
1.432170
1.277470
1.291420
1.417690
1.439740
1.337310
1.375670
1.527230
1.493060
1.364960
1.342730
1.294540
1.280420
1.358060
1.454720
1.395860
1.358030
1.508480
1.477940
1.426300
1.463430
1.432050
1.439130
1.320130
1.502610
1.508270
1.471190
1.520000
1.487440
1.339910
1.560190
1.474120
1.388320
1.360790
1.308910
1.219720
1.260270
1.297780
1.289060
1.231780
1.362070
1.306320
1.269780
1.353340
1.315380
1.345030
1.254320
1.251680
1.443370
1.510700
1.366540
1.479220
1.477140
1.282420
1.451040
1.645670
1.430740
1.463150
1.544270
1.360890
1.429300
1.281350
1.155670
1.359450
1.361870
1.353250
1.452190
1.299690
1.377500
1.508440
1.282800
1.431690
1.287610
1.284470
1.228470
1.325760
1.188790
1.396490
1.419700
1.479290
1.230520
1.351050
1.118480
1.098340
1.361430
1.225600
1.253950
1.229690
1.196270
1.142910
1.238200
1.269660
1.327770
1.216380
1.244610
1.274700
1.373420
1.250850
1.196320
1.218500
1.312390
1.412590
1.261610
1.132060
1.257350
1.123020
1.299710
1.190830
1.229330
1.212260
1.310020
1.238740
1.223670
1.189410
1.198800
1.157910
1.205850
1.192300
1.148160
1.226390
1.131090
1.224950
1.188740
1.118970
1.139590
1.162290
1.290650
1.172650
1.271100
1.205780
1.266040
1.183670
1.221120
1.160390
1.235620
1.194730
1.215290
1.200240
1.141750
1.241510
1.206060
1.037550
1.157710
1.150530
1.232610
1.141200
1.176240
1.102630
1.109370
1.254660
1.145960
1.191660
1.206020
1.235880
1.226280
1.160700
1.187210
1.240770
1.139750
1.120340
1.129730
1.126560
1.195810
1.226730
1.169560
1.132260
1.215280
1.207760
1.155700
1.248560
1.367180
1.096030
1.142470
1.206610
1.087710
1.061590
1.315040
1.185650
1.202540
1.144200
1.139270
1.235260
1.189220
1.179620
1.151730
1.193370
1.180670
1.340200
1.381970
1.259810
1.203470
1.187010
1.234510
1.315060
1.306120
1.335010
1.177270
1.251610
1.350300
1.343100
1.296850
1.306460
1.300540
1.270840
1.288420
1.466210
1.401020
1.353730
1.317040
1.279460
1.315220
1.187410
1.232510
1.265710
1.237550
1.216120
1.232750
1.181200
1.378390
1.294840
1.140080
1.213010
1.331290
1.322030
1.074930
1.280930
1.284650
1.274540
1.275320
1.201380
1.358570
1.348300
1.512270
1.390980
1.244620
1.349200
1.310220
1.394890
1.467600
1.456760
1.452600
1.493780
1.372560
1.453080
1.573410
1.557430
1.475200
1.403030
1.417350
1.496090
1.438730
1.459220
1.463840
1.469950
1.362880
1.442530
1.387720
1.448750
1.572230
1.384250
1.637690
1.662190
1.665300
1.841340
1.756580
1.602190
1.498090
1.526570
1.657820
1.636060
1.570090
1.595540
1.545180
1.763420
1.710410
1.843650
1.720660
1.762800
1.745940
1.713860
1.857990
1.880210
1.968510
1.787660
1.701270
1.651070
1.780790
1.725760
1.609230
1.640540
1.479900
1.540360
1.419300
1.568890
1.697990
1.593050
1.469920
1.725370
1.542990
1.577130
1.574440
1.426640
1.409410
1.453570
1.461360
1.441970
1.466760
1.503730
1.392910
1.600760
1.567050
1.757960
1.354540
1.474120
1.561780
1.355170
1.525430
1.372800
1.350810
1.326290
1.602190
1.505960
1.445580
1.292960
1.261100
1.364490
1.351520
1.432150
1.284260
1.462250
1.375910
1.416220
1.631750
1.415870
1.542010
1.581070
1.450010
1.410390
1.342610
1.393580
1.313190
1.416370
1.347690
1.467970
1.317990
1.433890
1.368600
1.367240
1.427860
1.358270
1.303230
1.249870
1.294420
1.410610
1.349980
1.211080
1.285780
1.335910
1.256210
1.396740
1.510750
1.309520
1.460680
1.509900
1.461740
1.416240
1.404240
1.301880
1.246510
1.346030
1.376380
1.321760
1.367430
1.256300
1.171410
1.159540
1.243130
1.390830
1.294620
1.314790
1.198010
1.306020
1.193030
1.325110
1.278720
1.019700
1.182690
1.136630
1.129030
1.345530
1.392420
1.438180
1.337900
1.212400
1.237810
1.244040
1.199240
1.132330
1.152620
1.204550
1.222570
1.560070
1.401750
1.340660
1.247350
1.173890
1.096120
1.068020
0.933445
1.106990
1.014430
1.164640
1.070070
1.157440
1.151780
1.159460
1.202810
0.941513
1.113370
1.206390
1.211040
1.161130
1.069020
1.254580
1.107640
1.120850
0.993293
0.964364
1.011490
1.101520
0.949355
0.983696
1.160150
1.014560
1.030260
0.904008
0.959805
0.971815
0.863331
0.878719
0.926896
0.945773
1.031340
1.272850
1.104400
1.153550
1.062340
1.003770
1.083620
0.999334
1.001880
0.983497
1.023580
1.067290
1.088070
1.052630
1.053170
1.071160
1.175420
1.073350
1.222940
1.140670
1.231130
1.264300
1.145420
1.405300
1.113980
1.256160
1.187410
1.095060
1.191820
1.148800
1.374840
1.210840
1.156730
1.193230
1.023010
1.319820
1.428880
1.259380
1.703930
1.373300
1.341540
1.816110
1.525040
1.422090
1.369750
1.643220
1.506040
1.427520
1.641750
1.512570
1.522420
1.444440
1.306980
1.272990
1.483890
1.707170
1.507390
1.680300
1.977080
1.434930
1.285940
1.308690
1.306010
1.259720
1.267240
1.121800
0.993970
1.132750
1.367660
1.470060
1.184650
1.127670
1.049660
1.079490
1.453240
1.200250
1.297540
1.308050
1.270450
1.206830
1.010490
1.126090
0.910769
0.916764
1.024000
1.063190
1.037090
1.080990
1.103800
1.152870
1.200590
1.141790
1.112410
1.007870
1.264530
1.341700
1.469650
1.636940
1.493300
1.479720
1.407600
1.385230
1.288080
1.299340
1.305640
1.393760
1.288530
1.264150
1.477390
1.668680
1.303850
1.336340
1.174150
1.346270
1.557170
1.268720
1.172570
1.300750
1.280980
1.344300
1.287610
1.261090
1.207690
1.267710
1.272540
1.366930
1.450540
1.248580
1.351220
1.192450
1.130790
1.165510
1.346400
1.332220
