0.916016
0.776096
1.0905
0.968299
0.957192
0.814894
1.07008
0.854378
0.902318
0.755083
0.794146
0.882399
0.869291
1.14125
1.14676
0.973931
1.06611
1.0859
0.927871
1.20061
1.44846
1.14908
1.35182
1.43339
1.34544
1.03795
1.40763
0.917119
0.815929
1.4147
1.66174
2.06861
1.54862
1.63874
1.69708
1.60803
2.03008
1.64927
2.06194
1.69026
2.27641
1.64607
1.52688
1.98157
1.65749
1.75021
2.55445
1.70708
2.00635
2.13603
2.37421
2.11519
1.59141
2.71589
2.28829
2.95868
2.47563
2.3358
2.51532
3.12285
2.79626
2.88386
2.9536
2.3109
3.35263
3.41767
2.81547
3.22127
2.82401
3.82715
2.93222
3.62863
3.40869
3.56375
3.4323
3.12126
2.88103
3.15462
2.77557
3.07791
3.39914
4.03978
2.96667
2.70473
2.97863
3.19219
3.82112
2.89915
2.48199
2.93101
3.54259
3.60883
3.25817
3.3431
3.48944
3.52214
3.53548
4.16631
3.07642
2.60391
2.24302
2.63202
2.93708
2.70707
3.68952
3.808
2.79821
3.50636
3.40841
3.13816
4.25249
3.81892
4.24826
4.17146
4.03109
3.70985
4.29241
3.74898
3.85204
2.99743
4.05663
3.6898
3.4373
3.41008
3.74807
3.72724
4.10253
5.20888
4.78455
4.33141
3.21335
4.65644
3.75955
5.35489
3.73741
4.26604
4.42274
5.29041
4.41197
4.22957
4.11229
5.36158
3.85045
4.7324
