0.282413
0.290432
0.316515
0.341511
0.335828
0.334864
0.342072
0.357667
0.380088
0.332785
0.292253
0.319785
0.366274
0.450867
0.436086
0.361182
0.605203
0.367656
0.416569
0.721351
0.469393
0.685525
0.596509
0.568771
0.549345
0.624515
0.501664
0.519603
0.433632
0.513131
0.466953
0.570356
0.587058
0.61211
0.574147
0.729763
0.833025
0.583319
0.837462
0.794649
0.490369
0.57032
0.801311
0.525021
0.684586
0.731963
0.507904
0.733538
0.727447
0.908867
0.892537
0.764308
0.933083
0.580136
0.728891
0.624807
0.743433
1.09756
1.05932
0.841292
0.65562
0.714181
0.813192
0.720655
0.634396
0.764825
0.689292
0.588516
0.854914
0.659568
0.577601
0.672761
0.81839
0.717924
0.778654
0.89437
1.08265
1.07607
0.96383
0.914796
0.925073
1.16567
0.821079
1.04957
1.07464
1.14658
0.856167
0.934488
0.768023
0.834958
0.929822
0.80437
0.793582
0.87255
0.850825
0.771256
0.903305
0.816099
0.887652
0.819819
0.848681
0.8779
1.0142
0.941972
0.961604
0.906504
0.783802
1.10888
0.986494
0.851384
0.991088
0.990099
1.00603
0.871429
1.16702
0.879192
1.33022
1.16404
1.07497
0.871111
0.908981
1.09199
1.16343
0.98779
1.04032
1.24851
1.04938
0.978702
1.3428
0.907236
0.909306
0.881269
0.907217
1.01955
1.08912
1.22222
1.03513
0.970019
0.881225
0.786108
0.669941
0.578559
0.496558
0.709828
0.404776
0.506927
0.284596
0.270455
0.312717
0.309045
0.364783
0.518172
0.980907
1.24817
1.56165
0.663927
0.351744
0.351461
0.199376
0.370254
0.447883
2.102
1.26465
1.06064
0.875215
0.54717
0.336896
0.344089
0.412386
0.335989
