0.0854119
0.0965946
0.0869835
0.0833308
0.0927582
0.0898429
0.0950223
0.117504
0.111484
0.103434
0.131364
0.0983829
0.111363
0.0933867
0.0908171
0.0974192
0.111232
0.115001
0.12236
0.134235
0.134255
0.14148
0.130513
0.139009
0.141356
0.127337
0.14227
0.126039
0.135379
0.138368
0.140817
0.12876
0.133192
0.121845
0.116205
0.124549
0.111857
0.119744
0.131863
0.126683
0.125917
0.125526
0.121767
0.118938
0.150387
0.137686
0.135224
0.129575
0.138924
0.170685
0.126674
0.152179
0.12512
0.11339
0.136213
0.129745
0.100396
0.170002
0.142289
0.139759
0.132449
0.17716
0.129527
0.12271
0.149888
0.132634
0.159838
0.144607
0.145795
0.131089
0.145722
0.157613
0.14532
0.164036
0.134291
0.137083
0.131528
0.14096
0.138674
0.139633
0.151633
0.145117
0.131655
0.114451
0.099431
0.134639
0.0907898
0.146368
0.160689
0.136013
0.163842
0.172956
0.185111
0.162565
0.157979
0.142884
0.167221
0.14244
0.149272
0.139029
0.128725
0.147395
0.14203
0.15298
0.156154
0.182441
0.147801
0.183557
0.220746
0.183673
0.173457
0.174122
0.150357
0.151881
0.168676
0.169448
0.174716
0.163653
0.189272
0.172199
0.207879
0.176591
0.159686
0.176016
0.230575
0.22289
0.186435
0.141085
0.169186
0.166867
0.187647
0.211531
0.177793
0.139407
0.147579
0.159664
0.239037
0.179527
0.267152
0.292723
0.435277
0.263566
0.224276
0.168828
0.167334
0.170088
0.174569
0.197929
0.219279
0.212696
0.26738
0.28717
0.32865
0.304896
0.34633
0.225854
0.264178
0.203783
0.243736
0.329122
0.251444
0.209571
0.179577
0.279742
0.244841
0.193199
0.190819
0.236593
0.217306
0.164943
0.222637
0.192771
0.184304
0.176236
0.222737
0.205268
0.228191
0.170727
0.210486
0.265555
0.193231
0.152188
0.177049
0.232922
0.158892
0.210487
0.233792
0.196468
0.199595
0.195186
0.190599
0.199365
0.281438
0.230056
0.15857
0.221342
0.245421
0.238323
0.186097
0.243219
0.200601
0.261975
0.239005
0.300347
0.19095
0.274579
0.214903
0.216903
0.221065
0.24237
0.181276
0.275017
0.196488
0.179693
0.305058
0.250688
0.230881
0.284491
0.180761
0.203622
0.172375
0.202969
0.299022
0.312529
0.227072
0.289919
0.251112
0.201664
0.264062
0.229869
0.24123
0.211143
0.232557
0.282325
0.198906
0.221037
0.258378
0.224768
0.27994
0.351055
0.234044
0.259541
0.267015
0.292152
0.282131
0.21207
0.303913
0.268048
0.237785
0.270409
0.21766
0.191044
0.23453
0.243423
0.243424
0.199233
0.20438
0.260057
0.238453
0.277641
0.213457
0.232054
0.252776
0.236785
0.236875
0.261234
0.23525
0.262811
0.208547
0.250597
0.219391
0.247066
0.269655
0.25146
0.224091
0.225255
0.219406
0.275184
0.241167
0.209723
0.195224
0.192815
0.256852
0.21734
0.287637
0.240972
0.228538
0.218169
0.21327
0.230869
0.322678
0.221349
0.305033
0.257764
0.223674
0.233691
0.236598
0.246636
0.207957
0.272069
0.218302
0.237324
0.22745
0.220685
0.23675
0.252559
0.285359
0.215502
0.241376
0.221779
0.219772
0.189718
0.225633
0.22337
0.271575
0.260239
0.262417
0.202998
0.226945
0.260573
0.244902
0.223603
0.214211
0.241494
0.24058
0.261688
0.256198
0.256964
0.241078
0.258747
0.22956
0.226478
0.25946
0.2489
0.254431
0.25877
0.224441
0.303234
0.221039
0.240158
0.274669
0.254823
0.224041
0.255001
0.260582
0.274334
0.269888
0.253635
0.254633
0.273785
0.245099
0.266118
0.256658
0.310013
0.293395
0.242886
0.274321
0.279415
0.256813
0.302231
0.21733
0.258118
0.258924
0.231993
0.261725
0.204127
0.226539
0.275951
0.20756
0.260008
0.274205
0.279846
0.287694
0.32873
0.219614
0.278285
0.29951
0.278382
0.234836
0.242993
0.21267
0.247671
0.239983
0.302942
0.286714
0.292591
0.300497
0.294781
0.268281
0.268076
0.31812
0.263407
0.293357
0.304299
0.282124
0.271589
0.310147
0.300638
0.322862
0.315189
0.342499
0.287614
0.30551
0.250633
0.287067
0.27034
0.286709
0.334278
0.333648
0.313602
0.291893
0.313353
0.304848
0.307466
0.236713
0.33027
0.278922
0.221372
0.321063
0.312354
0.363102
0.31546
0.30538
0.310083
0.310172
0.328637
0.324266
0.294078
0.30628
0.335812
0.358964
0.299233
0.348485
0.283345
0.324305
0.331333
0.317649
0.291006
0.269414
0.334206
0.318317
0.326388
0.300233
0.335976
0.301335
0.309605
0.285532
0.474351
0.313559
0.357012
0.363764
0.297516
0.339385
0.308012
0.345629
0.325673
0.277742
0.273848
0.361458
0.29362
0.3823
0.317282
0.356275
0.343693
0.293842
0.339448
0.315498
0.381447
0.315466
0.399799
0.367012
0.331119
0.338586
0.355979
0.367405
0.345584
0.349335
0.395324
0.34004
0.367248
0.444893
0.352094
0.358862
0.272397
0.353355
0.363389
0.506293
0.326915
0.368388
0.381603
0.363933
0.42963
0.405073
0.342996
0.474307
0.351548
0.444589
0.458421
0.489855
0.356712
0.417576
0.358346
0.374684
0.37173
0.438751
0.384577
0.494473
0.37667
0.444815
0.403092
0.638733
0.403546
0.318803
0.460062
0.37584
0.38595
0.405692
0.401782
0.354959
0.446614
0.438461
0.326285
0.451116
0.37827
0.418119
0.4137
0.351239
0.456155
0.352176
0.401747
0.415591
0.319765
0.36146
0.456805
0.414022
0.461104
0.466212
0.373286
0.366937
0.343377
0.430247
0.349285
0.532435
0.510573
0.518619
0.423325
0.505792
0.511718
0.531878
0.463288
0.419607
0.404041
0.512953
0.425839
0.432064
0.40595
0.474496
0.49397
0.348061
0.436159
0.4224
0.477679
0.478413
0.665495
0.466539
0.506182
0.512089
0.385057
0.511311
0.468664
0.452781
0.360897
0.426174
0.406391
0.456519
0.590311
0.503542
0.565493
0.608974
0.581764
0.528839
0.524166
0.391512
0.523086
0.428173
0.3302
0.397164
0.405838
0.506367
0.448178
0.377248
0.654676
0.480536
0.699224
0.724334
0.539475
0.752578
0.725446
0.510262
0.668367
