0.131571
0.132677
0.134241
0.133093
0.128639
0.131717
0.118494
0.116907
0.130674
0.115047
0.129837
0.124884
0.137159
0.128286
0.141405
0.139628
0.112691
0.132749
0.134897
0.133268
0.133901
0.134772
0.140275
0.163108
0.123625
0.145476
0.131507
0.146591
0.180191
0.138397
0.16678
0.162372
0.153055
0.134146
0.149662
0.15212
0.152528
0.152075
0.152711
0.152225
0.154494
0.186262
0.154258
0.167603
0.171167
0.164538
0.141105
0.152365
0.15581
0.15367
0.157972
0.126076
0.124742
0.125579
0.11973
0.116918
0.128415
0.123212
0.123404
0.124478
0.126637
0.12017
0.145013
0.130355
0.108736
0.124572
0.164689
0.128485
0.144866
0.129178
0.152819
0.13276
0.162939
0.126722
0.150765
0.114718
0.117407
0.102458
0.128226
0.122939
0.110731
0.134326
0.147781
0.148253
0.130509
0.133802
0.141653
0.126457
0.132331
0.137527
0.133843
0.146266
0.138287
0.154479
0.150936
0.155089
0.150925
0.160665
0.148551
0.158842
0.15636
0.157989
0.133631
0.1612
0.154139
0.153485
0.141906
0.146931
0.145719
0.163315
0.143527
0.157016
0.159482
0.17869
0.163248
0.144344
0.160393
0.122789
0.171931
0.164253
0.158686
0.175685
0.168651
0.180189
0.153834
0.16232
0.174358
0.193372
0.182872
0.185699
0.167155
0.15553
0.143879
0.128577
0.15459
0.165459
0.162034
0.133154
0.160552
0.163862
0.141222
0.131977
0.169168
0.126894
0.158514
0.140491
0.128757
0.145929
0.156973
0.115586
0.138442
0.15729
0.171494
0.145407
0.181123
0.167605
0.167743
0.140743
0.199247
0.195253
0.141307
0.143369
0.158046
0.158577
0.154576
0.186627
0.200662
0.150689
0.139734
0.134176
0.165211
0.194797
0.229444
0.24495
0.229432
0.206463
0.166786
0.292502
0.227288
0.189726
0.21084
0.170443
0.222813
0.202761
0.185289
0.196102
0.167681
0.136747
0.14142
0.177214
0.159371
0.202731
0.14869
0.187772
0.137658
0.148552
0.128711
0.137928
0.136371
0.141749
0.161567
0.164763
0.154146
0.149836
0.182061
0.162801
0.16783
0.197245
0.169564
0.185672
0.163618
0.16243
0.163528
0.155858
0.17471
0.191532
0.182594
0.205067
0.203283
0.196175
0.173029
0.197091
0.198536
0.215327
0.236253
0.210445
0.179773
0.210905
0.185297
0.200138
0.201749
0.132047
0.178057
0.164608
0.208791
0.200277
0.180521
0.171041
0.155917
0.1962
0.136804
0.147966
0.148178
0.190159
0.175615
0.149161
0.190529
0.156305
0.228704
0.20992
0.132458
0.168104
0.146632
0.150024
0.163582
0.14011
0.18121
0.167379
0.223642
0.214261
0.16476
0.120859
0.10744
0.144393
0.114906
0.217996
0.195711
0.170036
0.184898
0.266849
0.20625
0.222559
0.23787
0.284441
0.254113
0.185119
0.181618
0.192962
0.193242
0.186937
0.215024
0.235927
0.285204
0.216276
0.232029
0.234376
0.205813
0.162353
0.210643
0.204383
0.196381
0.235825
0.197668
0.166304
0.221188
0.159855
0.153589
0.173684
0.170156
0.193654
0.19563
0.287196
0.25954
0.236455
0.218872
0.244209
0.217971
0.20519
0.250612
0.207325
0.296527
0.271112
0.220285
0.275184
0.249937
0.25047
0.253397
0.22027
0.259132
0.241605
0.251642
0.22335
0.287834
0.263392
0.321258
0.251524
0.33779
0.33835
0.376158
0.383875
0.29266
0.286248
0.403278
0.225964
0.273521
0.296151
0.251467
0.315249
0.355959
0.305443
0.3004
0.255845
0.324387
0.273252
0.261355
0.312367
0.295314
0.248596
0.250645
0.377745
0.298653
0.28953
0.280289
0.363531
0.327753
0.261024
0.326076
0.363837
0.40382
0.32386
0.292408
0.26582
0.368429
0.302808
0.272808
0.298784
0.296383
0.302417
0.289204
0.314985
0.348868
0.356503
0.378309
0.443966
0.331633
0.380139
0.429642
0.364197
0.350577
0.348906
0.377055
0.338057
0.317454
0.239012
0.38186
0.334272
0.407614
0.342489
0.462844
0.345261
0.379164
0.394222
0.461674
0.468329
0.37491
0.3892
0.302025
0.406323
0.332785
0.329372
0.282536
0.341805
0.329208
0.222442
0.345725
0.375414
0.305983
0.304012
0.369893
0.326047
0.33911
0.417642
0.377962
0.298837
0.336146
0.351347
0.299093
0.424249
0.350934
0.373686
0.370808
0.312196
0.323985
0.262815
0.360187
0.265911
0.319517
0.275422
0.292189
0.329491
0.278402
0.238331
0.222964
0.191608
0.251842
0.228769
0.249693
0.248326
0.223923
0.229615
0.31318
0.261922
0.333092
0.268169
0.293399
0.328153
0.350812
0.285157
0.325975
0.250799
0.390978
0.295101
0.329786
0.305274
0.337501
0.3504
0.310433
0.348279
0.309708
0.357424
0.367343
0.331593
0.369053
0.338651
0.351002
0.336659
0.318077
0.318091
0.327313
0.32469
0.285294
0.375475
0.363321
0.378778
0.456254
0.415068
0.314051
0.317141
0.348976
0.306783
0.308747
0.361355
0.326999
0.325474
0.352587
0.407992
0.280555
0.310691
0.349085
0.388294
0.360347
0.385153
0.384969
0.377333
0.375302
0.436209
0.391736
0.461672
0.43789
0.458986
0.544969
0.498141
0.533656
0.612394
0.538428
0.45961
0.451429
0.390886
0.62104
0.496742
0.582567
0.751546
0.657176
0.54004
0.619178
0.648792
0.607361
0.662369
0.699642
0.678888
0.473334
0.480211
0.463972
0.568204
0.545865
0.568715
0.485537
0.517976
0.694059
0.535885
0.55872
0.661038
0.55022
0.500654
0.580631
0.491603
0.546393
0.573196
0.571307
0.624695
0.55459
0.790918
0.682376
0.649046
0.534233
0.65216
0.592535
0.940125
0.778067
0.927689
0.689591
0.666211
0.742176
0.806367
0.699207
0.793621
0.640452
0.751648
0.755238
0.84347
0.720708
0.614715
0.774577
0.772697
0.768524
0.701242
0.679638
0.599868
0.578296
0.991025
1.11448
0.904181
0.839125
0.806721
0.781874
0.805545
1.00631
0.717014
0.830241
0.816396
0.88987
0.755995
0.826015
0.790625
0.873823
0.727076
0.807342
0.770811
0.760692
0.659952
0.759988
0.75716
0.902296
0.794539
0.807108
0.750074
0.681493
0.789539
0.84321
0.800624
0.834945
0.734596
0.817788
0.898907
0.818971
0.821928
0.880411
0.991984
0.943792
0.81252
0.850565
0.835109
0.71417
0.778295
0.779744
0.762543
0.742224
0.846189
0.757743
0.796516
0.828834
0.817499
0.815873
0.722356
0.81609
0.845688
0.838648
0.877916
0.922251
1.02029
1.02712
0.815704
1.02997
1.00129
0.966737
0.956496
1.07912
0.886918
0.907848
0.873171
0.897206
0.815008
0.631138
0.971888
0.936203
0.801433
0.899712
0.777035
0.90973
0.9004
0.872932
0.941027
0.959154
0.868762
0.869969
0.86119
0.92257
0.818587
0.88287
0.831751
0.80976
0.821836
0.876266
0.927758
0.868206
0.981329
1.00595
0.882908
0.869814
0.890691
0.849899
0.968538
0.936535
0.986863
0.909011
0.941336
0.947543
0.854398
0.844132
0.94274
0.914437
1.00049
1.01054
0.938501
1.04158
0.882198
0.872372
0.926107
0.91955
0.920127
0.880333
0.914557
0.965871
0.958283
0.969284
0.962275
0.983521
0.994561
0.872092
0.918405
0.941746
0.991613
0.944047
0.912622
0.975483
0.937228
0.994917
0.981707
0.96573
1.04839
0.908959
0.953886
1.0681
0.96279
1.04287
0.907338
0.979242
0.932475
0.86466
0.961446
0.915767
0.882462
1.01375
0.952787
1.05893
1.17185
1.02926
1.03969
1.13132
0.989381
1.25048
1.24427
1.28826
1.14962
1.19486
1.16323
1.24987
1.2755
1.19371
1.38397
1.26748
1.33918
1.29773
1.25343
1.59576
1.40432
1.59059
1.42377
1.33796
1.27993
1.42251
1.36241
1.42748
1.43656
1.7062
1.64912
1.43535
1.6153
1.34235
1.31934
1.36921
1.52554
1.29129
1.47773
1.50099
1.71093
1.36641
1.59886
1.31085
1.19869
1.2904
1.44866
1.25327
1.23019
1.22324
1.24168
1.37374
1.10533
1.21976
1.46328
1.33518
1.18053
1.23966
1.19759
1.38736
1.42525
1.4344
1.02714
1.63174
1.29354
1.17178
1.2157
1.25593
1.10883
1.05314
1.12064
1.06557
0.949521
0.871993
0.784258
0.99289
0.938378
0.891181
0.759487
0.986345
1.03715
0.992277
1.01381
1.01675
1.04007
0.985166
1.08817
0.997694
0.85206
0.9071
0.96587
1.02905
1.07666
0.951715
0.951462
0.978983
0.842501
1.09579
0.965147
1.12966
1.04725
0.845724
1.03055
1.23508
1.04861
1.13644
1.15193
1.17758
1.08245
1.13632
0.907266
0.809285
1.03698
1.26303
1.21939
1.06342
1.11968
1.09051
1.07821
1.19709
1.1157
1.01481
1.25995
1.15497
0.819089
0.815068
0.817097
0.936193
0.922052
0.820815
0.797811
1.01655
1.05949
1.03388
0.968363
0.939134
0.889266
0.993795
1.15274
1.08982
0.683757
0.690505
0.901245
1.15943
1.03447
1.43796
1.17541
1.2672
1.24243
1.26016
1.28774
1.14722
1.19856
1.15658
1.23045
1.06781
0.997453
0.901013
0.795846
0.859165
0.969005
0.842263
0.822645
0.845944
0.916002
0.97663
1.01981
1.06533
1.04693
0.96315
0.922975
0.818396
0.57676
0.434193
0.326825
0.310961
0.288602
0.269114
0.31422
0.450652
1.01247
0.932203
0.983695
0.989987
0.97204
0.951648
0.701833
0.311794
0.248996
0.240588
0.232377
0.238795
0.228799
0.209927
0.209621
0.227521
0.234718
0.207062
0.199615
0.201279
0.222877
0.201665
