1.48555
1.9691
2.16846
2.28464
4.05957
3.43131
4.08833
4.06599
3.02521
2.49596
2.09887
3.45643
3.67826
3.28681
3.50856
2.79743
3.0191
2.53433
2.02181
2.04783
2.89972
2.55097
2.79411
2.26212
1.97563
2.56698
2.68054
2.77132
2.73375
2.69531
2.78737
2.53834
2.44555
2.66061
2.703
2.54873
2.96247
3.42867
2.29956
2.78301
2.56573
2.48933
3.08255
3.24682
2.65399
2.5547
3.10916
2.24374
2.62603
1.95048
2.21808
3.12138
2.77096
3.2524
2.70783
2.42233
2.61149
2.42512
2.202
2.22244
2.58763
2.539
2.39183
2.41004
2.12701
2.09997
2.25335
2.21562
2.26107
2.36591
2.6118
2.48285
2.97069
1.89269
2.27346
2.15568
3.40884
3.18776
1.3957
1.04473
1.36067
2.72361
3.05503
1.79467
1.27357
2.0525
2.49061
2.18442
1.52357
2.08755
2.53486
2.57333
1.78529
2.1757
1.99338
2.88807
3.42366
2.84576
2.19179
1.80871
1.80649
2.14674
2.42587
1.68089
1.63095
1.78442
1.51507
3.25418
1.99412
1.85835
2.20971
1.58547
1.53648
1.59155
1.39325
1.69434
1.79653
4.42569
3.76781
3.60074
4.48408
2.62524
2.60719
3.1808
2.85703
2.55016
2.30822
2.1693
1.98548
2.33105
1.81065
2.09422
2.07365
2.22518
2.18389
3.02502
1.97996
1.5581
1.8333
1.98574
2.07315
1.80636
2.14074
2.1586
2.14515
2.28707
1.78626
1.90249
2.14907
1.88784
2.03815
2.14912
2.18498
2.79471
2.1143
2.60172
1.61954
2.45962
1.7457
1.6871
1.87005
1.78419
1.66678
1.34235
1.23897
1.46963
1.44814
1.29568
1.14348
1.24867
1.26315
1.21987
1.42256
1.17258
1.19586
1.2161
1.20113
1.19773
1.28734
1.20448
1.11332
1.11102
1.31986
1.28772
1.02075
0.974447
0.909956
1.10406
1.13469
1.08106
1.04355
0.926739
0.812853
0.836292
0.895718
0.85884
0.879436
0.866165
0.786871
0.938256
0.902099
0.895323
0.937106
1.00779
0.98717
0.893732
1.02257
0.865511
0.855572
0.851293
0.862031
0.971941
1.03529
0.885726
0.838442
0.866054
0.821991
0.801878
0.798919
0.79449
0.866518
0.833189
