3.01012
3.37166
5.93719
7.72614
6.86281
5.32035
4.89054
5.99395
5.8545
5.02751
4.10266
4.54965
4.42359
2.77072
3.12768
3.13096
2.64348
2.48125
2.44635
2.76744
2.69967
2.47487
3.13612
2.60551
4.85366
3.48322
3.43125
4.57957
4.74572
3.97377
4.06828
3.27079
3.07228
3.558
3.10329
3.36455
2.84734
3.27998
4.08076
3.36221
4.08072
3.58872
3.15114
2.97448
3.62702
3.69807
3.40968
3.65338
3.28339
3.32817
3.58769
3.67243
3.8695
3.35178
3.1388
2.56721
2.51761
3.008
3.39478
3.11157
3.13942
3.1857
2.80604
3.12404
3.10786
3.15909
3.20885
2.73914
2.79181
3.17834
3.18314
2.80282
2.87676
2.62728
2.69988
3.007
2.71825
2.6186
3.25576
3.20337
3.10592
2.91263
2.75134
2.56151
2.55628
2.66021
2.77685
2.50901
2.53616
2.86177
2.58233
2.58775
2.37775
2.60926
2.53036
2.67055
2.47065
2.44021
1.9078
2.42532
2.22371
2.1496
2.00828
2.23967
1.80248
1.52442
1.75386
1.76394
1.35135
1.61055
1.61583
1.66783
1.47639
1.52952
1.58816
1.81731
1.95323
2.27099
2.30981
2.57965
3.07436
3.22346
4.10273
4.58895
5.09877
5.74551
5.57569
6.21643
6.42328
6.54523
6.62233
6.09703
6.18935
6.16825
5.93983
5.5207
5.05641
4.68881
4.30379
4.24717
3.79316
3.35417
3.3447
3.02309
2.82377
2.77953
2.5184
2.28135
2.03354
2.23742
1.74549
1.82457
1.97112
1.89398
2.21334
2.04813
2.3582
2.69673
3.15302
3.44464
3.81052
3.63559
4.21497
4.38368
4.98385
5.13051
5.18243
5.59984
5.58414
5.75848
5.8158
5.85583
6.06109
6.19868
6.20563
5.99514
6.19991
6.03032
6.18024
6.06999
5.81099
6.07217
6.19469
5.93563
6.22617
6.19174
5.99232
6.20663
5.95365
6.12131
5.52263
6.11966
6.28608
6.15982
5.96292
6.0506
6.16551
6.08414
6.13274
5.63571
6.0022
5.93098
6.01305
5.98661
5.98546
5.79599
6.1388
5.89107
5.93626
5.84259
6.12778
5.99224
5.84755
6.12153
5.84016
5.92619
5.80756
6.05001
5.98094
5.38775
5.84833
5.76503
5.88913
5.89465
5.83335
5.96078
5.9066
5.94691
5.65775
5.88029
5.83291
5.79244
5.75385
5.81729
5.93804
5.79046
5.78553
5.79884
5.63381
5.83999
5.87698
5.95223
5.95823
5.78202
5.72673
5.81013
5.73819
5.89317
5.82941
5.69275
5.7315
5.71109
5.64533
5.82479
5.87806
5.88258
5.82275
5.88394
5.58922
5.70476
5.76627
5.71667
5.81319
5.64211
5.81126
5.70989
5.83275
5.61979
5.77789
5.87843
5.78848
5.59314
5.69879
5.67095
5.6901
5.69517
5.71162
5.49967
5.73954
5.65259
5.67745
5.70614
5.66104
5.66073
5.60497
5.68137
5.60089
5.6504
5.73355
5.5808
5.61611
5.79861
5.63651
5.69849
5.7142
5.73505
5.54207
5.53926
5.65533
5.63835
5.66646
5.62611
5.61867
5.5134
5.74383
5.59888
5.5536
5.67265
5.70023
5.69479
5.65504
5.90804
5.6802
5.57816
5.71933
5.7255
5.57572
5.24185
5.57459
5.4825
5.49663
5.57424
5.53651
5.57301
5.55691
5.79897
5.11761
5.61014
5.59297
5.50419
5.6242
5.63735
5.58883
5.46972
5.4594
5.62854
5.59957
5.22316
5.5049
5.61856
5.4942
5.58641
5.49741
5.52885
5.56714
5.48079
5.49239
5.45171
5.59283
5.49514
5.53077
5.47394
5.39946
5.51858
5.5192
5.59365
5.37829
5.41987
5.56013
5.57121
5.52734
5.41343
5.42309
5.42249
5.34737
5.40209
5.50023
5.5424
5.43465
5.5402
5.49448
5.46676
5.45762
5.43091
5.54862
5.45636
5.39624
5.38084
5.32945
5.34323
5.43543
5.46533
5.39359
5.43267
5.49542
5.38739
5.36822
5.44954
5.47444
5.34214
5.45289
5.45121
5.50023
5.41003
4.91638
5.44954
5.528
5.45284
5.46068
5.28103
5.51492
5.30491
5.45012
4.80826
5.35765
5.28966
5.32849
5.38701
5.40352
5.32755
5.38065
5.40644
5.34536
4.95037
5.33971
5.26378
5.38739
5.28051
5.30149
5.20754
5.31061
5.29902
4.96993
5.23609
5.43695
5.30997
5.00279
5.18223
5.28814
5.31761
5.33039
5.15787
5.32178
5.3333
5.26425
5.264
5.30235
5.54359
5.48598
5.47043
5.43457
5.20316
5.28417
5.26405
5.34185
5.23233
5.28077
5.34305
5.24304
5.15978
5.22952
5.30654
5.24669
5.1957
5.31648
5.38823
5.28605
