0.298693
0.252846
0.331958
0.307617
0.42293
0.367027
0.303587
0.360756
0.44119
0.51922
0.487403
0.817871
0.684478
0.570268
0.74522
0.713196
0.813373
0.947112
0.998937
0.765166
0.791341
0.775264
1.35466
1.6411
2.31305
1.43393
0.744401
1.25192
1.40534
1.10265
1.28587
1.60392
1.75862
1.84777
1.65779
1.22567
1.7402
1.55713
1.39758
1.77367
1.24539
1.94283
1.37718
2.0753
2.59803
1.86406
1.95186
1.47261
2.33403
1.90098
1.71164
2.105
2.35056
2.05255
2.13095
2.27973
2.2016
2.20373
1.84472
1.74679
2.17144
2.04606
1.92404
2.5928
1.83375
1.9369
1.86623
1.98141
1.79298
2.07787
2.24734
1.90845
2.25593
2.12762
2.117
2.17036
1.83542
1.90562
2.35324
2.61572
2.00611
2.89836
2.24716
2.54397
2.69536
2.62968
2.92137
2.46481
3.32808
2.89597
2.99732
2.81213
3.10866
3.3835
2.90856
3.23082
3.51965
2.99869
2.91449
3.43219
3.22892
2.66754
3.73391
3.14571
3.09204
3.30045
3.56425
3.51539
3.38273
3.88065
3.42743
3.32782
3.82021
3.45877
3.54099
3.79402
3.50186
3.50241
3.50541
4.25364
3.2726
3.89317
3.59438
3.48877
3.8798
4.35146
3.94496
3.51784
4.0611
2.91019
