1.80954
1.63604
1.61139
1.6181
1.75306
1.65957
1.70405
1.76401
1.79179
1.66121
1.80305
1.83018
1.98333
2.16536
3.23316
3.68378
7.05361
6.10014
6.30959
5.84193
6.57847
6.53068
5.32017
5.86152
6.41468
5.92121
6.27347
6.77741
6.16882
6.40988
5.9558
6.82401
5.84965
6.19321
5.37451
5.72055
7.00302
5.76408
6.3618
6.40339
6.10776
6.78623
5.37198
6.53899
5.85821
7.43428
7.37973
6.90231
6.44118
6.07289
6.47303
5.75846
6.05746
6.01988
6.1482
5.73828
5.73445
6.24152
6.21931
5.32377
5.30075
6.41957
5.59254
6.55834
5.95342
6.45088
5.56739
6.23358
5.04794
6.39825
5.94644
5.43069
5.85309
5.46744
5.62314
6.17015
5.96087
6.29664
4.41144
5.69794
5.88353
5.35557
5.68916
5.1687
6.49092
4.55136
5.91571
4.32706
4.27988
4.50103
5.06777
4.44983
5.34708
5.84583
3.48871
3.39814
4.58668
4.16099
3.23659
3.17118
3.48913
3.91379
4.10238
3.97419
4.21633
4.41972
3.55501
3.24639
3.00622
3.42736
3.4582
2.69104
2.29098
2.37562
2.24446
2.48859
2.38225
2.1329
