3.64781
4.04319
3.98676
4.01763
4.00024
4.04192
4.03097
3.98668
4.05651
4.07538
3.94833
4.17979
4.25046
4.3687
4.41261
4.53182
4.36158
4.54317
4.409
4.22852
4.51396
4.5754
4.65084
4.59218
4.62251
4.47282
4.49203
4.56959
4.5171
4.39242
4.54406
4.65074
4.60627
4.56148
4.62553
4.63426
4.60091
4.71795
4.77924
4.79748
4.78889
4.81948
4.92519
4.83023
4.92999
4.87602
5.16652
4.79746
4.85848
5.0632
5.05174
5.22164
4.91501
5.21379
5.21291
4.96854
4.94678
5.35808
4.89805
5.21304
5.30171
5.30815
5.61221
5.49242
5.4316
5.41447
5.33819
5.27251
5.21039
5.4965
5.39037
5.71465
5.55992
5.28521
5.36155
5.74795
5.5881
5.50969
5.31797
5.47219
5.40223
5.74535
5.4142
5.42901
5.97706
5.53381
5.73715
5.46853
5.52107
5.79184
5.52578
5.52231
5.60583
5.86215
5.79901
5.65448
5.26859
5.57279
5.89094
5.91428
6.00748
5.60932
5.8497
5.80841
5.80051
5.97296
5.91385
5.67287
5.92684
5.69157
6.20351
5.79184
5.91906
5.69672
6.05911
5.84024
5.92992
6.12835
5.75001
6.24117
6.02271
6.34666
6.08932
6.23623
5.91524
6.02311
6.24687
6.11251
6.12843
5.97548
6.14946
6.11747
6.06909
6.45779
6.02778
5.93072
5.78283
6.2855
6.16907
6.34478
6.10037
6.2825
6.349
6.53416
6.42934
6.35299
5.8324
5.91496
5.75534
5.97965
6.13076
6.09511
6.1177
6.38724
6.29985
6.58205
6.71739
