11.3758
11.6127
14.1953
23.7845
32.3438
42.0447
37.955
34.0014
51.5687
49.6304
35.9171
23.0783
25.1588
24.7502
27.2072
35.0138
38.3797
27.0418
51.3951
58.8793
57.8918
41.1887
41.4842
49.0742
49.4898
37.4295
29.3265
14.2682
24.312
38.2197
41.3083
25.2499
38.7298
48.2609
34.3743
26.1386
37.5241
33.7602
34.9512
24.2109
20.3103
27.0073
42.6933
30.596
31.132
25.9304
22.4335
29.6581
32.7598
36.687
32.063
30.2729
26.8296
30.2026
33.4335
34.7564
43.518
44.1409
37.3176
34.9171
37.9716
37.173
31.7887
31.1445
31.7968
26.3997
31.837
30.7704
27.5342
29.8716
19.6961
12.5149
13.7509
18.0333
19.7972
19.1823
16.0247
21.7708
25.534
24.9645
25.9732
25.1251
21.5956
20.4463
20.5952
21.4257
21.1073
21.3765
19.4692
19.5858
19.711
20.027
20.1292
20.1471
19.5953
17.3796
17.6004
16.7066
18.574
19.7289
19.5805
19.5225
21.1216
21.2083
20.6472
22.4866
23.6358
23.0802
21.9258
23.5421
23.4945
25.4499
25.2165
23.8432
24.4017
22.7728
22.9735
20.0617
18.9334
16.8529
17.2034
16.2967
16.7589
17.6199
17.4776
18.2819
17.6253
17.5749
18.2928
17.9053
18.0345
18.359
18.5418
16.7308
16.243
16.1215
15.2486
16.2917
15.9049
16.2198
16.5063
16.5121
16.4239
16.0544
15.8687
16.765
17.1224
15.2923
15.6063
16.1532
15.8048
15.8908
16.1194
16.0256
14.9256
17.1364
14.2444
14.8467
14.0854
15.6612
14.7648
14.7299
13.6964
14.4477
15.2481
16.2889
15.6717
14.8112
14.2865
15.6883
15.576
15.9924
16.2715
15.4262
15.5105
17.0921
17.019
16.4268
14.3681
15.8585
16.0575
15.7602
16.2827
16.1328
15.4375
14.8636
14.6554
15.4866
13.2762
14.1507
14.438
14.487
14.6556
15.3706
14.8789
13.6941
14.1947
14.53
15.0491
14.4965
14.33
13.1025
13.1212
14.0653
12.4664
12.5381
11.7422
10.901
12.6155
12.9382
13.5858
13.2173
14.4342
12.3068
12.4074
11.8397
12.2957
11.3476
10.2214
10.3841
11.2585
9.45268
8.85908
11.7811
10.174
9.80905
10.8238
12.4789
11.1449
11.1839
9.22343
9.63701
9.30126
8.68703
8.34557
