0.035753
0.0290231
0.0323334
0.0314608
0.0373316
0.0396843
0.046552
0.066546
0.109918
0.124423
0.13803
0.137678
0.134647
0.118589
0.133629
0.128086
0.21336
0.174434
0.144414
0.173122
0.161791
0.142758
0.157847
0.148634
0.237396
0.204867
0.185094
0.256057
0.274945
0.296008
0.388491
0.299955
0.339947
0.309437
0.277331
0.290962
0.285116
0.318762
0.292597
0.26562
0.285014
0.292348
0.415225
0.355307
0.289135
0.363555
0.270376
0.476917
0.335257
0.440708
0.398688
0.420903
0.405763
0.425614
0.34806
0.372152
0.389901
0.410205
0.355025
0.459972
0.443193
0.4114
0.441138
0.403514
0.540299
0.466009
0.413578
0.49742
0.427481
0.401307
0.44238
0.524772
0.579329
0.515186
0.55465
0.459062
0.531658
0.541943
0.468324
0.439183
0.500442
0.441005
0.587154
0.588184
0.537592
0.508505
0.493365
0.530398
0.663138
0.629456
0.471479
0.534532
0.645287
0.482968
0.544363
0.591916
0.557461
0.474407
0.511641
0.443388
0.569384
0.587298
0.602617
0.467355
0.573876
0.57119
0.647367
0.50139
0.670874
0.473971
0.61264
0.669763
0.655951
0.5454
0.549551
0.61753
0.614023
0.70436
0.844792
0.692191
0.58251
0.744872
0.814637
0.570357
0.636895
0.522264
0.545812
0.695207
0.670111
0.553906
0.565641
0.57821
0.671149
0.991694
0.915065
0.784318
0.873506
0.776144
0.837463
0.935744
0.803018
1.00601
0.819637
0.930355
0.828266
0.868672
0.780921
0.618102
0.66816
0.860838
0.833855
1.04065
0.966948
1.04434
0.749439
1.11862
1.17396
1.02737
1.14191
1.10936
0.983671
0.959444
1.10583
0.907822
0.778882
1.12846
0.836069
0.947347
0.76414
0.982995
0.732233
0.944752
0.998429
0.964151
0.770663
1.05181
0.803677
0.998221
0.871294
1.0853
0.833986
0.963236
0.759363
1.1631
0.897793
0.713167
1.14629
1.0127
1.08059
1.21676
1.136
0.786972
1.02372
1.3406
0.954376
1.01029
1.04607
0.891546
1.12199
1.03659
0.789758
0.739208
1.11758
0.991267
1.17364
1.10276
0.857459
0.99303
0.992038
1.29513
0.839767
1.25844
1.10981
1.18839
1.33997
1.21156
1.32246
1.03973
0.92035
1.18335
1.19783
1.0938
0.938781
1.21312
0.975273
1.05125
1.51306
1.25968
1.63068
1.14665
1.26767
1.28073
1.03841
1.05511
0.926371
