0.373003
0.524566
0.549578
0.735179
0.528766
0.666777
0.653888
0.791918
0.413724
0.753743
0.883766
0.777189
0.649388
0.563172
0.74472
0.751587
0.90029
0.962053
0.920013
1.01286
1.00506
0.894662
1.16413
1.00979
0.976819
0.802337
0.827361
0.888827
0.682147
0.901456
0.595789
0.967422
0.823561
0.580409
0.879725
0.776057
0.566827
0.74751
0.870307
0.787303
0.938996
0.779102
0.836429
0.590241
1.04415
1.27637
1.11443
1.0828
0.775451
1.57087
1.43513
1.43866
1.23903
0.784523
1.05525
1.31385
1.17002
0.886729
1.07763
0.942099
0.883239
0.964109
1.00015
0.911419
0.929511
1.03605
0.892975
0.913056
0.975832
0.996675
0.998043
0.925189
1.11769
1.03736
1.02552
1.02323
1.02034
1.18795
1.065
1.03346
1.1815
1.0624
1.13277
1.16873
1.14319
1.25142
0.947474
0.945956
0.907973
0.886855
0.960372
1.12185
1.22608
1.37714
1.23843
1.48533
1.19303
1.23016
1.36614
1.42628
1.39389
1.29658
1.48846
1.58723
1.5133
1.52669
1.52473
1.46972
1.5077
1.39406
1.58538
1.47269
1.53797
1.3766
1.59428
1.32218
1.47917
1.63227
1.57477
1.55629
1.59758
1.3329
1.2526
1.57334
1.53612
1.4133
1.50269
1.57685
1.39294
1.62694
1.58005
1.39944
1.53561
1.30443
1.55757
1.24524
1.51792
1.40404
1.2184
1.21992
1.46203
1.38886
1.30844
1.273
1.5385
1.44249
1.43367
1.33967
1.25046
1.51534
1.6922
1.57674
1.44129
1.60804
1.52172
1.60187
1.3627
1.47939
1.31501
1.34376
1.56557
1.60922
1.41838
1.46905
1.42889
1.56838
1.40172
1.3773
1.13857
1.44428
1.50439
1.35545
1.26535
1.23784
1.1397
1.31891
1.41333
1.26719
1.16734
1.14636
1.56456
1.12091
1.45215
1.26932
0.959663
1.10526
0.885984
1.30711
1.0071
1.02674
1.00389
1.0271
0.919608
1.00911
1.03738
0.868037
0.988021
1.03363
0.958866
0.874815
0.926364
0.912211
0.933343
0.860522
0.918054
0.891305
0.823227
1.0745
0.961856
0.927489
0.984989
0.907027
0.863883
0.935828
0.873011
0.716483
0.825327
0.797082
0.877982
0.755123
0.68615
0.745662
0.731459
0.716357
0.668662
0.722103
0.670155
0.661517
0.706608
0.743692
0.733874
0.730378
0.699691
0.731932
0.640837
0.663639
0.650681
0.647718
0.682875
0.697537
0.711591
0.789641
0.748989
0.780469
0.764024
0.81486
0.729445
0.79173
0.794223
0.853982
0.83566
0.889412
0.843908
0.84328
0.66669
0.764144
0.750717
0.844625
0.822148
0.773131
0.70994
0.734542
0.839619
0.765605
0.772348
0.741361
0.739587
0.73656
0.743381
0.73819
0.9108
0.847083
0.747444
0.719749
0.801142
0.700716
0.795382
0.758185
0.646648
0.764734
0.675004
0.671195
0.684418
0.619798
0.684177
0.703485
0.63214
0.679375
0.698984
0.608884
0.655829
0.645001
0.641805
0.67493
0.668354
0.698711
0.595386
0.67326
0.674419
0.683175
0.727227
0.710971
0.789629
0.694216
0.631425
0.705467
0.58881
0.530515
0.545099
0.726444
0.642382
0.655771
0.765711
0.704933
0.658995
0.715511
0.681946
0.66613
0.714273
0.882221
0.766814
0.769953
0.719864
0.710751
0.716919
0.715086
0.601576
0.700799
0.651568
0.749863
0.686353
0.693196
0.808222
0.728341
0.856166
1.08357
0.893672
0.943438
0.798565
0.889431
0.79527
0.862996
0.753446
0.683547
0.716323
0.848984
0.770988
0.750507
0.798995
0.790631
0.668508
0.734364
0.725867
0.707453
0.650765
0.697876
0.609599
0.666668
0.494016
0.607444
0.559859
0.546348
0.606519
0.618184
0.553112
0.50167
0.621405
0.58233
0.626672
0.568692
0.526055
0.556993
0.598098
0.578234
0.716949
0.708163
0.618803
0.587946
0.672984
0.521153
0.651169
0.580921
0.611639
0.60286
0.568685
0.572775
0.511273
0.538271
0.542464
0.53857
0.567889
0.516135
0.541546
0.619488
0.6431
0.552081
0.570099
0.520422
0.541119
0.517295
0.49914
0.582697
0.556859
0.466153
0.659891
0.520763
0.580794
0.606447
0.53885
0.508067
0.481557
0.524431
0.516487
0.493152
0.530775
0.456743
0.481508
0.583289
0.49489
0.543198
0.532089
0.660339
0.581764
0.550977
0.663534
0.585849
0.671939
0.688416
0.568579
0.602318
0.717975
0.576391
0.594657
0.574397
0.741471
0.671225
0.688093
0.694273
0.603453
0.681548
0.67135
0.603379
0.564061
0.578249
0.539674
0.483237
0.51082
0.53025
0.581732
0.66441
0.681893
0.697596
0.585497
0.63976
0.618859
0.611907
0.613773
0.696533
0.648138
0.669338
0.676013
0.589321
0.513744
0.614682
0.66828
0.64276
0.62381
0.644648
0.708308
0.594435
0.655431
0.5788
0.80023
0.666167
0.686747
0.616351
0.5965
0.543956
0.527908
0.555374
0.634376
0.581301
0.613905
0.599795
0.550101
0.504331
0.538767
0.583928
0.546147
0.53661
0.578525
0.592284
0.583029
0.553885
0.449789
0.50041
0.522723
0.514856
0.512935
0.49874
0.541011
0.525007
0.502735
0.481506
0.513848
0.535145
0.530745
0.622878
0.580662
0.563483
0.497272
0.588394
0.550784
0.516914
0.573431
0.61399
0.537062
0.502665
0.625167
0.612379
0.515424
0.49518
0.481108
0.484715
0.548124
0.50334
0.522549
0.584277
0.487937
0.601708
0.54668
0.494605
0.497021
0.557491
0.534215
0.523282
0.414629
0.423241
0.481531
0.49826
0.526583
0.50365
0.466082
0.512294
0.474848
0.472315
0.489156
0.457731
0.512106
0.478779
0.481091
0.535606
0.469405
0.421461
0.479618
0.456401
0.435616
0.485069
0.507489
0.471932
0.462451
0.462528
0.481992
0.470289
0.525024
0.525466
0.510731
0.438663
0.492734
0.444885
0.492989
0.446595
0.553435
0.487051
0.483628
0.405296
0.519673
0.450301
0.433483
0.464371
0.426827
0.524766
0.485396
0.517661
0.455337
0.50668
0.683269
0.504163
0.505841
0.712503
0.604167
0.507157
0.625735
0.471161
0.569956
0.451786
0.65305
0.591608
0.549833
0.580215
0.522358
0.591795
0.569358
0.466812
0.478188
0.409914
0.346371
0.532572
0.42475
0.409294
0.383507
0.393409
0.400309
0.349902
0.506592
0.430758
0.409247
0.330822
0.404572
0.37561
0.320914
0.379222
0.419217
0.46137
0.397109
0.394498
0.354263
0.342948
0.355141
0.351335
0.350383
0.384016
0.339061
0.342393
0.374948
0.338085
0.339612
0.382708
0.351349
0.365529
0.384779
0.368738
0.33314
0.410042
0.345826
0.390535
0.365528
0.35366
0.369991
0.314972
0.349025
0.345546
0.374744
0.339172
0.379625
0.365738
0.345823
0.343178
0.310658
0.303135
0.326335
0.339833
0.313309
0.33531
0.379576
0.333242
0.314651
0.342315
0.39319
0.359875
0.32456
0.321698
0.327913
0.348448
0.336538
0.336201
0.361736
0.354823
0.367557
0.3546
0.388311
0.500696
0.508943
0.569601
0.486037
0.615146
0.524821
0.33219
0.386053
0.376916
0.387396
0.328773
0.582246
0.532389
0.496256
0.448754
0.534931
0.485691
0.469395
0.445271
0.35189
0.33971
0.372843
0.354394
0.271821
0.329395
0.444916
0.339954
0.269012
0.294542
0.30915
0.306667
0.270229
0.256819
0.284819
0.301644
0.291593
0.293813
0.277652
0.306687
0.281529
0.267063
0.298357
0.339126
0.320491
0.304741
0.316061
0.290369
0.274981
0.282839
0.24976
0.248656
0.30289
0.269387
0.271973
0.308443
0.278467
0.276516
0.341241
0.323792
0.257047
0.274803
0.272978
0.284505
