6.79917
6.77676
8.51831
11.6903
13.9594
9.6733
7.11219
6.56364
4.84652
5.09482
5.07272
5.92545
8.52302
10.1818
8.29292
6.80502
9.72556
12.1662
11.527
8.25517
8.46016
6.52164
5.72627
7.43304
7.15684
7.52545
7.70279
9.47001
9.61796
8.63408
11.4197
11.5661
10.5149
10.1436
9.93449
8.77055
8.40142
9.59894
9.0089
9.14267
8.49379
9.44839
10.1724
10.6649
10.5373
9.38005
11.1297
10.0315
9.98935
10.892
10.9452
10.9509
13.0893
12.2314
12.7326
13.4334
13.2857
10.9881
12.1826
12.3421
10.7995
10.8412
12.3717
11.6479
12.7819
12.775
12.3203
12.5627
12.8568
9.9893
8.99802
9.09208
8.70037
9.60984
10.382
10.4923
10.9487
10.0457
9.55802
10.1346
9.98911
9.30654
11.3877
10.4992
9.5595
8.61453
9.2387
10.079
10.0387
11.8341
11.9131
12.0606
11.2591
11.4198
13.1738
10.8723
11.1371
11.0075
10.9317
13.3196
11.6919
11.8431
11.7361
11.0818
12.564
11.6205
11.7058
11.6069
11.9682
11.5494
12.4812
12.8825
11.377
12.0997
13.2729
11.5086
13.0077
12.1007
13.2989
11.9482
12.6583
13.7637
13.6052
14.5628
16.5224
16.6027
14.327
14.8133
16.0326
15.0422
17.4141
14.8972
16.2851
17.4513
15.525
14.8199
15.229
15.4797
17.111
15.7381
14.1667
15.5513
14.9373
17.3223
16.7223
17.9047
16.2449
14.4166
15.9627
14.8127
14.0765
14.8003
16.3751
17.1295
14.6328
15.0984
15.895
13.8801
13.4061
12.1695
13.2513
12.7098
12.7541
13.6149
16.5692
14.5606
15.3982
12.4731
12.7361
13.815
13.0453
13.0235
12.6386
12.3673
13.7406
12.8227
13.3139
14.417
12.6525
11.7219
11.5506
11.3166
11.642
12.2357
12.0317
10.0323
12.1734
13.3851
9.41906
11.9402
15.5045
11.5514
12.0302
14.0573
14.0603
13.6887
17.1159
14.2583
12.8945
13.7379
14.0292
12.9636
11.4729
6.77117
9.82023
13.6571
10.7484
6.96509
7.48072
7.9567
10.5558
8.71482
6.93505
8.72599
8.75529
10.3276
9.32375
8.02984
9.43004
11.7592
12.8452
12.8839
10.3724
8.79725
9.18811
7.9118
8.65898
8.37144
9.09784
12.0516
11.1024
12.8573
16.1758
15.1328
10.2391
11.107
12.7796
13.5869
15.6251
14.1236
17.4003
16.6647
16.7072
18.0007
15.3798
16.9262
15.9887
19.4697
21.7238
