0.874422
0.835993
0.833643
0.962137
0.93305
1.20322
1.26712
1.20197
1.01566
0.861574
1.11661
1.64542
1.14421
1.24097
1.29193
0.713656
0.543911
0.583762
0.53765
0.523255
0.560597
0.494342
0.528179
0.631564
0.670778
0.822437
2.67069
2.11138
1.93561
1.98165
1.83141
1.80764
1.74552
1.5801
1.83222
1.66508
2.12162
1.85417
1.50752
1.68297
1.63094
1.69159
1.65792
1.71322
1.49867
2.01336
1.78863
1.95518
1.80637
1.86384
1.52177
1.84209
1.54478
1.75648
1.80129
1.76172
1.67446
1.78658
1.62096
1.46679
1.36006
1.44493
1.36581
1.47256
1.48226
1.62697
1.31781
1.51033
1.35895
1.24831
1.46083
1.56439
1.57878
1.27501
1.29348
1.22068
1.18804
1.5423
1.51814
1.27405
1.69486
1.49629
1.45293
1.28678
1.45576
1.22645
1.33349
1.40653
1.08203
1.63416
1.29723
1.65338
1.3144
1.3303
1.48803
1.31443
1.15465
1.26395
1.04648
1.10816
1.30922
1.65504
0.630022
0.523789
0.843305
0.559935
1.01181
0.626385
0.35717
0.419371
1.24536
0.543603
0.813714
1.23289
1.24917
0.604129
0.86631
1.10373
0.868848
0.632818
0.593638
0.695233
0.91216
0.849329
0.706673
0.584291
0.789123
0.760198
0.953489
1.01355
0.617446
0.434235
0.476144
0.49358
0.373351
0.466935
0.408693
0.469978
0.452922
0.464207
0.568755
0.608665
0.550883
0.622243
0.621846
0.694266
0.987008
1.39956
0.987294
0.81999
0.914854
0.637575
0.577148
0.691627
0.845056
0.619383
0.67618
0.591552
0.702304
0.681507
0.796578
0.898954
0.89654
0.70442
0.537601
0.894811
0.582058
0.849433
1.09764
0.614499
0.614402
1.28012
0.738165
0.533763
0.712186
0.926454
0.765297
0.551486
0.993261
0.631429
0.927155
1.03003
0.939003
0.793946
0.80162
0.644499
0.894384
0.54119
0.948339
1.0178
0.70899
0.646359
0.685927
0.812201
0.74945
0.59916
0.596945
0.842179
0.705262
0.613566
0.728213
0.629864
0.487437
0.733389
0.558899
0.760298
0.718574
0.765101
0.846319
0.702501
0.617061
0.742548
0.771956
0.522635
0.633549
0.63852
0.665067
0.695423
0.607971
0.630101
0.483896
0.640302
0.700177
0.655515
0.653054
0.494327
0.532964
0.582017
0.592554
0.655932
0.566734
0.560768
0.502238
0.417837
0.441514
0.545627
0.400522
0.531514
0.686853
0.504008
0.435951
0.599001
0.591011
0.538234
0.471835
0.495804
0.443277
0.403087
0.375361
0.56485
0.413485
0.39752
0.424011
0.359164
0.317392
0.332175
0.362083
0.310202
0.399427
0.341004
0.415462
0.383571
0.375485
0.41292
0.375157
0.383339
0.378972
0.364163
0.31171
0.39198
0.298595
0.307559
0.293094
0.299233
0.319094
0.304147
0.274313
0.277824
0.267285
0.311522
0.329549
0.320992
0.298503
0.323739
0.327704
0.30482
0.312756
