1.70979
1.5776
1.60091
1.63921
1.37091
1.46359
1.29864
1.09753
1.27978
1.21266
1.56848
1.49714
1.37218
1.45443
1.28816
1.31751
1.63384
1.36303
1.46175
1.31285
1.82327
1.69727
1.58361
1.6312
1.90557
2.12223
1.73452
1.77841
1.66642
1.84151
1.8237
1.99618
1.39101
1.37868
1.75832
1.55324
2.11121
2.01142
1.9567
2.08954
2.4978
1.92572
1.94306
1.90153
1.9563
1.85841
1.90949
2.77986
2.13473
2.29733
2.40444
2.35177
2.19889
2.3901
2.38975
2.04427
2.33478
1.73784
2.05943
2.09418
1.50933
1.25067
1.72581
1.61231
1.72815
2.04547
2.0502
1.98854
1.93584
1.9761
2.14835
2.12272
2.35801
2.3256
2.27026
1.87959
2.22549
2.04008
1.7195
1.72652
1.90265
1.7765
1.96414
2.06259
3.06913
2.60139
2.37764
2.0864
2.47341
2.59044
2.91032
2.88216
2.56616
2.31604
2.22598
2.03265
2.15472
2.0522
2.34592
2.30724
2.3491
2.24381
2.35313
2.47273
2.34908
2.40981
2.42132
2.45039
2.55812
2.61786
2.45083
2.7126
2.13546
2.4033
2.54058
2.15058
2.03436
2.39831
2.31693
2.59747
2.5393
2.28469
2.60295
2.76304
2.8541
2.89716
2.34633
2.04433
2.31267
2.34904
2.09024
2.23062
3.26251
3.17678
2.87403
2.57792
2.39622
2.31025
2.69727
2.51994
2.63521
2.76969
3.00927
2.73194
2.59164
2.75779
3.63414
4.08323
3.63743
2.96492
3.1243
2.84178
2.95353
2.92922
3.38011
3.77717
3.35766
2.8935
2.86145
2.99257
2.69828
2.62535
2.55418
2.81955
2.54147
2.30414
3.04345
3.03715
3.06946
2.69212
3.02005
3.42333
3.42319
2.93989
3.571
2.86512
2.66577
3.22967
3.6689
3.31847
3.20546
3.20051
3.33655
3.28039
3.36926
4.19913
3.60044
3.2179
3.44483
3.71587
3.46672
3.56883
3.56759
3.56091
3.27719
3.50241
3.38966
3.20834
3.07497
2.94173
3.46703
3.4003
3.00191
3.43119
3.67307
3.56617
3.60422
3.96759
4.4418
3.64478
3.04413
3.78862
4.13606
3.39178
3.30916
3.93658
3.73667
3.72435
3.68675
3.17839
3.04206
3.60643
3.21865
3.601
3.25746
3.57475
3.59254
3.41996
4.69946
3.33039
3.2442
3.45785
3.49501
3.72445
3.24365
2.93178
3.1836
4.56873
4.34891
3.9449
4.15164
3.7293
3.42152
3.66229
3.84807
3.90736
3.67563
4.89007
3.60359
3.9504
4.34546
4.07794
4.44404
4.40368
4.20868
4.03507
3.7273
4.38421
4.07512
3.86934
4.57442
3.9239
4.04622
4.274
3.91327
3.9592
4.54087
4.60022
4.1852
3.83728
3.54162
3.36948
3.7442
4.3279
4.04217
4.17231
4.30608
3.93226
4.65688
4.45448
4.23919
5.03018
4.0129
3.90374
4.16511
3.6623
3.34328
3.23274
3.76802
4.08736
3.70952
4.40321
4.49663
4.25554
4.23521
4.44245
4.5269
4.35022
4.0967
3.65168
3.67772
3.7708
4.75253
4.4746
4.49201
4.6736
5.02815
4.7569
4.1658
3.89686
4.91679
3.89914
5.01081
4.90534
3.73858
4.28228
4.38444
4.95377
4.66357
4.38234
4.30394
4.73399
4.35644
4.45539
4.64185
5.02471
4.51628
4.39651
4.23567
4.53816
4.54903
4.09152
4.65031
4.94051
4.40839
4.87738
4.48757
4.39755
4.99628
5.69588
5.46071
5.41695
4.26441
4.71524
4.76013
4.44969
5.14378
5.24492
5.34459
5.00198
4.86807
5.37512
4.58767
4.47685
4.90821
5.05391
6.08054
5.07466
4.68232
4.85107
5.10293
4.53209
5.04601
5.90152
5.92651
5.91568
5.6857
5.01664
4.62704
5.28459
5.61521
5.15838
5.16436
4.94144
5.20005
5.23296
5.28239
6.13026
5.92537
5.38951
5.14761
4.87173
5.76848
5.08372
4.65222
4.83952
4.30407
4.74727
5.01328
5.50636
5.8788
4.86725
5.34233
5.31362
4.7267
5.03286
5.86586
5.12922
4.99904
4.76845
5.314
5.04564
4.2095
5.52625
5.38371
4.15047
4.73413
4.66718
4.8931
4.30519
4.0663
5.52289
3.99603
4.83854
6.74825
7.21644
6.48065
6.14211
6.54842
6.4392
5.79132
4.82389
5.04224
5.45449
4.67479
4.33927
5.76134
5.17651
5.93104
5.4527
4.67849
5.31885
7.21209
5.41201
5.47965
5.61278
5.54316
5.02704
4.52168
4.45328
5.21718
6.45201
5.557
5.81458
7.3952
5.99979
4.94039
6.48745
4.07412
4.33049
4.77922
3.91552
4.63211
4.09904
4.79032
3.63197
4.31536
3.80674
3.58621
3.44414
4.14032
4.66992
3.46826
4.74759
4.10629
4.82232
5.58844
4.10856
4.96902
4.35588
4.59777
4.552
6.61971
5.12049
3.93454
3.95644
4.95858
4.56228
4.17531
5.15879
5.42395
6.68932
5.38566
4.51105
6.41212
7.24196
5.56885
6.99806
7.21905
7.09472
7.37634
6.67287
6.42634
6.43817
7.83122
9.80309
8.92221
5.93535
8.79912
8.15153
6.40652
8.90693
7.49173
7.93011
7.83034
7.80013
6.42421
5.95938
7.48775
8.4054
9.94528
10.4436
9.09598
10.3274
12.7386
11.1882
7.51711
8.92625
9.68129
6.7371
9.77515
12.1967
8.8819
