4.81628
4.32061
2.70621
2.43248
2.85756
3.30837
4.29609
4.02419
4.09236
3.54318
4.61456
4.12447
3.50984
3.71496
3.64346
3.9233
3.76021
4.06354
3.35043
3.90154
5.76226
4.99448
5.19022
4.30391
3.42871
3.15484
3.08415
3.2541
3.21212
3.34871
3.54292
4.77947
4.10118
4.83933
3.36288
4.04351
4.26514
3.73429
4.27272
3.70744
3.95789
3.81356
3.9855
3.87459
4.08946
3.30039
4.17204
3.43358
2.83304
3.63544
3.84093
2.93384
3.68859
3.53496
2.52808
3.14676
3.27183
3.43163
3.04894
3.97655
3.23293
3.1789
3.51287
2.88255
3.63067
2.8173
3.51278
3.45724
3.12542
2.98058
3.78973
3.19533
3.23567
3.29468
3.16295
3.13579
3.29131
3.39859
3.06429
3.17732
2.82107
2.98286
3.21515
2.95702
2.85041
2.78302
2.65894
2.64329
2.63469
2.72074
2.34542
3.06945
2.80439
3.00088
2.44438
2.73258
3.35765
3.19328
2.58567
3.70618
2.90597
3.25458
3.57958
3.36784
2.90661
2.98525
2.73917
2.50246
2.57435
2.57521
2.83611
2.73269
3.1609
3.36049
2.93156
3.00606
2.75549
3.05937
3.11327
3.26557
2.86431
2.91121
2.95235
3.121
3.10314
2.91402
2.7846
2.76648
2.9585
2.4564
2.66077
2.96209
3.0203
2.95315
2.77006
2.79699
2.70823
2.58641
2.91481
3.12247
2.84516
2.81553
3.09461
2.8712
2.57563
3.29967
2.1867
2.44434
2.75809
2.52081
2.31137
2.43203
2.88686
2.71135
2.6571
2.65269
2.48161
2.02129
2.53441
2.60123
2.59198
2.50611
2.55428
2.2024
2.21889
2.37751
2.67302
2.40878
2.19453
2.50072
2.1199
2.34988
2.19783
2.17412
2.53128
2.30905
2.50363
2.71766
2.70162
2.57077
2.67231
2.57252
2.15419
2.2963
2.42836
1.95195
2.20191
1.8414
2.36018
1.86728
2.00454
2.10574
2.06816
2.12458
2.56654
2.44026
2.17362
1.90828
2.55421
3.20587
2.44442
2.2182
1.75372
2.68108
2.47975
1.72287
1.72134
2.08083
2.61262
1.46009
2.01175
1.5314
2.14055
1.43938
2.26892
1.55406
1.76805
1.14315
1.82597
2.38425
2.45165
2.05897
2.12838
1.94398
1.9679
2.12547
2.0796
1.8079
2.40237
2.15023
1.57752
1.83328
1.7006
2.18478
1.8153
2.02919
1.4805
1.50979
1.78517
1.14251
1.84368
1.93061
2.09503
2.16556
1.66828
1.47036
1.38139
1.78321
1.03513
1.27643
0.859689
0.849547
1.16929
0.952306
1.00897
0.856339
0.970075
1.56976
1.34534
1.24035
1.08826
1.66158
2.25833
1.8786
1.54786
1.55384
1.46064
0.732612
1.21222
0.961221
1.18594
1.99719
1.43732
1.50665
1.15812
1.18245
1.00322
1.10465
1.31327
1.65306
1.81397
1.71082
1.73472
1.78059
1.52919
1.92513
1.22819
1.05866
1.87475
1.48951
0.75213
1.18837
1.11775
1.21998
1.44998
1.57603
1.00179
1.21364
1.05639
0.909689
1.39714
0.904489
1.5155
1.16667
1.28495
1.2699
1.78532
1.68868
1.28618
1.22298
1.31223
1.21463
0.933992
1.45334
1.546
0.93155
1.09988
1.19551
1.46702
1.19224
1.10558
1.17602
0.951415
1.12023
0.877854
1.30887
1.18527
0.891681
0.938805
1.02557
0.855431
0.992639
1.37903
1.429
1.10627
1.06519
1.17027
0.918678
0.812091
0.991235
1.77438
1.56635
1.29596
1.52022
1.86046
1.74702
1.25364
0.745522
0.618131
0.807633
0.846514
1.07365
0.784843
0.924168
1.16086
1.16976
0.93321
1.11007
0.938878
0.780187
1.03297
0.806367
1.05358
1.14606
1.16467
1.30918
1.49551
1.43423
1.08168
0.973869
0.876669
1.34697
1.3921
1.19387
1.07887
1.17856
0.933358
1.63366
1.26419
1.32592
0.793673
1.2916
1.37369
1.32409
0.987984
1.26378
1.08229
0.975457
1.15443
1.07917
1.10159
0.979918
1.15278
1.27629
1.13599
1.07463
1.02161
0.925307
0.820826
0.825724
0.945871
0.936168
0.793738
1.00669
0.98228
0.853235
0.719764
0.80978
0.627092
0.666943
0.737213
0.739898
0.958211
0.854956
0.828987
0.808899
0.843239
0.670003
0.600186
0.760258
1.03166
0.873672
0.664543
0.618312
0.556343
0.497688
0.647881
0.773478
0.904011
0.958151
1.27749
0.942127
0.914835
0.817396
0.6996
0.82732
1.02601
1.01458
0.680529
0.821385
1.03665
0.926932
0.83024
0.751887
0.925739
0.917098
0.909305
0.857138
1.23123
1.02062
0.596474
0.911488
0.848914
0.790832
0.781113
0.765996
0.679021
0.98676
1.10704
0.939901
0.859464
0.944982
0.723975
0.847743
0.712142
0.957523
0.62091
0.594579
0.521545
0.638035
0.585434
0.542375
0.490942
0.489978
0.572595
0.498906
0.49846
0.415463
0.46576
0.474637
0.477216
0.47985
0.524044
0.492473
0.4898
0.500226
0.480473
0.461036
0.473117
0.593825
0.497562
0.371665
0.62903
0.503691
0.520965
0.490817
0.524934
