0.866599
0.879289
0.93698
0.969329
0.90285
0.872428
1.29931
1.17008
1.28346
1.19713
1.33193
1.33058
1.43803
1.26311
1.66751
1.59202
1.31813
1.21929
1.40153
1.53395
1.50951
1.44392
1.4756
1.65206
2.01451
1.8026
1.55118
1.53741
2.21799
1.67158
1.74684
1.67369
1.79031
1.99347
1.76695
2.57284
2.31925
2.44134
2.54317
2.85219
2.75626
2.32594
3.52121
2.97542
2.62531
2.33006
3.10574
2.04951
2.16534
2.86438
2.58003
3.32029
3.18103
3.35837
2.77366
2.47416
3.58532
3.01498
2.93062
2.5239
2.55023
3.02059
2.49864
3.2281
2.76062
3.64697
3.12066
3.19697
3.33408
2.7724
3.02504
2.37294
3.05941
3.11675
4.07114
4.35846
4.3037
4.17904
2.88047
4.03962
4.26797
3.9949
2.85324
3.90849
4.13619
3.84256
2.83233
3.76625
2.81464
4.92397
2.31387
3.59369
