0.872621
0.98688
2.9433
3.2982
3.18179
4.1643
3.10518
2.18344
3.46663
3.49973
3.13011
3.16912
3.24539
3.77822
2.70229
2.86638
3.33551
2.49747
2.65758
2.56901
2.80294
3.11118
2.79438
2.75097
3.31984
2.91372
3.74407
2.86733
2.825
2.86254
2.79711
2.90426
2.48897
2.80132
2.99124
2.90052
2.85691
2.80894
3.54256
3.23925
2.73202
3.0927
3.34548
2.71617
2.42842
1.61579
2.01111
1.31147
1.33379
1.69916
3.73113
3.11526
3.01173
2.91946
2.82445
2.86153
2.80326
2.77089
3.03012
2.87009
2.79319
2.79003
2.77782
2.95151
2.48377
2.73935
2.83039
2.89608
2.71108
3.19185
2.47287
3.08974
3.26107
3.48004
2.96327
2.72969
2.94895
2.8476
3.07403
2.84345
2.89973
2.87006
2.84055
2.85595
2.51337
2.52126
2.84357
2.65147
2.84376
2.59158
2.29818
2.65699
2.81711
2.51405
2.18191
2.58119
2.66785
2.32842
2.24485
2.81107
2.20747
2.17961
2.31324
2.18802
2.28976
2.4016
2.34064
2.13407
2.52579
2.33561
2.15707
2.02584
2.22958
2.55955
2.48373
2.0584
1.94651
2.12446
2.35587
2.33824
2.16786
2.1069
2.28341
2.56403
2.17785
2.02189
1.95908
2.04159
1.991
1.96525
2.5051
2.25481
2.39415
2.35448
2.27361
2.27731
2.48292
2.19245
2.36421
2.43938
2.47335
2.56174
2.69101
2.91597
2.28201
2.62834
2.77418
3.16507
2.83228
2.29745
2.40134
2.63834
2.69645
2.73942
2.28691
2.56594
1.9848
2.51053
2.72994
3.15521
3.866
2.47448
2.55398
3.31755
1.94869
2.8548
2.50423
2.54307
3.44864
3.39002
3.09176
2.92136
1.97955
2.47239
2.35097
1.66292
2.69117
2.70041
2.9648
2.21874
2.33971
2.76464
1.73611
1.46499
1.83695
1.6388
1.43728
1.29771
1.7628
1.61189
1.57062
1.47353
1.26479
1.18068
1.22522
1.09144
1.39101
1.02984
1.03535
1.02534
0.94156
0.837189
0.744222
0.873815
0.767676
0.665894
0.667013
0.680822
0.697564
0.665827
0.771501
0.588194
0.66174
0.608448
0.632783
0.960155
0.67159
0.904891
0.475409
0.476778
0.490322
0.467605
