4.694080
5.212070
6.823300
5.805320
5.863670
5.900320
6.003950
6.614500
5.465600
5.062140
6.258460
5.269150
5.691020
6.168830
5.277340
6.260390
6.610680
7.382930
6.143120
6.410950
7.645620
8.053770
7.942070
8.121310
8.692550
6.147200
4.893370
5.815190
7.437670
9.040960
11.904200
11.428900
10.306800
10.025300
9.557250
10.092500
13.570600
12.067100
13.503000
13.511900
13.538500
12.340200
9.535090
10.625900
11.339300
10.400400
12.093600
14.074000
12.797800
13.192900
13.623700
13.889400
11.906400
12.872300
13.589400
12.726800
15.090500
14.532200
15.037900
14.662700
15.900500
16.159000
12.914000
14.114200
14.242600
13.674800
14.195800
13.700500
15.684600
18.435200
19.372500
19.127800
12.564300
15.946500
13.650900
15.865600
13.867000
14.341400
15.285100
15.048100
15.333300
16.204400
15.729900
13.048600
12.387300
11.930200
13.483500
13.180700
14.829300
11.135700
13.030700
14.986000
13.948700
11.470700
11.131800
11.423900
11.238000
10.465200
12.846500
12.225700
12.588800
10.861200
11.982000
10.355100
9.963130
11.171600
11.308400
12.789400
10.519200
11.998500
10.905700
11.343700
10.344200
9.826710
12.037800
9.891060
10.515400
9.595090
9.611490
10.033100
11.650400
10.665000
10.030800
10.020200
11.713500
11.286200
13.205400
15.636600
13.137900
15.027000
14.841900
14.672000
13.522100
14.406600
14.993600
15.900000
14.123700
13.174300
13.713300
11.926600
15.637600
13.131700
