0.273731
0.302096
0.285248
0.280689
0.266589
0.277373
0.268271
0.224724
0.256206
0.257666
0.249971
0.213704
0.23157
0.254193
0.291276
0.259429
0.348883
0.31215
0.295493
0.362494
0.297717
0.284348
0.371753
0.394656
0.370651
0.336382
0.412582
0.395312
0.529952
0.424405
0.376461
0.333178
0.491054
0.400262
0.310909
0.341145
0.352048
0.449362
0.38617
0.394662
0.38166
0.478023
0.459541
0.394774
0.382711
0.409756
0.423888
0.388945
0.484147
0.485469
0.520456
0.444939
0.389521
0.409127
0.401964
0.407136
0.543101
0.622927
0.540357
0.512799
0.498035
0.545429
0.438483
0.419868
0.413506
0.411724
0.434124
0.366302
0.367571
0.421277
0.391665
0.443017
0.512709
0.597706
0.554361
0.483013
0.54077
0.44614
0.52611
0.557282
0.437504
0.370724
0.417901
0.372868
0.371014
0.518149
0.454632
0.475907
0.642254
0.49723
0.555857
0.570567
0.533319
0.401723
0.62625
0.566901
0.575411
0.610794
0.604699
0.607631
0.504248
0.559294
0.599571
0.549171
0.552181
0.499256
0.49262
0.523053
0.513357
0.498531
0.53589
0.667695
0.616739
0.600196
0.55131
0.538775
0.562976
0.434398
0.441804
0.604328
0.533777
0.639429
0.681985
0.651388
0.736642
0.919871
0.724269
0.720014
0.708555
0.653086
0.706215
0.610458
0.572236
0.55289
0.635255
0.708538
0.552755
0.524735
0.607226
0.413746
0.433928
0.696658
0.651666
0.704685
0.588128
0.800298
0.602669
0.716346
0.810517
0.824033
0.754037
0.860521
0.734698
1.03073
0.583566
0.664528
0.878132
0.633117
0.657404
0.581949
0.776909
0.642813
0.680126
0.681488
0.689071
0.61653
0.534866
0.676696
0.644777
0.588365
0.63849
0.524057
0.463737
0.472138
0.613608
0.571109
0.477052
0.383707
0.463009
0.35447
0.589089
0.419946
0.46215
0.584285
0.668406
0.437017
0.671893
0.623782
0.62412
0.651982
0.991263
0.616278
0.680154
0.633003
0.748723
0.763995
0.761479
1.03177
0.660985
0.595141
0.551561
0.488747
0.752831
0.548834
0.532259
0.613563
0.479531
0.47607
0.725508
0.86856
0.404235
0.812753
0.591461
0.660824
0.613324
0.723034
0.544712
0.616579
0.507897
0.511211
0.677515
0.745172
0.597467
0.601151
0.556669
0.520786
0.507698
0.720874
0.82727
0.786128
0.700784
0.70458
0.845314
0.693697
0.70524
0.632736
0.515843
0.663759
0.707606
0.638914
0.847336
1.11415
0.721258
0.87636
0.90864
1.34968
1.31874
1.31386
1.09153
1.18699
1.50608
1.32634
1.22103
1.30703
1.24476
1.6111
1.3622
1.45618
1.38419
1.39252
1.47165
1.64705
1.57349
1.22553
1.41082
1.24037
1.49082
1.35387
1.53976
1.6787
1.53883
1.87117
1.99036
1.58219
1.82671
1.8595
2.08275
1.80586
2.02953
1.982
2.08807
2.05126
2.10818
2.13656
2.23047
2.20285
2.22009
2.24842
2.30173
2.24529
2.03279
2.47664
2.31511
2.29425
2.54118
2.46315
2.5037
2.49807
2.34632
2.31477
2.40094
2.46746
2.31799
2.09091
2.19878
2.50107
2.42748
2.32221
2.18757
2.14742
2.22503
2.11662
2.29203
2.19581
2.1523
2.40947
2.11242
2.00535
2.11987
1.97067
1.95197
2.01525
1.96455
2.03538
2.07313
2.0575
2.04066
2.14037
1.98757
2.08596
1.92156
1.91793
2.04416
1.9316
1.91541
1.97126
2.01991
2.143
1.94025
2.00757
2.04981
1.99829
2.12832
2.09543
2.14681
2.04101
2.13798
1.80037
1.24491
1.35706
1.62214
1.79398
1.92163
2.09145
1.97773
2.13326
2.11725
2.28755
2.32675
2.26206
2.35311
2.47745
2.63615
2.5051
2.59823
2.6479
2.57944
2.57379
2.58004
2.67304
2.68853
2.59547
2.92845
2.69463
2.6731
2.67867
2.80804
2.72551
2.81317
2.92285
2.78429
2.7716
2.90901
2.77129
2.98304
2.778
2.87335
2.99239
2.97475
2.91926
2.94375
2.95178
3.24884
3.10465
3.04728
3.00445
2.92776
3.21906
3.41905
3.22618
3.17828
3.35023
3.31949
3.50551
3.39939
3.33896
3.45474
3.34171
3.20329
3.54549
3.2396
3.232
3.25594
3.50319
3.41676
3.54191
3.51415
3.64609
3.59794
3.65362
3.42227
3.97806
3.65819
3.79284
3.77684
3.66419
3.69544
3.32509
3.84682
3.63324
3.48218
3.6084
3.7744
3.56701
3.37903
3.46832
3.57936
3.53033
3.87156
3.52069
3.7287
3.79239
3.86154
3.93326
3.45724
3.75738
4.30704
4.02197
3.68478
3.64016
3.82615
3.81006
3.62897
4.54345
4.36313
3.36111
3.7481
3.65076
4.40783
4.21949
3.67418
3.43188
3.87314
4.2047
3.53659
3.04864
2.97961
4.30997
4.00685
3.65942
3.24067
