1.17061
1.17358
1.13594
1.20878
1.78637
1.86781
1.81761
1.73584
1.50323
1.45373
1.71311
1.85452
1.66678
1.74626
1.79318
1.8599
1.73064
2.05441
2.09641
2.27862
2.24565
1.91936
1.22896
1.16382
1.11311
1.23609
1.26709
1.1955
1.14368
1.12083
1.16665
1.11763
1.4222
1.65083
2.02582
1.90665
1.80923
1.50915
1.76849
1.94305
1.75299
1.63697
1.73597
2.09103
2.0239
1.88313
1.79741
1.93158
2.23962
2.41107
2.50316
2.33865
2.4081
1.98957
1.94378
1.96298
2.03732
1.90288
2.08871
2.07696
2.14257
2.19482
2.209
2.1962
2.14419
1.93112
2.13103
2.22886
2.2148
2.27197
2.08181
2.01287
2.00711
2.05502
2.06609
2.06131
2.18772
2.24744
2.35807
2.30539
2.5454
2.62553
2.73553
2.77458
2.52736
1.39679
1.10096
1.13028
1.1698
1.13451
1.22316
1.22848
1.21493
1.19376
1.22157
1.23483
1.2795
1.31099
1.25137
1.32088
1.55886
1.74105
2.63421
2.92782
2.93442
3.165
3.13441
3.04268
3.07467
3.0329
2.94245
2.98798
3.00801
2.95702
2.88773
2.80211
2.91899
2.86995
2.89657
2.72575
2.82903
2.92792
2.80071
2.5434
2.48751
2.51144
2.53439
2.58737
2.54022
2.53029
2.5149
2.58878
2.59853
2.60443
2.38672
2.55249
2.61324
2.5608
2.52717
2.50078
2.55387
2.63915
2.5355
2.54726
2.54193
2.60121
2.60718
2.55411
2.51197
2.57396
2.54995
2.57222
2.51111
2.46972
2.44035
2.51532
2.37411
2.40895
2.44695
2.47639
2.46006
2.47593
2.47364
2.48478
2.47226
2.55456
2.44214
2.48512
2.43335
2.42652
2.44795
2.55437
2.41641
2.45487
2.51063
2.45156
2.49066
2.48315
2.45737
2.38305
2.40197
2.49262
2.39945
2.38669
2.40933
2.46635
2.51294
2.50838
2.56858
2.46523
2.51709
2.58828
2.54823
2.55421
2.61116
2.59812
2.50599
2.53717
2.46585
2.53377
2.40505
2.453
2.47863
2.36718
2.46571
2.39097
2.37566
2.51023
2.41611
2.3983
2.42101
2.37028
2.38733
2.14309
2.45535
2.36617
2.42161
2.38075
2.44174
2.27315
2.31413
2.38405
2.24576
2.34591
2.32291
2.24218
1.96511
2.05654
1.77769
1.65087
1.82153
1.47691
1.31639
1.40714
1.52859
1.49937
1.66379
1.5273
1.55049
1.58625
1.53059
1.5337
1.69346
1.74423
1.53901
1.62292
1.73851
1.70466
1.62818
1.68015
1.686
1.61725
1.62152
1.62715
1.63601
1.62364
1.64825
1.61364
1.61109
1.54599
1.53077
1.55142
1.49959
1.44911
1.3935
1.31935
1.3469
1.24415
1.33246
1.35187
1.40581
1.42359
1.33187
1.42387
1.35421
1.26234
1.24371
1.18466
1.13382
1.0312
0.826614
0.803704
0.771158
0.752033
0.67147
0.697765
0.685434
0.632385
1.02306
0.875584
0.934958
0.839299
0.991746
0.965282
0.899258
0.924412
0.925115
0.920436
0.894979
0.785163
0.795753
0.677438
0.649087
0.799721
0.907523
0.836714
0.708517
0.676205
0.735072
0.718033
0.654445
0.763099
0.798715
0.70279
0.708759
0.752053
0.929596
0.850665
0.854736
0.965123
0.994498
0.938497
0.933569
0.808562
0.638347
0.62232
0.826484
0.696949
0.817956
0.712827
0.68117
0.605525
0.691549
0.735569
0.907579
1.03759
0.935768
1.03545
1.06452
1.05144
1.07724
0.98699
0.901228
1.05827
0.984725
1.01591
1.0461
0.975532
0.979656
0.889822
0.977228
0.989409
0.90177
0.825543
0.755838
0.730982
0.864166
0.773549
0.821968
0.670861
0.74026
0.734677
0.712039
0.710663
0.573142
0.699184
0.828626
0.853428
0.63818
0.778343
0.76954
0.832502
0.761789
0.656008
0.628777
0.681705
0.708183
0.792966
0.594768
