3.67914
3.58178
4.0629
4.18605
4.12347
4.19313
4.06474
3.92501
4.44427
4.38004
4.44878
4.75923
5.15584
5.22968
5.34782
4.9659
4.46183
4.93573
6.30104
6.4179
5.99376
6.73256
5.7852
6.25579
5.91441
6.43171
6.95941
5.90613
7.10114
6.42872
7.49005
7.8637
8.89753
9.45089
8.85455
8.09174
8.4348
8.91095
8.33695
8.65811
7.54285
10.1639
8.26756
8.48367
8.94097
9.44584
8.03416
10.1369
10.7764
11.1137
10.4355
10.3606
11.2535
10.739
11.2427
10.6962
9.19815
10.4524
10.7209
11.6568
10.6561
10.9131
11.4377
12.5119
9.2259
11.2838
11.7462
11.3428
12.6635
13.0751
11.1871
12.248
12.7997
12.5377
12.3093
12.2468
12.9101
13.973
12.5472
12.4332
13.1458
13.4787
12.8478
13.0579
13.3159
14.1903
13.9734
12.08
13.8278
13.522
13.468
13.4387
14.3963
14.9789
13.4112
12.3159
14.644
15.3145
13.553
14.7851
13.6948
14.9071
13.7033
14.7967
14.7877
13.5983
15.4411
15.2527
15.4925
15.25
15.9818
16.4195
15.8039
15.7754
15.8726
13.8584
14.5603
15.8006
14.0773
15.1808
12.9803
14.684
14.9138
17.7556
16.2421
17.14
15.3157
17.3241
16.2282
14.3602
12.4406
14.9852
11.9052
12.4398
15.3686
13.9789
15.2569
16.6577
15.2472
15.0767
16.3605
17.4506
17.2148
16.1579
