0.643693
0.756197
2.18856
2.97484
2.54055
2.41572
2.34403
2.44206
2.34701
2.39269
2.13579
2.18879
2.19378
2.32093
2.42763
2.37649
2.37101
2.36904
2.65707
1.72654
0.561673
0.489263
0.511706
0.506381
0.540402
0.561925
0.640816
0.811212
2.61606
2.81965
2.61335
2.4615
2.29183
2.35169
2.37564
2.2909
2.26988
2.3344
2.36058
2.30918
2.35747
2.39124
2.40613
2.46144
2.42948
2.41326
2.45304
2.43768
2.38521
2.24267
2.43162
2.3432
2.31018
2.27624
2.32959
2.28502
2.25936
2.45453
2.38677
2.36741
2.22138
2.23183
2.21124
2.29867
2.41251
2.31939
2.53682
1.87578
2.19102
1.9236
2.22592
2.17786
2.49483
2.33742
2.214
2.29314
2.03457
2.32107
2.32656
2.33111
2.23997
2.28337
2.17934
2.15437
2.38013
2.24844
2.36449
2.48744
2.62748
1.94061
2.60669
2.40202
2.92701
2.85562
2.41433
2.37358
2.60944
2.4612
2.4608
2.50667
2.47891
3.05235
2.31416
2.79421
2.51271
2.74992
2.52629
2.79241
2.83654
2.77143
2.95599
2.74208
2.44944
2.10609
2.52632
2.73788
2.65435
2.42106
2.2435
1.7371
2.42256
2.05083
2.18236
2.26231
2.09355
2.25208
2.64781
2.09242
2.15457
1.86642
1.96707
1.90442
2.19793
2.07419
2.14998
1.916
1.96282
2.03055
1.95416
2.05945
2.188
1.73182
1.84401
2.22085
2.04994
2.04705
1.90578
2.17495
2.03682
1.75941
1.85289
1.93985
1.9611
1.73119
1.8423
1.78403
2.04762
1.95256
1.81527
1.71923
1.95414
1.94108
1.93845
1.66428
1.90445
1.85554
1.75523
1.86945
1.77867
1.8943
1.80591
1.90446
1.75464
1.83153
1.78181
2.00297
1.88881
1.79484
1.77936
1.86663
1.74688
1.78246
1.86974
1.77801
2.00588
1.66082
1.67611
1.94119
1.84163
1.74269
1.9355
2.01379
1.88555
1.85507
1.622
1.88393
1.88337
1.93742
1.85842
2.00308
1.99468
1.98652
2.06905
1.97685
2.04116
1.94008
1.98597
1.87224
1.92361
2.15098
2.37633
2.07342
2.24661
2.41249
2.14333
2.05084
2.20786
2.07358
1.82741
2.13372
1.59589
1.59081
2.01963
1.19863
1.47762
1.40205
1.9567
1.60567
1.56717
2.46422
1.80495
2.26531
1.75203
1.73546
1.85527
1.49354
1.51264
1.43032
1.6054
1.48793
1.52204
1.69597
1.39158
1.39983
1.30177
1.33611
1.37231
1.28446
1.3103
1.35066
1.32429
1.28483
1.41711
1.16771
1.27634
1.2416
1.05568
1.31238
1.47956
1.55425
1.27075
1.31504
1.3556
1.25454
1.39454
1.30021
1.19673
1.36694
1.34049
1.31968
1.20879
1.39806
1.33843
1.47118
1.43233
1.40965
1.26282
1.28231
1.24307
1.31504
1.26609
0.881354
1.36437
1.39681
1.37821
1.13987
1.31337
1.37023
1.05382
1.07361
1.21729
1.14128
1.43544
1.31309
1.34269
1.89654
1.4963
1.54023
1.06835
1.21437
1.29284
1.21432
1.15315
1.22616
1.08766
0.904188
1.19539
1.2607
1.22233
1.12061
1.43414
0.91716
1.10105
0.82438
1.16378
1.05056
0.798986
0.835989
0.992332
1.07358
1.08522
0.814216
0.944068
0.772963
0.886924
0.922198
0.966267
0.890263
0.808804
0.702479
0.893112
0.937446
0.882251
0.845784
0.756134
0.801017
0.817402
0.862411
0.718695
0.803805
0.864251
0.854849
0.828535
0.746188
0.888875
0.833693
0.799707
0.796341
0.881361
0.752067
0.726231
0.62103
0.71583
0.721507
0.639205
0.785681
0.761222
0.704993
0.67565
0.629206
0.693388
0.657132
0.598312
0.58236
0.542039
0.568113
0.576233
0.578737
0.595934
0.606125
0.612117
0.571872
0.576613
0.620893
0.575507
0.49697
0.507073
0.486324
0.52347
0.545089
0.570144
0.525909
0.46088
0.425079
0.414194
0.380231
0.374076
0.326182
0.302867
0.319372
0.297936
0.227178
0.228012
0.209517
0.190746
0.181275
0.163379
0.146331
0.147104
0.116911
0.109106
0.106966
0.109554
0.103876
0.0934749
0.0676894
0.0756211
0.0770446
0.066062
0.0785348
0.0878789
0.0819836
0.0875932
0.0919422
0.106115
0.0940712
0.104776
0.125268
0.107909
0.104843
0.0965456
0.114687
0.118477
0.112886
0.138904
0.162656
0.165808
0.154237
0.159144
0.145399
0.169398
0.168697
0.195763
0.177391
0.161221
0.16922
0.188229
0.183421
0.187396
0.169209
0.192574
0.209894
0.196547
0.197489
0.175894
