0.763994
0.99615
2.15708
1.44332
1.43047
2.70361
1.80652
2.39957
2.99518
2.02687
1.34455
1.95176
1.79396
1.67954
1.28712
1.36165
1.3182
1.20468
0.954075
0.891261
0.858259
0.805543
0.758523
0.899175
0.897241
0.927403
1.1514
1.26612
0.996096
1.23872
1.22719
1.10146
1.25582
0.959159
1.09817
1.13721
0.91567
1.12274
0.914545
0.82189
0.898866
0.76454
0.953017
0.884722
1.01432
0.869142
0.811899
0.928332
0.959909
1.00077
1.04117
0.881782
0.944921
0.983869
0.979462
0.982456
0.905817
0.851042
0.903889
0.770861
0.8798
0.83819
0.820022
0.6906
0.689601
0.841705
0.757008
0.750139
0.726288
0.849147
0.806288
0.712226
0.712248
0.778444
0.752733
0.783053
0.731407
0.733228
0.695393
0.777156
0.779049
0.749856
0.797436
0.763751
0.753821
0.795071
0.755565
0.803456
0.705934
0.777116
0.775584
0.708711
0.683137
0.70541
0.770428
0.759357
0.742344
0.678565
0.71745
0.731179
0.670143
0.710256
0.692977
0.721676
0.742714
0.708442
0.754595
0.683577
0.697406
0.712191
0.719867
0.656826
0.666665
0.718933
0.634081
0.622414
0.674528
0.640784
0.677986
0.629003
0.683852
0.689786
0.67905
0.642684
0.649819
0.648396
0.672331
0.583174
0.609527
0.592152
0.589241
0.521623
0.656286
0.587694
0.570022
0.579314
0.590601
0.57833
0.550834
0.5438
0.548959
0.532548
0.611406
0.553592
0.592689
0.593697
0.5354
0.55284
0.585606
0.525496
0.535378
0.52863
0.541634
0.500586
0.5414
0.498544
0.466652
0.517581
0.468402
0.530708
0.513428
0.492668
0.526371
0.510745
0.510632
0.552617
0.52712
0.529524
0.533815
0.573072
0.52362
0.580093
0.537049
0.592915
0.579556
0.585215
0.567237
0.618867
0.601687
0.601985
0.607943
0.59592
0.555929
0.584514
0.596912
0.582168
0.575511
0.607467
0.591898
0.61863
0.626083
0.633026
0.620533
0.580835
0.655735
0.638118
0.630346
0.593531
0.63426
0.631875
0.657036
0.608129
0.52872
0.596509
0.599816
0.565171
0.548621
0.654263
0.594231
0.584346
0.563127
0.615638
0.513283
0.52789
0.540935
0.525371
0.537812
0.526638
0.551945
0.464256
0.560175
0.577746
0.512526
0.540984
0.517219
0.568966
0.549613
0.515452
0.495614
0.59084
0.519803
0.578697
0.545651
0.627385
0.563618
0.532525
0.638237
0.577106
0.582294
0.577117
0.556219
0.67134
0.573546
0.569077
0.645612
0.566182
0.551838
0.678142
0.539436
0.591985
0.571267
0.569294
0.598298
0.575056
0.565291
0.57723
0.604959
0.529033
0.58386
0.569611
0.642586
0.583348
0.612393
0.583409
0.556204
0.562342
0.560281
0.43132
0.495586
0.469759
0.62096
0.504782
0.483689
0.559416
0.472903
0.483031
0.450516
0.432972
0.494592
0.490831
0.636508
0.620335
0.426488
0.509586
0.482891
0.453074
0.482103
0.4241
0.396985
0.455038
0.437801
0.476069
0.420029
0.471497
0.404707
0.402092
0.364142
0.407962
0.36363
0.372428
0.367007
0.394247
0.401182
0.371163
0.368469
0.340965
0.348995
0.392099
0.364254
0.355748
0.368266
0.342225
0.358526
0.316211
0.336816
0.344016
0.30703
0.356577
0.35246
0.335149
0.325947
0.348606
0.311401
0.316921
0.291021
0.328065
0.301553
0.318051
0.30524
0.30565
0.305891
0.297287
0.267697
0.294215
0.323689
0.261538
0.301656
0.29407
0.264838
0.25049
0.235068
0.246897
0.204123
0.221184
0.217466
0.238582
0.217115
0.235024
0.24515
0.283636
0.289
0.287974
0.280896
0.254163
0.243783
0.333129
0.33747
0.291721
0.273586
0.292738
0.292613
0.271854
0.244311
0.234117
0.20638
0.215407
0.249658
0.220385
0.228051
0.222895
0.181365
0.179338
0.177091
0.232751
0.178364
0.194981
0.174456
0.209125
0.177623
0.163538
0.150063
0.16024
0.16443
0.131189
0.157462
0.141368
0.164983
0.183559
0.138476
0.166561
0.145989
0.151724
0.163552
0.155516
0.129572
0.129444
0.168333
0.156208
0.165124
0.147271
0.113293
0.138791
0.136338
0.143759
0.142486
0.135247
0.160482
0.125133
0.14373
0.133929
0.130996
0.141272
0.155084
0.109619
0.135033
0.134118
0.146501
0.117791
0.103673
0.145548
0.141999
0.14088
0.126257
0.135022
0.123677
0.0966335
0.124604
0.122579
0.132149
0.116845
0.129011
0.167717
0.122564
0.104942
0.132646
0.127952
0.129007
0.116518
0.143589
0.129109
0.115064
0.109346
0.125599
0.127815
0.12086
0.106531
0.134939
0.112629
0.12836
0.109476
0.106865
0.109838
0.0854029
0.112242
0.106432
0.0864073
0.11081
0.128271
0.149578
0.107602
0.138918
0.112492
0.123911
0.0885895
0.118413
0.104569
0.116522
0.112096
0.0967974
0.120105
0.123241
0.0889244
0.13895
0.112588
0.0892962
0.102943
0.117489
0.117193
0.117136
0.107243
0.105396
0.12098
0.119595
0.0946327
0.101344
0.152276
0.119281
0.116477
0.115738
0.121403
0.0977367
0.111019
0.106623
0.111397
0.104444
0.0925994
0.112983
0.104267
0.102643
0.106856
0.0993789
0.113261
0.117705
0.131062
0.108107
0.121708
0.128307
0.124915
0.0960572
