0.488214
0.565209
0.694506
1.12751
1.2647
0.940758
0.792655
0.938622
0.881455
0.985823
0.799386
1.03506
0.765163
0.961656
0.801343
0.756549
0.65759
0.58126
0.77713
0.573765
0.83572
0.784549
0.618902
0.758152
0.619477
0.812701
0.815526
0.732081
0.763039
0.905961
0.5566
0.732754
0.782432
0.825581
0.741793
0.577839
0.616164
0.6751
0.613162
0.508467
0.770746
0.491509
0.646912
0.65499
0.54204
0.654174
0.704575
0.615127
0.573519
0.618347
0.675952
0.817876
0.670105
0.724013
0.720835
0.896575
0.746055
0.737333
0.674242
0.775932
0.592399
0.656274
0.597437
0.631649
0.628071
0.562875
0.666736
0.670376
0.665047
0.642562
0.743323
0.684638
0.866143
0.733299
0.654474
0.788286
0.764782
0.793471
0.632273
0.721928
0.83833
0.744188
0.513286
0.498413
0.57584
0.499089
0.601212
0.571078
0.623935
0.567981
0.627375
0.734071
0.566988
0.617649
0.714296
0.540043
0.507643
0.615414
0.561166
0.675774
0.585424
0.629494
0.540449
0.60836
0.494247
0.663586
0.638474
0.585804
0.568031
0.705349
0.564761
0.564435
0.676624
0.602951
0.625715
0.510527
0.511179
0.597585
0.610831
0.611792
0.632663
0.613514
0.558447
0.545128
0.574827
0.590592
0.673557
0.622345
0.637798
0.543814
0.602067
0.527523
0.594211
0.545884
0.49258
0.505242
0.449628
0.516726
0.53743
0.582217
0.499567
0.593704
0.56282
0.670459
0.781422
0.779455
0.771975
0.71588
0.652588
0.651334
0.701534
0.619894
0.536004
0.584408
0.389184
0.567505
0.493972
0.580516
0.591413
0.564037
0.494972
0.520128
0.457238
0.562834
0.499878
0.506223
0.496103
0.49137
0.498142
0.452669
0.501495
0.479507
0.565128
0.497362
0.393222
0.46991
0.433453
0.56457
0.426838
0.560433
0.535932
0.527176
0.505836
0.456536
0.514508
0.498867
0.635841
0.478297
0.540117
0.557389
0.524231
0.592422
0.533533
0.640336
0.501274
0.639871
0.585638
0.543489
0.560099
0.435513
0.532586
0.571234
0.461932
0.533105
0.415362
0.500424
0.569127
0.533125
0.589297
0.589569
0.701885
0.556265
0.583024
0.667344
0.45701
0.453924
0.43514
0.594322
0.35169
0.239273
0.265588
0.243506
0.316062
0.40916
0.389234
0.575375
0.394384
0.37522
0.27638
0.442341
0.270386
0.303618
0.331254
0.418116
0.431223
0.386524
0.459891
0.538584
0.475522
0.289429
0.610528
0.516693
0.365578
0.230322
0.217771
0.189004
0.204028
0.235024
0.188627
0.304473
0.192745
0.538119
0.506366
0.404667
0.268126
0.283652
0.162171
0.158752
0.254693
0.216272
0.198237
0.137925
0.136208
0.184197
0.191389
0.147383
0.26584
0.293364
0.145293
0.163483
0.182956
0.185433
0.260916
0.269701
0.228154
0.158941
0.22208
0.170906
0.102169
0.167406
0.186275
0.224108
0.177794
0.180484
0.201056
0.208201
0.147912
0.136939
0.138315
0.185823
0.232261
0.220341
0.169244
0.194502
0.145024
0.131497
0.11998
0.138718
0.152348
0.186147
0.15762
