1.49758
1.43897
1.4333
1.45066
1.55753
1.65867
1.33216
1.02876
1.38966
1.17534
0.996515
0.996125
0.813596
0.931588
1.38018
0.888507
0.948567
0.864731
1.11248
1.15676
0.929442
0.782396
0.701183
0.877874
0.865152
0.92838
0.951974
0.767095
1.10611
1.1343
0.878395
1.08428
1.14215
0.985033
1.11669
1.0346
0.915362
0.887176
0.851857
0.844138
0.987161
0.962059
0.962007
0.946857
0.722281
0.870938
0.842707
0.888567
0.880391
0.868712
0.931998
0.790086
0.861447
0.804941
0.862964
0.647803
0.638924
0.59135
0.652812
0.565089
0.596172
0.598641
0.665525
0.630405
0.568297
0.634407
0.63677
0.591975
0.538847
0.577254
0.548151
0.580087
0.518974
0.483416
0.515675
0.516329
0.541234
0.510718
0.556524
0.589528
0.611305
0.635083
0.638024
0.623086
0.636333
0.615915
0.609117
0.66494
0.629859
0.698217
0.668813
0.671126
0.721992
0.538871
0.578474
0.561033
0.597872
0.649412
0.559485
0.56681
0.636469
0.533189
0.575058
0.670067
0.762376
0.657626
0.726277
0.593323
0.690553
0.724863
0.616132
0.584281
0.613852
0.657362
0.497055
0.456864
0.550526
0.547446
0.532154
0.478184
0.572918
0.518227
0.572563
0.514984
0.466141
0.526006
0.480222
0.501669
0.613043
0.488208
0.537625
0.529367
0.490321
0.509273
0.485051
0.450229
0.54129
0.461335
0.446691
0.452014
0.5002
0.51556
0.442451
0.493624
0.43789
0.496569
0.460631
0.497826
0.512104
0.502682
0.473877
0.474285
0.461542
0.500158
0.392424
0.457316
0.511492
0.377365
0.386267
0.418202
0.387496
0.418576
0.43123
0.401111
0.402962
0.397665
0.404196
0.403058
0.367853
0.408725
0.424814
0.406842
0.397922
0.422549
0.50589
0.436639
0.37666
0.37093
0.365693
0.433281
0.416188
0.388722
0.393008
0.37489
0.419203
0.431489
0.392754
0.400982
0.413855
0.374136
0.401996
0.377053
0.317302
0.362391
0.345193
0.336425
0.357992
0.326917
0.323602
0.31949
0.384188
0.316983
0.29242
0.342297
0.368226
0.316005
0.34184
0.322399
0.320332
0.329666
0.353414
0.362451
0.378774
0.307456
0.405164
0.392133
0.38888
0.362339
0.337112
0.34727
0.359243
0.354286
0.335806
0.363495
0.352104
0.310572
0.363311
0.342088
0.358632
0.319098
0.383951
0.329438
0.343617
0.327926
0.316259
0.351308
0.37071
0.343031
0.358013
0.323981
0.293556
0.303753
0.362988
0.302861
0.329182
0.303986
0.297658
0.343951
0.346145
0.337619
0.288327
0.289824
0.338189
0.361525
0.341472
0.272141
0.317962
0.347531
0.31656
0.320496
0.323177
0.272818
0.32566
0.269738
0.327966
0.294256
0.306586
0.297138
0.276684
0.231783
0.285227
0.279854
0.283774
0.298441
0.32202
0.302587
0.306349
0.288667
0.311099
0.266926
0.297859
0.290522
0.273208
0.281304
0.309922
0.303501
0.258906
0.254019
0.282377
0.272587
0.268342
0.269616
0.276276
0.285867
0.276281
0.273332
0.273651
0.237781
0.307304
0.290965
0.260599
0.254783
0.292228
0.230702
0.221181
0.241816
0.25694
0.276501
0.267401
0.211466
0.244475
0.235454
0.222954
0.234131
0.248482
0.233592
0.217983
0.227549
0.239125
0.230718
0.210025
0.207769
0.245439
0.203577
0.236939
0.243685
0.229727
0.187262
0.231876
0.237964
0.205285
0.220743
0.226167
0.236796
0.229227
0.266494
0.244395
0.190958
0.224994
0.211067
0.220205
0.205181
0.218983
0.230528
0.215962
0.213491
0.191576
0.253641
0.226143
0.215673
0.235283
0.236756
0.188232
0.197712
0.24441
0.2225
0.259479
0.227561
0.213016
0.205659
0.213967
0.234497
0.216779
0.202513
0.218967
0.193935
0.219985
0.232926
0.255748
0.238683
0.282006
0.290554
0.315232
0.238435
0.259518
0.212108
0.178288
0.204112
0.191838
0.216601
0.230268
0.226924
0.217909
0.230474
0.233843
0.233028
0.223285
0.221558
0.214045
0.195077
0.20414
0.22507
0.190678
0.235229
0.236483
0.201638
0.204752
0.208797
0.234997
0.209545
0.205056
0.198978
0.213503
0.230639
0.226396
0.185627
0.17576
0.213669
0.199463
0.209787
0.225989
0.194618
0.188297
0.16428
0.166629
0.188716
0.190014
0.173337
0.164508
0.183138
0.191728
0.176174
0.181016
0.17229
0.170144
0.194887
0.184242
0.191078
0.179772
0.1883
0.176224
0.171568
0.178526
0.201612
0.150797
0.196232
0.182514
0.142663
0.166459
0.172038
0.153356
0.143114
0.155897
0.166498
0.169565
0.172528
0.164822
0.19555
0.174853
0.200575
0.165868
0.195399
0.164416
0.165405
0.15594
0.149507
0.174064
0.166346
0.158608
0.145936
0.163071
0.186436
0.147569
0.155742
0.168803
0.162888
0.146428
0.157926
0.158958
0.159808
0.150013
0.153776
0.156725
0.150511
0.138953
0.179756
0.175774
0.148597
0.153743
0.143998
0.130691
0.14027
0.138882
0.121425
0.151362
0.156094
0.154037
0.161626
0.164506
0.152623
0.144747
0.154426
0.139013
0.162165
0.155294
0.162049
0.136461
0.130693
0.129913
0.153905
0.151417
0.135892
0.128759
0.142367
0.122919
0.145794
0.131017
0.142425
0.146226
0.136267
0.156962
0.161958
0.164646
0.13991
0.12845
0.146195
0.158079
0.157748
0.143674
0.156055
0.174457
0.161133
0.144832
0.126119
0.125874
0.134129
0.140638
0.173768
0.154481
0.169725
0.160142
0.146314
0.1881
0.176272
0.165789
0.132115
0.159387
0.155399
0.140796
0.14492
0.149962
0.152134
0.155289
0.131071
0.136499
0.14199
0.123323
0.131215
0.143994
0.142483
0.13136
0.144778
0.132246
0.125289
0.12444
0.121934
0.124828
0.113599
0.139496
0.128481
0.132774
0.141613
0.144449
0.130884
0.11811
0.1104
0.120303
0.123547
0.133493
0.117319
0.119171
0.116864
0.119526
0.131514
0.130979
0.121398
0.117016
0.126538
0.118068
0.127553
0.111731
0.134352
0.127709
0.146144
0.120386
0.140716
0.125956
0.146773
0.146429
0.128568
0.128745
0.143915
0.116778
0.136009
0.134661
0.128794
0.128992
0.153534
0.158908
0.138261
0.1348
0.132311
0.149784
0.147689
0.162659
0.147595
0.126062
0.144157
0.138452
0.141199
0.148782
0.156008
0.142457
0.163924
0.170344
0.151104
0.143216
0.150895
0.154527
0.143963
0.165866
0.144163
0.167646
0.149068
0.178359
0.154154
0.167549
0.14514
0.12881
0.1399
0.127206
0.139198
0.136015
0.139466
0.136959
0.13612
0.118941
0.1195
0.13503
0.144272
0.141031
0.146974
0.122803
0.122772
0.13773
0.137759
0.160245
0.126166
0.149939
0.140818
0.138565
0.131905
0.13972
0.144665
0.136229
0.133035
0.142237
0.138995
0.143731
0.147262
0.152843
0.137976
0.146409
0.138914
0.140643
0.144593
0.131497
0.150127
0.170535
0.146281
0.143204
0.132149
0.131457
0.152241
0.151851
0.15017
0.137716
0.13036
0.134143
0.143837
0.129532
0.144462
0.130995
0.129051
0.153372
0.141614
0.137033
0.152806
0.13757
0.136223
0.130679
0.115737
0.121876
0.117453
0.132014
0.127644
0.12676
0.140232
0.109877
0.115709
0.112749
0.122052
0.116736
0.107583
0.108895
