0.268711
0.238883
0.242721
0.326508
0.363232
1.10571
0.939292
1.0165
0.987988
1.18573
1.17662
0.930249
1.25033
1.04787
1.13957
0.807468
0.75636
0.774852
0.792315
0.714766
0.685598
0.560885
0.648201
0.548198
0.459368
0.386909
0.399869
0.321512
0.338645
0.486709
0.320328
0.367945
0.552242
0.590844
0.485981
0.532971
0.405068
0.46822
0.535071
0.458501
0.673391
0.768783
0.838402
0.934268
0.804384
0.887822
0.878395
0.761375
0.942982
0.779778
0.700453
0.606487
0.469958
0.530282
0.578266
0.679709
0.572348
0.654202
0.684
0.607501
0.692853
0.605731
0.672862
0.579017
0.641685
0.652132
0.599261
0.666644
0.578194
0.594316
0.579136
0.547324
0.544813
0.524633
0.47682
0.439924
0.517659
0.47775
0.522195
0.470514
0.475694
0.496511
0.572529
0.482067
0.427945
0.392983
0.442238
0.484828
0.472841
0.551127
0.505169
0.532971
0.487106
0.486088
0.425854
0.442406
0.445531
0.452287
0.477039
0.414829
0.404761
0.426836
0.428862
0.439383
0.4751
0.452947
0.418877
0.426381
0.385996
0.406996
0.430149
0.382592
0.414412
0.452717
0.428145
0.409867
0.409476
0.403287
0.426447
0.425636
0.395707
0.472711
0.462368
0.509517
0.436785
0.4435
0.413131
0.454793
0.465046
0.450503
0.425742
0.456547
0.504607
0.452528
0.467265
0.501714
0.47022
0.427395
0.487049
0.476349
0.445226
0.473373
0.480554
0.45238
0.474218
0.480805
0.464378
0.42579
0.450278
0.475181
0.4536
0.480325
0.456941
0.483224
0.437279
0.478888
0.460612
0.472257
0.440304
0.39308
0.380835
0.418486
0.443965
0.423927
0.407492
0.400966
0.384124
0.414769
0.412432
0.417959
0.425541
0.444468
0.448872
0.384103
0.430521
0.445573
0.407251
0.417188
0.460893
0.429904
0.465353
0.471823
0.479844
0.453161
0.443362
0.458361
0.441405
0.447697
0.455673
0.430238
0.418531
0.413868
0.404199
0.437437
0.403096
0.433826
0.43992
0.406882
0.415673
0.405742
0.36011
0.441769
0.414607
0.426046
0.403472
0.394573
0.416453
0.448073
0.408754
0.419306
0.39773
0.372005
0.40032
0.393668
0.379911
0.383996
0.39809
0.386405
0.406546
0.39064
0.413975
0.399264
0.425558
0.426274
0.379604
0.419535
0.421795
0.420476
0.419548
0.406634
0.417869
0.432746
0.399927
0.409229
0.426209
0.395523
0.434242
0.408598
0.382917
0.395217
0.386153
0.421447
0.39109
0.395838
0.408834
0.400748
0.37226
0.440944
0.401914
0.429449
0.41969
0.408057
0.401525
0.406534
0.401851
0.371155
0.39074
0.397402
0.428127
0.396565
0.404973
0.376676
0.37595
0.383258
0.421269
0.3996
0.379079
0.368258
0.393315
0.373977
0.380941
0.421826
0.409071
0.361905
0.368077
0.356426
0.381898
0.392045
0.41268
0.42207
0.386948
0.376417
0.396851
0.360877
0.358781
0.375421
0.403524
0.389926
0.387137
0.371829
0.377735
0.421771
0.396769
0.365141
0.349988
0.373143
0.370179
0.36949
0.377869
0.376647
0.399656
0.359421
0.397668
0.358099
0.351733
0.351725
0.377269
0.382167
0.350844
0.347072
0.33666
0.333528
0.373964
0.36458
0.349035
0.33093
0.35788
0.358734
0.363283
0.348846
0.364987
0.360544
0.32906
0.331344
0.342972
0.314508
0.324815
0.334536
0.324908
0.331848
0.350293
0.342071
0.331082
0.347611
0.362224
0.383788
0.339477
0.356588
0.338177
0.362027
0.331005
0.362936
0.376518
0.375771
0.331951
0.320199
0.339105
0.34183
0.348366
0.339101
0.367323
0.341578
0.365742
0.360485
0.347347
0.352025
0.317619
0.345077
0.309128
0.354314
0.313834
0.329993
0.352759
0.348332
0.336612
0.371733
0.355595
0.347298
0.326491
0.359927
0.344208
0.342553
0.318401
0.337904
0.336482
0.354985
0.333103
0.338314
0.360976
0.330613
0.345802
0.371698
0.338152
0.346057
0.339481
0.316045
0.324566
0.305442
0.318395
0.356929
0.354528
0.352723
0.356993
0.352016
0.359095
0.350155
0.360341
0.393698
0.388004
0.332439
0.327828
0.3591
0.33905
0.346512
0.356741
0.321162
0.401874
0.338425
0.33795
0.317925
0.36208
0.356039
0.377193
0.365287
0.365796
0.397843
0.358783
0.331197
0.358478
0.316622
0.324477
0.333389
0.305203
0.297901
0.319098
0.296645
0.304814
0.33816
0.319469
0.299621
0.315641
0.309493
0.310732
0.329034
0.318005
0.327007
0.329801
0.282795
0.310255
0.299482
0.270898
0.287698
0.311186
0.327337
0.283116
0.34702
0.320001
0.326992
0.333081
0.347873
0.358299
0.297004
0.320967
0.303659
0.306538
0.305606
0.287359
0.294194
0.323955
0.331117
0.315963
0.357224
0.330247
0.29761
0.32734
0.29528
0.274093
0.338809
0.362342
0.319966
0.297103
0.306354
0.31955
0.314949
0.347252
0.33628
0.313953
0.292718
0.28671
0.38126
0.320459
0.310421
0.338414
0.332789
0.360335
0.32469
0.372314
0.35158
0.342341
0.354741
0.342236
0.364264
0.364877
0.390998
0.397667
0.371528
0.375191
0.339334
0.346619
0.375518
0.367465
0.377494
0.43984
0.467786
0.459734
0.460042
0.451583
0.444784
0.404027
0.383601
0.392902
0.382817
0.37281
0.399773
0.416259
0.378858
0.39345
0.380198
0.393676
0.383291
0.391415
0.378812
0.379467
0.367462
0.360728
0.410132
0.431795
0.456301
0.499046
0.43878
0.485732
0.598702
0.493829
0.471992
0.490521
0.496879
0.521185
0.46906
0.504911
0.512052
0.448691
0.425484
0.442776
0.496654
0.493573
0.459001
0.511462
0.568354
0.567271
0.410484
0.438536
0.503601
0.45279
0.449854
0.454704
0.424408
0.451879
0.42248
0.381542
0.407972
0.350277
0.396414
0.390191
0.394869
0.361613
0.363935
0.363855
0.284159
0.34443
0.357332
0.379315
0.348766
0.3536
0.352239
0.353971
0.370553
0.336021
0.32669
0.341089
0.349317
0.360666
0.359649
0.363103
0.355803
0.351577
0.35826
0.365994
0.350015
0.353668
0.345923
0.396728
0.404528
0.354195
0.371818
0.384176
0.412574
0.383159
0.393829
0.402675
0.389874
0.394157
0.380592
0.4124
0.403228
0.419722
0.390786
0.448791
0.406497
0.416018
0.463606
0.418799
0.434739
0.437069
0.39641
0.384371
0.382595
0.380885
0.359423
0.361055
0.368923
0.363705
0.454432
0.379716
0.407482
0.442425
0.408421
0.463274
0.49418
0.452398
0.659432
0.32056
0.330657
0.307714
0.304014
0.31478
0.317267
0.342158
0.382034
0.305075
0.592528
0.27361
0.270011
0.270665
0.442572
0.37351
0.44605
0.440353
0.299014
0.27124
0.55553
0.245715
0.493845
0.367267
0.288256
0.196828
0.184085
0.363818
0.327581
0.235432
0.230478
0.337306
0.360741
0.3312
0.252006
0.171439
0.238806
0.303246
0.344017
0.173362
0.228882
0.152304
0.164756
0.147927
0.155803
0.159992
0.165943
0.175832
0.214626
0.205833
0.205662
0.19022
0.175006
0.168999
0.169198
0.185785
0.190597
0.189131
0.222074
0.209056
0.185416
0.167614
0.156571
0.151804
0.153987
0.162652
0.168302
0.160948
0.126306
0.123079
0.11828
0.105002
0.115011
0.107721
0.132532
0.0977431
