0.205844
0.187775
0.213067
0.193771
0.199881
0.17866
0.183045
0.162625
0.187788
0.184474
0.20031
0.189143
0.211695
0.203827
0.200007
0.184979
0.211194
0.196805
0.159983
0.149127
0.17391
0.175945
0.19747
0.187017
0.182062
0.176023
0.212357
0.222434
0.152422
0.2032
0.176723
0.202818
0.246724
0.21893
0.439286
0.353178
0.339762
0.530573
0.577766
0.70101
0.700541
0.677925
0.685544
0.877926
0.877795
1.11192
1.16175
1.08533
1.06541
1.25527
1.26851
1.61924
1.74802
1.49168
1.45489
1.59421
2.157
2.02542
1.7586
2.09055
1.98982
1.98051
2.0967
2.15365
2.20461
2.5372
2.83929
3.0652
2.57951
2.39649
2.72792
2.41647
2.1883
2.26514
3.32747
3.3373
3.86345
3.16501
3.35264
2.52224
2.56429
2.85901
2.91811
3.37011
3.42704
3.30608
3.31096
4.21195
3.60162
2.78577
3.84715
3.64036
3.0818
3.23038
3.72052
3.87445
4.42629
3.43779
3.32756
3.81621
4.31032
4.09085
3.60741
3.94629
5.26017
4.49744
4.13904
3.64257
3.84123
3.89917
4.62314
3.99396
4.41616
4.68272
4.33579
4.26172
5.16855
4.95307
4.81359
5.17939
5.30261
6.17707
6.58271
6.09423
5.75308
5.96568
6.40363
6.82711
5.28255
5.19494
5.49972
6.65332
6.04137
6.17352
5.84773
4.86511
6.72253
6.30437
5.54603
7.56136
7.1533
6.68817
5.25818
5.88797
5.52796
4.38436
6.63336
7.26302
7.05418
5.02247
6.50327
7.41098
5.55984
7.38428
7.24335
7.13703
7.64904
