2.0493
1.57683
1.93528
1.87224
1.97468
1.48423
2.06931
2.71927
3.48239
4.81802
4.2712
3.93272
3.30056
2.59886
2.42339
2.21656
2.35155
2.30096
2.94226
2.70953
3.02214
3.67041
2.28633
3.59275
4.6684
3.3364
2.7815
2.29589
2.81202
1.40697
1.8845
1.75295
2.58076
2.24525
1.99276
1.56387
1.65239
1.92502
2.815
3.36934
3.9804
3.54108
3.3471
2.6516
3.76528
3.57272
3.20472
3.25484
3.14666
3.155
2.57138
3.18365
2.97019
2.65679
2.72715
2.72017
2.82147
3.08591
3.72613
3.47491
3.31623
3.20967
2.77012
2.78285
3.16049
3.19691
2.71989
3.02905
2.74608
2.34441
2.48778
2.69017
2.87641
2.63516
2.41523
2.4436
2.2583
2.91989
2.5843
2.74489
2.31783
3.26524
3.62252
2.96388
2.88818
2.48128
2.59794
3.18949
2.67595
2.87657
2.8654
2.68688
2.71917
2.49857
3.02666
3.4404
1.86318
3.13857
2.62828
2.72455
2.00671
3.10057
2.78864
2.27736
2.62816
2.5615
2.04451
2.53649
2.28894
2.73964
1.4221
2.20081
2.26251
2.04957
1.86852
1.89522
1.90178
2.24223
2.14935
2.22781
2.6535
2.25779
2.47936
2.48895
1.97813
1.92596
2.06489
1.43248
1.57685
1.32837
1.74967
