2.47723
2.41427
3.13522
2.79443
2.7667
2.77325
3.18033
2.8051
3.1083
3.58235
3.27318
2.92767
3.59569
2.21395
3.77882
2.45569
3.24824
3.33697
3.63859
4.26769
3.69375
4.50572
3.45076
3.46005
3.40792
3.28592
4.49717
4.59598
5.11576
5.58705
5.82063
4.78531
4.05393
4.09601
4.504
4.53964
4.86142
4.64827
5.77036
4.90823
6.1767
4.81948
7.44529
6.39957
5.22704
4.44022
4.81537
6.49132
6.03528
5.74876
4.69117
4.77126
5.19434
5.69515
6.38364
5.06896
6.78639
6.49086
7.35123
8.82804
5.85856
5.82026
5.82627
6.15696
6.93849
5.64565
5.07706
4.97634
6.51068
5.79812
6.45215
6.48893
7.85845
6.51501
5.54431
6.761
6.81194
6.31345
6.16128
7.00903
5.75176
5.61061
7.92116
7.51119
7.57815
7.02456
5.40141
6.16909
6.00823
5.42508
6.36561
7.15384
5.29927
5.99333
5.99337
6.63616
7.63362
8.71766
5.32686
7.44634
6.10396
6.52423
7.76066
9.65508
