4.82309
8.84052
7.28462
4.60416
5.94286
6.63428
6.93427
2.04939
2.15709
1.9701
2.20644
2.281
2.2307
1.84374
1.83313
2.32846
3.051
4.43656
4.19128
4.24986
6.46115
4.1603
6.27369
9.69568
13.373
14.7123
3.91089
3.60297
2.81663
2.70124
2.80801
2.88118
3.02027
3.23476
5.39965
6.54996
9.06998
6.40569
5.63842
6.80543
8.00886
7.67008
9.05946
11.2732
10.698
10.8358
9.75234
8.86967
15.452
10.129
9.917
7.53504
8.38996
10.7373
13.5701
17.8389
15.7999
16.5215
11.6252
16.8451
22.2892
15.0873
11.7297
8.51934
10.3928
9.01738
12.189
9.88884
13.19
8.87479
9.86482
9.17807
11.217
9.98565
8.69894
9.60473
10.2254
9.02292
8.54267
8.43354
7.37276
7.01919
7.31584
7.81412
8.10201
8.21422
8.39595
8.39351
9.57273
6.7517
6.11427
7.28814
7.42555
7.26489
6.17167
7.13564
6.99591
6.06911
5.85505
8.25382
7.09193
7.11323
6.25981
6.01818
5.44503
6.22658
6.39502
5.71344
5.70259
5.54014
4.40857
6.76654
5.45482
5.57506
5.14871
5.65931
5.15092
4.46331
5.96879
5.29276
5.25521
4.91354
4.56994
4.52178
4.91448
4.42123
5.79033
6.11174
6.56147
6.09342
5.07539
4.89978
5.66742
4.89617
3.35636
3.77503
3.65366
5.07935
5.24705
4.41253
4.31019
3.77841
4.19817
3.5038
