0.457405
0.362092
0.399008
0.750716
0.687105
0.535256
0.543556
0.732958
0.619065
0.593193
0.67126
0.75208
0.966478
0.643908
0.953954
0.714725
0.583296
0.796723
0.803988
0.82686
0.738654
0.808634
1.02344
1.00447
0.811128
1.08069
1.06352
0.849036
0.646434
1.17054
1.35346
0.847972
0.891699
1.33053
1.17185
0.798411
0.913465
0.844829
0.785528
1.24144
0.870794
1.49225
0.885655
1.13685
1.39634
1.07753
1.08545
1.24506
1.25635
1.24136
0.731146
1.98993
1.21038
0.701379
0.728839
1.17724
0.897095
0.971351
1.13727
1.15646
2.01937
1.77655
1.29645
1.60916
0.792218
0.905662
2.08446
1.62403
1.26164
1.01732
1.45287
1.20291
1.48759
1.85886
1.62277
0.880678
1.45579
2.21809
1.49985
2.34757
1.39533
1.25937
1.49263
1.39579
1.63298
2.20428
2.22703
1.74191
1.60485
1.9117
1.66495
1.73276
1.50549
2.04217
1.8939
1.63498
2.07315
2.38546
1.8358
2.41774
3.25704
2.03226
2.46016
2.10492
