0.15563
0.148006
0.15531
0.191092
0.182439
0.135018
0.175584
0.171657
0.173861
0.224216
0.243926
0.230543
0.175248
0.276783
0.348894
0.378682
0.55423
0.35117
0.491291
0.646545
0.64493
0.976792
1.0566
0.917703
1.17159
1.00122
1.0244
1.00681
1.08116
1.28346
1.34983
0.85378
0.899878
1.26292
1.10938
0.979015
0.893674
0.888385
1.4838
1.0653
0.614487
1.0372
0.947776
0.900773
0.977092
0.763622
1.20522
1.24424
1.16621
1.06571
1.33542
1.48805
1.39646
1.25261
1.47816
1.18802
1.29064
1.29626
1.02108
1.28287
1.28913
1.37313
1.04676
1.17484
1.57109
1.20594
1.92659
1.63977
1.86722
1.62836
1.46659
1.90912
1.16717
1.49947
1.28932
1.75633
1.33341
1.04761
1.74974
1.31587
1.55855
1.44581
1.8384
1.26597
1.72027
1.54174
1.8058
1.48127
1.47304
1.60746
2.00758
2.09145
1.69297
2.04148
2.13797
1.56266
1.90444
1.37164
1.77291
1.7906
1.74187
2.00736
2.091
1.8269
1.79329
1.94753
2.15752
2.06841
1.92929
2.06262
2.81682
2.75616
1.97838
2.16991
2.33936
2.15113
2.02142
2.19516
2.19198
2.46403
2.41857
2.51274
2.33775
2.04414
2.75515
2.70971
2.58473
2.23612
2.20474
2.52348
2.28022
1.97233
2.3628
2.00627
2.73258
3.01751
2.06235
2.26732
2.7959
2.38266
1.91062
2.0445
3.1104
3.11554
2.78215
2.6324
3.1905
3.17961
2.67947
3.22808
2.434
2.23887
2.14446
1.90013
2.73278
2.95176
2.33078
2.6693
3.16265
2.56102
2.41073
2.88658
3.26259
3.26915
3.05827
2.49762
2.48219
2.08676
1.87134
2.1734
2.07585
2.288
2.125
2.26253
2.41551
2.51817
2.57656
2.59068
2.68697
3.06714
2.90253
3.17886
