0.252612
0.242275
0.25598
0.249922
0.247485
0.267728
0.243901
0.307761
0.319718
0.312127
0.452356
0.966705
0.823739
0.414314
0.302392
0.505573
0.574167
0.513196
0.289137
0.311017
0.269531
0.274088
0.329521
0.903009
1.27667
1.05614
0.963959
1.10492
1.23436
0.880754
0.714318
1.02228
0.966849
0.7687
0.748085
1.06102
0.936469
1.01401
0.855836
0.850676
0.763043
1.06951
0.709823
0.564051
0.949645
0.732647
0.629059
0.575529
0.611655
0.819299
0.924316
0.589074
0.738375
0.504833
1.1744
1.00473
0.841297
0.956378
1.01743
0.947349
0.782563
0.796319
0.85104
0.937084
0.947203
0.915662
0.964072
0.853647
0.8113
0.916358
0.930167
0.839413
0.952318
0.725517
0.872674
0.87398
0.967225
0.865232
0.732772
0.632895
0.786186
0.681729
0.738466
1.02004
0.775603
0.726303
0.718637
0.757414
0.677192
0.849349
0.708273
0.90973
0.80595
0.617579
0.648248
0.712373
0.678423
0.785576
0.595742
0.806413
0.789606
0.774565
0.730434
0.668968
0.824109
0.711923
0.745768
0.721829
0.840709
0.679113
0.826281
0.811003
0.754129
0.766852
0.790168
0.774017
0.859364
0.791053
0.729453
0.762067
0.777795
0.74526
0.702564
0.663109
0.63245
0.815483
0.695167
0.645473
0.660845
0.584106
0.741247
0.754949
0.729812
0.661316
0.68443
0.625215
0.666345
0.577406
0.629677
0.730967
0.750639
0.562262
0.624669
0.594344
0.563258
0.63584
0.59883
0.67731
0.703966
0.697167
0.622484
0.643387
0.689464
0.670658
0.78648
0.673865
0.625012
0.667283
0.588872
0.762739
0.864986
0.719667
0.642258
0.661144
0.591027
0.60377
0.722937
0.657694
0.668176
0.556852
0.63997
0.596994
0.632383
0.710049
0.817585
0.588255
0.67986
0.673836
0.813468
0.687177
0.821912
0.648109
0.655924
0.619783
0.712895
0.713401
0.659045
0.579649
0.685717
0.64917
0.612812
0.586636
0.469352
0.588493
0.613587
0.644585
0.618382
0.56626
0.615774
0.482568
0.605867
0.50911
0.524753
0.599459
0.651533
0.634795
0.549345
0.57089
0.635661
0.578034
0.623328
0.51155
0.465123
0.648246
0.553675
0.639395
0.711912
0.71286
0.639638
0.682914
0.656923
0.827397
0.759468
0.850694
0.811365
0.815476
0.648144
0.67468
0.722681
0.811049
0.831156
0.925696
0.767016
0.882039
0.758148
0.644478
0.806701
0.783992
0.892698
0.881082
0.842655
0.715493
0.624945
0.737294
0.814129
0.623138
0.542331
0.640142
0.579652
0.587278
0.636498
0.722514
0.706102
0.600215
0.613163
0.671798
0.67644
0.746553
0.712311
0.587382
0.523625
0.506953
0.552122
0.471035
0.443072
0.572633
0.474048
0.469501
0.534806
0.521804
0.487846
0.45709
0.504444
0.644213
0.585954
