0.18749
0.301869
0.217097
0.323199
0.338511
0.200783
0.200389
0.259531
0.279618
0.33391
0.31052
0.405407
0.323532
0.325836
0.310879
0.379086
0.395413
0.387127
0.435951
0.446535
0.534128
0.463645
0.4355
0.499066
0.479084
0.386306
0.428775
0.404873
0.357959
0.522181
0.611373
0.486573
0.570315
0.336914
0.504881
0.474998
0.577822
0.541106
0.56998
0.48431
0.47061
0.48153
0.712017
0.483279
0.519952
0.55077
0.536446
0.379513
0.522748
0.588582
0.434005
0.501253
0.597385
0.419417
0.540531
0.50938
0.524792
0.527845
0.427333
0.614655
0.571287
0.489044
0.514132
0.4894
0.450614
0.675476
0.412777
0.43082
0.359906
0.764598
0.642832
0.483904
0.670422
0.586573
0.840012
0.617545
0.700371
0.618138
0.635299
0.700569
0.570606
0.583604
0.529703
0.761474
0.634731
0.820848
0.690289
0.7624
0.793309
0.720656
0.789479
0.653664
0.656286
0.523103
0.633825
0.776382
0.575804
0.593164
0.877881
0.629317
0.78346
0.657585
0.760678
0.675413
0.832
0.66291
0.710011
0.619714
0.669387
0.964582
0.777042
0.510275
0.80137
0.805833
0.586095
0.849721
0.636806
0.791975
0.707951
0.608368
0.813116
0.76143
0.896032
0.833142
0.800209
0.699756
0.85139
0.800082
0.725981
0.751279
0.641334
