4.396810
3.638070
3.400070
3.357060
3.347270
4.686740
3.806000
5.824910
5.270310
4.467330
5.015620
6.206850
5.047790
6.194550
5.383070
5.553650
5.578760
7.360460
6.432170
5.281890
5.110380
5.578770
4.605580
4.965910
4.772270
5.369230
6.998580
5.277890
5.635110
7.751120
6.743980
5.858130
5.861630
5.061620
5.150970
6.193120
6.709970
8.300520
8.506620
8.634120
6.940570
6.296110
5.815360
6.877920
7.051470
10.126600
6.749140
7.328960
7.431100
7.450550
6.339120
6.707450
8.296370
7.838740
10.404800
9.159960
8.361010
9.531920
8.210550
9.600730
9.307220
8.298600
7.563240
9.871650
8.451830
9.347980
10.670000
10.544500
11.173700
9.393310
11.193000
10.429900
11.256500
10.333500
9.806220
11.104200
10.163800
10.294000
11.270700
11.821200
9.599000
9.860950
10.315900
13.158600
11.222700
10.792400
14.724200
12.175800
12.198700
13.708900
13.009800
12.669300
12.454300
13.864200
12.563400
13.283900
14.289500
11.550300
12.926000
12.969700
13.925900
12.839100
12.446300
15.898400
14.350300
13.576200
12.533800
13.227400
11.042900
13.866900
14.359600
15.087200
14.294800
12.055600
14.077200
17.351100
17.773000
16.165800
17.540800
15.225200
19.999700
17.956900
17.364000
17.981100
19.195600
17.033200
17.212300
17.759400
21.232200
20.758400
17.761300
20.691100
17.489300
19.696400
16.605200
15.982900
20.758400
19.390400
18.917500
19.381700
21.570400
17.630800
21.863900
20.239000
18.003400
19.026400
20.155900
18.907000
16.440100
17.343600
18.623600
29.093300
13.449200
23.875500
27.651000
21.670800
13.533900
29.813700
25.735800
24.125200
20.173100
22.673300
21.144200
15.083400
23.482900
13.894900
17.243900
13.771700
19.610200
12.830800
18.955400
20.325300
21.803300
25.062000
6.914870
6.285300
8.203750
10.488900
