0.846918
2.055970
2.820770
2.834120
3.112640
2.916300
2.757080
3.053800
3.419400
3.466310
3.799330
3.659160
4.091060
3.805720
3.641720
3.581590
3.761560
3.889890
3.905400
3.942030
3.654720
3.715150
4.005530
3.999370
4.089230
4.010510
4.550650
5.156870
5.065470
4.712770
4.779070
4.949960
4.908190
4.298110
4.931210
5.928890
4.994740
4.704000
4.329410
4.629480
4.390540
4.587500
4.790550
4.526130
4.487540
4.774360
4.505790
4.937650
5.180960
5.000710
5.274790
4.801800
4.653530
5.121600
5.015600
4.791230
5.298050
5.182810
5.195660
4.743400
5.203330
4.307830
3.823840
4.049520
4.745250
4.922310
5.648450
5.441930
5.239170
5.389920
5.399680
5.401440
4.596260
5.790330
5.865270
5.859550
6.161580
6.893480
7.660130
7.209320
7.463930
7.612690
6.540940
7.581380
7.837750
7.560380
7.674940
7.660010
7.562490
7.398880
7.725820
7.720750
7.933700
7.494320
7.585170
7.331460
7.271800
7.085210
7.812050
7.096290
6.143150
7.127710
6.446940
6.599820
6.974140
6.275740
6.437790
6.199550
6.706480
6.660190
7.204430
7.859830
7.478710
7.468080
7.915700
8.354000
7.967570
7.845110
7.835440
8.003280
7.797090
8.315470
7.861780
7.855190
7.856540
7.897950
8.117590
8.315760
9.208540
7.733530
8.311700
7.515360
6.914870
5.912020
7.257060
6.325860
6.761280
6.928860
8.132930
7.279460
7.813710
6.098200
6.163060
6.389600
6.775400
6.847190
7.111800
7.110710
6.961420
7.343290
6.472460
7.060330
6.550220
6.484780
6.311880
6.649800
7.229450
6.050040
6.794220
6.225760
6.137970
7.039790
6.847390
6.962490
7.254910
7.008700
7.118570
6.999390
6.983440
6.420220
7.225230
6.738860
6.700940
6.738200
6.951240
7.278200
6.473060
6.883550
6.575100
7.566430
7.251550
6.882340
6.643070
7.660880
7.735930
7.818200
8.009840
7.968180
7.403290
8.235520
6.993880
7.623940
7.787520
7.687790
7.221600
7.096770
7.750570
8.217450
7.120450
7.913710
8.620080
8.702840
8.748600
8.672710
8.678940
8.258380
8.374880
8.417490
8.516190
7.733110
8.122520
8.418020
7.992980
8.952370
8.340360
9.231170
9.076630
9.355550
8.868390
8.059980
8.518360
8.815330
8.393300
8.757960
8.711380
8.014760
7.262350
8.626940
8.720690
9.094260
9.286230
8.680100
8.440340
8.531830
8.964610
8.924370
8.720300
8.774600
9.717650
8.604670
8.745330
8.402470
8.469060
8.887140
8.478690
7.907510
8.654400
8.211920
8.128890
8.271950
8.780390
8.462570
7.906530
8.089640
8.391570
8.000350
7.743130
8.815040
9.062670
8.723920
8.542060
7.978860
8.348900
8.565830
8.516800
8.517030
8.308730
8.469690
9.043870
8.897230
8.073710
8.740760
9.146160
8.940800
7.661790
8.479890
8.299430
7.877170
7.695470
8.133440
8.365540
8.315520
9.106150
9.026280
8.436700
8.550710
8.655180
8.465430
7.679450
8.207490
9.007060
8.141300
7.309580
7.923970
8.428670
8.537060
9.061360
9.452280
9.492120
8.487040
8.984520
8.800650
9.720800
9.422290
8.184710
8.558450
10.344600
9.780230
9.566780
10.397800
11.022300
10.336800
10.577200
11.332800
9.201530
10.664000
11.468300
11.444600
11.833800
12.342800
11.139600
10.888500
11.651500
12.316300
11.478800
11.618100
11.566900
12.104400
11.992100
11.956000
12.531800
12.120300
12.147200
12.691000
13.310200
12.917000
12.674100
10.929600
11.611500
12.038200
13.173000
12.417000
11.965900
12.085700
12.036200
12.292000
12.095100
12.407400
12.471400
12.446400
12.687400
12.275200
11.902100
11.438400
12.941100
12.170100
13.033200
12.092700
12.572900
13.127400
12.824200
12.881000
12.217300
12.996900
12.734300
13.828300
13.233900
13.119100
13.940800
14.060300
12.905900
13.502200
13.162900
13.264200
13.085200
12.564100
12.558700
15.115800
15.340800
14.230100
13.258400
13.366700
14.369500
13.880300
15.474500
15.709800
16.173700
15.998100
16.090500
15.786100
15.828600
16.177600
15.867500
16.354400
16.535700
17.009300
16.967600
15.448100
16.602800
19.349500
17.793300
16.699100
18.350700
18.619700
17.365300
16.585400
15.694700
15.408600
13.722500
14.518200
12.614500
14.318600
13.005700
15.351700
16.588300
16.577800
17.011500
15.915300
16.945300
17.183800
17.192600
16.884900
17.499900
18.493000
17.505800
19.419500
17.465200
16.766900
17.270800
17.795800
18.061600
19.739000
20.699400
20.624100
19.913700
23.309900
24.100200
22.350900
21.427800
23.458900
26.649900
24.127800
29.302700
27.893100
23.231300
24.958000
27.732300
25.018700
22.743200
24.202900
24.592300
24.975500
24.255600
23.075200
24.331600
23.716200
23.449600
24.965700
27.757500
25.489200
23.945300
24.914500
25.473100
25.371800
28.713400
30.611600
29.831400
32.409400
34.881500
33.075600
26.330200
28.403700
23.510200
22.409200
24.133200
24.860300
21.929900
21.811200
22.021200
22.506800
20.514000
22.897100
23.351400
22.929600
22.243700
23.549600
24.489200
26.677700
28.229500
27.031000
24.378600
23.467000
24.036500
24.317600
23.587300
23.857100
25.094100
24.953900
21.816300
27.594500
28.549300
29.165100
29.258100
31.512000
28.635500
25.854900
26.317700
25.815000
24.143500
24.013000
25.267300
25.744300
26.113300
25.507700
25.334700
25.502300
26.543700
26.641600
27.557000
28.253300
29.210100
29.227800
28.667600
28.190400
31.206900
26.935400
25.534900
21.942000
24.596400
22.911400
26.314500
27.102800
26.639300
35.527400
35.002700
34.336500
34.531600
31.949500
33.544000
32.348900
33.348200
32.882500
34.055400
35.736600
41.421100
41.590500
38.687400
31.682400
33.241500
39.384300
38.487600
38.466700
37.309600
36.570200
34.646900
33.766300
34.623600
34.211800
33.888200
34.568700
35.209500
33.979000
33.811400
34.782900
35.145800
33.781700
34.867200
34.829600
35.745100
33.813300
34.538400
34.463800
34.078000
33.855900
32.530700
31.743800
30.924100
27.592400
32.457300
32.262800
34.345100
34.633600
33.283200
32.187500
33.391900
36.954400
36.527200
37.509000
35.025700
32.583200
34.182500
36.252500
37.767200
37.791000
38.686800
37.133600
30.653300
31.318400
30.075700
30.695800
31.620100
32.209700
30.067000
38.559200
38.728300
41.468600
44.017200
39.074300
44.656400
43.914900
43.655600
44.488300
45.006100
45.012500
45.521500
45.475000
45.469600
41.465900
42.940400
42.663500
39.928100
34.488900
30.339300
30.872300
39.900100
38.619300
34.292800
33.235400
34.799200
35.663200
34.480600
24.162500
21.496800
20.163600
19.095500
18.323000
16.810000
18.495000
19.390200
19.106900
18.956000
18.648600
18.916400
18.905600
19.026300
19.267200
19.572100
19.933400
19.746500
19.803600
20.033500
20.732500
20.018400
20.179200
20.423200
20.414300
20.741100
20.981100
21.312600
22.200200
22.869100
24.336800
25.830500
26.021500
26.356700
24.833300
24.549000
24.516000
24.965000
24.712300
21.783300
21.858400
21.797800
20.782500
21.055500
19.628700
20.937100
20.864100
20.791700
20.709400
