0.201402
0.388614
0.381379
0.450147
0.430434
0.490517
0.57234
0.543387
0.756258
0.633225
0.459336
0.551524
0.396508
0.337141
0.321025
0.296845
0.503113
0.547237
0.494243
0.454503
0.49075
0.30698
0.332217
0.516142
0.547598
0.338684
0.423004
0.511069
0.55081
0.672608
0.646309
0.620258
0.60763
0.639711
0.511382
0.557082
0.598185
0.562218
0.539326
0.624023
0.668109
0.591657
0.644162
0.645109
0.462287
0.439077
0.477078
0.562119
0.465847
0.659871
0.470111
0.495632
0.515725
0.44107
0.47407
0.454553
0.466086
0.421571
0.419876
0.404567
0.404285
0.37666
0.417972
0.435049
0.433385
0.439866
0.470513
0.420353
0.424193
0.437872
0.401571
0.354413
0.416524
0.400907
0.432642
0.45657
0.444056
0.431638
0.492636
0.506714
0.456003
0.451315
0.400356
0.362197
0.428498
0.407713
0.370753
0.415059
0.521461
0.361474
0.489009
0.485221
0.459272
0.424584
0.454522
0.506808
0.518033
0.446834
0.501898
0.455221
0.484631
0.458343
0.466417
0.492047
0.486754
0.452325
0.475109
0.414353
0.411279
0.483215
0.512733
0.498969
0.433519
0.461138
0.477693
0.431301
0.461567
0.550076
0.522928
0.561449
0.513466
0.439906
0.566149
0.625387
0.491246
0.520794
0.563697
0.614491
0.618528
0.808666
0.633441
0.696017
0.860162
0.646459
0.633832
0.679451
0.683587
0.701516
0.74097
0.655291
0.534334
0.575281
0.660521
0.614334
0.433675
0.63247
0.582381
0.640494
0.712721
0.674849
0.682036
0.612753
0.554457
0.803932
0.725502
0.749854
0.66286
0.71144
0.822592
0.821705
0.711585
0.660804
0.769033
0.862552
0.595532
0.523275
0.605242
0.748666
0.623352
0.480415
0.67268
0.606117
0.686262
0.672081
0.509522
0.478549
0.634742
0.77397
0.586559
0.521327
0.753248
0.654056
0.507603
0.522664
0.593009
0.697237
0.817743
0.53026
0.612807
0.558316
0.411065
0.481845
0.480927
0.545693
0.565814
0.474646
0.499813
0.609926
0.49241
0.554831
0.608794
0.724248
0.443984
0.573861
0.447649
0.562767
0.62934
0.663666
0.624479
0.686127
0.651585
0.697074
0.634082
0.530464
0.610354
0.760777
0.514905
0.559926
0.456806
0.48167
0.549496
0.696974
0.589621
0.511564
0.498349
0.569125
0.474628
0.45164
0.416097
0.55306
0.676829
0.547237
0.469214
0.417276
0.451352
0.620307
0.550979
0.613824
0.468976
0.467138
0.481693
0.586526
0.583842
0.591895
0.607963
0.579301
0.467519
0.594081
0.536886
0.659504
0.601847
0.681222
0.62175
0.849064
0.897663
0.670607
0.750588
0.684727
0.558901
0.514415
0.488068
0.469773
0.49375
0.465279
0.570675
0.682289
0.58477
0.561356
0.508518
0.493664
0.548462
0.519964
0.49995
0.474101
0.528397
0.461766
0.465428
0.468827
0.44684
0.504881
0.560187
0.5612
0.460323
0.480844
0.490371
0.63612
0.584479
0.495742
0.542624
0.480898
0.519726
0.452696
0.441991
0.395612
0.39138
0.450537
0.44855
0.456925
0.487063
0.666982
0.590213
0.582922
0.569878
0.545402
0.464453
0.558424
0.503873
0.44748
0.435883
0.426234
0.621852
0.511189
0.547747
0.71051
0.603258
0.538475
0.502685
0.503385
0.59853
0.5896
0.503989
0.45612
0.556396
0.623465
0.515251
0.53636
0.725668
0.631013
0.589497
0.498341
0.560864
0.569297
0.623864
0.619345
0.566143
0.637302
0.671877
0.629945
0.640008
0.610402
0.49277
0.527633
0.578553
0.553679
0.533833
0.577232
0.52944
0.609256
0.592567
0.562116
0.631841
0.569982
0.559834
0.58773
0.518648
0.565388
0.595416
0.578097
0.521005
0.545762
0.523255
0.547913
0.570902
0.568729
0.586754
0.566162
0.642916
0.635637
0.556855
0.638562
0.627286
0.601803
0.618761
0.644038
0.679951
0.660717
0.596287
0.541308
0.540278
0.648845
0.575201
0.512382
0.405262
0.376248
0.337396
0.305305
0.313096
0.284015
0.298085
0.313007
0.353704
0.276128
0.293975
0.232781
0.231629
0.158681
0.165536
0.193795
0.180006
0.168801
0.111913
0.133764
0.141304
0.171708
0.214782
0.19541
0.187998
0.197553
0.247689
0.22061
0.195422
0.0819808
0.178978
0.188881
0.154316
0.143606
0.135564
0.144754
0.168019
0.134834
0.162236
0.157851
0.117228
0.146839
0.112286
0.168268
0.149141
0.128309
0.117392
0.134069
0.126248
0.134389
0.154018
0.158643
0.162188
0.12398
0.128278
0.145241
0.171712
0.18582
0.137322
0.161899
0.151123
0.15732
0.174333
0.179825
0.237071
0.207648
0.226918
0.266508
0.259607
0.247816
0.229528
0.2814
0.267596
0.214851
0.201762
0.263857
0.244415
0.211867
0.228935
0.245497
0.249293
0.23713
0.265993
0.229549
0.251808
0.242122
0.236048
0.228462
0.25779
0.281085
0.257706
0.271865
0.239805
0.196272
0.194421
0.19617
0.190476
0.174215
0.186361
0.186216
0.172758
0.207374
0.186157
0.183999
0.146043
0.137434
0.133026
0.12109
0.132879
0.131539
0.130281
0.138062
0.129681
0.148293
