2.38896
2.80597
2.87679
3.95574
3.00438
4.22874
3.9299
4.11184
2.48549
4.19698
4.15261
4.42553
6.59819
7.13871
5.16253
5.17873
4.38853
5.11296
5.25094
4.79755
4.84678
3.61322
4.30384
5.44024
2.74535
4.47817
3.11497
4.06397
3.83662
2.25933
2.05335
2.77422
2.77055
2.58539
2.55458
2.70132
2.22523
2.78393
2.86178
2.83778
3.39198
3.04718
2.45133
2.95596
3.28426
3.42675
3.10948
2.98685
2.65115
2.47848
3.60861
3.45706
2.85338
3.02367
3.48333
2.69796
3.28962
2.82067
2.74559
3.58459
3.77629
3.14841
3.07612
3.26627
2.52697
2.88328
2.82444
2.81621
3.11068
2.74427
2.5689
3.10927
3.28636
3.57162
3.70812
2.94275
2.84724
3.17726
3.24183
2.29451
2.5727
1.84119
2.55395
2.92751
3.36506
2.80605
2.81451
2.90513
2.95684
2.60888
2.54324
1.87193
2.46886
2.58389
2.26387
2.63728
2.01438
2.04616
2.77842
2.88417
2.47687
2.18637
2.05526
1.9118
1.88273
2.0865
2.32077
2.01876
2.23779
1.76563
2.25686
1.86032
2.43902
1.58531
2.25181
2.67053
1.47213
1.21655
1.52762
1.8665
1.95098
1.54867
1.68719
1.87052
2.03973
1.62123
1.62665
1.86065
2.31941
2.36974
2.09585
1.85774
