0.361442
0.438249
0.502517
0.317413
0.403303
0.406751
0.298833
0.435777
0.424188
0.331753
0.356487
0.808834
0.428251
0.6385
0.333191
0.681434
0.422025
0.625545
0.608283
0.577057
0.508847
0.437004
0.469723
0.527039
0.488502
0.754601
0.574855
0.381799
0.650965
0.469026
0.494338
0.602289
0.817796
0.66259
0.760059
0.768754
0.761065
0.712369
0.639658
0.785994
0.528673
0.9037
0.684604
0.833143
0.531454
0.836775
0.804546
0.866397
0.953489
0.556088
0.935458
0.850465
0.845381
0.691302
0.876774
0.763173
0.667865
0.887482
0.614795
0.78727
0.871794
0.947203
0.821083
0.652183
0.619125
0.892589
0.835873
0.940224
0.798606
0.717266
0.709063
0.871365
1.11681
0.802465
0.79842
0.940846
0.673126
0.758879
0.903044
0.880398
0.973207
0.876903
1.08055
0.872262
0.89259
0.800902
0.723197
0.796778
0.974578
1.05159
0.848114
0.819974
0.977955
1.03864
1.00678
0.940398
0.97586
1.03127
0.915723
0.945794
1.02782
0.931428
1.003
0.952856
1.21112
0.860574
0.981573
0.949351
1.16902
0.938259
0.947002
1.13367
1.00553
0.83011
1.35498
1.13638
1.0233
1.10446
1.14895
0.881682
1.23801
0.957367
1.03937
1.24111
1.08975
1.31917
0.975808
1.02524
1.06384
1.30153
1.03424
0.893144
1.34813
1.01203
0.901931
1.12064
1.44483
1.23115
1.22577
1.32433
1.04373
1.24257
1.64883
1.16782
0.939803
1.05242
1.29773
0.793919
1.42358
1.26597
1.02618
0.625322
1.01049
1.17908
0.852735
0.964823
0.739666
0.773535
0.767521
0.918836
1.14115
1.09453
1.04855
1.66965
1.77328
1.75299
1.54309
1.25405
1.46765
1.23021
1.66158
1.50804
1.26059
1.04483
1.19829
1.21877
0.958454
1.49184
1.74082
1.46364
1.7706
2.03919
1.69681
2.40584
2.54138
2.31442
1.84492
0.671737
1.0037
1.14038
1.33581
1.34173
1.62893
0.818256
0.536955
0.981251
0.567656
0.983798
0.888893
0.511844
0.409734
0.563162
1.21276
1.66852
1.09444
1.97292
1.80868
0.820649
0.299472
