3.01103
2.80782
2.63489
2.61008
3.06721
2.59737
2.56543
3.23814
3.52591
3.51918
3.115
3.44008
3.36916
3.95693
4.19758
4.1098
3.63389
3.63666
3.36034
3.22268
3.37753
2.76421
2.73757
2.68783
2.46211
2.49231
2.54846
2.61053
3.04171
3.22043
3.38266
2.5159
2.20765
2.5725
2.05746
1.95354
1.69133
1.87404
2.46407
3.29666
2.72737
2.94702
3.09672
2.80812
2.46681
2.63717
2.58645
2.45244
2.75347
2.64396
2.81807
3.17008
3.8461
3.74032
2.69678
2.88423
2.98772
2.77837
2.24527
2.11004
2.78728
2.53785
2.80108
2.80162
3.0024
2.86725
2.91653
3.26774
3.85619
3.31518
3.38475
3.43362
2.85691
3.18314
2.97835
3.26555
3.3797
3.31265
3.68906
3.55214
3.2767
3.18534
2.90574
3.04434
3.485
3.9348
3.54879
3.4275
3.80864
3.61605
3.20803
3.7797
3.86133
3.45508
4.40596
3.78608
3.45855
3.30653
3.21926
3.82432
2.91692
3.04518
3.24976
3.77609
3.74425
3.40231
3.53181
2.99266
3.75023
3.72477
3.70407
3.4375
3.33263
3.61684
3.3139
3.45486
4.48744
4.00191
3.33386
3.3388
3.79206
3.52717
3.06536
3.59355
4.39292
3.34333
3.83019
3.66126
3.28474
4.44611
3.47643
4.15943
4.12501
3.56928
3.61036
4.90074
4.33853
4.36755
3.15789
3.73447
4.34705
4.53971
3.73525
3.56019
3.45135
3.4834
4.39037
4.55204
4.4666
3.96345
3.59141
4.08487
3.89435
3.60998
4.28341
4.10021
4.40854
4.49628
4.31605
3.97761
4.26253
3.5517
4.076
4.77681
4.27249
4.40936
4.21253
3.72485
4.10338
3.63024
3.79668
4.14872
4.73794
3.46757
3.54067
4.57087
4.04042
3.68594
4.36051
4.5308
4.60914
4.64666
4.02179
4.13986
4.42119
3.91468
3.44526
4.11312
3.67058
4.43022
4.78898
4.00294
3.71033
3.85242
4.40286
4.39942
3.98624
4.89975
4.11909
4.64598
4.26478
3.79583
4.58752
4.17853
4.45725
4.34776
4.64009
4.37624
4.35222
4.29367
4.12737
5.13868
4.27522
4.04597
4.10791
4.99377
4.06822
3.81745
4.04684
3.98657
3.74632
4.57201
4.7774
4.35792
4.45525
4.79062
4.44672
3.89752
4.16974
3.78938
4.50021
4.45159
4.48505
4.56441
4.92828
4.57991
3.63834
4.33511
4.90755
4.21561
5.1772
4.97183
4.77526
4.40593
3.9258
4.57516
4.66012
3.67538
4.90329
4.79781
4.22377
3.73967
4.6858
4.32399
4.058
4.49064
4.40336
4.45747
4.41374
4.41661
3.37582
4.48436
4.05115
4.02961
4.26572
4.48931
4.00906
4.11924
4.62644
4.04164
4.01767
4.14687
4.4955
4.20312
4.13492
4.49569
4.64295
5.32894
4.85984
4.81873
4.17583
5.19429
4.48083
4.7856
4.43241
4.05473
4.02526
4.44054
4.00654
4.73929
4.59628
5.02295
4.25992
4.21142
4.27161
4.39155
4.43413
4.50093
4.51386
4.32838
4.56077
4.21916
4.50822
4.67444
4.63016
4.54575
4.34835
4.57767
4.47017
4.78174
5.12261
4.1433
3.98709
4.47437
4.46764
4.1038
4.76196
4.92555
4.86447
4.28614
4.86154
4.15874
4.89008
4.9765
4.42748
4.88177
5.68372
4.9577
4.74221
4.31909
4.62996
4.40083
5.07939
4.49894
4.06226
4.63735
5.14775
5.06064
5.33466
4.89217
4.43762
4.42945
4.28522
4.66938
4.84561
5.0766
4.26232
4.11289
4.611
4.58851
5.08464
5.31377
4.27357
4.67227
4.6456
4.55562
4.903
5.37932
4.86416
4.19922
4.31589
5.09983
4.81656
4.66859
