0.284124
0.344131
0.296654
0.282846
0.24559
0.418112
0.361149
0.274207
0.197399
0.291063
0.291527
0.297261
0.28061
0.921968
0.822673
0.860091
0.204553
0.207242
0.538149
0.31678
0.27573
0.280054
0.586346
0.653902
0.769892
0.622837
0.490416
0.496658
0.602163
0.278009
0.559301
0.653255
0.622512
0.5581
0.730902
0.654356
0.347515
0.474299
0.327254
0.459096
0.326245
0.473542
0.258617
0.297587
0.331613
0.637129
0.373186
0.637682
0.724593
0.544265
0.383071
0.834825
0.684635
0.378384
0.685875
0.639226
0.422145
0.436411
0.400456
0.589921
0.35744
0.57621
0.95563
0.732198
0.620933
0.320101
0.68476
0.454604
0.32497
0.332901
0.310322
0.610058
0.68437
0.626662
0.216661
0.566159
0.441283
0.440543
0.373424
0.428481
0.651275
0.860255
0.667716
0.535664
0.68101
0.343276
0.38377
0.57714
0.503603
0.42101
0.51926
0.42418
0.507903
0.405669
0.520901
0.361246
0.486239
0.623875
0.344143
0.411288
0.310001
0.468013
0.618532
0.324662
0.284047
0.416647
0.394805
0.326642
0.353027
0.240104
0.302006
0.346395
0.58903
0.368452
0.63099
0.411049
0.545932
0.526055
0.352111
0.275196
0.335267
0.239489
0.340641
0.329084
0.263981
0.413646
0.333837
0.39858
0.305227
0.448776
0.344196
0.212528
0.372792
0.212327
0.313012
0.264375
0.244698
0.267872
0.212039
0.389906
0.326366
0.170488
0.331973
0.376572
0.203754
0.189398
0.32247
0.203083
0.323255
0.294444
0.285619
0.220012
0.263564
0.284077
0.212685
0.141949
0.14457
0.13403
0.294318
0.276668
0.267886
0.216502
0.373631
0.360016
0.25761
0.210088
0.226241
0.244373
0.205466
0.225701
0.301788
0.169103
0.286738
0.296049
0.512113
0.523529
0.20503
0.441956
0.305838
0.161934
0.305708
0.392633
0.256691
0.247355
0.510932
0.328746
0.311196
0.208153
0.231512
0.306391
0.207204
0.275789
0.313269
0.383986
0.280968
0.154585
0.398463
0.239229
0.235623
0.350696
0.313569
0.395057
0.437398
0.448888
0.309453
0.277956
0.32033
0.200543
0.297929
0.282423
0.29033
0.296096
0.36209
0.312757
0.350169
0.219205
0.242329
0.227321
0.23433
0.388953
0.226114
0.289151
0.201383
0.229189
0.172154
0.177973
0.235532
0.192755
0.324617
0.403655
0.178181
0.263078
0.195936
0.22913
0.268494
0.347932
0.262068
0.199127
0.210726
0.29981
0.204306
0.155545
0.113754
0.152388
0.142099
0.183317
0.170568
0.214872
0.149974
0.268746
0.156589
0.276309
0.275524
0.180038
0.216312
0.247369
0.212677
0.190436
0.1862
0.207267
0.188336
0.1476
0.110779
0.185057
0.186909
0.239432
0.20283
0.135275
0.195595
0.205504
0.286549
0.246129
0.214659
0.220799
0.245057
0.24471
0.254469
0.194969
0.182453
0.191515
0.212362
0.224053
0.277082
0.202097
0.218981
0.20945
0.190345
0.182532
0.22423
0.201753
0.209714
0.280253
0.240183
0.196251
0.264864
0.195257
0.205192
0.204556
0.203925
0.198647
0.244499
0.236939
0.210187
0.212645
0.18398
0.162744
0.147846
0.213246
0.191428
0.20725
0.235544
0.217581
0.141304
0.191635
0.168354
0.231983
0.229005
0.272295
0.276608
0.269708
0.181133
0.17
0.166786
0.184368
0.169516
0.206323
0.205874
0.184715
0.170954
0.177588
0.193659
0.154826
0.185478
0.178346
0.191992
0.145984
0.158923
0.154423
0.133804
0.159981
0.26897
0.227498
0.206725
0.223806
0.241961
0.178087
0.142731
0.144499
0.165759
0.187693
0.232767
0.213145
0.172491
0.153761
0.151085
0.160284
0.187744
0.203337
0.169252
0.19198
0.158973
0.139636
0.181597
0.195615
0.188259
0.233007
0.189851
0.193125
0.191415
0.158455
0.178541
0.192837
0.215281
0.216004
0.201645
0.1942
0.167545
0.170648
0.216212
0.231125
0.324012
0.229827
0.173574
0.185686
0.19185
0.164801
0.180764
0.252833
0.205815
0.225224
0.235846
0.241827
0.227384
0.207071
0.239484
0.180919
0.191826
0.146656
0.153821
0.158595
0.16036
0.183815
0.16513
0.205949
0.26412
0.264284
0.221529
0.195469
0.196502
0.191793
0.218918
0.215724
0.229673
0.1985
0.205783
0.183443
0.194312
0.219616
0.206292
0.140272
0.223828
0.225728
0.181917
0.182183
0.227331
0.203464
0.221779
0.241135
0.240418
0.206811
0.266948
0.321732
0.392045
0.329312
0.318175
0.325556
0.306008
0.32969
0.205123
0.382201
0.324501
0.592409
0.364469
0.291977
0.282295
0.313245
0.308593
0.297254
0.261758
0.276521
0.195349
0.188768
0.214933
0.242099
0.21046
0.414339
0.3102
0.289038
0.220599
0.160165
0.217622
0.178164
0.238943
0.155247
0.169738
0.265901
0.158318
0.163933
0.205942
0.392322
0.238149
0.347468
0.154396
0.150405
0.189356
0.127398
0.16864
0.159732
0.138895
0.141143
0.179679
0.227478
0.16695
0.148238
0.321813
0.242281
0.181069
0.24554
0.275261
0.142616
0.16631
0.245666
0.153782
0.126204
0.194489
0.148035
