0.299783
0.328367
0.269577
0.312057
0.286061
0.257101
0.289735
0.436516
0.415484
0.388403
0.441525
0.37669
0.291081
0.361725
0.312759
0.415976
0.262558
0.3935
0.346155
0.31841
0.238404
0.320935
0.279423
0.358489
0.279225
0.338166
0.298276
0.279641
0.353938
0.416125
0.319099
0.329298
0.343507
0.360889
0.341303
0.405248
0.393341
0.263738
0.424074
0.366548
0.36651
0.363454
0.313968
0.269013
0.313684
0.36465
0.400774
0.347896
0.347564
0.391109
0.419401
0.411139
0.353803
0.445173
0.41987
0.452065
0.414308
0.476967
0.51134
0.519091
0.592153
0.560712
0.481194
0.413582
0.561104
0.464659
0.498404
0.627696
0.715564
0.82229
0.58909
0.461767
0.469126
0.41378
0.518679
0.491739
0.520279
0.578071
0.60265
0.60183
0.582386
0.534186
0.559092
0.497596
0.521902
0.546143
0.543256
0.541756
0.66595
0.564884
0.5941
0.568108
0.494841
0.554751
0.414146
0.449904
0.544519
0.463238
0.545487
0.474328
0.516878
0.447157
0.545045
0.517426
0.421468
0.48888
0.490846
0.523376
0.594181
0.538016
0.604638
0.429808
0.379503
0.508588
0.448805
0.505658
0.460503
0.451229
0.499521
0.420185
0.46687
0.340661
0.453753
0.538552
0.527682
0.57768
0.581085
0.428144
0.560854
0.516855
0.558493
0.568306
0.589411
0.5444
0.560711
0.471039
0.604685
0.574997
0.48827
0.574607
0.577868
0.518181
0.643219
0.579438
0.622247
0.62553
0.524377
0.589531
0.605629
0.588796
0.712982
0.521468
0.785806
0.625589
0.68887
0.565439
0.534085
0.603092
0.66729
0.521445
0.707048
0.553208
0.553524
0.614623
0.603462
0.746181
0.552005
0.679491
0.583286
0.704382
0.616465
0.717594
0.559859
0.667424
0.725335
0.625108
0.576656
0.637199
0.587737
0.714318
0.557167
0.63277
0.637458
0.710689
0.714688
0.644487
0.747448
0.788633
0.775752
0.762572
0.812795
0.734045
0.674749
0.775655
0.840023
0.709602
0.670223
0.620751
0.716935
0.776129
0.831933
0.7966
0.71542
0.842581
0.757101
0.816581
0.79003
0.83655
0.827926
0.815444
0.965811
0.770365
0.859489
0.961237
0.890831
0.965802
0.982334
1.17691
1.05025
1.04317
1.23555
0.783818
0.801874
1.1182
0.90293
0.972777
1.13919
0.985225
0.908489
0.991653
0.93072
1.09927
0.939436
1.04203
1.00814
1.11495
0.933197
0.919347
0.984958
1.20587
0.931981
1.2249
0.955032
0.957941
1.01583
0.861425
1.1933
0.876819
1.11169
0.989764
1.15847
1.20864
0.736573
0.891753
0.987822
1.05868
0.768506
0.954208
1.0538
0.995792
0.897662
1.33623
1.3583
1.52963
1.42918
1.27146
1.25799
1.15459
0.73411
1.12214
1.34812
1.56382
1.09205
0.963455
0.934545
