4.35643
3.05427
1.43529
0.889601
0.523408
0.499222
0.49119
0.774169
0.933677
1.13095
1.25872
1.28212
1.34043
1.32361
0.980796
0.948954
0.938898
1.0783
0.618547
0.823732
0.774035
0.759934
0.708579
0.706832
0.654008
1.11907
0.860645
1.18251
0.952921
1.07799
1.12562
1.12471
1.06154
1.42021
1.74504
1.24095
1.44064
0.981133
1.34905
1.35996
1.21003
1.14459
1.66361
2.23474
1.49615
1.45185
1.93101
1.51941
1.06333
1.79804
1.27827
1.29071
1.59715
1.76402
2.26726
1.41428
1.27084
1.44736
2.02689
2.37823
2.01156
1.86328
2.53073
1.95687
1.69172
2.16114
2.0379
2.13616
2.79253
2.68881
2.7027
2.56481
2.60652
2.64583
3.5247
2.19691
2.61555
2.64347
3.30135
3.68658
3.5334
2.54746
2.65802
3.32174
2.85758
3.5425
3.27162
2.91619
3.2346
2.92189
3.21189
3.55199
3.04268
2.75939
3.37223
3.27249
3.60788
2.95188
3.99418
3.17042
3.19064
4.32993
3.1831
3.46277
3.36523
3.1148
2.98892
2.53383
3.04114
4.83604
3.44481
3.79145
4.33044
3.87676
2.56812
3.91988
4.85708
3.21377
3.89769
2.89703
3.07881
3.74429
2.86794
3.08944
2.60752
3.29132
3.63054
4.05993
4.5612
6.83979
4.11229
