0.407761
0.482171
0.47702
0.393625
0.393971
0.431595
0.458852
0.541947
0.55891
0.550985
0.491708
0.601944
0.684696
0.789559
0.812718
1.01823
0.787911
0.786879
0.86685
0.988902
0.908176
0.74759
0.745444
0.794011
0.791706
0.764729
0.796014
0.857953
1.00237
0.951554
0.867074
0.753462
1.25146
1.16655
1.0653
1.09078
1.13199
1.19847
1.15103
1.38723
1.30705
1.52359
1.39948
1.57881
1.54744
1.6348
1.63947
1.36302
1.68195
1.75557
1.47776
1.29103
1.37768
1.44263
1.59416
1.61756
1.85844
1.72082
1.5632
1.7655
1.77625
1.74357
2.00326
1.92512
1.9428
1.87215
1.61841
1.71969
1.72804
1.6198
1.79193
1.80897
1.93789
2.045
2.02924
2.1106
1.92655
2.07262
1.64598
2.26573
1.71672
1.57059
1.93881
1.96649
1.96023
1.687
1.92817
1.83664
2.02532
1.84125
1.76182
1.61742
1.72364
2.01184
1.75139
1.54371
1.74403
2.70707
1.83277
2.24492
2.29592
1.97029
2.3459
2.44693
2.19379
2.33544
2.53097
2.27357
2.789
2.81464
2.51569
2.19037
2.37177
2.30717
2.46704
2.1887
2.42324
2.47721
2.65174
2.89023
2.86228
2.84419
2.62716
2.6533
2.37109
2.97117
2.83797
2.66486
2.83847
2.73393
2.54897
2.78222
2.15626
2.7961
2.61468
3.40663
2.85248
2.70198
2.76608
2.77007
2.76002
3.16024
2.71761
3.25554
2.75841
2.78569
3.31766
3.26474
3.82765
2.82091
2.96656
3.06678
3.62402
3.35435
2.89352
2.9659
2.83278
4.59667
3.12601
3.50611
2.96313
3.70919
3.85299
3.19647
4.04907
3.61334
3.69085
3.32628
3.34414
3.76938
3.94004
3.48175
4.16124
3.37408
4.3065
4.42635
4.01762
3.85615
4.35362
4.0583
3.74534
3.91821
4.50816
5.30698
5.07564
4.28022
4.41191
4.14058
4.45431
4.26588
4.96188
5.35299
4.82114
5.03941
3.54609
5.02677
4.25325
4.87938
4.38771
5.07625
4.55279
5.41415
4.28637
6.00182
4.16445
6.00798
5.4348
4.71658
6.84596
5.79728
6.81144
5.57821
5.01602
6.58907
5.59686
7.29372
6.3443
7.20659
5.38759
4.57847
5.75308
4.00069
5.22218
5.39494
7.92611
6.68328
8.25713
5.8262
5.21915
3.82561
3.61296
3.17204
5.36284
5.43742
5.86138
6.52197
8.11926
7.89216
7.20692
8.608
10.8825
8.17614
6.65623
2.54829
2.90731
2.47686
1.51086
1.11314
1.13208
