1.180800
1.279200
1.553780
1.255730
0.914810
1.133340
1.398680
1.401250
1.079220
1.320730
1.489660
1.719820
1.701590
1.545070
1.690110
1.332470
1.566760
1.674150
1.561980
1.657330
1.842510
1.731140
1.442000
1.554190
1.705490
1.273650
1.288590
1.496210
1.340450
1.756650
1.721080
1.596660
1.906670
1.888530
1.847760
2.101620
1.887380
1.493600
1.807220
1.551670
1.812190
1.407800
1.500800
1.154400
1.597370
1.637130
1.312510
1.818710
1.342830
1.441000
1.751580
1.323100
1.742670
1.483500
1.428270
1.487960
1.667230
2.120690
1.562190
1.245790
1.676810
1.572980
1.447420
1.603680
1.670830
1.270720
1.626400
1.797740
1.822730
1.479060
1.305450
1.363190
1.367130
1.544730
1.555670
1.403970
1.395210
1.396970
1.412770
1.267440
1.280750
1.714840
1.464440
1.431100
1.267110
1.332730
1.221180
1.725470
1.444750
1.054850
1.250100
1.208630
1.837280
1.768220
1.840660
1.301240
1.612960
1.652340
1.592810
1.463100
1.680530
1.339230
1.735380
1.951740
1.952680
1.493910
1.490380
1.498590
2.077370
1.539680
1.542740
1.664590
1.650750
1.868560
1.676560
1.622050
1.371530
1.542760
1.262950
1.084630
1.208610
1.261340
1.219290
1.623180
2.867100
2.272770
1.966010
2.283600
3.050580
3.237330
3.067980
2.654180
3.192280
3.377080
3.195860
3.064850
2.189120
2.094780
2.091680
1.910800
1.922240
1.413680
1.584800
1.403100
1.471020
1.283290
1.076850
1.088970
1.620800
1.373970
1.853360
1.528580
1.221830
1.067230
1.551250
1.521650
1.814800
1.702950
1.215750
1.834940
1.590850
1.171130
1.519190
1.556490
1.783380
1.432780
1.264310
1.565920
1.647800
1.640440
1.453230
1.368280
1.346070
1.079510
1.291010
3.375440
2.045450
1.707430
2.430680
1.438770
1.561750
1.778110
2.620140
2.584880
2.225120
2.743970
3.804110
4.052650
2.485990
2.421420
2.073240
2.338930
2.970210
2.566300
2.686540
2.193700
2.595350
1.821170
2.382280
2.797770
2.577290
2.993410
2.417780
2.013700
2.227130
2.933890
2.160570
2.126640
2.414130
2.838900
1.796320
2.587860
2.303890
2.276410
2.797130
2.310260
2.347230
2.191860
2.526580
2.284750
2.149930
1.861020
1.949110
1.966960
2.017070
2.095850
2.619680
2.285630
2.360720
2.329400
2.320710
2.700420
2.316880
2.222550
2.469760
2.543360
2.307200
1.961200
2.624970
2.876810
2.661290
2.231210
2.741860
2.197180
2.194890
2.380230
2.387740
2.819250
2.846730
2.422900
2.785160
2.802110
2.277710
2.414270
2.051310
2.267780
2.381280
2.313190
2.445190
2.396590
2.106240
2.269860
2.358820
1.963970
2.374690
2.151890
2.382210
2.194950
2.447360
2.086650
2.039130
2.164160
2.112400
2.008840
2.206130
2.123550
1.954450
2.328910
2.245220
2.255190
2.538890
2.230450
2.499340
3.130440
2.739540
3.206740
1.994210
2.169820
2.426560
3.013460
2.177440
2.598120
2.852300
2.538580
2.467590
2.462700
2.521020
2.536260
2.885340
2.656720
2.687760
2.864870
3.258180
2.404610
3.204640
2.732670
2.734410
2.544590
3.012690
2.686560
2.520360
2.854600
2.924720
2.528780
2.636930
2.449860
2.532650
3.027920
2.722820
3.095460
2.882910
2.698260
2.259110
2.392310
3.432420
3.890650
4.365090
4.645740
3.693020
4.055770
3.947600
3.940600
3.429490
4.173160
4.002570
4.384200
4.273870
3.901310
3.557520
4.072570
3.971520
4.088920
3.922500
4.212840
4.617220
4.049710
4.184100
3.362490
3.008070
3.243720
2.899620
2.364700
3.654430
2.789840
3.575980
3.534270
3.705000
2.899400
3.429890
3.658650
3.593500
3.251320
3.247990
4.521640
4.487790
3.872510
3.061280
4.031730
3.419360
3.535170
4.157510
3.294970
3.715290
3.677720
3.391840
3.446390
3.199550
3.731300
3.289560
3.597780
4.058840
3.576990
3.438160
3.730920
3.228510
4.268720
4.499820
3.743510
2.805280
2.949920
3.020690
2.941760
3.435890
3.482690
3.388080
3.800070
3.423580
3.127220
3.955070
3.372870
4.424930
5.553540
6.502800
5.358430
4.831030
4.627700
4.289310
4.329950
3.832240
4.368230
3.707460
4.779740
4.227360
4.760510
4.393220
4.514430
4.599690
4.675310
5.021080
5.189050
5.282700
4.118640
4.299460
3.901590
4.074760
3.982200
4.530170
4.124040
4.845360
4.373760
4.344430
4.674140
4.685420
4.459580
3.565600
3.985980
4.203030
4.328310
3.658990
5.414110
4.901730
4.699240
4.387630
4.549500
4.686040
4.696730
5.502510
4.946560
4.970480
4.590920
4.733450
4.686520
4.302650
4.288310
4.590440
3.996910
3.920160
4.132010
4.601320
4.876550
4.570280
4.603980
4.927780
4.804410
4.830760
3.948480
5.142850
5.298200
4.645220
4.309500
4.122510
3.616940
3.977030
4.047690
4.479600
5.920590
6.101860
4.703070
4.838830
4.231850
4.857410
5.140400
4.941350
3.737560
4.046360
2.816670
2.877180
2.619320
2.322210
2.778310
3.267080
2.769670
3.089890
3.205510
3.526790
3.970210
4.208380
3.329030
4.605040
3.221650
3.346340
3.958790
3.265560
3.267300
2.570050
2.055430
2.073120
2.321510
1.883610
2.071280
2.055420
2.387750
2.604000
2.630740
2.926140
4.010760
3.891530
3.274580
3.460560
2.825470
2.704460
2.653010
3.361330
3.226300
2.806700
3.883190
4.337210
5.906700
3.856580
3.232210
2.336180
3.837470
3.365420
2.645050
3.180930
2.780020
2.739480
2.778890
2.389770
3.292610
3.017780
2.596580
4.014680
4.686250
3.695240
5.046380
6.107530
4.282480
7.564960
6.445020
6.429380
6.565940
5.664610
5.522270
4.761960
5.557710
5.725780
5.124740
4.449220
4.439660
4.364120
4.842260
7.700960
6.195690
6.630600
7.353880
7.899010
8.573170
6.631980
7.163830
7.686430
6.261250
7.704970
6.132360
7.146270
8.307570
8.306970
7.448350
7.641380
7.014100
7.709360
7.794740
6.818080
6.764020
7.936050
7.745910
7.530400
7.048130
6.879560
7.015940
7.653590
7.796840
8.281810
7.775370
7.118290
7.844800
6.745640
8.192510
6.568140
7.543520
7.225430
7.388190
8.271010
6.697370
7.223950
7.039290
7.558930
5.684230
6.303000
6.008250
5.553510
5.688620
6.994270
6.066340
8.707800
8.105990
8.125690
8.035000
9.082990
9.826160
8.830250
8.555270
7.518560
7.248250
8.227370
6.979610
6.909500
6.464940
7.805870
7.284010
6.964400
8.584040
9.048320
8.412370
8.182680
9.803150
8.606250
10.356500
9.136680
7.396640
8.514940
9.995640
11.097600
6.492290
8.206670
7.015440
8.776830
7.403330
9.425790
9.513880
8.429060
9.757210
9.770690
9.965100
9.630450
10.146500
11.145500
9.083010
9.552700
11.131800
9.466350
9.253320
6.393550
6.684890
8.118600
6.486150
6.506690
5.804950
8.406950
6.733100
8.585590
7.983740
8.389720
5.922540
4.762840
7.946340
9.341320
8.091180
8.833760
9.267750
7.738330
10.171300
10.368300
5.568550
2.809580
2.797940
3.354210
2.899330
