2.71178
4.00451
6.51487
11.7854
13.6754
10.8589
9.46888
7.08734
10.1964
7.56871
4.42645
5.23032
5.24797
4.69738
5.3787
4.30498
4.29513
4.37761
4.00966
4.94631
6.99944
7.28611
4.24124
5.50838
5.58849
7.13786
4.31016
6.69862
7.29325
5.63896
6.90798
5.1989
6.6738
5.61613
6.00022
6.86485
6.35316
5.07134
6.56239
7.75408
6.46206
6.90404
6.47335
5.97133
6.90586
6.31358
5.44905
6.07889
5.8536
6.86301
7.17409
6.44995
7.33056
6.35118
6.05484
6.86596
6.83305
5.86064
6.524
6.54582
7.18359
5.45882
8.48189
6.32242
7.6249
6.08678
7.53012
6.90771
6.23877
7.63457
7.81175
7.11717
5.41526
5.503
6.46992
6.88093
7.25006
6.24346
6.05147
6.67789
6.51568
6.6617
5.38327
6.68992
6.59165
6.23891
5.69667
5.14485
7.22167
6.29298
5.5669
6.6191
7.16997
4.24154
6.11177
6.40085
6.07254
6.35368
5.29178
4.40491
5.50141
5.55317
5.47776
5.71389
6.40896
6.96363
5.55611
6.2102
6.29237
5.20914
4.51394
4.49495
5.09359
3.78321
6.2998
5.53432
4.13298
3.90005
5.37816
4.79208
5.56811
4.37022
4.89427
4.81006
4.79374
4.67428
5.19728
4.83982
5.03542
4.5611
4.81897
4.73893
3.52914
4.51917
4.158
3.34985
4.41131
4.6025
4.87891
4.08822
4.80946
4.37075
3.85138
3.75435
4.23771
4.42694
4.08199
4.08166
3.43665
3.90169
3.94068
4.21752
3.9643
2.58274
3.31181
3.27863
3.95109
4.52025
4.21981
3.40029
3.25765
3.38755
2.26478
3.3127
3.10356
3.27988
3.20628
2.48699
2.75928
2.45525
