2.07133
2.19501
2.1205
2.00504
1.98198
1.791
1.74051
1.52511
1.6718
1.66402
1.42202
1.64887
1.73853
1.59189
1.71206
1.62398
1.66558
1.64161
1.54934
1.64743
1.82739
1.71742
1.49644
1.37087
1.77624
1.55772
1.51831
1.62865
1.98399
1.65064
1.57098
1.81358
1.86544
1.82183
1.76385
1.48728
1.83151
1.5349
1.52529
1.68918
1.84394
1.84922
1.67718
1.65381
1.45028
1.55697
1.36588
1.55333
1.33982
1.25022
1.39421
1.4597
1.66338
1.51747
1.25226
1.40863
1.35659
1.3157
1.26627
1.23682
1.56142
1.37488
1.24158
1.54835
1.54041
1.454
1.61702
1.55447
1.24866
1.46344
1.37646
1.34638
1.49408
1.41168
1.50371
1.24556
1.40025
1.41013
1.26694
1.28761
1.30971
1.14041
1.42232
1.26183
1.10234
1.34972
1.25269
1.35775
1.00986
1.08847
1.01348
1.0165
1.13285
1.1261
1.02615
1.18445
1.01381
1.06094
0.971156
1.013
1.10613
1.02114
1.08199
1.12575
1.06258
1.09035
1.08436
1.07851
1.20319
1.1462
0.965966
1.05835
1.11433
1.14746
1.25452
1.00456
1.10614
1.00717
0.903462
0.916883
0.929603
0.945915
0.942421
1.00838
0.987115
1.00084
0.943803
0.857602
1.05867
0.906417
0.864593
0.826093
0.845491
0.78228
0.920791
0.820216
0.909667
0.753168
0.878029
0.941591
0.861274
0.842092
0.885584
0.89543
0.830863
0.783061
0.888881
0.865064
0.819173
0.756904
0.740207
0.79113
0.829862
0.786271
0.927011
0.803647
0.876409
0.730405
0.987383
1.00369
0.956884
0.956656
0.965292
1.03561
0.995696
0.910768
0.873175
0.926315
0.927842
0.916187
0.934818
0.818963
0.78029
0.926748
0.889163
0.948647
0.927306
0.805645
0.965316
1.07568
1.08101
0.903989
0.822433
0.831029
0.889459
0.797605
0.721018
0.922794
0.938524
0.762072
0.646156
0.708835
0.670074
0.761098
0.746144
0.66083
0.931091
0.746774
0.759765
0.793172
0.714741
0.821022
0.767461
0.811074
0.750619
0.718597
0.698388
0.720987
0.757876
0.811904
0.711572
0.721241
0.716433
0.688844
0.710595
0.749014
0.824163
0.755044
0.691433
0.71959
0.719793
0.77454
0.706437
0.751195
0.792418
0.815153
0.71577
0.754805
0.74052
0.743657
0.747941
0.842094
0.799358
0.737998
0.73345
0.645421
0.712855
0.863039
1.02949
0.919508
0.757345
0.650651
0.73591
0.734336
0.790358
0.83091
0.859648
0.833464
0.764454
0.725339
0.720039
0.782493
0.920463
1.01313
0.920843
0.859262
0.781105
0.690527
0.691083
0.88283
0.897697
0.707494
0.763602
0.767084
0.936224
0.851378
0.619657
0.623583
0.945328
0.919627
0.771326
0.711
0.729681
0.701261
0.714343
0.665624
0.776036
0.716186
0.689924
0.693471
0.723441
0.67485
0.73394
0.630301
0.755335
0.719069
0.725961
0.733947
0.75952
0.660723
0.695393
0.622271
0.673769
0.790087
0.662535
0.66832
0.70657
0.788945
0.643198
0.845335
0.845403
0.776977
0.732458
0.754072
0.722335
0.600612
0.661602
0.690682
0.574811
0.619323
0.758683
0.776072
0.889448
1.18984
0.760052
0.576535
0.771523
0.679278
0.537949
0.685062
0.567203
0.48364
0.542355
1.01243
0.54131
0.642278
0.706902
0.658303
0.619791
0.652871
0.592509
0.659476
0.744084
0.663583
0.669409
0.674818
0.612128
0.611276
0.707693
0.65644
0.754495
0.914238
0.7425
0.909508
0.768327
0.985024
0.763555
0.652317
0.652577
0.560207
0.614734
0.587333
0.580914
0.45527
0.574121
0.548493
0.479542
0.592673
0.688088
0.622864
0.583699
0.569769
0.688144
0.745377
0.641382
0.504867
0.67278
0.65517
0.608576
0.596565
0.572281
0.611754
0.62452
0.646067
0.441819
0.524141
0.708006
0.835867
0.926128
1.07893
0.88214
1.03369
1.03143
1.06879
1.03929
1.30188
1.14926
1.07426
1.25843
1.11891
0.903462
1.10663
0.867849
0.959485
0.800682
0.699731
0.810546
0.754736
0.843141
0.689517
0.86238
0.933942
1.04886
1.00877
0.951672
0.775409
0.626527
0.591671
0.537747
0.579709
0.67941
0.641774
0.544156
0.641468
0.564763
0.646483
0.567362
0.792455
0.63598
0.630466
0.640083
0.800188
0.750992
0.760455
0.75265
0.751916
0.682871
0.61756
0.659762
0.614303
0.629207
0.538449
0.438231
0.445913
0.45534
0.465978
0.410287
0.530144
0.357197
0.432273
0.50022
0.380335
0.388765
0.383147
0.389177
0.548791
0.54364
0.660206
0.555836
0.624767
0.615567
0.666454
0.618611
0.569493
0.688159
0.659232
0.699958
0.653173
0.643621
0.686551
0.61504
0.619875
0.648622
0.632656
0.623334
0.855744
0.850043
0.805293
0.887902
0.743153
0.741315
0.617831
0.63865
0.612304
0.640442
0.645068
0.683704
0.746805
0.819138
0.844581
0.757334
0.757184
0.851095
0.820941
0.803472
0.820744
0.768361
0.742371
0.830083
0.838823
0.858654
0.835515
0.798105
0.79947
0.834148
0.82439
0.895864
0.884058
0.794114
0.863726
0.887593
0.763354
0.860954
0.887066
0.936037
0.883469
0.878492
0.86331
0.890535
0.911401
0.882352
0.897457
0.81908
0.862843
0.876758
0.853304
0.862335
0.825987
0.751715
0.809039
0.771393
0.827908
0.786966
0.820113
0.779767
0.71583
0.702082
0.657259
0.574103
0.493148
0.493688
0.424581
0.419486
0.4837
0.496193
0.418605
0.399831
0.381434
0.363852
0.310677
0.328722
0.373756
0.373921
0.394268
0.389494
0.334924
0.260233
0.246343
0.227264
0.177785
0.20497
0.24091
0.204699
0.182264
0.194552
0.27425
0.278229
0.277521
0.254137
0.24633
0.254345
0.249271
0.261926
0.276948
0.285811
0.32903
0.316378
0.238094
0.254439
0.306704
0.234874
0.249519
0.314267
0.241069
0.24408
0.26386
0.265754
0.224149
0.238592
0.267626
0.262487
0.245494
0.239539
0.205348
0.228846
0.223149
0.264906
0.255111
