7.30464
8.38824
7.84291
14.3419
15.4779
16.2005
14.4018
10.9331
10.3277
11.4
10.3468
6.77059
8.91182
9.01832
10.791
11.6182
7.86846
6.76894
6.856
6.74496
6.85621
6.63548
6.53966
5.95444
6.37879
5.29011
5.4253
5.27597
6.49412
10.9399
13.8513
12.2526
12.0908
15.3987
13.0317
9.66266
16.8034
10.5109
6.00279
5.65663
5.64236
6.22026
9.10746
12.9007
14.3274
13.2152
12.3003
10.7169
12.8377
10.407
11.823
11.5587
9.91507
10.7761
9.19663
14.2877
11.4923
9.46551
10.3184
8.51571
8.4597
7.84145
11.8105
14.1816
11.6187
13.493
13.1857
13.9923
12.1684
8.77722
9.93634
11.4347
9.14543
9.06723
9.68762
12.5093
10.3787
10.7282
12.6521
10.9622
11.377
11.0246
11.6076
11.1803
11.4939
10.1396
10.2051
8.12315
8.17244
9.71697
8.55555
8.70005
7.86085
9.00614
7.91648
9.48066
9.67488
9.64877
8.84989
8.16984
8.64579
7.4825
7.74864
8.11839
8.99411
7.8407
9.11715
7.33127
7.61588
8.19374
8.68013
8.64351
8.24646
6.83631
7.01691
6.55989
7.10677
7.82234
7.64108
6.92414
6.20515
6.2481
6.27345
7.06498
7.49573
5.76941
6.48549
7.20154
5.31458
5.19531
5.78368
6.20372
6.28578
5.35583
5.35423
4.93386
4.95338
5.32413
5.83079
5.32729
5.33645
5.34391
5.06201
4.80813
5.41231
5.62441
6.34986
5.9038
6.55233
5.99088
5.86333
5.66757
6.2716
6.15443
5.08315
5.31992
5.68161
5.62926
4.92174
4.87608
4.22676
4.64033
4.79071
4.45386
4.32338
4.83036
5.16879
5.0737
4.47792
5.3493
5.20371
4.76005
4.54456
4.32526
3.65444
4.23412
3.62265
3.75056
3.89065
4.10423
3.59756
4.62791
4.4616
4.74002
3.85092
2.89011
3.08204
3.07446
3.42181
3.29897
3.06779
3.41768
3.18158
3.68569
3.00345
3.18549
3.08059
3.11718
2.77944
2.43011
2.83548
2.24798
2.72311
2.665
3.05571
2.45034
2.48271
2.59006
2.28665
2.87626
3.06448
2.53394
3.09897
2.82374
2.91561
2.72085
3.06301
2.52492
2.91265
2.61037
2.26967
2.45554
2.75337
3.15703
2.72631
2.74514
2.8747
2.89216
2.68673
2.36206
2.51846
2.47456
2.56352
2.40282
2.12162
2.11903
2.57338
2.63213
1.96511
2.07445
2.50941
2.08052
1.94956
2.21482
2.54089
2.2846
2.07714
1.87362
2.29337
2.05492
1.95134
1.80411
2.13448
1.68466
1.92676
1.94319
1.85948
1.82267
1.85096
2.28881
1.97482
1.92811
1.75054
1.67813
1.63246
1.75865
2.17614
1.93823
1.90972
1.61311
1.73878
1.57418
1.78402
1.75368
2.17802
1.83912
1.49198
1.55174
1.59934
1.48355
1.61454
1.59053
1.4745
1.54807
1.56214
1.50048
1.58142
1.49864
1.53111
1.76093
1.63775
1.76637
1.59048
1.39769
1.47489
1.83614
1.73026
1.70165
1.59891
1.51494
1.51752
1.53027
1.65456
1.51887
1.7576
1.51179
1.46468
1.6948
1.80868
1.70235
1.76224
1.72655
1.35977
1.62234
1.56122
1.68738
1.45358
1.66273
1.3908
1.43305
1.62028
1.66984
1.54874
1.56544
1.49588
1.56422
1.59648
1.26448
1.43298
1.31464
1.5306
1.60176
1.29457
1.16897
1.38759
1.34843
1.43792
1.43629
1.40111
0.940146
1.53884
1.37586
1.32141
1.53446
1.0147
1.05367
1.37417
1.35745
1.22309
1.30581
1.36226
1.36821
1.12209
1.37693
1.17049
1.16034
0.971476
1.071
1.24813
1.00866
1.32997
1.51542
1.34703
1.30308
1.07172
1.25599
1.36869
1.27452
1.19826
1.30381
1.18462
1.07084
1.10545
1.10419
0.974419
0.946857
1.08821
1.0897
0.959877
1.02688
0.912668
1.04974
0.974586
0.709954
0.954628
0.960117
1.17197
1.05546
1.0285
0.844487
0.906338
0.88013
