0.0465607
0.0517763
0.0564132
0.0331105
0.0402307
0.0401991
0.0491157
0.0483799
0.0505464
0.0490465
0.0451379
0.0575281
0.062898
0.0534528
0.0462353
0.0713959
0.0846256
0.0758235
0.0953136
0.0674844
0.069969
0.0690716
0.0614407
0.0668622
0.0689991
0.0709396
0.071209
0.0781679
0.0823618
0.0902145
0.0757075
0.0759737
0.0683306
0.0813106
0.0774745
0.121732
0.162842
0.127292
0.180175
0.216329
0.175338
0.233932
0.319221
0.28931
0.330863
0.353329
0.314391
0.3247
0.428012
0.396904
0.521692
0.441958
0.550856
0.592653
0.586041
0.649431
0.58384
0.710988
0.838914
0.878581
0.842101
0.755739
0.736121
0.730025
0.755621
0.744006
0.713669
0.720181
0.75128
0.699481
0.729425
0.801001
0.721655
0.746521
0.782744
0.835608
0.753337
0.763443
1.09743
0.789213
1.02693
0.872938
0.937886
0.675334
0.804046
0.881371
0.88026
0.955328
0.839777
1.04337
0.944866
0.861175
1.13989
1.15843
0.81962
0.827873
0.791345
0.946069
1.19551
0.942114
1.03942
0.977068
1.33579
1.27078
1.13054
0.981979
1.03323
1.02906
1.05437
0.94422
1.06084
1.04795
1.0692
0.993057
1.30949
1.15036
1.1789
1.12108
1.40481
1.14624
1.15716
1.30495
1.17955
1.30807
1.19997
1.24112
1.28889
1.12079
1.35091
1.23151
1.45214
1.37049
1.35519
1.66295
1.45578
1.39102
1.31762
1.41608
1.40547
1.22939
1.41379
1.57824
1.83403
1.68861
1.59389
1.63457
1.47767
1.32985
1.5357
1.81145
1.92938
1.87399
2.09572
2.31675
2.12192
1.60603
1.53016
1.40049
1.7012
1.61304
1.79737
2.13173
1.87083
1.91212
1.97618
1.92481
1.72595
1.42826
1.77184
1.61245
1.91824
1.94895
2.26964
2.25666
1.92769
1.87448
1.82347
2.04021
1.82882
1.75206
2.14133
2.01743
2.03095
1.8334
1.9448
1.40516
1.74865
1.47098
1.58419
1.57685
2.43662
2.676
2.29724
2.40142
2.04337
2.78249
2.51344
0.736411
0.810803
0.955327
0.844864
0.705483
0.647989
0.587241
0.602808
0.523082
0.591611
0.613774
0.606422
