6.15946
7.77512
11.0054
12.452
16.7336
30.0229
30.7426
43.6058
31.91
22.0615
19.7817
24.4786
17.749
18.6881
12.4894
13.4502
13.238
12.9623
11.4124
8.7539
10.1017
11.7791
11.297
10.3677
10.1016
12.0156
9.86579
8.71874
8.67146
10.9745
10.9561
9.99072
10.9006
12.681
9.85551
12.0578
11.8566
13.391
11.5827
12.0297
12.7304
12.9891
11.313
12.5686
13.4585
13.7784
13.4662
14.775
14.0924
12.5542
13.2683
12.6541
14.4671
13.3166
12.5002
11.7916
12.5007
11.1524
11.0014
12.4467
10.8026
11.9374
12.8161
11.8728
11.101
11.627
12.8468
14.4348
12.9524
13.2895
12.5881
13.9676
12.7127
12.1291
12.294
11.3392
12.9001
11.8501
11.5819
10.3777
11.4031
10.7356
12.2805
11.9789
11.6483
11.7844
11.4737
11.0929
12.0733
10.6109
10.8048
10.7099
13.0478
11.7556
10.7632
10.5287
11.5722
11.0296
10.1003
11.1095
10.7026
10.6782
11.4988
12.186
11.8958
12.0646
11.3551
10.7362
10.9307
11.134
11.114
10.9979
9.72022
11.146
10.8976
9.69642
9.53045
9.29297
10.3338
9.80053
10.3796
10.2475
9.59933
9.87837
10.4616
11.0372
10.1571
11.8263
10.7215
9.61004
10.8988
11.5003
11.0906
10.8191
10.5989
10.7046
10.3047
9.38038
8.66331
10.4147
10.8811
10.2343
9.83844
8.68694
9.00891
9.09666
9.17399
9.75675
8.60581
10.9731
9.76191
10.4143
9.01985
10.3763
9.12042
8.41238
