0.092016
0.0973897
0.102841
0.118221
0.126373
0.130516
0.126399
0.14207
0.142438
0.148158
0.184077
0.276082
0.224591
0.184668
0.217653
0.284867
0.290874
0.309515
0.224687
0.23914
0.258345
0.246881
0.202202
0.16437
0.157061
0.243793
0.180687
0.215658
0.208774
0.211371
0.213992
0.223497
0.224805
0.184607
0.277808
0.28974
0.278643
0.141268
0.263241
0.250805
0.234394
0.28779
0.287817
0.225539
0.259053
0.174482
0.147296
0.344337
0.255664
0.286339
0.291288
0.273629
0.354224
0.303901
0.259178
0.23516
0.240842
0.393402
0.371417
0.330233
0.472253
0.273644
0.218666
0.305702
0.361022
0.318282
0.188117
0.289218
0.361778
0.366551
0.231089
0.335837
0.467897
0.328304
0.409789
0.243794
0.289959
0.213014
0.462433
0.313512
0.424164
0.448566
0.381803
0.509869
0.599978
0.310435
0.248642
0.323461
0.487652
0.257519
0.295003
0.382114
0.543137
0.387988
0.299163
0.283356
0.310412
0.449396
0.542492
0.609165
0.729193
0.644014
0.427506
0.571478
0.641829
0.503094
0.540472
0.606981
0.562591
0.529442
0.520208
0.509909
0.63698
0.451709
0.435064
0.538168
0.637779
0.618404
0.574995
0.526292
0.729261
0.652892
0.800799
0.66735
0.78495
0.698446
0.542768
0.480359
0.504327
0.589249
0.642256
0.761579
0.784844
0.721184
0.607211
0.768274
0.797026
0.718745
0.852508
0.888874
0.659973
0.715114
0.871805
0.74626
0.875304
0.503073
0.915269
0.820509
0.969369
0.855877
0.771739
0.934238
1.13338
0.88756
1.04967
0.880504
0.643342
1.09937
0.835075
1.14499
0.920645
0.964944
0.877484
0.825414
0.819219
0.937008
1.02024
0.994617
0.811081
0.953291
0.76532
0.751356
0.816627
1.24219
0.928297
0.841149
0.99198
0.866753
1.41797
1.31872
1.08619
0.832417
1.0524
1.06228
1.01012
1.03546
0.970505
0.893749
0.936803
1.06234
1.08642
1.03855
1.25268
1.04397
0.967565
1.15894
1.05113
0.698522
0.915832
0.671638
0.86732
0.777795
0.700404
0.764437
0.540281
0.737556
0.546708
1.23012
0.917562
1.20401
1.17173
1.16141
1.69976
1.06724
1.66114
0.916099
1.41514
1.17276
0.996133
1.19076
1.07968
0.784038
