6.21927
5.52543
6.74986
6.14215
6.32993
5.76181
5.00514
5.64435
5.82717
4.95566
5.06951
4.17769
5.15132
4.50093
4.36917
4.42921
4.53216
5.14252
3.70256
3.63928
4.01494
4.81977
4.0136
3.72572
3.72833
3.78573
4.08809
4.67132
4.30488
4.09718
3.92121
4.20713
3.5898
3.92189
4.87869
3.27526
4.31007
3.90844
2.01906
3.94976
3.4388
2.91953
2.75497
2.8848
3.42849
2.13206
3.9141
2.84354
2.53601
3.19725
2.64101
2.8698
2.83513
2.4482
2.49659
3.65927
2.58484
2.62873
2.44796
2.50754
1.65693
1.63726
1.37273
1.43684
1.75682
1.43163
2.11955
1.60141
1.36426
1.047
1.18973
1.48412
1.63884
1.51553
1.69579
1.38422
1.2577
1.24243
1.03252
1.18119
1.13504
1.40025
1.00328
1.64137
1.05888
0.691306
0.844141
0.91344
0.53165
0.502207
0.441063
