1.21818
2.0224
2.10886
1.80274
1.68668
1.52214
2.0609
1.76656
1.91483
1.90034
1.83714
1.7985
1.0593
1.55488
1.62509
2.19597
1.83411
1.89767
1.86627
2.03876
1.97713
1.92015
1.9807
1.82206
1.86545
1.61969
2.25362
1.68861
1.85118
1.66192
1.66837
1.32743
1.71397
1.66739
1.44556
1.51328
1.43825
1.8845
1.09612
1.1164
1.54121
1.44425
1.01652
1.03309
0.857462
0.940331
1.15174
0.953439
1.12595
1.07592
1.15228
1.24134
1.00013
1.0422
0.991523
1.0222
0.908158
1.33203
1.21553
1.00015
0.971092
1.12307
1.47339
1.7357
1.45859
1.21165
1.83438
1.33102
1.37101
1.24323
1.43802
1.43758
1.69691
1.65939
1.38971
1.38504
1.27361
1.3704
1.5963
1.06444
1.3024
1.11312
1.12341
1.39236
1.24029
1.53632
1.90241
2.02853
1.7182
1.31312
1.50128
1.04085
1.4066
1.96854
1.55555
1.30491
1.43545
1.47089
1.31999
1.54241
1.40675
1.7437
1.47257
1.5872
1.50111
1.67157
1.6455
1.54218
1.52136
1.31714
1.13944
1.47675
1.61713
1.66802
1.50278
1.55952
1.57978
1.34607
1.88156
1.79725
1.3387
2.12278
2.57915
2.31743
1.01477
0.633608
0.574136
0.633067
0.731371
0.881194
0.905109
0.627239
0.530901
0.629353
0.801762
1.41517
2.52915
2.38781
2.39997
2.36641
1.69994
2.13203
2.21425
2.46156
2.24355
2.63437
1.90669
1.89519
1.62444
1.89756
2.25537
1.79192
1.77981
1.85516
1.7516
1.85543
1.94576
1.69888
1.80629
1.94191
1.47266
2.03882
1.79354
1.86143
1.75303
1.5345
1.58388
1.7026
1.60068
1.84055
1.48757
1.19012
1.85896
1.92457
1.73169
1.74159
1.52409
1.57719
1.36235
1.39394
1.60297
1.65516
1.73164
1.59537
1.77195
1.66246
1.71901
1.56394
1.66302
1.31979
1.74252
1.56849
1.29686
1.08106
1.28979
1.23122
1.5384
1.46556
1.39079
1.46277
1.45575
1.60908
1.53104
2.05161
1.61571
1.65049
1.71036
1.47679
1.5779
1.60314
1.59921
1.3595
1.48687
1.3728
1.24296
1.18067
1.25176
1.77279
1.54901
1.55993
1.6017
1.40177
1.88733
1.57331
1.1835
1.08328
1.35721
1.49434
1.72922
1.26719
1.31427
1.61812
1.43518
1.18204
1.18035
1.52079
1.08386
1.13018
1.14571
0.890152
0.902982
1.01559
0.966933
1.41255
1.18993
1.12934
1.18475
1.138
1.1914
1.27763
1.07245
1.05178
1.18823
1.02932
1.01829
1.10755
1.14076
1.07309
1.0723
1.07451
1.0433
1.08063
1.13945
0.903391
0.940797
0.951805
0.857738
1.04647
0.848339
0.9123
0.974815
0.862893
0.923536
0.934446
0.931484
0.810529
0.886281
1.01011
0.922618
1.12635
1.11847
1.05437
0.958698
1.02606
1.14865
1.15352
1.03105
1.05784
1.17249
1.18157
1.2312
1.07389
1.122
1.35124
1.13687
1.1542
1.0971
1.23146
1.11083
1.03543
1.40141
1.16701
1.10997
1.05062
1.07455
0.987313
1.15927
1.1153
1.08532
1.09374
1.04137
1.08547
1.14915
1.13774
0.989954
1.03324
1.01774
1.05606
0.921081
1.02913
1.08531
0.985928
0.897618
1.15123
1.06356
1.09484
0.960734
0.907501
0.949106
0.912819
0.964762
0.849933
0.975914
0.841203
0.882348
0.856644
0.75088
0.842376
0.83317
0.905598
0.79397
0.777966
0.744451
0.688611
0.636302
0.700876
0.634448
0.573226
0.587908
0.617128
0.606641
0.562515
0.542394
0.58638
0.520619
0.707263
0.874636
0.698597
0.517984
0.602455
0.720359
0.581665
0.679008
0.460714
0.407074
0.603375
0.663218
0.891864
1.0029
1.05551
1.07853
0.826931
0.851876
0.708607
0.671833
0.651277
0.577731
0.633228
0.665094
0.56078
0.538518
0.520738
0.560208
0.517417
0.479931
0.587072
0.44264
0.493418
0.461374
0.542615
0.511799
0.487702
0.486196
0.451014
0.500951
0.525405
0.412892
0.604517
0.608619
0.614905
0.6424
0.594171
0.622736
0.52507
0.592222
0.570615
0.515175
0.491183
0.511593
0.613061
0.502016
0.589994
0.521488
0.538316
0.485478
0.512164
0.4765
0.386275
0.448821
0.500981
0.458832
0.43571
0.410805
0.390014
0.45075
0.474088
0.404345
0.413869
0.383752
0.369043
0.359928
0.38034
0.323833
0.332155
0.371329
0.356573
0.361075
0.333443
0.320851
0.250721
0.373567
0.38632
0.325535
0.305099
0.331729
0.347176
0.320206
0.303141
0.271237
0.324722
0.464838
0.430106
0.306712
0.292535
0.331363
0.420261
0.3566
0.290602
0.414653
0.438528
0.435572
0.393752
0.508398
0.455225
0.518722
0.371362
0.331682
0.314547
0.352555
0.486511
0.387616
0.434352
0.515258
0.507975
0.408368
0.461566
0.530511
0.358319
0.415676
0.488232
0.379747
0.304328
0.311356
0.403944
0.413034
0.542204
0.383223
0.356436
0.278031
0.339877
0.344998
0.416783
0.380549
0.371214
0.493769
0.46424
0.366689
0.363961
0.419651
0.346425
0.335536
0.373451
0.362199
0.36967
0.355274
0.322473
0.409896
0.369662
0.387691
0.437908
0.494214
0.378645
0.388572
0.494117
0.393735
0.443566
0.449983
0.562802
0.570217
0.523014
0.511103
0.419105
0.390441
0.367008
0.42282
0.351459
0.469114
0.41071
0.452127
0.314623
0.284541
0.355588
0.349555
0.350485
0.325857
0.369626
0.344571
0.460971
0.426704
0.423643
0.36397
0.328753
0.449535
0.362081
0.333932
0.346167
0.268568
0.359714
0.366034
0.331712
0.328326
0.388724
0.288453
0.374182
0.346991
0.408896
0.35576
0.419653
0.335596
0.349101
0.295088
0.360442
0.277891
0.246849
0.44485
0.431603
0.367484
0.324431
0.310776
0.34529
0.280787
0.340773
0.24591
0.305843
0.412631
0.371283
0.282871
0.409779
0.314575
0.356844
0.401918
0.388553
0.381532
0.358615
0.252896
0.301075
0.315559
0.35055
0.371549
0.297746
0.408489
0.357628
0.320503
0.361276
0.391429
0.332908
0.248471
0.290317
0.336698
0.340243
0.312283
0.338193
0.289282
0.316858
0.300517
0.295073
0.334247
0.342142
0.281138
0.273035
0.306279
0.308401
0.341624
0.291153
0.384723
0.373041
0.263036
0.258104
0.270028
0.248494
0.304654
0.335416
0.278588
0.272596
0.305165
0.306717
0.30675
0.296845
0.344886
0.298508
0.287864
0.29484
0.299517
0.319688
0.269671
0.291584
0.295206
0.308515
0.281138
0.254703
0.24216
0.319829
0.288146
0.293251
0.306456
0.269871
0.269546
0.261864
0.262923
0.248449
0.272463
0.251946
0.281509
0.255139
0.244123
0.264493
0.261568
0.259104
0.206989
0.250901
0.294218
0.295467
0.249087
0.227021
0.22428
0.227369
0.283674
0.262545
0.212333
0.237136
0.247287
0.203162
0.231815
0.198513
0.244598
0.198896
0.201629
0.203361
0.236918
