1.09921
1.04607
1.06113
1.26706
1.32559
1.71413
2.62836
1.69077
1.48236
1.76827
1.2772
0.986725
1.08315
1.16841
1.3732
1.16979
1.03154
1.10944
0.842343
0.996166
0.892093
0.809708
0.937472
0.88046
0.984677
1.21445
1.54932
1.53867
2.00743
2.13693
2.27375
2.535
2.34098
2.20417
2.47141
2.44093
2.0815
2.59909
2.33669
2.8575
2.79307
2.39184
2.62011
2.55433
2.68803
2.61659
2.58964
2.85228
2.30982
2.3293
2.50958
2.71404
2.55635
2.57529
2.33612
2.87961
2.77715
2.3637
2.48116
2.09829
2.46656
2.45498
2.65737
2.3893
2.30698
2.15619
2.37345
2.52252
2.42238
2.60795
2.29857
2.54943
2.99839
2.54185
2.41798
2.47185
2.23638
2.38226
1.82364
2.40252
2.99226
2.52839
2.85843
2.27452
2.16553
2.63143
2.24506
2.68076
2.98807
2.50882
2.75754
2.01073
2.66696
2.37717
2.36143
2.80897
2.39362
2.23464
2.3182
2.40794
2.38571
2.84543
2.54591
2.20586
1.39148
1.59171
1.822
1.91725
1.70373
1.94365
1.82338
1.82926
2.3483
1.69118
2.01617
2.01061
1.37525
1.6074
1.35713
1.88106
1.86683
1.91674
1.95707
1.89952
1.58561
1.74536
1.70275
1.52627
1.46209
1.44921
1.07246
0.986801
1.01803
0.988044
0.929157
0.784077
0.754507
0.810576
0.793952
0.834666
0.827628
0.891654
0.874776
0.838968
0.830071
0.746355
0.679497
0.666868
0.624638
0.652984
0.669203
0.557104
0.560687
0.577747
0.5202
0.437239
0.428926
0.433016
0.453327
0.466837
0.375572
0.477719
0.456093
0.480937
0.465034
0.486992
0.513053
0.496927
0.453668
0.452392
