9.87022
9.91009
8.92017
8.88737
9.11279
9.5839
9.89947
10.0651
11.761
11.8324
13.1739
13.2782
15.4017
14.3753
14.573
17.1508
12.4321
16.9746
15.0447
13.9064
15.6662
15.973
13.9806
16.9264
18.8082
16.5559
15.3438
16.0439
17.0643
16.3442
16.3857
16.8011
16.9501
19.3911
17.3436
19.0512
20.154
18.3964
19.16
18.5794
20.3007
21.009
22.782
18.3945
22.7708
24.8327
21.1857
21.147
21.8726
22.8294
22.8204
20.9637
21.4673
19.2366
20.3424
21.6109
21.9657
23.485
21.9664
21.0569
21.2626
19.9433
21.3961
18.7364
20.6272
18.3521
21.0666
21.4375
20.4733
20.088
22.0386
21.0743
22.4198
19.6184
22.1347
21.1242
22.2885
21.3948
19.5945
23.3042
22.6955
22.0638
20.8601
23.2761
21.5168
22.9446
24.8509
25.2653
22.1878
24.2377
23.2339
28.1784
22.2262
23.3185
23.6221
25.1914
21.9882
17.3989
20.5953
22.5418
16.6298
25.1636
26.0443
29.8236
30.9742
