4.766920
4.582940
4.686950
5.019860
4.765630
5.178340
4.952160
6.268530
5.767370
5.747340
5.918090
5.843610
5.546100
6.287150
6.612230
6.250280
8.097200
7.781440
7.935850
8.437830
8.142190
8.297620
7.531930
7.156190
8.392550
8.027200
8.936980
10.807500
9.230640
8.448050
10.894300
9.938650
10.522100
8.389630
9.295970
10.638500
11.857000
8.860580
9.739660
9.164870
12.538200
12.911900
10.216200
12.860900
12.324400
14.862200
10.874600
12.957600
12.941500
12.368500
12.294700
11.374400
15.065200
15.570800
17.575800
15.367700
15.278300
16.311200
13.516800
15.913300
13.642600
14.162300
15.856100
17.247300
18.321200
15.353600
14.077600
13.606300
13.314700
15.158400
16.242500
15.244300
15.747100
16.022600
15.293100
16.610400
15.716800
15.921000
13.463800
19.469600
15.215300
15.649400
15.988300
13.970900
19.076800
18.149100
17.838300
17.062800
16.251800
17.735900
17.063600
24.175100
19.976200
16.545900
17.837600
20.655300
19.568300
22.250900
17.913300
15.525300
15.121700
17.437400
15.849900
14.491600
12.676700
13.515400
18.586700
20.913000
17.689300
20.549900
16.279700
12.455800
15.749100
14.802100
18.401100
17.675100
15.093600
19.992900
18.145700
22.130500
17.218900
22.980900
23.938500
20.925400
19.666900
19.783100
29.600600
24.043800
24.740800
31.453300
26.101300
15.706000
11.924100
8.460140
8.088180
8.119040
7.390800
7.779960
7.804290
7.965120
