0.341537
0.308845
0.293227
0.236543
0.310506
0.649174
0.65361
0.771169
0.625937
0.470521
0.729865
0.527812
0.453638
0.665977
0.635863
0.751845
0.864639
0.767367
0.817096
0.897199
0.822775
0.834668
0.837949
0.964887
0.926821
0.913062
0.810865
0.727696
0.800296
0.879065
0.854945
0.874599
0.691454
0.709902
0.712844
0.807429
0.809447
0.890206
0.770825
0.854717
0.651649
0.670849
0.720759
0.604413
0.74466
0.896166
0.842465
0.744021
0.847541
0.873112
0.872016
0.838354
0.916686
0.83555
0.860812
0.940231
0.922733
0.809729
0.951339
0.962833
0.926934
0.844827
0.875527
0.838789
0.885203
0.785917
0.982803
0.925871
0.963918
0.981903
1.02121
0.850199
0.821027
0.710067
0.721158
0.914288
0.922092
0.842447
0.934823
0.771684
0.866756
0.842311
0.779433
0.764367
0.860862
0.833258
0.914799
0.68122
0.748317
0.843175
0.777258
0.818701
0.866007
0.783876
0.687347
0.742482
0.783988
0.585692
0.787821
0.632901
0.665969
0.754663
0.753504
0.61196
0.61156
0.557835
0.576597
0.497523
0.543493
0.578121
0.529619
0.513742
0.523268
0.540681
0.594097
0.541361
0.516195
0.559139
0.539674
0.600693
0.692245
0.665634
0.495461
0.588866
0.422278
0.46725
0.381278
0.498853
0.501593
0.580171
0.452287
0.475857
0.5627
0.671882
0.649904
0.537927
0.737745
0.740908
0.560891
0.580613
0.570505
0.604073
0.534104
0.5326
0.510422
0.598386
0.566464
0.48828
0.454146
0.494126
0.575458
0.631942
0.569332
0.513961
0.534678
0.52884
0.574487
0.423296
0.533369
0.549822
0.466652
0.488234
0.41235
0.495209
0.620426
0.608733
0.450675
0.475502
0.507351
0.448216
0.443273
0.445014
0.484019
0.455147
0.416837
0.427097
0.382572
0.462894
0.391269
0.430057
0.424461
0.451646
0.354302
0.452604
0.41746
0.398015
0.436041
0.44895
0.376453
0.352174
0.394905
0.398186
0.438477
0.416986
0.398783
0.458941
0.318907
0.469699
0.325247
0.355415
0.408195
0.334844
0.353439
0.340831
0.4303
0.373118
0.453945
0.420512
0.381597
0.386341
0.39757
0.302363
0.374409
0.353764
0.367342
0.330168
0.345484
0.404736
0.321254
0.355568
0.404371
0.413466
0.37795
0.433175
0.422727
0.377052
0.367262
0.395881
0.400357
0.454061
0.406602
0.462548
0.453929
0.405825
0.406686
0.477489
0.458181
0.400457
0.354402
0.400492
0.413061
0.377156
0.308307
0.325521
0.284574
0.308226
0.296795
0.295063
0.312716
0.321774
0.351035
0.405791
0.345742
0.431074
0.351029
0.371534
0.313211
0.317236
0.304961
0.308509
0.29241
0.326978
0.346525
0.318914
0.379996
0.359531
0.357819
0.351119
0.331269
0.363947
0.36408
0.367223
0.308256
0.328624
0.314584
0.312975
0.273565
0.351934
0.273714
0.264645
0.31137
0.323615
0.318222
0.336522
0.309417
0.318223
0.344586
0.396174
0.311927
0.354871
0.360186
0.345942
0.362122
0.33114
0.369504
0.331375
0.366533
0.350907
0.391732
0.376181
0.279774
0.361716
0.296591
0.325408
0.306096
0.374968
0.318463
0.287391
0.295378
0.322735
0.296079
0.259908
0.240229
0.373588
0.322819
0.36098
0.361196
0.304847
0.379978
0.282921
0.278437
0.342771
0.276996
0.31942
0.291558
0.30727
0.281781
0.313384
0.313122
0.313499
0.308928
0.307002
0.296861
0.233464
0.251372
0.301382
0.23482
0.227666
0.244159
0.209991
0.194741
0.188586
0.162758
0.225656
0.241733
0.22004
0.20543
0.226908
0.214612
0.218935
0.200284
0.217199
0.174401
0.169193
0.21865
0.165258
0.20818
0.181396
0.143113
0.125043
0.184242
0.209554
0.228678
0.207218
0.253236
0.149516
0.181834
0.162881
0.19291
0.143771
0.217275
0.165986
0.171664
0.246756
0.248077
0.207575
0.220697
0.190871
0.236301
0.174601
0.166283
0.232212
0.170541
0.200393
0.237106
0.284677
0.280428
0.233298
0.189823
0.248101
0.313657
0.223505
0.182569
0.201157
0.176788
0.218613
0.218568
0.219794
0.221579
0.203046
0.201977
0.235139
0.202634
0.232542
0.239832
0.256096
0.261847
0.271751
0.232409
0.258943
0.234966
0.266388
0.26497
0.197637
0.202938
0.172312
0.26597
0.217348
0.22417
0.171348
0.167535
0.378516
0.26831
0.192774
0.201421
0.220838
0.244175
0.231792
0.240785
0.20008
0.208127
0.221253
0.199857
0.177543
0.235931
0.225143
0.238692
0.270795
0.143881
0.175515
0.203201
0.253947
0.241778
0.225947
0.166675
0.146997
0.148377
0.255841
0.180919
0.149301
0.176527
0.170824
0.199585
0.214815
0.172832
0.18734
0.181622
0.149066
0.19629
0.183354
0.226909
0.192589
0.218164
0.233781
0.224544
0.175839
0.125119
0.185488
0.179927
0.201568
0.175173
0.199836
0.215899
0.232918
0.190538
0.17414
0.148054
0.125686
0.154529
0.129795
0.20252
0.15962
0.258574
0.253941
0.190431
0.214923
0.174745
0.126071
0.184111
0.154857
0.207501
0.168816
0.181005
0.150924
0.132396
0.124809
0.138365
0.157931
0.14767
0.159741
0.175006
0.148413
0.129578
0.172263
0.163181
0.155627
0.124702
0.131738
0.177707
0.122182
0.150757
0.150805
0.163214
0.166275
0.160052
0.164877
0.175099
0.152952
0.14548
0.150212
0.182666
0.134296
0.138145
0.121746
0.127443
0.134676
0.122937
0.116294
0.128635
0.122511
0.158175
0.159894
0.183774
0.162
0.167724
0.169253
0.143246
0.142993
0.146263
0.16115
0.178152
0.133194
0.143955
0.126708
0.114565
0.129513
0.149885
0.112104
0.120903
0.121608
0.121107
0.176625
0.147408
0.206323
0.20348
0.287808
0.221143
0.217559
0.167434
0.196392
0.346396
0.178945
0.176865
0.255722
0.14039
0.12328
0.132078
0.193507
0.106061
0.106291
0.11559
0.131761
0.113389
0.13611
0.117932
0.115248
0.122506
0.148188
0.124863
0.115209
0.127801
0.115871
0.120692
0.122869
0.125186
0.0994791
0.111982
0.0931022
0.0874463
0.0992763
0.0956805
0.0973253
0.11206
0.0976355
0.0886953
0.0836478
0.078789
0.0832861
0.104395
0.0929444
0.106554
0.101352
0.0742861
0.102072
0.089125
0.100722
0.111248
0.0910291
0.0823107
0.099774
0.115277
0.106701
0.110086
0.124226
0.102726
0.113456
0.131651
0.116488
0.124654
0.146999
0.134437
0.131058
0.114737
0.122705
0.128261
0.119173
0.113493
0.104336
0.114135
0.11081
0.107043
0.0953235
0.102591
0.091781
0.0973651
0.0878625
0.0975925
0.0943378
0.0871893
0.0904085
0.0929948
0.0815379
0.0937585
0.0944317
0.0856458
0.0795059
0.0813641
0.0798693
0.0933957
0.0828465
0.0874227
0.0804886
0.0824833
