0.295524
0.296796
0.572376
0.675717
1.03683
0.993974
1.02266
0.852949
1.14406
1.7462
0.622266
0.868383
1.49019
1.18342
1.87989
1.89781
1.78202
1.52826
1.218
0.506687
0.552413
0.607076
0.687128
0.89412
1.58311
1.72126
1.12926
1.38687
1.6532
1.04605
1.63886
1.31331
1.16185
0.84304
1.11444
1.218
1.22221
1.04415
1.26378
0.882111
1.29224
1.07782
0.910661
1.02132
0.964033
1.04031
1.02715
1.30583
1.04841
0.95598
1.06969
1.02743
1.14388
1.36725
1.08692
1.31812
1.37926
1.25844
1.36827
1.16201
1.00819
1.28785
1.25196
1.07697
1.02302
1.12832
1.41227
0.916571
1.05351
1.44786
1.36378
1.13963
1.2598
1.33504
1.31681
1.04639
1.10454
1.24191
1.02506
1.27834
1.01671
1.29727
1.15268
1.18514
1.13755
1.23143
0.985889
0.770321
0.781841
0.966893
0.880491
0.867277
1.05824
0.73668
0.715116
0.956175
0.671653
0.733003
0.737891
0.855056
0.853449
0.688357
0.783496
0.887904
0.543916
0.698892
0.554918
0.719517
0.564642
0.590787
0.617447
0.597098
0.584947
0.495108
0.480044
0.433683
0.571482
0.471859
0.568894
0.568636
0.54761
0.573589
0.589164
0.542021
0.573514
0.472633
0.505809
0.539223
0.45474
0.407564
0.710199
0.50365
0.521199
0.620339
0.518236
0.549191
0.417256
0.428291
0.492153
0.613056
0.538605
0.621606
0.326787
0.358754
0.321042
0.556985
0.675891
0.465243
0.362713
0.479552
0.415919
0.455654
0.421022
0.42722
0.53741
0.487276
0.40996
