3.77857
4.89436
4.24022
3.90092
3.5513
4.13601
4.07589
4.7549
4.12771
4.20143
3.99856
4.45213
4.69513
4.02039
4.41878
4.18027
4.39344
4.55772
4.7228
5.26338
5.1183
5.52113
5.43602
5.4316
4.43609
5.19767
4.9294
4.50046
4.84153
5.13222
5.46427
5.49611
5.00608
3.77211
4.86169
5.00102
5.01017
4.32147
4.44814
5.79406
5.04126
4.53983
4.62197
4.33213
5.9441
4.37298
5.19193
4.63711
4.38033
4.952
4.25521
3.63538
4.96195
3.31073
4.33911
4.89214
6.0532
5.07478
4.38132
4.7288
4.29254
4.07739
3.24458
5.45475
5.49487
4.55096
4.12859
4.14307
5.09841
3.54831
4.56246
4.72469
4.14141
5.02909
3.54829
3.85386
4.24339
4.49005
5.54189
4.87821
4.49387
4.90701
4.41139
4.40719
4.07765
3.25289
3.58642
3.11244
2.97044
3.76128
3.14528
3.81013
5.02894
3.10786
4.10918
2.97903
5.11752
4.069
4.45965
2.94156
2.10269
3.10365
3.74435
4.28081
2.51047
4.41753
3.47919
2.9296
2.9206
2.90777
3.03614
5.54112
3.5681
3.88058
4.72958
2.88633
3.028
3.5994
3.06398
3.63971
3.83156
4.11556
3.67934
3.20087
3.08036
2.13566
4.03428
3.45089
3.71213
3.67132
2.36673
3.21673
3.11663
4.05829
3.08431
2.9394
2.09237
3.14026
2.21878
2.32804
2.32315
3.21362
3.35214
2.99495
2.31229
1.91603
3.28938
2.88052
2.88871
2.48416
2.11212
2.88778
1.72132
2.51175
3.82645
2.61867
1.90949
2.12071
2.95074
2.13483
2.14773
2.31551
2.24634
3.35928
2.73105
2.17684
1.7829
1.99066
1.98801
1.98654
1.55546
1.26632
1.83213
2.39051
2.73897
1.78525
2.07409
1.67352
2.30144
2.09686
1.68783
1.72873
1.93311
1.86909
2.3132
2.10923
2.05531
2.18243
1.96987
2.16472
2.64061
1.70572
2.60724
2.28264
1.38473
1.22494
1.24091
1.43932
1.91705
1.44972
1.34323
1.05837
1.22604
1.15889
1.21122
1.34006
1.58206
1.17851
1.28635
1.21147
1.0128
1.02476
1.14544
1.0202
1.02809
0.958983
0.968665
0.753296
0.93754
0.924182
0.639137
0.821387
0.835263
0.821389
0.579879
0.586176
0.580671
0.619057
0.602123
0.683275
0.578344
0.799671
0.587967
0.51261
0.53661
0.476443
0.493944
0.465894
0.617655
0.616219
0.38925
0.47923
0.50517
0.472776
0.517656
0.629408
0.405071
0.410656
