2.60387
2.62326
2.88924
2.79848
2.7026
2.73606
2.89536
3.10691
2.90918
3.04861
3.19128
3.06483
3.20695
3.42748
3.27647
3.47064
4.88178
5.65877
6.21368
7.59448
5.87127
7.32319
7.91152
6.76568
8.79757
8.78801
8.42479
8.45761
8.42098
8.88614
8.71841
8.78322
7.40171
8.89414
8.7933
8.43515
9.83337
9.16451
9.65126
9.24156
9.37943
9.87602
8.3165
10.1557
9.77722
9.19875
9.27296
9.87084
9.27463
9.21068
9.58985
10.2716
10.02
10.5565
9.36145
10.9007
10.0951
10.7129
10.8318
10.5229
10.8497
10.3624
10.924
11.0964
10.4805
11.5106
12.0898
10.9264
12.5848
11.6397
12.5368
10.5763
11.3594
10.8469
10.8096
11.9888
11.8621
11.7211
11.0092
12.1742
13.9984
11.6621
11.9458
12.704
12.9984
12.384
12.7702
14.0038
12.5397
15.1918
11.9364
14.1297
12.7613
13.4654
13.4705
14.0446
13.3924
13.5818
15.3708
15.5756
11.337
10.8483
12.7841
13.1992
11.1992
12.4525
12.0492
13.2884
14.381
12.8791
13.9933
15.6079
15.559
17.0395
19.4989
14.2603
17.4285
