0.0798871
0.0871171
0.0824526
0.0796131
0.0843019
0.09659
0.11341
0.0929971
0.107294
0.0870291
0.0902503
0.0977092
0.112023
0.114014
0.117198
0.0872301
0.143454
0.159698
0.214377
0.186441
0.162993
0.14638
0.177898
0.184719
0.18617
0.19012
0.298642
0.278263
0.280716
0.297915
0.338639
0.346598
0.303516
0.376834
0.249059
0.250745
0.195687
0.270723
0.222657
0.32462
0.357361
0.361139
0.277488
0.266939
0.290757
0.343498
0.486297
0.385199
0.440881
0.360782
0.369267
0.425585
0.36636
0.367602
0.375205
0.336986
0.385948
0.420221
0.408287
0.399297
0.382764
0.436748
0.615534
0.552311
0.434109
0.472476
0.503479
0.446573
0.517587
0.611347
0.709638
0.52909
0.396811
0.506063
0.51571
0.585523
0.56707
0.535512
0.58556
0.440133
0.413138
0.526557
0.40708
0.598519
0.540065
0.536317
0.58297
0.582763
0.415163
0.475204
0.551508
0.542251
0.645379
0.700925
0.784157
0.705552
0.710389
0.656585
0.638427
0.661357
0.666343
0.598208
0.718123
0.673542
0.679293
0.772183
0.691551
0.826366
0.678658
0.668986
0.740072
0.675109
0.727548
0.79872
0.741881
0.713838
0.745801
0.932658
1.16781
1.3933
1.02781
0.927375
0.765794
0.645636
0.589887
0.558529
0.692629
0.575239
0.66652
0.395125
0.52089
0.380436
0.501899
0.428089
0.650492
0.51769
0.493698
0.365899
0.419929
0.455537
0.430248
0.458636
0.525263
0.777525
0.677723
1.01838
0.456949
1.14646
0.481189
0.631161
0.278609
0.286243
0.437557
0.553704
0.364472
0.359993
0.599856
0.562787
0.554493
0.300804
0.33408
0.499304
0.645565
0.509134
0.33362
0.284537
0.806889
0.494878
0.297949
0.542497
0.789163
0.480951
0.555415
0.387977
0.343338
0.360842
0.361522
0.401274
0.438538
0.27393
0.358876
0.481225
0.257566
0.301158
0.325267
0.264021
0.276777
0.262157
0.3021
0.307385
0.274577
0.286338
0.3084
0.339519
0.312778
0.323807
0.513461
0.31434
0.333037
0.314947
0.27231
0.324684
0.335465
0.319627
0.36353
0.389779
0.335954
0.316403
0.363208
