0.0462061
0.0390972
0.0479659
0.0394448
0.0508651
0.0493987
0.0630149
0.071516
0.0666215
0.503221
0.703815
0.251084
0.613704
0.400756
0.425108
0.244102
0.40053
0.652466
0.399026
0.233987
0.317184
0.359502
0.235426
0.231394
0.197514
0.243079
0.224731
0.244742
0.328908
0.382812
0.336155
0.232589
0.27472
0.262275
0.252523
0.234591
0.322951
0.285257
0.296926
0.331454
0.321074
0.424174
0.376629
0.389264
0.453958
0.440852
0.377916
0.417637
0.482723
0.385313
0.4292
0.461185
0.440641
0.386242
0.428213
0.522321
0.494921
0.559051
0.467354
0.438215
0.379572
0.390016
0.466192
0.49466
0.465541
0.380616
0.497613
0.556803
0.556773
0.554852
0.487923
0.526774
0.669202
0.619415
0.637811
0.491327
0.474748
0.522152
0.508335
0.599443
0.514902
0.561403
0.596356
0.594709
0.674855
0.678821
0.572067
0.555537
0.633806
0.718432
0.539495
0.684738
0.645037
0.643975
0.642556
0.635691
0.693056
0.706163
0.640759
0.719904
0.732062
0.735811
0.744007
0.709837
0.765175
0.753639
0.716074
0.686469
0.638441
0.799575
0.701159
0.660317
0.763238
0.677532
0.701544
0.606249
0.643668
0.754201
0.622804
0.811299
0.777412
0.716585
0.726795
0.764858
0.700641
0.816357
0.393263
0.421398
0.341271
0.347982
