0.112773
0.126356
0.143838
0.105241
0.165039
0.304606
0.461235
0.161987
0.129571
0.185165
0.165447
0.213125
0.269961
0.276962
0.277386
0.306673
0.279915
0.270429
0.284398
0.292477
0.341928
0.310911
0.314504
0.328085
0.271948
0.302941
0.366042
0.374127
0.297049
0.291074
0.361448
0.424167
0.393344
0.37321
0.384764
0.418824
0.324647
0.451743
0.427737
0.405431
0.305298
0.49723
0.441758
0.462003
0.530463
0.488447
0.79391
0.53315
0.522804
0.609303
0.460531
0.474645
0.769243
0.72683
0.709269
0.641084
0.420428
0.650892
0.694439
0.529834
0.861347
0.810637
0.683435
0.718267
0.762917
0.783206
0.860259
0.606382
0.604889
0.68376
0.528593
0.653162
0.799717
0.700181
0.518212
0.68844
0.763
0.602056
0.736016
0.605527
0.695479
0.817571
0.799085
0.962488
0.861601
1.02405
1.10433
0.938378
0.670807
1.03112
0.755068
0.885137
1.19239
0.829382
0.916627
0.987163
0.891556
1.21578
0.651737
1.28701
0.932376
1.08058
1.05586
0.991991
1.26401
0.850699
1.01344
1.24896
1.16953
1.03619
1.23668
1.16786
1.3229
1.1292
1.16661
1.19727
1.35702
1.09388
1.35159
1.55487
1.55346
0.92799
1.37699
1.19719
1.01009
1.46154
0.970843
1.29145
1.34988
1.44579
1.34619
1.51123
1.57924
1.41497
1.20999
1.18146
1.41583
1.64402
1.64227
1.56978
1.48522
1.76334
1.27371
1.6686
1.55489
1.50465
1.48575
1.46047
1.56919
1.49091
1.75359
1.63767
1.41461
1.56134
1.93468
1.71945
2.03346
1.84809
1.359
2.09302
1.75892
1.8967
1.75807
1.72602
1.72319
2.14812
2.84553
2.47621
2.79229
3.04943
