0.0520548
0.0544153
0.0579526
0.0493057
0.071466
0.0740101
0.0968574
0.0901848
0.105617
0.165396
0.172473
0.205529
0.178885
0.141604
0.187781
0.196428
0.22073
0.19716
0.228519
0.170447
0.199724
0.21018
0.247769
0.23592
0.240667
0.22209
0.257227
0.207067
0.280607
0.229555
0.271735
0.257486
0.252904
0.288255
0.213681
0.214635
0.254461
0.232667
0.274604
0.266008
0.302403
0.331729
0.390131
0.24834
0.285071
0.262703
0.284566
0.224428
0.358919
0.349632
0.332216
0.389677
0.354937
0.337083
0.38432
0.304182
0.347456
0.344915
0.309518
0.316463
0.387223
0.324407
0.355878
0.333745
0.392332
0.416292
0.442217
0.358796
0.381525
0.473995
0.33483
0.373011
0.35944
0.473121
0.340215
0.438651
0.419831
0.517486
0.355645
0.459705
0.612975
0.528135
0.459922
0.438228
0.467577
0.517175
0.541334
0.425214
0.472419
0.441516
0.525778
0.515248
0.592082
0.482027
0.694756
0.503565
0.501153
0.508985
0.495689
0.538166
0.521581
0.74615
0.632282
0.589014
0.588688
0.533169
0.585509
0.665682
0.542894
0.512383
0.619801
0.503757
0.589677
0.635668
0.483517
0.624275
0.58211
0.635354
0.633136
0.65534
0.569466
0.639636
0.471363
0.623379
0.495413
0.647723
0.6665
0.625761
0.708841
0.565297
0.668826
0.722069
0.594444
0.622262
0.574209
0.51499
0.653704
0.493956
0.534904
0.510255
0.642963
0.518083
0.739062
0.707974
1.03068
0.565373
0.527929
0.656418
1.01113
0.464393
0.502314
0.521794
0.448959
0.497735
0.439397
0.363338
0.381137
0.348193
0.353732
0.334306
0.331006
0.349885
0.37939
0.419176
0.34908
0.635803
0.736436
0.539187
0.515176
0.624339
