0.120178
0.140644
0.145252
0.159531
0.181329
0.180851
0.205435
0.208843
0.272295
0.322036
0.283735
0.241789
0.209738
0.247386
0.263038
0.274876
0.289157
0.262555
0.273212
0.249161
0.300069
0.277742
0.260479
0.326131
0.353005
0.375784
0.227797
0.301987
0.248539
0.30738
0.358952
0.308074
0.313762
0.244943
0.367012
0.456105
0.353287
0.335941
0.259928
0.412534
0.46213
0.315109
0.355167
0.49371
0.461093
0.350752
0.366713
0.39852
0.369265
0.397631
0.329875
0.396244
0.389639
0.470347
0.370769
0.419789
0.437778
0.416532
0.441784
0.478439
0.436866
0.446775
0.40534
0.483772
0.438244
0.579197
0.480928
0.484569
0.431697
0.411953
0.477679
0.451326
0.499964
0.541143
0.374789
0.526842
0.569558
0.479901
0.43389
0.433475
0.494389
0.516205
0.519036
0.499436
0.584368
0.490089
0.504219
0.583438
0.437898
0.568718
0.485965
0.505176
0.396404
0.517508
0.551287
0.558545
0.510466
0.60776
0.603195
0.511027
0.685212
0.518149
0.647506
0.475501
0.623092
0.540139
0.577535
0.51862
0.511087
0.553146
0.569266
0.675797
0.629032
0.650592
0.618885
0.561599
0.71178
0.67989
0.552792
0.516976
0.555488
0.612781
0.643958
0.634096
0.536724
0.662677
0.763683
0.663965
0.572658
0.568734
0.607271
0.828818
0.734366
0.596209
0.752904
0.818628
0.69977
0.762861
0.684868
0.634921
0.61261
0.856196
0.792698
0.765658
0.678341
0.669885
0.580795
0.582024
0.483358
0.519037
0.405214
0.490915
0.618699
0.560641
0.76261
0.636148
0.726264
0.69663
0.522884
0.770402
0.825285
1.13743
0.878951
0.618929
0.650864
0.656123
0.815742
0.889802
0.875802
0.875356
1.18152
0.942265
0.767582
0.976769
0.744399
0.939105
1.03314
1.19697
0.820844
0.721728
0.697672
0.564592
0.3771
