0.105473
0.112952
0.100654
0.0877499
0.105331
0.109931
0.109859
0.106573
0.134145
0.130457
0.112975
0.114807
0.106332
0.112122
0.111454
0.079291
0.087171
0.0798007
0.0767019
0.0814745
0.104413
0.0926098
0.0947303
0.101408
0.135054
0.137991
0.143265
0.127588
0.150654
0.159219
0.147665
0.122712
0.143658
0.165022
0.143238
0.156564
0.178151
0.174046
0.154978
0.170023
0.159976
0.164675
0.155396
0.213783
0.218717
0.165626
0.189377
0.168385
0.170379
0.180835
0.214904
0.249531
0.171384
0.149201
0.16609
0.219505
0.277592
0.23724
0.220685
0.22676
0.234495
0.285134
0.202096
0.199717
0.25302
0.196976
0.201738
0.268619
0.204835
0.41356
0.232503
0.32416
0.295054
0.251072
0.266686
0.229617
0.192602
0.20933
0.253882
0.257863
0.254987
0.296846
0.241424
0.218508
0.224467
0.229691
0.246279
0.293169
0.249829
0.241493
0.314956
0.26592
0.303315
0.224481
0.26216
0.217192
0.28242
0.329665
0.301051
0.266154
0.267577
0.381838
0.352293
0.381539
0.300674
0.318107
0.280835
0.304428
0.41984
0.348257
0.417237
0.393029
0.385102
0.326636
0.326581
0.368972
0.330111
0.394488
0.34711
0.390041
0.350095
0.344277
0.378988
0.42667
0.30295
0.418626
0.403934
0.38134
0.431374
0.399314
0.310739
0.360222
0.380505
0.381849
0.383532
0.341087
0.366224
0.41428
0.407259
0.386991
0.370217
0.371689
0.379999
0.438578
0.392835
0.470999
0.351001
0.362814
0.367719
0.415919
0.32692
0.454315
0.434641
0.480468
0.505575
0.336956
0.427799
0.390956
0.447983
0.463883
0.416717
0.493959
0.436972
0.397923
0.508974
0.428652
0.469072
0.446732
0.442144
0.437984
0.442193
0.444553
0.481851
0.463465
0.459839
0.423919
0.529185
0.470376
0.513954
0.549898
0.622048
0.426903
0.425147
0.544559
0.554494
0.640838
0.560565
0.548084
0.43838
0.497485
0.559701
0.636472
0.475447
0.48143
0.404551
0.625727
0.569042
0.490786
0.588674
0.535307
0.609178
0.549286
0.571086
0.51037
0.566643
0.530881
0.608871
0.534406
0.572495
0.574258
0.661489
0.565983
0.568813
0.579174
0.575376
0.562664
0.520761
0.58857
0.669707
0.576789
0.527816
0.61724
0.599421
0.550658
0.420375
0.575764
0.557828
0.6401
0.605378
0.655963
0.556355
0.515932
0.651964
0.555871
0.55684
0.610313
0.597007
0.716411
0.734362
0.605765
0.622286
0.637547
0.635221
0.627398
0.67719
0.640956
0.572262
0.718582
0.573671
0.767364
0.650517
0.570862
0.695189
0.58655
0.531897
0.529221
0.482872
0.546274
0.467755
0.582053
0.620598
0.492275
0.569916
0.618441
0.502673
0.612256
0.708794
0.66918
0.55119
0.661463
0.647477
0.604921
0.634141
0.664525
0.537672
0.628973
0.688071
0.662702
0.63897
0.578826
0.573375
0.578188
0.532934
0.674588
0.560467
0.611128
0.671614
0.651007
0.629817
0.545402
0.644644
0.643395
0.563331
0.616965
0.807659
0.645415
0.73175
0.725303
0.59361
0.696904
0.675324
0.628405
0.708409
0.729902
0.616046
0.729286
0.693862
0.737046
0.669909
0.595235
0.600287
0.571091
0.70181
0.721782
0.75425
0.7745
0.768373
0.734742
0.741201
0.735797
0.845951
0.800928
0.728131
0.416639
0.387673
0.471279
0.851121
0.940112
1.04161
1.11008
0.922842
1.20289
1.17212
0.948827
0.850511
0.852962
0.895276
0.848758
0.700855
0.779878
0.739523
0.781026
0.915667
0.827657
0.742487
0.730375
0.872505
1.06379
1.0964
1.02004
0.922648
1.0012
