0.571148
0.583055
0.654322
0.6214
0.590661
0.493491
0.580461
0.842959
0.96364
0.485331
0.597805
0.597834
0.60958
0.639782
0.862523
1.26404
0.740689
1.19029
1.15291
0.805407
0.716685
0.627863
0.569128
0.675202
0.884776
1.14654
0.686777
0.571088
0.658151
0.69312
0.80678
0.739043
1.345
1.16679
1.04332
0.601301
0.719645
0.794712
0.675704
0.974334
0.49332
0.633225
1.3324
0.821194
1.06771
1.12685
1.0728
1.60669
1.24109
0.71702
1.00174
1.24139
1.29735
1.00464
0.802042
0.95527
0.854732
0.989661
0.962979
0.865121
1.0884
1.07838
0.945135
0.830812
1.02283
1.02624
1.32637
1.17034
1.47457
1.05839
1.30742
1.04736
1.2543
1.40669
1.43652
1.89306
1.27554
1.72961
1.7063
1.45447
1.64298
1.39655
1.63845
1.71218
2.03891
2.05529
1.55282
1.42382
1.77224
1.80358
1.78697
1.29667
1.20129
1.51411
1.7624
1.8272
1.75557
1.36626
0.969147
1.0972
1.78602
1.69913
1.52124
1.25059
1.40906
1.22454
0.987924
0.733036
0.997289
1.18354
1.16397
1.21541
1.00679
0.934601
0.908302
1.09888
1.17824
1.25269
0.722619
1.18386
1.46531
1.01391
0.953364
0.911588
0.718924
0.922974
1.08256
0.720812
1.32294
1.43161
0.847039
1.21104
1.15505
1.18581
1.28019
1.13897
1.73641
1.23783
0.978696
0.929181
1.12802
1.25916
1.21682
1.12486
0.907039
0.723709
0.747195
0.896875
0.897675
0.831103
0.722966
0.737078
0.811487
0.733028
0.991323
0.83116
0.869931
0.819423
0.669679
0.714373
0.739058
0.749325
0.629947
0.584515
0.513182
0.507315
0.590347
0.500608
0.379448
0.367584
