0.87674
1.55773
1.17354
1.22937
0.644585
0.76308
1.13739
1.02449
2.4771
1.7227
1.24097
1.68175
1.47998
1.35378
1.63879
1.12576
0.95039
0.992924
1.21184
1.15696
0.921169
0.855926
0.93136
0.983098
1.1166
0.967398
0.743455
1.04805
1.05088
1.20092
0.8772
1.14336
1.02218
1.32804
0.828189
0.920795
1.27106
0.945037
1.61814
0.608424
1.02116
0.82171
0.671603
0.339597
0.431974
0.880232
0.518629
0.976511
1.07127
0.940626
0.789416
0.721003
0.800124
0.733416
0.729063
0.68455
0.734375
0.73302
0.776967
0.705483
0.745546
0.719101
0.770823
0.71951
0.714782
0.727716
0.687592
0.729983
0.714497
0.754499
0.771242
0.735831
0.740345
0.718198
0.691049
0.744898
0.685632
0.711832
0.65843
0.618774
0.717865
0.660175
0.616862
0.651408
0.674715
0.642882
0.65641
0.646905
0.679205
0.642087
0.663942
0.697287
0.678442
0.624148
0.65219
0.651386
0.671249
0.638984
0.600136
0.605912
0.572867
0.641194
0.655501
0.6029
0.599128
0.549416
0.572511
0.557901
0.558895
0.555578
0.550673
0.599425
0.608202
0.516148
0.558777
0.573232
0.585844
0.555313
0.588354
0.578234
0.615582
0.620498
0.572154
0.587614
0.620851
0.622287
0.620547
0.608519
0.595376
0.576143
0.593793
0.589584
0.56609
0.601003
0.571452
0.600667
0.578344
0.505299
0.556046
0.569249
0.549822
0.537624
0.588057
0.569562
0.571214
0.530526
0.520815
0.514487
0.525133
0.553167
0.512136
0.456389
0.552282
0.551948
0.48598
0.523264
0.531155
0.497818
0.517163
0.523707
0.51573
0.490792
0.539282
0.489651
0.485758
0.549454
0.507264
0.534715
0.496863
0.517467
0.524874
0.544575
0.520472
0.51918
0.496427
0.493747
0.575514
0.544215
0.569107
0.565149
0.557051
0.531841
0.52249
0.551451
0.530342
0.508255
0.513409
0.521924
0.509315
0.509257
0.516536
0.546033
0.530777
0.51999
0.513013
0.479969
0.47276
0.512219
0.51157
0.508384
0.451735
0.495679
0.513438
0.453754
0.465184
0.475727
0.513298
0.482006
0.452488
0.455723
0.477016
0.483878
0.4938
0.506598
0.506872
0.519158
0.475422
0.487809
0.479956
0.483492
0.45192
0.452558
0.472761
0.435216
0.473373
0.440126
0.445189
0.487842
0.505104
0.518272
0.508363
0.493014
0.576644
0.543352
0.514252
0.498406
0.518592
0.532758
0.550651
0.484915
0.500652
0.495823
0.533888
0.496744
0.527845
0.564635
0.455762
0.447969
0.428469
0.441333
0.474194
0.447322
0.451031
0.432193
0.403789
0.440434
0.45524
0.490813
0.512569
0.537634
0.471373
0.441916
0.486615
0.467002
0.456412
0.460588
0.437136
0.428329
0.44581
0.433185
0.496269
0.531101
0.483546
0.481744
0.514287
0.478367
0.446565
0.440412
0.443408
0.420877
0.458137
0.365136
0.383278
0.410321
0.418861
0.407366
0.462586
0.4333
0.429085
0.428873
0.428643
0.38697
0.383437
0.403698
0.409257
0.435563
0.439021
0.43725
0.436856
0.433754
0.426099
0.426754
0.436144
0.386905
0.397846
0.400354
0.418191
0.398659
0.403864
0.385443
0.367314
0.359926
0.360658
0.377286
0.407665
0.369354
0.381008
0.379495
0.359842
0.334458
0.343907
0.304074
0.346682
0.361764
0.374396
0.338506
0.324526
0.342077
0.332445
0.32826
0.377613
0.369138
0.369806
0.329395
0.36179
0.378184
0.344685
0.333503
0.345572
0.341508
0.327508
0.301084
0.343708
0.34399
0.358951
0.333634
0.347846
0.336236
0.370419
0.341274
0.318854
0.295319
0.264666
0.292106
0.287888
0.299108
0.249882
0.308966
0.321871
0.285844
0.308342
0.313878
0.296473
0.26868
0.289489
0.318809
0.321387
0.280223
0.296818
0.310877
0.294456
0.289106
0.347997
0.333881
0.36069
0.360948
0.349331
0.331702
0.31141
0.247913
0.237842
0.258706
0.210737
0.22176
0.181394
0.201952
0.157331
0.168577
0.184997
0.199713
0.189416
0.163478
0.167332
0.166923
0.156856
0.183197
0.202076
0.186865
0.196395
0.199136
0.152007
0.184241
0.201468
0.202943
0.173029
0.15917
0.174119
0.181227
0.150524
0.199607
0.20418
0.158487
0.126355
0.138909
0.114519
0.156334
0.179406
0.184207
0.173825
0.17712
0.185337
0.184418
0.228056
0.17954
0.180271
0.167183
0.177547
0.185532
0.211915
0.210446
0.173888
0.20955
0.17105
0.172082
0.197002
0.168548
0.1601
0.228322
0.19551
0.168745
0.194869
0.167754
0.139559
0.134191
0.129961
0.155619
0.166411
0.166828
0.171999
0.212503
0.164582
0.15975
0.171173
0.189251
0.235503
0.22489
0.192071
0.188498
0.190746
0.189151
0.224353
0.206605
0.154938
0.189419
0.17269
0.188977
0.226114
0.214875
0.22119
0.231358
0.259158
0.235785
0.154488
0.161403
0.180784
0.176667
0.148029
0.21172
0.237062
0.243799
0.170596
0.235804
0.196805
0.229585
0.222812
0.258789
0.219386
0.166352
0.183353
0.169517
0.164619
0.168729
0.156893
0.177669
0.193324
0.259094
0.294707
0.237666
0.243077
0.192992
0.255388
0.226805
0.205942
0.179356
0.212728
0.172866
0.160586
0.227786
0.165368
0.13319
0.167438
0.166881
0.134812
0.136007
0.150691
0.137045
0.118432
0.112246
0.100873
0.0892565
0.0915172
0.0989383
0.0784569
0.0753443
0.0670318
0.0884445
0.110028
0.146116
0.143415
0.139179
0.116854
0.132613
0.105484
0.103193
0.116786
0.129582
0.128277
0.104421
0.0896618
0.0972562
0.0755216
0.0623914
0.0788325
0.0794202
0.0846684
0.0866664
0.0942421
0.12934
0.129002
0.112455
0.11121
0.139054
0.112582
0.128008
0.12168
0.139702
0.146439
0.1315
0.13869
0.129558
0.132384
0.122484
0.102768
0.0979419
0.0758568
0.102965
0.108278
0.124009
0.17127
0.132765
0.155126
0.13667
0.134154
0.10313
0.141591
0.118948
0.0815228
0.111075
0.108831
0.110772
0.102578
0.0821845
0.0986738
0.145777
0.108693
0.154227
0.104019
0.104558
0.0888223
0.0846881
0.086956
0.0939391
0.0874263
0.0779849
0.0869492
0.083347
0.0818286
0.0679916
0.0728135
0.0850614
0.0828244
0.0786888
0.0883292
0.0931958
0.0895552
0.0973817
0.131504
0.109707
0.0925546
0.094335
0.111764
0.0919382
0.0741528
0.075039
0.111256
0.0742654
0.0771623
0.0892395
0.0804637
0.0739898
0.0609147
0.0679526
0.0708584
0.093621
0.0853363
0.091918
0.0562171
0.103271
0.0890792
0.112398
0.0939269
0.118677
0.113535
0.0821677
0.0862834
0.0878078
0.0880064
0.101484
0.109426
