0.0880259
0.0818248
0.0667794
0.0714126
0.0601275
0.0832861
0.0666114
0.068687
0.05403
0.067346
0.0653338
0.0591249
0.0634325
0.0553
0.0488564
0.0652031
0.104893
0.10734
0.13791
0.165392
0.300178
0.221914
0.207781
0.173358
0.147073
0.275965
0.219343
0.265911
0.262965
0.200501
0.163367
0.258436
0.407128
0.281571
0.454732
0.356907
0.305052
0.372449
0.351508
0.580613
0.356599
0.396158
0.379036
0.673999
0.559538
0.395335
0.300447
0.296883
0.342195
0.494831
0.845066
0.66206
0.576711
0.794829
0.642107
0.575941
1.12525
0.867622
0.707927
0.864048
0.865284
0.927854
0.846842
1.09602
0.88785
0.929177
1.10551
0.916824
1.2029
1.11433
0.826883
0.826162
1.04609
0.984967
0.766733
0.910162
0.986731
1.17753
1.32541
1.28618
1.2543
1.04233
0.891288
0.937526
1.12906
1.20571
1.08261
1.46768
1.21472
1.28205
1.28873
1.28051
1.42001
1.28307
1.37204
1.18477
1.27235
1.16177
1.26451
1.40067
1.39513
1.45145
1.54828
1.29095
1.55165
1.48865
1.24321
1.55301
1.65552
1.60393
1.57426
1.63692
1.58793
1.73575
1.38209
1.50401
1.83333
1.58046
1.70022
1.75278
1.72062
1.83707
1.62462
1.36964
1.8771
1.66568
1.67685
1.32956
1.70516
1.589
1.42704
1.28756
1.51611
1.65552
1.61787
1.63391
1.744
1.65643
1.60313
1.5624
1.73864
1.34619
1.61594
1.36966
