1.675270
1.856470
1.847030
1.992500
2.336880
2.166810
1.812930
2.174460
2.472170
1.873230
2.324260
2.169990
2.328630
2.230750
2.153580
2.152800
2.119140
2.644120
1.956730
2.150090
2.273200
2.188250
2.389680
2.406120
2.386680
2.486430
2.516600
2.270110
2.350430
1.853010
2.505400
2.348470
2.082010
3.281590
3.263490
2.401690
2.853000
2.489500
2.772580
2.562660
2.859490
3.470080
3.177120
2.846760
2.829070
2.574050
2.652520
2.635010
2.992780
2.373060
2.927510
3.084720
2.933390
2.362810
2.662630
2.702190
2.586290
2.223130
3.230460
2.863710
3.312310
2.874060
2.846100
3.117430
2.640790
2.630490
2.654180
3.087600
3.179140
2.518740
3.519880
2.538260
2.785450
2.601550
2.497750
2.886000
2.769470
3.413360
2.804950
3.057270
2.707700
3.469120
3.372270
2.840640
2.862240
2.706630
2.810250
2.984740
3.083240
2.757220
3.083410
3.003220
3.110420
3.189560
2.796270
2.743010
2.880950
3.280170
3.300510
3.202820
3.451110
3.625240
2.991870
2.805510
2.735810
2.732160
2.551950
2.813630
2.570830
2.937020
3.172100
2.874880
3.042430
3.158950
2.784440
2.584820
2.993740
2.990730
2.862030
2.974720
3.132880
2.867620
2.816840
2.891480
2.802600
3.509170
3.033360
3.069450
3.006800
3.149140
3.101000
3.037530
3.332800
2.977010
2.956880
3.408070
3.061770
2.999690
3.147680
3.480420
3.151900
3.312640
2.973580
2.789480
3.529770
2.978170
3.658480
3.394380
2.864390
3.234400
3.457200
3.464420
3.831010
3.367300
2.893430
3.876430
3.784360
3.418910
3.717780
3.916350
3.788800
3.966290
3.564730
4.331740
4.249440
3.554180
4.701050
4.108560
4.333430
3.479490
3.725590
4.033190
4.640570
3.797870
2.771960
3.834750
3.939830
4.188760
3.604580
3.642490
3.637400
3.081300
3.034670
3.224880
3.520730
3.500490
4.125050
3.660470
4.859860
3.150430
3.567890
2.627940
3.392610
4.219080
4.212530
4.828420
5.580440
5.256760
3.389340
3.465370
4.265610
4.896020
2.330800
2.699430
4.338770
2.700610
6.383670
4.847100
3.963620
3.268130
3.159080
2.246000
4.146390
