0.364085
0.34663
0.338047
0.360358
0.393597
0.606927
0.864068
1.15808
1.131
1.03644
1.07823
1.21139
1.27175
1.2887
1.23603
1.19973
0.499696
0.499242
0.5394
0.654375
0.957204
1.07551
1.00365
1.1946
1.13422
1.32914
1.2389
1.45483
1.34791
1.17999
1.05853
1.0928
1.09643
1.11981
1.09735
0.942377
1.01407
1.11352
0.951014
1.05386
1.01559
0.981762
0.771452
0.990473
0.714383
1.03344
1.05577
0.90882
0.957664
1.03205
1.00952
0.921066
1.03932
0.987306
1.08041
0.999266
1.05469
1.07374
0.966111
1.00247
0.931552
0.869337
0.88231
0.852636
0.876075
0.831244
0.933737
0.878073
0.93514
0.786542
0.919832
0.828902
0.845269
0.793751
0.903054
0.733097
0.79206
0.911342
0.942257
0.809839
0.849276
0.897755
0.929114
0.84708
0.912039
0.826678
0.793269
0.889708
0.858706
0.842448
0.868869
0.910313
0.88587
0.899115
0.810459
0.907767
0.848195
0.942587
0.892607
0.849277
0.793813
0.778476
0.894171
0.913552
0.958361
0.857195
0.775467
0.91068
0.813645
0.87171
0.876077
0.872032
0.956974
0.944359
0.949321
0.933818
0.937995
0.858787
0.744196
0.880183
1.06218
0.912498
0.968173
0.841064
0.778523
1.02332
0.715016
0.997666
1.02309
0.966085
0.92253
1.0833
1.03967
0.923787
0.871049
0.816851
0.826555
0.944111
1.01069
0.850659
0.898778
0.676141
0.616545
0.622887
0.765303
0.707934
0.806925
0.726883
0.726587
0.786103
0.677252
0.740164
0.792561
0.713051
0.715423
0.716177
0.874785
0.849048
0.840757
0.807854
0.819405
0.686715
0.932334
0.812342
0.70135
0.68954
0.660109
0.737865
0.764582
0.785543
0.788701
0.784253
0.748241
0.616153
0.695995
0.786519
0.696836
0.799488
0.804309
0.883162
0.83966
0.716187
0.79066
0.842906
0.990945
0.828654
0.87968
0.871627
0.75316
0.832569
0.781814
0.889668
0.701771
0.777381
0.695064
0.686267
0.654882
0.728599
0.688177
0.657388
0.730634
0.637874
0.813794
0.779708
0.728685
0.798051
0.859269
0.839236
0.669831
0.72115
0.786815
0.810084
0.903465
0.806457
0.799344
0.801524
0.790938
0.779339
0.64044
0.788077
0.720902
0.660566
0.597828
0.4778
0.690919
0.71608
0.727144
0.607212
0.786785
0.636268
0.575974
0.643576
0.542574
0.582101
0.646196
0.619937
0.567491
0.506377
0.722338
0.557836
0.556993
0.716728
0.610049
0.605968
0.655851
0.615652
0.626924
0.60047
0.622423
0.656627
0.575963
0.534652
0.643324
0.568305
0.579428
0.641828
0.522946
0.620637
0.563228
0.66723
0.573401
0.616242
0.58738
0.602969
0.59612
0.656672
0.629669
0.570972
0.671251
0.536175
0.497308
0.585363
0.54106
0.578882
0.562614
0.518595
0.562708
0.593006
0.563038
0.480164
0.561829
0.517213
0.442339
0.443256
0.39368
0.461966
0.426272
0.43157
0.500423
0.445285
0.488981
0.440489
0.466353
0.44801
0.477083
0.526369
0.513518
0.456728
0.449755
0.511086
0.493228
0.396059
0.489416
0.539119
0.482059
0.468617
0.518045
0.460057
0.599864
0.58808
0.490646
0.53311
0.557313
0.455472
0.532481
0.494104
0.541017
0.507564
0.520784
0.499107
0.571705
0.502826
0.594384
0.522297
0.484921
0.497003
0.517132
0.562064
0.518302
0.583625
0.63811
0.639212
0.557741
0.594857
0.614651
0.471278
0.573965
0.598806
0.607339
0.643805
0.565514
0.568154
0.827562
0.677285
0.657723
0.606386
0.679443
0.698243
0.560734
0.603284
0.57998
0.627285
0.616737
0.593187
0.639699
0.59758
0.62754
0.552469
0.635357
0.497151
0.475421
0.502153
0.599133
0.516831
0.481015
0.548456
0.652665
0.645403
0.562581
0.516855
0.668976
0.544938
0.627267
0.624524
0.56977
0.673608
0.532329
0.558024
0.559101
0.50296
0.520833
0.606021
0.588335
0.585303
0.61395
0.581662
0.4899
0.577689
0.526563
0.473676
0.498905
0.506618
0.48435
0.550391
0.528608
0.461494
0.513833
0.503397
0.495087
0.514126
0.508824
0.500001
0.512811
0.478567
0.553421
0.638491
0.492664
0.578088
0.505092
0.588771
0.510732
0.514024
0.524661
0.518462
0.485002
0.489945
0.452343
0.481088
0.463429
0.453377
0.467727
0.483016
0.409557
0.408221
0.425904
0.378293
0.419717
0.363054
0.340463
0.402816
0.370937
0.391746
0.363997
0.35399
0.311511
0.3789
0.291192
0.319783
0.295406
0.324133
0.335905
0.248033
0.302622
0.268536
0.248178
0.307924
0.286788
0.277087
0.286418
0.240313
0.264942
0.250257
0.255456
0.306047
0.291032
0.340855
0.287228
0.242975
0.241189
0.229398
0.257577
0.279298
0.286206
0.254165
0.23794
0.278547
0.269057
0.243757
0.253378
0.233397
0.220762
0.239476
0.250138
0.280119
0.253906
0.216746
0.262617
0.246302
0.225904
0.246314
0.251641
0.231744
0.278709
0.225283
0.241447
0.246269
0.260844
0.26852
0.23765
0.243618
0.291232
0.255699
0.24938
0.258005
0.261991
0.236873
0.247075
0.271919
0.27332
0.239438
0.271233
0.263549
0.235143
0.286693
0.320492
0.266357
0.311523
0.324136
0.261782
0.284884
0.252942
0.252966
0.229966
0.267843
0.256875
0.262627
0.265086
0.259458
0.252008
0.255866
0.236624
0.260809
0.27067
0.250942
0.278778
0.217955
0.270667
0.240755
0.238917
0.233609
0.268383
0.234784
0.219042
0.239856
0.251101
0.296625
0.278905
0.234053
0.248477
0.242328
0.274163
0.246689
0.232609
0.258602
0.264434
0.292741
0.29418
0.248528
0.216036
0.240641
0.264456
0.231292
0.277351
0.20853
0.235315
0.262805
0.232588
0.251567
0.224379
0.240345
0.275354
0.303718
0.215354
0.249872
0.233384
0.264226
0.225911
0.260298
0.243181
0.224008
0.238168
0.243732
0.253354
0.250981
0.246588
0.257055
0.286716
0.235989
0.23892
0.275514
0.236938
0.258856
0.248399
0.246335
0.228205
0.258575
0.269598
0.25686
0.256185
0.237556
0.276768
0.233696
0.28015
0.261281
0.226382
0.27426
0.260286
0.245875
0.293753
0.285591
0.235876
0.263886
0.261825
0.249965
0.263798
0.217792
0.268667
0.243955
0.280026
0.277966
0.287157
0.353261
0.27074
0.301336
0.264515
0.273419
0.267665
0.277224
0.304579
0.281679
0.317269
0.309539
0.294362
0.293381
0.314749
0.28436
0.265806
0.275752
0.263941
0.310623
0.33985
0.325243
0.300644
0.303761
0.289363
0.312124
0.310394
0.308967
0.321625
0.335178
0.328189
0.286965
0.28883
0.283391
0.283254
0.277917
0.272892
0.274336
0.276941
0.283461
0.286172
0.285122
0.259635
0.282529
0.293315
0.276868
0.263827
0.2529
0.305647
0.272752
0.275887
0.271013
0.247022
0.29673
0.283921
0.284155
0.276893
0.25884
0.286368
0.275039
0.257456
0.267866
0.283984
0.272519
0.282205
0.264856
0.268891
0.270894
0.262699
0.34222
0.31155
0.328878
0.291681
0.278679
0.280057
0.280047
0.270175
0.260716
0.236861
0.252284
0.286029
0.249562
0.251228
0.263195
0.266632
0.290586
0.302913
0.281606
0.289128
0.272857
0.255025
0.262408
0.254978
0.268701
0.258838
0.272457
0.266316
0.25187
0.266601
0.273692
0.271625
0.277477
0.258205
0.266962
0.247167
0.249348
0.253466
0.236901
0.263702
0.225669
0.241204
0.255921
0.235455
0.241636
0.249616
0.269804
0.25082
0.241607
0.245077
0.265274
0.268674
0.23744
