2.54007
2.56138
3.22929
3.72334
3.85403
3.80922
3.26
3.04458
2.80847
2.86942
3.04007
2.9128
2.88393
2.84535
3.09905
3.01126
3.08452
2.9891
3.0506
3.25612
2.94181
3.05611
3.1348
2.78998
2.85848
2.86868
2.8528
2.918
2.95551
3.12948
3.20962
3.31824
3.27074
2.92324
2.87551
2.88431
2.90068
2.8286
3.14108
3.01185
2.78839
2.9415
3.15569
3.12576
3.01124
2.73234
2.78803
3.20553
3.04561
2.8411
3.15556
3.1163
3.00371
2.85301
2.91327
2.9421
2.78433
3.18885
2.87929
3.00751
2.84189
3.09861
3.06509
2.86013
2.70981
3.07553
3.08149
2.98456
2.93798
2.73842
3.05654
2.98666
3.01533
2.76472
2.89238
2.75853
2.60897
2.62329
3.10402
2.63345
2.83069
2.56272
2.8719
2.79942
3.05037
2.77542
2.69423
2.70243
2.87734
2.85732
2.4178
2.52935
2.54739
2.70889
2.39391
2.71561
2.68431
2.28906
2.4412
2.4061
2.40458
2.22713
2.22631
2.1951
2.31722
2.3362
2.20453
1.90296
2.02847
2.09379
2.13826
2.44863
2.19601
2.24159
1.89242
2.42415
2.12935
2.29711
2.27883
2.12842
2.22506
2.18442
2.34607
2.2317
2.15517
1.90507
2.24929
2.20436
2.15962
2.12248
2.13697
2.13505
2.09455
2.07146
2.24666
2.18588
2.1122
2.07296
2.01741
2.06211
2.03746
2.07884
2.08075
2.18427
