2.7361
4.33455
3.71649
3.12341
4.64128
3.88558
4.19538
4.25015
3.99557
4.30742
4.91051
3.56556
4.59887
3.49917
4.4059
4.3369
3.98001
4.0981
3.70597
2.99438
3.44232
4.23888
2.9395
3.37544
3.25505
3.35504
2.97261
3.58676
3.50195
3.58657
3.9229
3.52394
3.9478
2.89599
3.29945
3.19401
3.66123
3.20899
3.72861
4.23764
3.68106
3.06607
3.16885
3.96835
3.43794
3.51158
3.45813
3.40849
3.63978
3.61902
3.545
3.26532
3.41056
3.47829
3.64434
3.38035
3.74199
3.1009
3.39468
3.47494
3.42225
3.16414
3.8228
3.75925
3.6465
3.32035
3.52805
3.06977
3.28117
2.3421
2.99161
2.43751
2.79007
2.82223
2.39716
1.70251
1.94873
1.9539
2.20385
2.08943
1.95254
1.5862
1.66712
1.50071
2.01958
1.54473
1.71785
1.49239
1.6849
1.27372
1.62035
1.44616
1.28945
1.71651
1.06807
1.23506
1.24636
1.3685
1.13657
1.18741
1.05197
1.27961
1.02429
1.32028
1.47543
1.1318
1.34682
0.971135
0.961117
1.57182
1.00101
0.979169
0.997447
1.04446
1.0201
1.15071
1.04329
0.988483
1.07656
1.19133
0.822795
0.716948
0.769569
0.787025
0.906097
0.694516
0.751557
0.809493
0.933489
0.726678
0.751154
0.650645
0.562075
0.43328
0.526317
0.598329
0.528879
0.43315
0.945701
0.921969
0.878
0.617893
0.678254
0.588093
0.789205
0.794959
0.580404
0.446191
0.500569
0.424904
0.391667
0.407934
0.445635
0.440899
0.411034
0.445463
