3.91794
5.48402
7.99707
7.23834
8.97168
7.24577
5.91773
7.97945
7.95634
8.10171
8.43293
7.18725
6.1308
5.61417
5.34374
7.54666
6.20414
7.52351
8.9575
9.23505
9.32794
8.14387
10.3942
8.52482
8.4595
9.65996
9.49264
7.15007
10.4917
10.3759
10.383
8.34432
10.2941
12.9571
14.6146
11.4805
11.6404
9.64238
7.78675
9.54163
8.2701
9.09749
11.0667
10.2396
13.1595
8.45469
11.2749
14.7329
13.9588
14.2975
11.9698
12.9688
13.8917
12.5092
11.5413
10.7088
12.9255
14.4617
16.1518
11.8987
14.6812
14.6833
15.0293
12.1816
14.0561
12.4444
13.4293
15.6692
14.0132
17.4688
12.3431
11.2006
15.2913
14.749
14.4175
15.3652
13.3604
16.2456
16.3426
14.4262
15.4013
14.2156
16.5968
13.1903
18.262
18.1284
16.9985
16.6634
17.4281
16.5321
14.8758
20.1748
18.2724
19.9053
18.6863
19.3821
18.2922
20.1339
16.4752
22.0471
16.0535
18.0331
20.9436
26.378
20.3726
17.7804
17.2072
19.8801
22.1619
20.5279
22.3359
15.0424
14.7325
14.2276
16.8912
25.4171
35.6252
