0.421924
0.409276
0.424398
0.42501
0.411902
0.429354
0.473788
0.501776
0.502163
0.559004
0.527915
0.552606
0.478597
0.469581
0.471447
0.471312
0.478984
0.493414
0.487215
0.492685
0.537764
0.543691
0.517153
0.477723
0.468741
0.490298
0.493397
0.512594
0.507845
0.547424
0.498438
0.540204
0.513762
0.53334
0.514499
0.461157
0.522366
0.510803
0.489041
0.532587
0.487107
0.530225
0.512824
0.507281
0.45542
0.436009
0.530282
0.454602
0.533109
0.494442
0.496286
0.511669
0.49005
0.52292
0.590166
0.686619
0.588563
0.559741
0.584966
0.488631
0.563388
0.541484
0.64981
0.49461
0.484992
0.450003
0.424846
0.422604
0.444672
0.539762
0.491354
0.53991
0.510259
0.530918
0.514527
0.535277
0.462216
0.506877
0.391794
0.386122
0.519191
0.458272
0.507462
0.518242
0.552121
0.519802
0.524665
0.47968
0.511912
0.500449
0.501133
0.499704
0.470682
0.496671
0.506924
0.458693
0.443116
0.516616
0.528964
0.468786
0.47102
0.484571
0.435862
0.44229
0.459221
0.497251
0.498195
0.485739
0.492937
0.500184
0.496234
0.445031
0.453864
0.436269
0.466063
0.472257
0.413487
0.442204
0.466824
0.524575
0.466779
0.429989
0.470624
0.45027
0.489136
0.527307
0.46352
0.51682
0.488212
0.473133
0.485517
0.433746
0.556804
0.544792
0.544546
0.481262
0.523792
0.499139
0.534841
0.484312
0.524009
0.479963
0.517935
0.514302
0.487052
0.495534
0.5435
0.503208
0.521102
0.435644
0.42842
0.460968
0.480381
0.415401
0.512054
0.454316
0.485127
0.550783
0.496751
0.532778
0.523642
0.514684
0.49014
0.467873
0.456166
0.54247
0.558851
0.44668
0.553219
0.488916
0.482044
0.401565
0.466849
0.469788
0.468353
0.482708
0.415522
0.436151
0.505157
0.478628
0.461565
0.408815
0.454055
0.583402
0.587693
0.5522
0.523564
0.441775
0.509145
0.436316
0.505084
0.564927
0.492418
0.593599
0.514733
0.569841
0.67098
0.598325
0.680301
0.559226
0.491809
0.618316
0.602065
0.697818
0.691752
0.77878
0.661996
0.80902
0.66998
0.55501
0.63748
0.64362
0.633402
0.62066
0.708085
0.597508
0.543751
0.670748
0.60348
0.667108
0.612203
0.653358
0.617732
0.592428
0.649282
0.563492
0.619347
0.536448
0.549753
0.507464
0.546308
0.555159
0.5623
0.622441
0.476914
0.409631
0.56044
0.520581
0.507029
0.421082
0.593503
0.531969
0.550921
0.504662
0.471995
0.476628
0.470718
0.469209
0.46627
0.393325
0.430969
0.532103
0.521886
0.497065
0.543837
0.656574
0.62096
0.602955
0.608831
0.533806
0.609902
0.541214
0.579548
0.561663
0.65718
0.661656
0.611885
0.540434
0.516901
0.552671
0.500903
0.545788
0.61625
0.596565
0.664329
0.614698
0.642241
0.571416
0.687283
0.570987
0.604886
0.620811
0.672827
0.590798
0.667962
0.661851
0.668677
0.617613
0.712034
0.621577
0.614786
0.582524
0.529417
0.622121
0.664719
0.62611
0.64943
0.597745
0.575922
0.609456
0.452769
0.453958
0.58664
0.413706
0.359189
0.594933
0.471926
0.447262
0.443043
0.456243
0.476201
0.565713
0.482944
0.683074
0.527736
0.688786
0.688775
0.574128
0.599736
0.631875
0.530688
0.51899
0.412627
0.509138
0.617274
0.473342
0.46461
0.499726
0.498953
0.430721
0.448202
0.494134
0.419953
0.446998
0.480406
0.449329
0.352505
0.395582
0.439585
0.520209
0.354975
0.465752
0.455246
0.467195
0.398199
0.487927
0.563124
0.544526
0.361484
0.416345
0.490177
0.35425
0.400749
0.408252
0.48491
0.468724
0.580102
0.394386
0.525164
0.552916
0.602117
0.487779
0.531537
0.461429
0.480421
0.409333
0.562013
0.584323
0.534641
0.517519
0.516141
0.644722
0.577729
0.482099
0.553317
0.610583
0.549458
0.505365
0.670523
0.559327
0.558811
0.605108
0.531772
0.548558
0.518178
0.55452
0.753728
0.628955
0.7508
0.645692
0.671264
0.749266
0.821219
0.607695
0.663541
0.669054
0.78694
0.563157
0.68869
0.660534
0.72375
0.73281
0.743397
0.768336
0.57871
0.500184
0.596774
0.496458
0.623186
0.60142
0.638539
0.59695
0.814612
0.575925
0.90859
0.554734
0.702075
0.681192
0.606156
0.645975
0.723635
0.765082
0.617066
0.739165
0.79409
0.761511
0.854632
0.838462
0.816648
1.03516
0.84777
0.981986
0.98204
1.0928
0.899819
0.937389
0.727371
0.7825
0.946389
0.935068
0.970138
1.02407
0.758455
0.822036
0.893355
0.701753
0.814596
0.80153
0.763484
0.861893
0.694748
0.631202
0.634629
0.791447
0.718884
0.75508
0.764444
0.523913
0.593513
0.691288
0.575599
0.591076
0.724708
0.771111
0.754758
0.767854
0.698829
0.89142
0.658397
0.880526
0.825213
0.701703
0.714271
0.577821
0.707469
0.669886
0.748188
0.717645
0.759458
0.678075
0.676452
0.906659
0.872056
0.878758
0.755331
0.907523
0.748465
0.806511
0.664162
1.02286
0.807581
0.783903
0.744899
0.733836
0.811965
0.889928
0.807326
0.795828
0.824517
0.784606
0.874203
0.820658
0.816287
0.781781
0.838423
0.870819
0.796042
0.883594
0.807306
0.873808
0.708465
0.824965
0.769702
0.73598
0.756115
0.761816
0.859086
0.819903
0.890764
0.753907
0.801809
0.838353
0.856414
0.81955
0.755948
0.875176
0.867991
0.966414
0.835007
1.07843
0.796358
0.603877
0.80588
0.698251
0.988494
1.10591
0.838517
0.82694
0.911579
0.488438
1.32114
1.06734
0.694565
0.885413
0.7593
0.809636
0.831094
0.653637
0.754556
0.75353
1.06153
0.808335
0.86035
0.971743
0.680201
1.01027
1.09985
1.22477
0.853639
1.5005
1.21541
1.04694
0.967823
0.969329
0.954364
1.00619
1.01107
0.893863
0.753623
0.884079
0.929964
0.618922
0.816052
1.26473
1.03097
0.722676
1.17233
1.08802
1.30288
0.572586
1.29212
1.00696
1.12727
1.04867
1.04858
1.07454
1.08845
0.98349
0.949706
1.00895
0.850768
1.00971
0.937617
0.960796
0.964936
1.07789
1.14779
1.08988
0.561882
0.893319
0.621403
0.69976
0.51313
0.624817
0.596779
0.577314
0.598
0.68975
0.65899
0.836606
0.643524
0.655033
0.613371
0.674968
0.650297
0.64578
0.547011
0.680896
0.696005
0.687835
0.67807
0.586419
0.543328
0.573799
0.677894
0.837128
0.529842
0.566334
0.499856
0.648605
0.727003
0.605401
0.856299
0.665025
0.499874
0.574695
0.577895
0.657439
0.61119
0.574502
