3.050530
2.922820
3.285380
2.650990
2.385290
5.213360
8.168980
4.782950
4.817410
4.577150
4.696390
4.454130
3.343160
4.421280
4.086560
5.120940
5.410850
5.104650
6.542180
6.113030
4.650390
5.973630
6.365710
6.588320
5.721900
6.899960
5.363250
5.709490
6.493890
6.663680
6.614500
6.377720
6.705930
6.918600
6.490800
6.755890
6.781030
6.626880
7.081660
7.570860
8.246560
7.785050
8.156870
8.982880
9.346800
7.656550
11.305200
7.668540
8.212630
8.746470
7.655670
9.490350
8.061460
9.847130
9.032930
9.305570
8.682620
7.835810
10.151600
9.652690
10.929100
11.998600
13.704300
9.426930
10.790100
10.317600
11.579400
10.602800
11.617400
11.589100
13.891100
13.952000
9.336840
13.217400
9.505020
13.654800
17.150600
17.415400
14.000200
19.134500
13.486900
12.192000
13.594700
16.587200
11.882400
18.300700
14.465000
14.879900
17.476700
24.150200
17.179800
22.667000
25.734200
24.016700
20.356200
23.070600
28.759200
25.530600
23.994100
30.508900
18.980400
24.518100
32.951500
32.969000
18.085900
28.822000
21.408100
11.965300
17.276100
7.663280
9.396320
11.021700
