0.0999189
0.129042
0.221461
0.365781
0.415159
0.271653
0.197314
0.258636
0.337623
0.31412
0.26453
0.27959
0.255116
0.286854
0.343207
0.350024
0.192197
0.256396
0.374078
0.370949
0.427105
0.415809
0.404204
0.281848
0.266119
0.286778
0.28759
0.325257
0.341069
0.241708
0.206393
0.266227
0.294156
0.182598
0.207166
0.338042
0.363361
0.294736
0.279213
0.332996
0.313653
0.265766
0.283281
0.287989
0.274471
0.251101
0.267379
0.335486
0.256451
0.252954
0.277131
0.319487
0.305177
0.358277
0.335807
0.318451
0.388399
0.354432
0.3495
0.301852
0.333593
0.330402
0.351994
0.331712
0.253316
0.224625
0.289254
0.358797
0.266514
0.231921
0.234569
0.225319
0.267717
0.251775
0.217125
0.258249
0.240004
0.257963
0.258762
0.247164
0.193268
0.197831
0.245418
0.235022
0.251298
0.234062
0.236019
0.247572
0.246267
0.232113
0.203933
0.200016
0.202211
0.171561
0.2018
0.204905
0.18551
0.195925
0.207193
0.170531
0.210334
0.212983
0.192989
0.179242
0.158065
0.209955
0.207781
0.207903
0.162579
0.166257
0.215512
0.218094
0.205039
0.207739
0.211456
0.213963
0.189248
0.206748
0.193184
0.209179
0.182693
0.203959
0.213275
0.144046
0.194725
0.20761
0.227479
0.201703
0.210334
0.224713
0.236846
0.219616
0.223149
0.207953
0.208003
0.240199
0.213913
0.216522
0.182274
0.213969
0.213442
0.24619
0.233562
0.224618
0.182271
0.15502
0.15739
0.198318
0.202123
0.197473
0.155807
0.148756
0.187273
0.221529
0.187528
0.203472
0.225153
0.193483
0.1674
0.177043
0.153406
0.150079
0.147946
0.129946
0.139731
0.158702
0.164061
0.2062
0.212694
0.179921
0.197912
0.191847
0.1884
0.20976
0.188233
0.206125
0.184086
0.206729
0.163821
0.190141
0.18772
0.204333
0.202546
0.177414
0.194885
0.191628
0.17778
0.160255
0.18777
0.203747
0.178198
0.192962
0.143534
0.156736
0.18941
0.159076
0.167355
0.195817
0.188837
0.173077
0.160271
0.166725
0.188996
0.168285
0.170299
0.204364
0.204093
0.184966
0.169044
0.197773
0.16549
0.182398
0.219694
0.189371
0.1576
0.182804
0.157292
0.177171
0.150336
0.185485
0.174093
0.185677
0.170356
0.186484
0.161429
0.198081
0.167677
0.191636
0.172
0.19485
0.212276
0.152057
0.172947
0.160083
0.161048
0.180125
0.146174
0.184979
0.150653
0.182162
0.17402
0.16495
0.177861
0.182361
0.164555
0.167632
0.146803
0.182027
0.1717
0.178936
0.176613
0.17039
0.190895
0.169769
0.162987
0.166935
0.175795
0.18222
0.17807
0.175173
0.173286
0.159474
0.164156
0.156513
0.163623
0.179187
0.176385
0.170069
0.174733
0.173337
0.212904
0.18277
0.184686
0.182637
0.161516
0.176088
0.171779
0.159092
0.161306
0.192902
0.179455
0.162541
0.176852
0.157702
0.168955
0.175567
0.163195
0.19211
0.182611
0.166718
0.185657
0.172122
0.137503
0.147421
0.152694
0.175265
0.166781
0.150502
0.155348
0.142146
0.162868
0.165821
0.176917
0.172355
0.179981
0.154237
0.180326
0.16495
0.148494
0.159382
0.171021
0.174776
0.190555
0.1587
0.159056
0.185813
0.21033
0.170253
0.174762
0.176084
0.174104
0.162576
0.169837
0.210306
0.179992
0.165021
0.148367
0.164483
0.152498
0.164061
0.150381
0.194024
0.14327
0.165868
0.167431
0.164852
0.15082
0.15191
0.158476
0.176641
0.142966
0.153997
0.171578
0.159781
0.169551
0.170025
0.158371
0.155834
0.177107
0.201206
0.160685
0.172479
0.164566
0.203415
0.173761
0.187178
0.165064
0.184035
0.19824
0.174199
0.18608
0.187111
0.1756
0.201921
0.206442
0.187522
0.192736
0.198596
0.217506
0.216873
0.178075
0.182833
0.179375
0.214715
0.226392
0.230017
0.2014
0.123535
0.160617
0.149891
0.155471
0.194188
0.169597
0.21327
0.161754
0.157152
0.218692
0.192689
0.199203
0.173591
0.145314
0.235904
0.196805
0.204284
0.196931
0.141787
0.174593
0.184433
0.212545
0.198132
0.188108
0.181236
0.209271
0.206378
0.195362
0.198811
0.211869
0.231738
0.181454
0.221533
0.17677
0.197285
0.220425
0.232783
0.177993
0.199186
0.227845
0.243025
0.226528
0.25475
0.268794
0.227763
0.223098
0.242163
0.218117
0.21498
0.211102
0.187148
0.197119
0.206127
0.218446
0.22763
0.22707
0.229777
0.259924
0.206372
0.192666
0.18223
0.220075
0.196271
0.164992
0.195307
0.229811
0.212096
0.120096
0.17067
0.24623
0.138713
0.0916283
0.120299
0.225381
0.142133
0.170931
0.243542
0.20585
0.191111
0.156959
0.160905
0.198859
0.174182
0.162535
0.183162
0.202856
0.151982
0.14263
0.185646
0.188906
0.207715
0.197381
0.159237
0.159348
0.167689
0.162058
0.176897
0.182
0.177456
0.149348
0.159329
0.173075
0.156329
0.183322
0.160842
0.158301
0.131799
0.171124
0.167815
0.152695
0.141566
0.14746
0.149622
0.192724
0.102854
0.110926
0.0905709
0.112389
0.165445
0.113769
0.106804
0.138641
0.150639
0.162426
0.127791
0.149495
0.154738
0.154269
0.208716
0.205862
0.102285
0.0927048
0.101615
0.124262
0.132278
0.109873
0.0881043
0.126785
0.101837
0.0795575
0.0961556
0.103321
0.112506
0.118177
0.112774
0.113032
0.140675
0.113805
0.131622
0.103877
0.118492
0.155079
0.143363
0.125104
0.121699
0.125194
0.149333
0.118207
0.142864
0.148794
0.1325
0.135949
0.119394
0.156662
0.118455
0.118017
0.0886153
0.0916712
0.102611
0.0967241
0.111804
0.11336
0.126489
0.144809
0.132919
0.131261
0.140822
0.101832
0.0943825
0.131647
0.146221
0.17776
0.15228
0.18861
0.0901908
0.117512
0.164826
0.0867115
0.133518
0.134451
0.102781
0.151601
0.10719
0.133157
0.105105
0.181236
0.127173
0.107089
0.103507
0.12157
0.130299
0.10756
0.0952406
0.116153
0.127483
0.119521
0.11788
0.14291
0.129357
0.131981
0.14003
0.0952002
0.117416
0.120487
0.101408
0.111546
0.116852
0.123891
0.101973
0.104282
0.142533
0.121205
0.120355
0.124585
0.129609
0.1352
0.135974
0.119183
0.128827
0.14304
0.114187
0.155039
0.119483
0.0988796
0.124398
0.10512
0.112617
0.141963
0.101638
0.11951
0.101703
0.108504
0.11055
0.123208
0.106406
0.102052
0.113049
0.129041
0.126802
0.117197
0.10677
0.118902
0.114439
0.107213
0.0956647
0.143967
0.141635
0.151715
0.15103
0.1441
0.142194
0.131594
0.182336
0.197374
0.206125
0.167285
0.149584
0.100804
0.107998
0.103421
0.0968834
0.11504
0.118562
0.0991351
0.0994447
0.105254
0.13755
0.119064
0.109708
0.10798
0.11654
0.139712
0.0969066
0.127765
0.104265
0.117128
0.13046
0.112573
0.136999
0.146658
0.115453
0.0982016
0.103662
0.139803
0.122336
0.11968
0.146526
0.114469
0.0973611
0.147196
0.170746
0.140347
0.127659
