5.02895
5.43437
5.61048
5.809
5.13292
6.2122
6.55337
5.38026
6.57074
6.44573
6.11006
7.18168
9.05769
8.13961
6.95551
7.36738
8.01225
8.31961
8.18937
8.98769
7.58675
9.19262
7.53145
8.03192
8.19365
9.27113
9.94604
9.5238
9.67912
10.5926
9.8814
9.70478
12.154
10.2577
10.6961
9.53182
9.02934
9.32462
9.245
10.1367
10.2788
10.5381
9.56606
12.157
11.5091
11.7161
12.1878
11.5795
13.3753
12.0018
12.4372
11.4416
11.9574
11.3849
12.1529
12.0222
12.0688
11.9765
12.7934
14.5974
13.1261
13.918
13.2752
12.215
14.5354
12.9351
12.9457
12.8744
14.9689
12.2799
13.3876
14.3279
12.8928
13.9442
13.559
13.8244
13.7331
15.3573
13.0626
13.6925
12.6438
14.5599
15.5666
13.9385
13.9767
14.514
16.0373
16.1142
12.9886
16.3301
16.0607
