2.61766
3.23715
2.69435
2.76634
4.03824
4.00601
4.29949
3.89095
5.33241
5.30045
7.76513
8.78076
14.3963
19.1223
13.9201
13.2536
11.0164
9.75103
10.0954
8.22238
8.66395
8.86503
7.62291
5.8493
4.48089
6.97218
6.74731
5.60398
4.51012
4.6935
4.07018
3.93935
4.07802
3.76859
4.01037
4.76195
4.3515
7.09274
5.92005
6.64716
4.81467
5.72316
7.09441
6.86129
6.68748
6.01178
8.06508
6.6003
4.40344
5.63444
5.8653
4.73971
5.53345
4.89337
6.25783
5.93975
5.54039
5.63617
5.20058
5.31408
5.42952
5.54728
5.63605
6.33368
4.1725
4.52496
5.37841
6.05669
5.63089
5.68216
4.98171
5.96743
4.55395
5.53278
6.40353
6.24107
6.70708
6.00028
6.88629
5.24971
5.80457
5.11365
5.33807
5.70355
5.41413
5.05156
4.59199
4.32552
4.60864
4.18329
4.24287
3.87538
3.85093
4.15333
4.01996
3.94203
3.55884
3.94967
3.09957
3.59386
4.02118
3.75758
4.16578
4.42732
4.53062
3.00942
3.01281
3.20302
3.50051
3.22076
2.97579
3.17801
3.61557
3.27476
3.39256
3.65774
3.42589
3.60579
3.33322
3.13003
2.26687
3.33884
2.89113
2.87577
2.68775
2.79668
2.4962
2.71052
3.12644
3.22062
2.31297
2.36526
2.2819
2.2871
2.36866
2.72036
2.48357
3.02765
2.71025
2.12171
1.97793
1.74509
1.9125
2.252
