2.58546
2.99258
3.19492
3.30765
4.20757
4.36473
4.49824
4.44938
5.01338
4.68267
3.49612
4.51502
4.28103
5.16739
5.05157
5.2097
5.5077
4.99287
5.58327
5.20548
5.0806
6.40264
6.38705
6.73918
5.76961
6.49368
6.69769
6.20087
6.2628
6.22938
6.25382
5.69189
6.58903
7.37677
7.20915
5.74359
7.07711
7.99732
8.02607
7.15158
8.69505
6.35735
7.82552
8.1676
7.6417
6.86008
8.62573
8.19157
8.06792
7.93196
7.67042
10.1476
8.51029
9.04544
9.40337
9.6243
9.35461
10.6219
10.1738
7.8088
9.82349
9.15338
10.5609
9.55337
10.657
12.9066
9.73609
10.2507
13.9862
11.164
13.2809
13.3111
13.8503
15.7667
13.578
25.5038
12.2211
15.3988
