0.878428
1.05844
1.0369
1.50513
0.947917
1.24149
1.13198
0.916105
1.15401
1.42825
1.93707
2.03131
1.58892
1.97782
2.09666
1.90672
1.46623
2.61018
1.5709
2.27663
1.45277
1.26184
1.82641
2.24656
1.84699
1.95352
2.22784
2.30656
2.28787
1.86805
2.11381
1.9349
1.86178
2.16597
1.87867
2.07768
1.91967
1.94368
2.00022
2.03157
1.769
1.83655
2.23759
1.79616
1.81235
1.75318
1.87592
1.79718
1.67155
1.93845
1.79699
1.92484
1.89063
1.9878
1.99352
1.97472
1.86406
1.86025
1.88786
1.93617
1.92488
1.91338
1.88357
1.77765
2.14412
1.80677
1.85206
1.83159
1.87525
1.86102
1.97753
1.85033
1.78487
1.9333
1.5929
1.41183
1.54367
1.39091
1.32683
1.36015
1.20465
1.29607
1.13836
1.45978
1.42252
1.32354
1.14871
1.17878
0.996058
1.12094
1.00828
0.85679
0.821556
0.500461
0.547094
0.876169
0.916905
1.17292
0.951632
0.888474
0.938633
0.974266
0.945089
0.884031
0.931022
0.962329
0.956232
0.885625
0.776781
0.767667
0.831199
0.687143
0.755581
0.700609
0.704844
0.660264
0.733791
0.642345
0.764545
0.658375
0.650799
0.668165
0.572527
0.57663
0.512434
0.47941
0.442962
0.435557
0.412441
0.364497
