2.69284
2.88888
2.79221
2.60304
2.86407
2.74123
2.79661
2.79842
2.76786
2.82817
2.87631
2.76383
2.85177
3.1111
3.94992
5.24685
1.0524
0.379556
0.440354
0.417092
0.357916
0.392065
0.380384
0.547377
0.480587
0.626241
0.600566
0.516556
0.514863
0.56306
0.499222
0.503589
0.537549
0.438789
0.489046
0.404205
0.289442
0.31618
0.32474
0.444207
0.426897
0.365359
0.440229
0.446291
0.386099
0.440297
0.412521
0.520824
0.635497
0.596533
0.717941
0.739103
0.737406
0.66744
0.732537
0.893645
0.861442
0.838466
1.02406
1.07805
0.908851
0.776536
0.78377
0.8967
0.91428
0.774551
0.922898
0.866933
1.05148
1.03758
1.18502
0.856693
0.954701
1.00832
0.853451
1.03685
0.911441
0.962578
1.20746
1.15884
1.28249
1.29158
1.20481
1.0799
1.46641
1.30688
1.65484
1.53941
1.53203
1.45531
1.5524
1.49374
1.40705
1.64294
1.56392
1.60096
1.72721
1.68465
1.53425
1.69304
1.81612
1.54718
1.67279
1.62407
1.92269
1.89778
1.82353
1.87483
2.02897
1.8389
2.10579
2.08557
1.63012
1.99316
2.14671
1.8594
1.74651
1.8008
2.12802
2.51791
2.3177
2.16424
2.71001
2.54453
2.71082
2.36282
2.47711
2.56145
2.35587
2.44797
2.45008
2.59327
2.50871
2.53023
2.62449
2.78166
2.4305
2.48534
2.77703
2.68074
2.84194
2.77921
2.66879
2.70589
2.58524
2.79397
2.82242
2.57495
2.64534
2.68073
2.71776
2.73199
2.89018
2.45178
2.38849
2.77554
2.94587
2.68465
2.80377
2.76679
2.64453
2.71885
3.06626
2.80395
2.92743
2.9146
2.84281
3.18825
2.93682
2.86283
2.98996
3.12888
2.76375
2.95541
2.71834
3.15526
2.94713
2.81172
3.13806
3.05857
2.6368
3.1794
3.02075
3.22899
3.09817
2.94821
3.07666
3.00455
3.04909
3.04971
3.52634
3.51047
3.02869
3.26914
3.06887
3.30486
3.10107
3.20394
3.07919
3.26088
3.08908
3.35978
2.94043
3.01464
3.10668
3.04878
3.18041
3.08759
3.11639
3.26549
3.15786
3.11732
2.92983
3.10346
2.9054
2.88886
3.20044
2.98953
3.09949
3.36615
2.82896
2.84828
