1.76851
1.62159
3.10176
1.97874
1.86138
2.06011
2.95915
2.90102
2.94775
3.76194
3.58224
3.30333
3.92044
4.83038
4.08753
5.06267
5.78745
8.35413
5.26854
3.95791
7.39664
5.98138
5.65642
6.96955
6.06303
4.71312
6.88625
7.07303
8.02199
6.81118
6.93068
7.49311
6.45046
7.95903
7.04059
7.90274
6.8099
9.08908
8.61847
6.99492
8.23198
6.42403
7.93578
7.36643
11.4126
8.13053
7.04376
10.0373
8.17963
8.99147
8.71275
8.9795
9.98338
10.1518
9.85225
10.7552
8.49266
7.7645
10.4525
10.4115
9.57842
10.2114
10.5612
8.78421
10.0377
11.8594
10.0011
10.9817
11.6132
11.0372
9.72611
9.75665
8.68864
9.89946
11.5122
12.2413
10.4339
12.7143
11.6757
10.6443
9.11618
11.4656
12.1365
11.7797
9.34101
10.6533
10.8087
11.0318
10.9876
11.9624
12.2573
13.9491
