3.85973
6.43265
5.66644
3.61572
5.92131
3.46262
6.17723
5.83397
5.23677
5.86748
6.13347
6.61787
6.52803
6.52321
5.88923
5.9309
5.78775
6.10769
6.80783
5.7932
5.26729
6.12074
6.30653
6.53651
7.20234
7.38294
7.21754
6.70887
6.70533
7.55935
7.3934
8.63825
6.86265
6.77891
7.02399
8.11833
9.28536
7.31108
7.41157
8.42535
8.74932
9.36947
11.1214
11.0965
10.5109
13.7138
8.99234
10.783
9.43601
9.50012
10.9091
12.3423
11.526
10.8998
11.8342
10.6894
10.4875
14.2313
11.8416
12.0888
11.5326
11.7199
11.6057
11.6153
14.6965
