0.235953
0.331225
0.329074
0.416221
0.367754
0.32479
0.285221
0.554541
0.55651
0.427276
0.36208
0.334359
0.223426
0.278907
0.264422
0.305661
0.391445
0.375375
0.430864
0.327737
0.361361
0.441727
0.410118
0.489702
0.575397
0.578641
0.456692
0.430768
0.544207
0.383531
0.359363
0.343866
0.243088
0.177706
0.612717
0.542901
0.463987
0.664929
0.571211
0.439361
0.288401
0.67698
0.635672
0.580112
0.887152
0.682272
0.554505
0.554655
0.573641
0.576219
0.511992
0.488379
0.528181
0.513648
0.470916
0.598631
0.457881
0.493251
0.478334
0.582583
0.624439
0.598409
0.632917
0.846141
0.652437
0.639071
0.415352
0.477755
0.790712
0.510363
0.562637
0.539636
0.374109
0.467849
0.521184
0.468828
0.378974
0.480648
0.535037
0.577422
0.448883
0.404289
0.419337
0.491866
0.40218
0.422377
0.480527
0.521749
0.375179
0.412689
0.439748
0.37711
0.341385
0.401886
0.324393
0.31689
0.275815
0.361187
0.365858
0.361862
0.311708
0.362108
0.368548
0.258137
0.286762
0.378863
0.373218
0.427973
0.335542
0.356949
0.541963
0.500935
0.629946
0.609927
0.51209
0.704291
0.557102
0.49768
0.633257
0.702668
0.533292
0.438942
0.581692
0.571848
0.509798
0.605279
0.516456
0.532623
0.59938
0.636571
0.751242
0.59121
0.761973
0.755525
0.51604
0.625308
0.704254
0.581462
0.473888
0.408127
0.438373
0.537075
0.420859
0.484477
0.54558
0.652353
0.49939
0.590375
0.552398
0.753325
0.589129
0.577536
0.455385
0.345429
0.434998
0.465002
0.570504
0.746245
0.473344
0.456526
0.532728
0.557629
0.447962
0.407476
0.375783
0.505036
0.429984
0.611902
0.409656
0.564049
0.471466
0.365727
0.560618
0.346264
0.348755
0.274889
0.310651
0.693745
0.397435
0.415451
0.300768
0.343651
0.340281
0.28287
0.276061
0.266893
0.2854
0.343912
0.234004
0.311944
0.336649
0.206047
0.201288
0.537364
0.46142
0.484229
0.384372
0.402593
0.301948
0.298309
0.386805
0.49299
0.277293
0.388968
0.263868
0.4524
0.37407
0.346252
0.336482
0.343157
0.335903
0.386164
0.330512
0.357831
0.416211
0.419854
0.453681
0.259403
0.346602
0.306156
0.291693
0.309655
0.34242
0.3999
0.288849
0.314354
0.248582
0.401158
0.488593
0.23985
0.275153
0.306174
0.281188
0.348868
0.225309
0.262128
0.363555
0.256742
0.31657
0.277561
0.299204
0.354467
0.315116
0.251083
0.324131
0.291507
0.278895
0.274702
0.294953
0.279535
0.262042
0.261317
0.171614
0.297925
0.278648
0.213776
0.2555
0.212059
0.234075
0.282549
0.275011
0.243284
0.181366
0.222465
0.267297
0.251727
0.186364
0.179583
0.206739
0.241272
0.215784
0.182774
0.200201
0.209754
0.18875
0.225752
0.228594
0.240643
0.187124
0.196942
0.282927
0.233744
0.208305
0.184089
0.235802
0.174031
0.160734
0.145156
0.147418
0.185826
0.171012
0.150986
0.154653
0.178877
0.222415
0.213318
0.200084
0.167129
0.155933
0.184952
0.155586
0.139946
0.157807
0.250467
0.169819
0.164544
0.106481
0.0899618
0.0935152
0.111331
0.146663
0.15709
0.136057
