3.38591
3.28826
3.73514
3.46595
3.30795
3.29248
3.41524
3.57136
3.26066
4.15053
4.30162
5.41698
5.1633
4.43413
3.91247
3.7184
4.49559
5.90024
4.83606
5.83711
7.89888
5.52586
5.27517
5.11248
4.60955
6.05765
5.79125
7.66225
9.85183
6.84017
6.49911
7.00596
7.57035
6.74145
9.98436
11.9851
7.97635
12.5273
14.9014
15.5686
16.1701
11.6855
13.0064
14.2363
10.3521
13.4197
9.59966
11.6405
12.0127
9.51986
11.9791
10.2564
8.69254
11.7689
11.9097
10.8499
8.52826
6.12245
7.9343
7.25247
9.09456
8.00549
7.61338
8.28734
7.97629
7.8766
9.73019
8.26438
7.0511
5.80211
6.66435
7.40978
6.79508
6.55357
5.89547
6.57289
7.62409
7.27841
5.36839
5.24931
7.24491
5.41496
5.04891
5.64076
4.78021
6.12885
6.23095
8.34392
7.51413
6.49127
6.1738
7.25668
5.88258
6.41864
6.55544
6.57512
6.10278
7.51394
7.25368
6.81446
7.14995
7.18254
6.92894
6.84139
7.67077
6.96365
7.20934
6.70892
7.70048
6.79449
7.29989
6.05841
7.23332
6.93402
5.88813
7.69321
8.65279
6.66301
6.37733
7.48847
8.48682
6.77402
8.61357
8.49298
8.00772
8.7169
7.37493
6.84384
6.95366
8.56065
8.76421
7.33533
8.42739
8.2332
8.35468
9.56702
8.36655
9.11132
8.28543
7.92266
6.70544
7.37796
6.58267
7.0465
6.65983
6.74557
8.21903
6.75896
6.43216
7.96785
8.82222
8.03932
7.85891
7.7805
10.2404
9.25807
9.01241
8.12137
7.14913
6.98968
6.81333
7.54999
6.90454
5.96618
6.37308
7.68271
8.08743
8.3306
9.4804
7.73277
7.4938
7.22754
6.82512
7.30134
7.70946
8.45294
8.36313
9.00516
8.37327
8.50716
8.97157
8.06935
7.23856
7.06313
7.69624
7.58853
7.52671
8.28651
7.82718
7.58171
8.19194
7.29646
7.94144
8.03745
9.64115
9.41905
8.39581
8.47631
7.89954
8.05606
8.00116
7.90831
7.34479
8.0538
7.94097
7.29279
8.47605
8.23668
8.4057
8.45543
7.67319
7.9102
9.18603
9.52242
8.08823
7.68073
7.48444
6.65505
7.20838
7.26587
6.98359
7.2277
7.47676
7.70498
7.81153
8.27353
7.96808
7.20629
7.66264
8.00979
7.37859
7.11937
6.92576
6.49614
7.17062
8.17752
7.79637
7.97475
6.90643
6.20079
7.15867
8.11975
8.09233
8.60056
8.12047
9.01118
9.89958
9.58976
9.30927
9.48445
9.53845
9.12644
7.04494
6.97216
6.5995
6.98801
7.55034
8.68731
7.48015
7.23639
6.62532
6.54134
6.85262
7.15242
6.99296
6.74486
6.58356
7.16892
7.11291
6.97534
7.66416
6.84579
5.9235
6.5618
6.23867
6.54258
7.30886
7.71546
7.56451
7.43046
6.26997
5.82679
6.59011
7.87208
7.55938
7.65359
8.01291
6.66058
6.48531
7.13121
7.50616
7.34491
7.12306
7.60752
7.11852
7.53102
8.80025
8.78549
8.44076
7.87854
7.72866
7.65103
7.30107
8.10118
8.38294
7.6147
7.49449
8.2679
8.22591
8.51063
7.73691
7.96606
7.36057
7.67282
8.11156
7.20517
7.70719
8.43407
8.04332
8.08578
7.6187
8.44568
8.86619
8.43203
7.45046
7.85606
8.06747
8.33306
8.34869
8.49813
8.4511
8.35362
8.35013
8.76243
8.72791
8.35026
8.42878
9.11282
9.69579
8.92023
8.58903
8.44914
9.02566
8.39295
8.45473
7.73693
8.30064
8.37572
8.71384
8.33482
9.69692
9.4414
8.81219
8.27014
7.73784
7.44561
7.1693
7.49105
7.7048
8.9541
9.48854
7.55414
6.92255
6.71914
7.62026
7.81418
6.961
6.86694
7.02658
6.488
6.04005
6.65439
7.05588
7.5819
6.74836
6.57181
7.79396
8.01254
7.87513
7.6045
7.46922
7.58037
7.59289
7.35166
7.63908
7.61544
7.19773
7.48715
6.61376
7.56031
8.39114
6.70164
6.01577
5.93343
7.06138
6.40566
5.92669
5.99179
6.57007
6.9233
6.61335
5.94373
5.50608
6.36443
6.96261
7.67082
6.83486
6.48931
6.22782
6.48219
6.63518
5.72606
4.91728
5.12456
4.68614
4.64523
4.32951
5.617
5.875
5.11158
5.77734
6.25815
6.41036
5.15915
5.21864
4.33325
5.57522
5.93034
6.47345
6.49341
5.98611
6.62679
5.7032
5.65679
5.76875
5.63176
5.68162
4.85792
4.83461
5.96897
5.92553
5.82161
6.63074
6.13537
6.23596
8.59949
5.74185
6.80292
5.91118
6.16493
5.98765
6.29017
5.10012
5.52346
5.46932
6.01829
4.89485
6.11048
6.69949
5.73232
6.47046
6.43949
6.80616
6.93981
6.48926
7.48773
7.18955
5.97673
6.31934
6.59136
6.89581
6.4805
6.45676
7.91885
6.84612
7.12884
5.3736
5.5771
5.82442
5.3537
5.39088
4.82822
4.32962
5.03654
4.59983
6.26546
5.2048
5.25935
5.57004
6.04097
6.38945
5.33272
6.18912
7.13535
6.18223
6.33422
6.12354
5.54538
5.56323
6.6369
6.30709
7.54745
7.92905
6.95016
5.1161
4.42251
4.60832
5.07926
4.73899
5.74798
4.66067
4.38483
4.79639
5.7962
6.09189
6.33385
5.86961
5.94067
6.97729
6.29092
5.6389
6.05731
4.89161
5.41945
6.78372
6.9711
6.9771
8.07106
7.89855
7.0296
6.50203
5.80425
5.25994
5.6558
5.62412
6.01844
6.80263
5.83862
5.7588
5.83572
5.12085
5.28863
6.47233
6.97539
5.8488
6.36864
5.99204
5.29614
5.92429
6.26773
5.781
4.76272
5.6195
6.35674
6.81244
6.35052
5.6638
6.55932
7.46258
7.35128
5.60185
5.20185
6.08482
5.35026
5.32647
6.31576
5.59058
5.42902
5.89014
5.34404
5.31971
5.50389
5.48289
5.49576
5.50248
5.07039
4.97629
4.84725
4.42348
4.84803
5.0608
5.04493
4.96133
4.52314
4.32701
4.53986
4.20854
4.38619
4.50368
4.51859
4.78159
4.58075
5.32391
4.42807
4.07082
4.04902
3.7593
3.68632
4.00567
4.21374
4.17774
4.4082
4.77312
4.23929
3.40548
3.6152
3.6846
3.90941
3.95438
3.8899
4.27724
4.20543
3.37886
3.12868
2.94311
2.99547
3.05726
3.03283
3.29906
2.91474
3.29873
3.74307
2.91241
3.29789
3.02237
2.73752
2.64365
2.49484
