0.539894
0.56254
0.43813
0.415158
0.360647
0.709324
0.494839
0.708341
0.332153
0.422837
0.389749
0.478498
0.458634
0.487711
0.41509
0.40419
0.312897
0.449404
0.526263
0.699098
0.842824
0.564345
0.590878
0.610402
0.490332
0.592355
0.833623
0.519745
0.482972
0.532934
0.465309
0.737866
0.891789
0.601268
0.641806
0.391403
0.551242
0.827177
0.793423
0.864655
0.635974
0.278528
0.472013
0.617968
0.652148
0.649335
0.805931
0.908196
0.645719
0.514876
0.522981
0.540009
1.01896
1.04239
1.06523
0.434085
0.325976
0.872352
0.71614
0.855442
0.850962
0.805316
0.762876
1.21832
0.790576
0.474564
0.517838
0.533579
0.994054
0.483114
0.350148
0.671559
0.876279
0.757428
0.358016
0.615043
0.387163
0.230217
0.435536
0.507711
1.16663
0.609561
0.569754
0.517948
0.654496
0.57711
0.676736
0.91545
0.423718
0.237946
0.557719
0.71422
