0.109471
0.161033
0.194673
0.209551
0.268343
0.325526
0.345103
0.439734
0.494624
0.375818
0.29484
0.301137
0.394002
0.4164
0.491809
0.599737
0.504822
0.864487
0.779063
0.852226
0.92145
0.68727
0.827112
0.539858
0.342761
0.482827
0.567109
0.517416
0.643514
1.30196
0.73945
0.924057
0.851444
1.01787
1.1553
0.998357
1.13868
0.983602
1.07919
0.605864
1.01445
1.65932
0.719496
0.932179
1.39082
0.912316
0.798747
0.801738
1.28796
1.60728
1.11546
1.23624
0.715448
1.50546
1.65198
2.21172
1.29025
1.09366
1.57477
1.49446
0.658906
0.914493
1.10947
1.86048
1.50764
1.59388
0.83551
2.63782
1.19876
0.90096
0.660129
0.767127
0.549149
1.36458
0.93692
0.807531
1.10621
0.715655
1.12243
0.72685
0.583233
0.955835
1.03144
1.79933
2.08258
2.00992
1.28517
0.78525
0.871967
0.749695
0.423483
0.451909
0.3916
0.456158
0.683337
0.555514
0.600858
1.08565
1.6245
0.920146
0.560735
0.950734
1.06222
0.511102
0.841366
0.417126
0.469843
0.971647
1.48887
0.739607
1.48624
0.576185
0.434123
1.12189
1.02147
1.27647
1.99507
