0.226689
0.191815
0.22687
0.258583
0.246864
0.20092
0.196747
0.222942
0.195789
0.211131
0.203278
0.203623
0.16576
0.182176
0.17922
0.1904
0.172691
0.171769
0.197062
0.188719
0.21427
0.193794
0.213999
0.142232
0.177514
0.176181
0.178439
0.153234
0.175784
0.180218
0.199348
0.169232
0.154424
0.209257
0.213196
0.199745
0.226028
0.205832
0.179554
0.242872
0.220736
0.314272
0.221928
0.236883
0.164098
0.194674
0.141568
0.196361
0.20702
0.243839
0.209138
0.20681
0.216008
0.340724
0.27801
0.258005
0.184998
0.218567
0.290114
0.357756
0.256303
0.293489
0.23781
0.441072
0.391918
0.350553
0.413211
0.427653
0.378364
0.474007
0.411796
0.353924
0.347111
0.369576
0.387069
0.386574
0.314439
0.388391
0.34756
0.350742
0.437875
0.406167
0.346948
0.373815
0.447789
0.490409
0.416609
0.459335
0.45943
0.467028
0.503004
0.47875
0.408241
0.479095
0.554638
0.534974
0.533452
0.597864
0.533502
0.574697
0.566202
0.501485
0.574602
0.602889
0.558536
0.424866
0.483673
0.536997
0.582638
0.615735
0.588815
0.807694
0.685168
0.559109
0.587187
0.528939
0.587177
0.653433
0.64515
0.821036
0.591751
0.717125
0.815198
0.930411
0.798464
0.94108
0.814857
0.747611
0.776188
0.88108
0.63669
0.678909
0.816371
0.634542
0.786244
0.68337
0.555278
0.466497
0.570872
0.560152
0.469378
0.440915
0.469604
0.433967
0.48003
0.51847
0.448482
0.49888
0.581073
0.486991
0.415673
0.379404
0.419312
0.417505
0.532779
0.474328
0.427217
0.480769
0.4873
0.522373
0.581977
0.433965
0.500987
0.443892
0.406567
0.545929
0.616689
0.759939
0.543054
0.388017
0.622644
0.44369
0.543324
0.564347
0.652106
0.585527
0.559037
0.45538
0.571857
0.608722
0.512513
0.53568
0.515248
0.433953
0.498127
0.45942
0.508993
0.499851
0.612569
0.55945
0.642467
0.438728
0.425893
0.39608
0.450084
0.567287
0.596987
0.517802
0.440796
0.48222
0.492004
0.393349
0.333285
0.379494
0.469267
0.402447
0.397635
0.3908
0.369703
0.437409
0.348289
0.480542
0.478343
0.385442
0.489327
0.463311
0.373375
0.420016
0.48184
0.413926
0.443501
0.56009
0.460856
0.557932
0.397315
0.46132
0.406723
0.505027
0.471891
0.533197
0.452239
0.475575
0.386341
0.387984
0.441776
0.539268
0.485155
0.422665
0.445
0.360729
0.638991
0.481442
0.472398
0.43666
0.512569
0.518929
0.620083
0.407888
0.463652
0.426437
0.516906
0.513897
0.430525
0.418854
0.519867
0.441903
0.487267
0.504056
0.454581
0.407069
0.422562
0.376874
0.503881
0.439896
0.398825
0.448271
0.400267
0.393428
0.340494
0.412321
0.455388
0.389101
0.419055
0.376569
0.387219
0.380505
0.390108
0.344683
0.452532
0.368766
0.419016
0.468281
0.402893
0.418806
0.340453
0.404299
0.323647
0.370611
0.396899
0.416476
0.432426
0.344926
0.347311
0.393332
0.453112
0.359457
0.348093
0.3606
0.409939
0.561554
0.485682
0.432561
0.484529
0.479523
0.621427
0.530342
0.442871
0.474542
0.493513
0.480206
0.434405
0.571134
0.52535
0.517649
0.556489
0.443842
0.54164
0.524446
0.556232
0.515322
0.563353
0.484643
0.404133
0.544463
0.451134
0.360351
0.414068
0.42302
0.423772
0.563706
0.509568
0.424138
0.440546
0.39894
0.386231
0.49538
0.475096
0.378259
0.492054
0.475362
0.491055
0.484102
0.435894
0.494079
0.436112
0.488978
0.525822
0.549925
0.576519
0.530714
0.496574
0.548228
0.555275
0.539864
0.635205
0.620402
0.587343
0.492062
0.511326
0.530285
0.506927
0.51122
0.540876
0.549611
0.538227
0.546606
0.555083
0.542313
0.530079
0.516069
0.593078
0.526683
0.588047
0.65939
0.540085
0.592186
0.652017
0.696399
0.674632
0.66364
0.621848
0.496458
0.524737
0.501755
0.570049
0.514669
0.587827
0.520648
0.542296
0.640598
0.550972
0.585062
0.563771
0.560813
0.550368
0.614838
0.592882
0.6875
0.649392
0.529543
0.540132
0.575023
0.61126
0.625995
0.617777
0.607624
0.668261
0.621308
0.542848
0.559842
0.564686
0.521405
0.681247
0.61373
0.634661
0.595149
0.593077
0.593984
0.690492
0.609868
0.71514
0.658326
0.597482
0.663519
0.621283
0.569999
0.591706
0.652951
0.579302
0.672539
0.51451
0.597563
0.683266
0.627378
0.687461
0.637307
0.675505
0.680991
0.693198
0.586474
0.661605
0.597296
0.559087
0.556744
0.668982
0.747945
0.619794
0.641766
0.676607
0.667704
0.637616
0.829438
0.737893
0.689924
0.674415
0.742735
0.660884
0.699475
0.673435
0.632534
0.628329
0.541919
0.720925
0.736792
0.572114
0.656279
0.63477
0.654541
0.623032
0.823056
0.630005
0.650944
0.623058
0.784014
0.744398
0.663619
0.656024
0.82801
0.809214
0.669139
0.737708
0.72546
0.698232
0.880133
0.708125
0.77792
0.780549
0.685341
0.682941
0.840852
0.6673
0.722105
0.898669
0.587524
0.837646
0.716733
0.84833
0.65614
0.766125
0.666274
0.848631
0.583973
0.679012
0.672045
0.657973
0.680003
0.815687
0.704676
0.92535
0.823969
0.812652
0.918741
0.493343
0.829295
0.751887
0.726911
0.713212
0.645332
0.691387
0.839271
0.799991
0.664063
0.693935
0.821979
0.708884
0.712205
0.837373
0.771216
0.799256
0.803639
0.668723
0.845924
0.606257
0.641284
0.696711
0.741631
0.740451
0.740379
0.692396
0.719746
0.60862
0.847208
0.859814
0.856283
0.745396
0.784221
0.759536
0.939777
0.721944
0.720524
0.795245
0.828058
0.772653
0.838798
0.771479
0.693236
0.781847
0.851927
0.709617
0.801074
1.03939
0.75138
0.840158
0.899086
0.926782
1.04779
0.856557
0.764339
0.821838
0.866043
0.923009
0.786899
0.929117
0.936382
0.918576
0.914066
1.00758
1.05431
0.849575
0.762849
0.86551
0.890332
0.860086
0.915883
0.904976
0.950745
0.793363
0.869591
0.842093
0.850562
0.905968
0.968932
0.8856
0.918417
0.955868
0.77778
1.01059
0.786698
0.874071
0.841339
0.815939
0.921875
0.935555
0.947079
0.937065
0.925628
0.987533
0.922775
0.969228
1.01534
0.896539
0.76208
0.70736
0.624136
0.909513
0.898916
0.91285
0.898328
0.867023
0.834066
0.903661
0.832313
0.828854
0.911178
0.897995
0.828087
0.789723
0.755926
0.933981
0.803072
0.761348
0.963758
1.11743
0.654574
1.05121
0.83093
1.06967
0.9577
1.17543
0.953729
0.737057
0.935215
0.971465
1.08389
1.05803
1.03038
0.866321
0.942415
0.964373
0.921932
0.942916
1.15714
1.14444
