0.611358
0.664656
0.847563
0.969622
1.04033
0.803966
0.834148
1.1154
1.13351
1.52111
1.31822
1.44985
1.34755
1.40973
1.30939
1.30011
1.25971
1.28023
1.17068
1.08365
1.14061
0.986307
1.00491
0.810545
0.690651
0.892818
0.674042
0.719914
0.755174
0.68525
1.23282
0.972092
1.09083
1.01933
1.31689
1.5705
1.56619
1.05054
1.56995
1.279
1.24535
1.3709
1.96909
1.73639
1.5778
1.61414
1.76254
2.18948
1.72064
1.96118
2.33202
2.78023
2.84402
2.52078
2.41904
3.66478
2.14393
2.45057
2.38945
2.76273
3.17689
2.71898
3.14737
3.45313
2.64997
3.69342
2.94478
3.38551
3.32693
3.15532
3.4977
3.56666
3.44873
4.02821
3.70334
3.29987
2.85431
3.50605
3.80524
3.47161
3.8955
4.38562
3.83555
3.48717
3.93612
3.95939
3.89416
3.20252
4.3426
4.34974
4.03065
4.643
4.07669
3.7141
5.42536
4.90174
4.7568
5.04152
4.98626
5.11155
4.70242
5.03892
4.71757
4.99331
5.62886
6.08342
5.23346
5.43739
6.25022
5.89203
5.3336
5.13201
6.43796
5.64794
5.83085
5.83894
6.41638
5.01812
5.31942
6.47133
6.64315
6.33219
5.0678
6.87326
5.92525
7.55644
6.74083
6.95394
6.60009
7.20937
7.00831
8.30904
6.57946
7.87092
7.95706
8.13962
7.62756
8.33415
9.40057
7.42214
6.25368
7.77391
7.71405
7.63828
8.62358
8.12143
7.45478
8.69429
8.07825
8.35692
8.65623
10.4519
8.6216
9.54392
7.68953
8.42676
8.83891
8.48258
10.2774
8.73029
10.0163
9.12473
10.3369
10.075
9.9921
9.12276
9.98282
9.69307
9.35522
10.1732
8.88735
9.83659
9.95404
11.0676
11.4466
10.2794
10.861
10.7932
12.5107
12.4829
10.7275
12.1279
10.1738
11.4389
10.6864
12.1827
11.531
10.1306
11.7415
13.3379
10.2199
12.3791
12.2219
11.6939
11.3286
11.2062
11.8512
12.0467
10.5082
12.8913
11.313
15.1036
9.42094
9.70634
11.6534
13.122
10.9407
10.4645
12.6016
13.7246
12.6755
10.7786
9.44921
12.0733
10.6393
9.85582
8.06354
8.34783
9.02939
8.9251
7.86323
7.90422
8.07549
10.5686
16.0431
12.7969
17.0663
10.7472
18.3172
18.7842
16.2972
20.6191
16.4488
21.2303
19.4275
15.293
