0.0952227
0.104
0.13163
0.140464
0.156419
0.152499
0.141886
0.117828
0.118964
0.127622
0.145335
0.14809
0.149375
0.314164
0.447482
0.384189
0.612484
0.588756
0.795821
0.956854
1.00192
1.20433
1.25618
1.31307
1.12276
1.14833
0.948269
0.628107
0.668622
0.659959
0.704689
0.595735
0.523904
0.473627
0.41801
0.389974
0.393898
0.414505
0.344569
0.313915
0.358847
0.281232
0.251202
0.242437
0.22965
0.211462
0.221295
0.188816
0.207954
0.23566
0.236113
0.215466
0.226845
0.244385
0.242306
0.244968
0.241118
0.303809
0.307713
0.307572
0.314017
0.28656
0.295792
0.304746
0.282941
0.299274
0.36353
0.353787
0.295402
0.373774
0.361775
0.377116
0.400118
0.419837
0.526163
0.477335
0.408327
0.448199
0.531962
0.369537
0.454633
0.430881
0.566314
0.485763
0.532045
0.88043
0.419743
0.504115
0.581728
0.48704
0.700838
0.555714
0.575302
0.448344
0.702959
0.543774
0.552053
0.686777
0.566411
0.647289
0.647417
0.70712
0.543493
0.618818
0.719241
0.658563
0.746055
0.69894
0.713024
0.666612
0.729315
0.644574
0.597587
0.648697
0.791023
0.761959
0.747646
0.917391
0.604061
0.763583
1.00457
0.944928
0.792088
0.694329
0.924184
0.735907
0.854823
0.753628
0.826082
0.865027
0.844754
0.942165
0.845748
1.08822
0.867665
0.807204
0.814673
0.813637
0.852428
1.03332
0.848409
1.08786
0.721783
0.923803
0.801801
0.880724
1.23227
0.962048
0.758161
0.757516
0.955726
0.822426
0.872358
0.883525
1.09787
0.868487
0.790817
0.949892
0.938134
0.89105
0.960783
0.931307
0.900811
1.03376
0.943257
0.805807
0.765292
0.996796
1.04916
1.0814
1.21121
1.05659
1.08254
1.01797
0.972739
1.09305
0.978087
1.0329
1.04227
1.21377
1.12734
0.956871
0.95014
1.09406
1.10097
0.994105
0.952468
0.963437
1.07195
1.17592
1.04148
1.10787
1.18883
1.11608
1.16117
1.17387
1.15962
1.01705
1.08083
1.16852
1.13823
1.13945
1.11355
1.06795
1.00676
1.06927
0.919063
0.942191
0.9662
0.902336
0.975267
0.965272
0.969526
1.00454
0.933868
0.941171
1.02299
0.964959
0.940597
0.906332
0.953755
0.941581
0.915304
0.937247
0.877851
0.895917
0.843917
0.732021
0.712932
0.817752
0.683296
0.740769
0.876062
0.883465
0.839765
0.83367
0.906416
0.906306
0.798391
0.942176
0.943137
0.940415
0.84986
0.950033
0.988167
1.18259
1.04882
1.01562
1.17635
0.91611
1.31187
1.43588
1.37096
1.33801
1.28877
1.27698
1.31454
1.42717
1.32239
1.40385
1.05501
1.08187
1.10314
1.01145
1.04472
0.956145
0.953369
0.930347
0.948142
0.892744
0.959834
1.11676
0.871458
0.885825
0.900544
0.996836
0.964815
0.786894
0.862216
0.91608
0.733867
0.938119
0.898763
1.01929
0.887628
1.02296
1.06783
