3.32307
3.19954
3.39516
3.22677
4.51577
12.0776
12.0931
12.8713
12.5222
11.2164
14.0126
12.6738
13.4271
14.4394
12.9767
11.2902
11.3631
11.1404
11.2158
10.2761
10.022
7.93066
10.493
9.24889
10.7148
10.2259
7.97221
8.47919
7.39222
8.31797
8.32131
9.30859
9.38432
9.56595
10.1068
8.38558
7.73569
7.46871
7.63286
8.23133
7.59262
12.4923
4.48182
4.76204
10.142
8.76714
10.4081
7.40377
7.92302
8.49206
7.91522
6.67755
6.82988
6.49738
6.17285
5.6965
6.35369
6.20329
5.71359
6.22077
6.93376
7.18528
5.69253
6.61947
6.87951
7.61526
6.89998
6.72274
8.04184
6.77873
7.60862
7.48026
7.68108
7.77038
8.08433
7.32818
7.72947
7.57723
7.60774
8.01737
8.5259
7.45873
8.58991
8.25426
8.30676
8.87131
8.27324
8.37059
8.06246
7.97243
8.61335
8.76639
8.36934
7.94231
8.29902
8.37895
7.86695
8.1767
8.99629
9.69397
9.09154
9.68627
8.23937
8.7056
7.7175
7.7867
7.38051
7.43523
7.85923
8.73202
7.16106
7.55485
6.85862
7.41095
6.24404
7.56389
8.65876
8.78521
8.00991
7.29585
9.39667
8.6252
7.88931
8.37778
8.40173
8.37315
7.79319
7.88315
8.25586
7.90819
7.83967
7.65397
7.45539
8.59788
7.69928
7.3413
7.36139
7.37133
7.16062
6.99592
7.19319
7.51847
8.08475
7.39754
7.80784
6.14721
5.78572
5.85217
4.97818
4.95878
5.59043
5.8555
5.82626
6.13689
6.30062
6.16897
6.34814
7.3029
7.33198
8.04614
9.6445
8.06635
6.55406
7.74028
11.706
10.1431
8.57382
7.84225
8.0268
7.13583
6.47454
7.36173
7.19677
7.06045
6.57297
6.55506
7.40748
7.28373
7.48732
7.13132
7.36709
7.4737
6.53385
6.15652
6.77642
6.79952
6.15912
6.5081
6.41442
5.69233
6.37858
6.15838
6.57377
6.76163
6.46556
6.60583
6.67652
6.61193
7.03198
6.96733
6.58588
7.51513
7.29096
7.82317
6.68024
7.50006
7.27227
7.16703
7.21848
6.71735
6.61236
6.83174
6.95169
6.62572
6.38387
6.72049
6.40774
6.44617
7.03559
6.45879
7.18706
6.08028
6.21857
6.45071
6.6928
6.13525
6.51265
5.92345
6.59138
6.513
5.96459
7.20712
6.46537
6.57673
7.06233
7.01321
6.58419
6.87953
7.6992
6.80705
6.65423
7.18776
7.0987
6.79519
6.43624
6.43271
5.99429
6.80598
7.12828
6.09386
6.00814
5.9126
5.88456
5.55247
5.66989
5.22512
5.08394
5.05994
4.9462
5.4327
4.98578
5.00341
4.78577
5.08648
4.98515
5.10896
4.83446
5.35728
5.02798
5.2304
4.94875
4.70097
4.63038
4.55944
4.99391
5.29502
5.20778
4.93825
5.43178
6.1844
5.7956
6.78258
6.4965
5.34178
5.49777
4.71745
4.93083
4.61986
4.95214
4.59781
5.29208
4.92277
4.68098
4.78458
4.88165
4.5947
4.87644
4.78023
4.58786
6.1757
5.12712
5.57082
5.36027
5.50427
5.60147
5.8877
4.73579
4.70248
4.48012
4.65605
4.67376
4.56663
4.86461
4.37452
5.09008
5.55079
5.31225
4.05039
4.73756
5.10532
4.13585
4.37521
4.00149
3.93579
3.91776
4.28568
3.60542
3.95359
3.85564
4.09532
4.21992
4.31996
4.33434
4.64366
4.38019
4.77329
4.3296
4.56198
4.68544
4.07688
4.4903
4.17036
3.89993
3.88127
3.73616
4.03945
3.05733
3.41508
2.77589
3.19975
3.3389
3.09534
2.63542
3.14056
2.66496
2.88517
2.08697
2.23905
2.03176
2.39473
3.00255
2.8166
2.73555
2.79313
2.89985
2.62153
2.0301
2.65811
2.62852
2.54434
2.11159
2.50107
2.36115
2.37827
2.405
2.48837
2.27005
2.60228
2.52522
2.06669
2.22012
2.04511
1.90465
2.1745
2.39278
2.36321
2.49852
2.12968
1.87481
1.92878
2.04136
2.2933
2.02891
1.97298
2.04019
2.31179
1.9153
1.82194
2.39948
2.02705
2.14886
2.15148
2.20394
1.90774
1.89626
1.93681
2.25754
2.23719
1.90409
1.75537
1.94791
1.71142
1.80805
1.74387
1.74941
1.97038
1.4895
1.45008
1.89493
2.26624
1.73438
1.37228
1.6806
1.76205
1.81971
1.68487
1.90186
1.70092
1.8594
1.63237
1.46836
1.68499
1.61427
1.47585
1.60012
1.66361
1.68359
1.83077
1.55185
1.66299
1.54664
1.58143
1.56112
1.62389
1.59581
1.80679
1.62986
1.73649
1.75113
1.6536
1.76793
2.11528
1.8444
1.58072
1.62371
1.6364
1.58618
1.84898
1.50898
1.92468
1.76586
1.66704
1.61643
1.64193
1.52543
1.54025
1.4373
1.443
1.655
1.53476
1.48047
1.47721
1.53011
1.47808
1.49378
1.43984
1.59368
1.47163
1.55181
1.5392
1.517
1.46234
1.54926
1.4841
1.59527
1.45944
1.48161
1.57773
1.42625
1.47324
1.50869
1.52219
1.55981
1.44505
1.57885
1.5784
1.51054
1.72684
1.55069
1.56152
1.50316
1.42217
1.39893
1.5206
1.42455
1.40767
1.47752
1.4955
1.61718
1.41783
1.51291
1.38705
1.44147
1.39346
1.49622
1.6376
1.55656
1.54088
1.56964
1.54844
1.47828
1.52965
1.42606
1.42816
1.39173
1.51047
1.47799
1.46634
1.36974
1.44751
1.39143
1.4464
1.45461
1.46943
1.47162
1.54168
1.49333
1.53036
1.46887
1.53914
1.48461
1.53129
1.59441
1.52317
1.59175
1.5833
1.51139
1.45313
1.33972
1.33403
1.30938
1.30149
1.37176
1.3525
1.40133
1.41517
1.36302
1.26875
1.25912
1.27597
1.26266
1.32537
1.30629
1.26928
1.23938
1.25126
1.20352
1.21504
1.09591
1.09285
1.09052
1.1181
1.04197
1.0927
1.10628
1.10482
1.12469
1.07742
1.11053
1.01735
1.0618
1.04202
0.960945
0.984154
1.00705
1.05581
1.00339
