0.140934
0.157634
0.163278
0.153248
0.142511
0.150323
0.140458
0.154546
0.150196
0.165007
0.173456
0.169164
0.176972
0.20972
0.203601
0.196571
0.185998
0.188872
0.172858
0.166087
0.199097
0.221417
0.200612
0.177841
0.171127
0.184397
0.16967
0.214657
0.217218
0.224597
0.206369
0.186547
0.208663
0.238518
0.206591
0.218209
0.198916
0.240673
0.246944
0.179279
0.188867
0.198606
0.189881
0.190901
0.193177
0.182599
0.175052
0.172641
0.185204
0.201323
0.174796
0.169404
0.169156
0.185348
0.182433
0.182571
0.186216
0.211547
0.223297
0.217104
0.197128
0.199506
0.223744
0.205517
0.204167
0.185193
0.197511
0.18334
0.17925
0.190399
0.172617
0.169949
0.159914
0.163183
0.16629
0.150642
0.162578
0.183048
0.174128
0.181779
0.196606
0.191883
0.179657
0.173306
0.191155
0.189044
0.177354
0.194296
0.189528
0.170243
0.173053
0.185205
0.1787
0.174143
0.179439
0.171699
0.169531
0.159367
0.166109
0.167796
0.182793
0.163926
0.171701
0.173956
0.179889
0.165584
0.154988
0.164493
0.163549
0.167585
0.145182
0.163837
0.16573
0.164608
0.158226
0.160867
0.15943
0.155753
0.177525
0.192851
0.186238
0.169673
0.169382
0.177697
0.183134
0.180089
0.177856
0.167007
0.16984
0.161113
0.173051
0.165027
0.172569
0.174
0.168983
0.160673
0.166873
0.160759
0.1648
0.169005
0.17073
0.161147
0.175446
0.177457
0.185105
0.1852
0.168543
0.169314
0.175563
0.176985
0.194604
0.186081
0.169007
0.179648
0.174968
0.192771
0.172979
0.185006
0.181124
0.179061
0.184513
0.185052
0.172416
0.183755
0.166569
0.172434
0.154494
0.184199
0.172341
0.183726
0.191763
0.177488
0.183604
0.181706
0.171691
0.193507
0.172233
0.175873
0.169943
0.179428
0.173509
0.185146
0.183905
0.175249
0.165325
0.161498
0.175976
0.18268
0.181331
0.175434
0.187289
0.17484
0.175111
0.178374
0.178232
0.182267
0.186604
0.18795
0.178725
0.201035
0.186415
0.17478
0.176012
0.190528
0.178514
0.156424
0.182359
0.188485
0.192561
0.197041
0.184417
0.186992
0.179659
0.182599
0.18244
0.175424
0.178598
0.181698
0.185749
0.166972
0.190131
0.173129
0.178815
0.189156
0.18154
0.185521
0.183752
0.178179
0.173554
0.192473
0.176534
0.179958
0.177876
0.17408
0.189773
0.163668
0.184288
0.172947
0.188011
0.186433
0.184165
0.178003
0.18858
0.175188
0.192484
0.194185
0.190407
0.185123
0.1869
0.196725
0.186332
0.183221
0.194052
0.199699
0.19216
0.189047
0.18114
0.171755
0.190163
0.203202
0.190034
0.204116
0.185368
0.205063
0.209787
0.189824
0.193722
0.18455
0.196839
0.205812
0.190403
0.198301
0.204045
0.211066
0.215522
0.204127
0.196598
0.21596
0.210944
0.205774
0.210318
0.208281
0.213087
0.187973
0.211045
0.21853
0.201822
0.20543
0.224305
0.20705
0.222668
0.204157
0.217735
0.201174
0.22048
0.221021
0.204606
0.209159
0.206205
0.251743
0.230159
0.222148
0.223869
0.202358
0.209777
0.215337
0.2352
0.218799
0.215692
0.217235
0.220732
0.224735
0.226401
0.199827
0.212815
0.230958
0.218643
0.224808
0.236267
0.226735
0.23344
0.208729
0.218509
0.221064
0.225956
0.237246
0.217217
0.222943
0.21383
0.242957
0.206892
0.229611
0.228822
0.226838
0.234439
0.236591
0.254288
0.239008
0.243696
0.253554
0.235364
0.238438
0.255072
0.238163
0.227856
0.229121
0.239375
0.254363
0.238671
0.257762
0.26011
0.226293
0.228432
0.245749
0.238436
0.244674
0.252536
0.241216
0.24695
0.229492
0.246016
0.239528
0.248279
0.238905
0.245641
0.252238
0.256922
0.256095
0.248438
0.228554
0.241978
0.256644
0.252448
0.248823
0.254627
0.243732
0.225635
0.238005
0.236099
0.24739
0.262377
0.24193
0.253929
0.248653
0.233184
0.253492
0.259204
0.259146
0.244865
0.2464
0.242149
0.251728
0.262395
0.255232
0.268364
0.269125
0.239171
0.234591
0.270732
0.25496
0.26408
0.249287
0.261259
0.260497
0.244025
0.258128
0.253884
0.262598
0.264593
0.265205
0.277022
0.263399
0.256622
0.261834
0.277846
0.260024
0.272498
0.237177
0.255092
0.268066
0.291696
0.274251
0.273648
0.279725
0.276483
0.277157
0.271296
0.290545
0.275664
0.282721
0.279553
0.287978
0.289281
0.276339
0.308192
0.305395
0.293027
0.283926
0.310569
0.279748
0.301454
0.279792
0.300589
0.283791
0.316487
0.281447
0.278769
0.272901
0.291128
0.311139
0.30704
0.306469
0.30703
0.29976
0.294716
0.301656
0.281565
0.288488
0.277821
0.317514
0.324498
0.294793
0.295093
0.309832
0.290853
0.304824
0.310283
0.302908
0.304945
0.290646
0.310522
0.320168
0.299626
0.3225
0.303395
0.284958
0.293604
0.31511
0.320772
0.317966
0.313568
0.317774
0.299136
0.306338
0.313759
0.31074
0.289141
0.322349
0.325913
0.328229
0.337723
0.333359
0.345134
0.318525
0.322104
0.319974
0.292454
0.347543
0.321387
0.310877
0.31671
0.307747
0.318166
0.308655
0.316639
0.329251
0.319108
0.334834
0.317829
0.330419
