2.70736
3.13359
4.90861
4.93787
4.22882
2.00673
4.29196
5.44592
4.7428
4.80615
5.35144
4.27909
3.65241
5.5946
4.30069
5.31818
4.11325
3.12865
3.27133
3.4167
5.29622
5.82888
8.58588
3.17842
3.83345
3.85959
7.57271
9.18824
5.93451
4.29644
4.64058
6.04654
6.74258
5.72071
5.73051
5.65927
5.57946
7.52174
5.59798
5.57424
7.36805
8.56067
8.33958
7.17056
7.94999
7.58553
6.77687
6.2275
4.79533
6.21276
6.06604
7.12786
6.50466
5.79626
5.83565
5.83694
6.44298
4.34348
4.35959
5.33927
4.70272
5.1184
5.30532
4.87868
4.17232
5.25913
4.7502
6.51364
5.14662
5.30944
5.36871
4.54166
3.89684
4.2368
3.68942
3.03684
2.04118
2.83943
2.55149
3.18091
3.1209
3.12034
2.6867
1.95742
1.6836
1.59835
2.17969
2.9753
2.2381
2.23927
2.58332
2.63441
2.82226
2.07631
1.69939
1.9843
1.85903
1.61832
1.66076
1.39563
1.10788
1.25928
1.42569
1.82262
1.41138
1.21034
1.14124
1.28053
1.32074
0.828857
0.944549
1.1769
1.34688
1.17691
0.989153
1.03601
1.09686
