2.3301
2.3038
1.85743
1.92787
2.07927
1.62918
1.64114
2.08714
1.74363
2.1601
2.39054
2.77296
2.82003
2.51373
2.80919
2.8645
2.95532
2.98148
2.9104
3.16228
3.21019
2.82419
3.67061
3.52744
3.33309
4.07475
3.75011
3.71921
4.60603
3.85087
4.04191
3.35218
3.61534
3.90858
3.472
4.76466
4.69217
3.76948
4.541
4.81403
4.23121
4.35578
4.42933
4.7666
4.0213
6.178
5.02636
5.04823
4.35824
5.44333
4.09143
4.54985
5.70035
5.30392
5.33028
5.99391
5.44867
7.28963
6.96648
6.10653
5.37524
6.09426
5.15102
5.51983
5.50294
5.80924
6.29685
6.07094
6.21409
6.6008
7.92061
5.89834
6.76611
5.66126
7.13125
6.2925
6.763
6.745
6.30417
6.70843
6.60988
6.49181
6.43454
6.60749
5.7283
7.384
7.61841
8.19523
8.139
9.13587
8.15722
7.58076
7.225
8.42187
8.4418
7.26415
7.14311
8.14255
7.97197
7.90744
7.38502
7.87231
6.65629
6.42518
7.39125
7.17269
8.29877
8.42047
8.77564
8.48874
8.2434
8.82706
7.5223
7.44251
8.22092
7.76396
7.72698
9.04733
9.20041
8.02234
8.86618
7.85267
8.87994
8.99224
7.73809
9.2369
9.56841
10.2
6.94469
9.32784
7.69214
7.15808
8.93446
8.20328
7.52167
6.72921
7.24007
7.8781
9.23735
8.53822
11.1205
8.65497
9.02127
