9.228330
9.167220
9.459370
9.695710
9.380460
10.260300
11.122700
10.460400
8.171340
9.662640
9.176280
10.247400
8.305540
8.677530
8.577170
9.475990
9.804890
9.888000
9.814520
11.548200
10.104700
10.615500
10.196500
10.912300
11.402200
10.572400
10.621800
9.625030
11.376200
12.354800
11.967800
11.397000
11.959400
11.817900
13.860200
12.204600
10.542200
12.686200
12.212700
12.566900
13.275100
12.531900
10.897400
12.693300
13.305100
12.286800
11.972100
13.223600
11.793400
11.673600
14.027000
13.458400
14.781600
14.044300
15.047500
14.872700
14.775000
15.748000
16.367100
15.217100
13.518400
12.269100
14.311400
13.538400
16.180000
14.751500
15.191900
14.470100
14.290700
13.012900
15.931100
14.549800
14.505100
15.338600
15.573200
13.245800
13.718500
13.529300
15.054300
15.661400
14.331800
16.311700
14.334400
14.649300
13.852100
11.918000
16.205900
16.576800
14.750400
17.115500
15.334700
16.240700
16.598800
15.457300
14.919400
15.342200
14.817400
15.998300
17.512600
18.131000
18.085300
18.137300
18.393700
13.911200
15.598200
17.687600
15.005500
14.643600
15.920600
18.669100
17.803600
14.986700
16.057600
17.713600
16.061100
15.453400
15.318000
15.448000
18.525800
16.894300
14.799200
17.218100
17.736200
15.888400
15.276100
14.498200
18.609200
18.166400
20.515100
19.630700
23.020200
17.205100
21.044500
16.417500
18.139500
20.707200
18.720600
18.789500
21.200600
21.430900
19.206500
22.462000
19.531000
13.512800
11.292600
10.949300
