0.0886964
0.0993944
0.0922672
0.0872181
0.077605
0.0857049
0.0909591
0.0837025
0.0936915
0.114611
0.108256
0.111235
0.200291
0.169915
0.2248
0.214333
0.187509
0.233471
0.241937
0.255602
0.213831
0.254639
0.294481
0.262415
0.29814
0.288584
0.410731
0.412447
0.422569
0.269633
0.274297
0.436646
0.349364
0.399324
0.194494
0.0974763
0.17925
0.327925
0.451552
0.285963
0.492969
0.43315
0.461883
0.505461
0.514003
0.492079
0.479966
0.379419
0.418405
0.405633
0.484443
0.442632
0.496653
0.384116
0.453954
0.301345
0.263555
0.200505
0.217853
0.311968
0.378846
0.454923
0.271619
0.519611
0.393554
0.39072
0.461307
0.376065
0.401568
0.709232
0.566086
0.616015
0.779087
0.617976
0.680373
0.689813
0.610944
0.550151
0.473858
0.537463
0.450088
0.687153
0.573214
0.570711
0.584694
0.49366
0.63203
0.600176
0.609324
0.609091
0.533779
0.706836
0.473328
0.799177
0.670968
0.558256
0.82266
1.06037
0.766595
0.674482
0.705928
0.674313
0.86425
0.695012
0.693244
0.668289
0.626401
0.807912
0.681025
0.673881
0.64184
0.635814
0.472704
0.402288
0.277708
0.448709
0.49274
0.701021
0.887358
0.985641
0.464314
0.393884
0.376453
0.393069
0.316628
0.48714
0.285892
0.264178
0.266986
0.319451
0.412073
0.192214
0.23935
0.292591
0.200422
0.166029
0.371801
0.473865
0.256086
0.499664
0.239793
0.359707
0.305195
0.310067
0.391323
0.835673
0.92922
0.949839
0.838061
0.429211
0.421111
0.391141
0.564414
0.663601
0.649225
0.509289
0.464657
