0.0482658
0.0553608
0.0498067
0.0515019
0.0463831
0.0518592
0.0621356
0.0641019
0.055743
0.0564977
0.0540658
0.056425
0.0626647
0.0730181
0.0721774
0.07368
0.0767079
0.0767284
0.0847827
0.0874488
0.0916477
0.0852603
0.0912503
0.0893515
0.105129
0.0920311
0.102339
0.10924
0.10522
0.1059
0.102956
0.11191
0.112202
0.120026
0.125471
0.127963
0.123399
0.123444
0.128657
0.123256
0.126009
0.134777
0.127561
0.136567
0.128262
0.117205
0.120711
0.139744
0.126442
0.136176
0.149509
0.140702
0.148326
0.131886
0.147895
0.154489
0.155468
0.171072
0.153419
0.154564
0.157815
0.161298
0.167152
0.165497
0.189038
0.176745
0.192804
0.173022
0.194033
0.173366
0.213849
0.192478
0.183068
0.202227
0.188221
0.212208
0.197444
0.218515
0.211428
0.234761
0.226092
0.228271
0.231289
0.222384
0.240504
0.266793
0.240137
0.230671
0.225711
0.229983
0.237951
0.245235
0.276757
0.225315
0.265409
0.258871
0.263562
0.247342
0.29405
0.271616
0.242412
0.238034
0.27219
0.281
0.28717
0.247115
0.249446
0.275447
0.278717
0.307351
0.28517
0.289373
0.303075
0.306897
0.30045
0.306864
0.324727
0.33952
0.355228
0.341207
0.337966
0.344436
0.363004
0.413897
0.380853
0.373411
0.408299
0.32706
0.337369
0.348475
0.323416
0.32354
0.334273
0.341541
0.355637
0.343459
0.36274
0.348956
0.447333
0.454485
0.467586
0.421004
0.424927
0.394245
0.335171
0.421754
0.457143
0.424129
0.404005
0.370756
0.372164
0.431461
0.444469
0.395666
0.426687
0.399247
0.475259
0.428782
0.45504
0.514992
0.472199
0.449823
0.498928
0.4798
0.469489
0.465578
0.513212
0.466436
0.503849
0.518982
0.456231
0.526518
0.49786
0.55629
0.44107
0.438052
0.467023
0.492463
0.547264
0.503057
0.526536
0.478648
0.555937
0.515145
0.558803
0.503609
0.481129
0.510117
0.562921
0.545159
0.574088
0.580738
0.552552
0.601288
0.551041
0.587026
0.579262
0.589524
0.571677
0.521304
0.559413
0.579016
0.586773
0.569208
0.514818
0.550977
0.56601
0.616047
0.569556
0.549602
0.537788
0.606304
0.608168
0.649544
0.587826
0.595955
0.551689
0.727049
0.627001
0.649311
0.653058
0.650408
0.631729
0.608032
0.661262
0.653225
0.656723
0.737055
0.733047
0.713099
0.664944
0.726664
0.531188
0.702904
0.55828
0.65915
0.743388
0.674303
0.644985
0.726024
0.715756
0.624095
0.745857
0.739815
0.749632
0.882168
0.635029
0.815693
0.788592
0.700846
0.791751
0.80716
0.684692
0.792199
0.6746
0.936697
0.855422
0.915886
0.818486
0.895954
0.839994
0.896905
0.751603
0.834848
0.828907
0.901808
0.827669
0.916854
0.950827
1.04089
0.941725
1.04053
0.98568
0.937025
0.95382
0.987021
1.00257
0.909004
0.944824
1.16789
0.784766
0.782139
0.941727
0.977911
0.952556
1.08546
0.803226
0.970908
1.06078
1.06314
1.2581
0.882895
1.03049
1.08244
1.03061
0.844378
1.17087
1.07493
1.08697
0.954793
1.21045
1.01356
1.01505
1.09289
0.836629
0.953114
0.911344
1.0123
0.862577
1.01052
1.18588
0.9851
0.900729
0.969501
1.02624
1.00428
1.16854
1.08232
1.31765
1.10653
1.16548
1.09645
1.04532
1.08739
1.11908
1.02206
1.0673
1.06253
1.14272
0.98633
1.01996
0.970512
1.29925
1.31357
1.15199
1.21563
1.24214
1.34821
1.10195
1.31135
1.45049
1.13668
1.15055
1.18803
1.23058
1.03595
1.3974
0.998695
1.24822
1.16609
1.07741
1.18758
1.175
1.47935
1.22114
1.27163
1.22722
1.21393
1.38724
1.32721
1.25053
1.41103
1.33472
1.34004
1.26783
1.19557
1.20465
1.16724
1.02601
0.969199
1.35171
1.17002
1.25803
1.273
1.39674
1.22922
1.15996
1.17236
0.939702
1.11888
1.03503
0.927831
1.02953
0.97344
1.04911
0.994327
0.957649
0.884242
0.934697
0.958485
0.992504
0.909194
0.889018
0.854651
0.728878
0.766207
0.739563
0.730048
0.70616
0.68039
0.693407
0.642702
0.700578
0.700936
0.641838
0.651756
0.696034
0.704164
0.648932
0.676112
0.691238
0.664949
0.605364
0.655595
0.610543
0.694692
0.559351
0.658398
0.666818
0.595199
0.637933
0.666055
0.632475
0.67697
0.623822
0.715452
0.67481
0.671134
0.714493
0.637825
0.635648
0.602561
0.544018
0.630573
0.588336
0.630289
0.584238
0.585811
0.55171
0.579817
0.599298
0.608998
0.603901
0.530513
0.545436
0.64401
0.620429
0.545239
0.586818
0.596546
0.560936
0.597856
0.647615
0.599654
0.64088
0.608076
0.678206
0.695102
0.723804
0.740463
0.77523
0.773125
0.756317
0.757591
0.756902
0.739632
0.762443
0.656228
0.681224
0.708028
0.80793
0.784966
0.730443
0.718457
0.76688
0.720462
0.70958
0.709095
0.734921
0.701343
0.678501
0.711343
0.698363
0.640767
0.624389
0.633799
0.619997
0.611494
0.54295
0.556217
0.55027
0.53297
0.595013
0.586882
0.568387
0.606286
0.574332
0.621595
0.530229
0.546184
0.510507
0.51857
0.557706
0.548
0.604136
0.577014
0.58103
0.548067
0.59536
0.639022
0.61582
0.555401
0.647042
0.610508
0.559919
0.610703
0.627596
0.604821
0.668058
0.675587
0.627303
0.589566
0.597482
0.672988
0.763981
0.719778
0.692246
0.74137
0.709004
0.631048
0.839051
0.808683
0.712756
0.664869
0.8091
0.760753
