0.376503
0.36563
0.404455
0.420481
0.376004
0.36678
0.372634
0.355841
0.384472
0.436387
0.403858
0.548086
0.636078
0.697834
0.850284
1.17759
0.790212
1.68553
1.78496
1.57544
0.59014
0.824999
0.828434
0.801946
1.13177
0.527026
0.513297
0.564587
1.12528
1.52897
1.46519
1.44597
2.08819
1.70644
0.609735
0.525381
0.558944
0.604178
0.889199
0.823558
0.805918
1.22308
0.609993
0.796326
0.933946
1.11633
1.62303
1.50224
0.81092
0.94153
0.85551
1.04839
0.912286
1.27471
1.5237
1.60993
0.746429
1.80266
1.49932
1.38369
1.09102
1.39735
1.79682
1.41684
1.24149
1.17597
1.03209
1.29701
1.58389
1.5365
1.25152
1.36545
1.33554
1.08844
1.13716
0.885602
4.16458
1.22832
0.732453
0.763161
0.70928
0.552503
0.458007
0.451256
0.607162
0.511621
0.597119
0.75601
0.611044
0.461092
0.431273
0.462739
0.378545
0.411554
1.07036
1.2759
1.31481
0.848679
0.967039
1.08094
0.854486
0.48646
0.667052
0.83046
