1.85156
1.07719
1.25553
1.51071
1.63496
1.52438
1.61315
1.98266
1.6259
2.36789
2.85278
1.72792
2.58606
1.71685
2.12765
2.68836
2.09951
2.57774
2.27558
1.91832
2.15955
2.35329
2.33785
2.92195
2.10708
2.1923
2.09627
2.62671
2.58735
3.06737
2.13625
2.43837
2.43925
2.04687
2.83011
2.50205
2.71163
3.26288
3.42738
3.49859
2.51433
2.71506
2.71415
2.99891
3.08243
3.01143
3.29631
2.59889
3.57973
3.35571
3.11632
3.26878
3.52262
3.60774
3.54401
3.16563
3.54463
2.86932
3.11944
3.72803
3.62731
3.33494
3.69968
3.47946
4.04494
4.33648
3.57965
3.96721
3.69795
4.12964
4.18604
4.39655
3.68729
3.93017
4.41012
4.49005
5.06537
4.60677
3.99634
5.24554
5.21224
4.47653
4.7242
4.80793
4.55749
4.66741
4.55727
5.40275
5.18509
4.61453
5.14299
4.86475
5.50593
5.34567
5.17866
5.00284
5.58281
5.63717
5.03884
4.36707
5.10416
5.51197
5.29042
6.08223
5.59917
6.40463
6.31402
4.54786
6.65733
6.4209
5.31108
5.93602
6.02205
5.14096
5.73917
5.00756
5.122
4.5597
4.73714
4.26045
6.51881
5.30214
4.69164
4.87589
5.46842
8.05256
5.24124
7.06847
6.69774
11.6287
5.69574
5.89429
8.54644
8.1859
6.32855
6.13907
7.92841
8.01646
7.06797
8.47485
10.4657
5.42556
3.17417
