6.984040
6.391400
7.197730
6.902050
8.281070
8.555850
15.754000
19.187900
19.753700
14.696200
18.637700
17.095100
9.851630
18.993600
16.190500
19.805600
13.510100
10.528700
12.105700
18.787200
13.443700
10.242200
13.541900
10.211000
12.148000
15.499300
9.203290
11.313400
14.342100
10.985100
10.957800
11.891600
11.532400
12.079400
12.463400
12.330000
10.038500
11.414800
10.815900
11.192000
11.524900
11.362200
13.650000
11.576800
11.803800
11.357700
13.173500
12.202200
11.643600
11.232100
11.066100
13.130100
12.425300
12.076400
10.321800
10.886500
9.711170
12.131700
9.930950
9.443690
12.551500
13.105400
11.534200
11.291500
11.898600
9.870750
8.723960
9.662580
10.319400
10.239700
9.833060
8.920510
8.920810
8.734640
9.761490
8.414380
7.192980
8.163640
9.437100
9.385260
11.344000
9.927230
8.477100
9.031560
7.534260
8.920890
9.412130
10.805600
9.370660
8.595180
7.332160
9.079960
9.047230
8.412920
7.604180
8.996600
7.716670
6.707450
6.690880
6.568740
6.880640
8.343910
7.147880
8.554060
7.304230
6.868770
7.840470
6.508360
7.092740
5.891810
7.283020
6.107960
6.683240
7.850950
4.883690
7.227070
6.034920
4.555620
5.264650
5.408970
5.578430
4.994570
4.718990
5.535290
4.831280
4.762500
4.721090
4.715700
3.914050
3.595780
3.632580
4.149490
4.316850
3.973910
3.957310
3.809240
4.251080
4.096330
3.414620
3.161000
3.209300
2.841860
2.850590
2.844660
3.076100
4.300600
