0.867962
0.948472
0.947249
1.04602
1.17172
2.77156
7.71433
6.32285
6.14511
6.46106
6.20229
6.54435
6.26877
5.87315
6.44058
6.12587
5.48995
5.46844
5.53147
4.58909
3.50538
4.7695
4.83494
4.36754
5.58049
5.72837
4.95225
4.52526
5.03195
4.02873
3.20902
3.51487
4.44973
5.18424
3.49857
3.11647
4.30271
4.48554
4.1968
3.46121
3.80856
4.03599
3.80904
3.72588
3.69399
3.00416
3.61383
4.35012
4.38138
3.6046
3.90899
3.91229
3.96329
2.97726
3.90334
3.37723
3.58637
3.81223
3.27138
3.36831
4.35932
3.79168
3.05826
3.59184
4.09944
4.13774
3.5327
3.52979
3.20261
3.36024
3.34798
3.16906
4.10385
3.49546
3.23727
2.64757
3.62209
3.07631
3.43726
3.45387
3.68822
2.79383
3.1922
3.19338
3.28085
3.23977
3.17922
2.85478
3.22382
3.22844
3.00488
2.7049
2.53574
2.78891
2.58579
2.92702
3.1031
3.06736
2.93899
2.84141
2.55399
2.23861
2.55933
2.91045
2.56826
2.27135
2.49862
2.38505
2.28179
2.82105
2.42155
2.59102
2.51831
2.57988
2.30631
2.43519
3.01762
2.53967
2.24143
2.78984
2.3521
2.44117
2.44419
2.4668
2.18998
2.21754
2.19712
2.04935
2.39279
2.28711
2.24346
2.02245
2.19759
1.93816
2.15113
2.12233
2.02766
2.15861
2.13313
2.60562
2.12579
2.3957
2.19727
1.91327
1.72429
2.06542
1.77684
1.67292
1.82415
1.79628
1.81928
1.89502
1.91705
1.71908
1.64002
1.66066
1.73283
1.69323
1.63788
1.56316
1.41526
1.55047
1.38172
1.18484
1.51572
1.56106
1.13875
1.1709
1.25515
1.24235
1.19969
1.28518
1.35543
1.12645
1.26833
1.13156
1.14995
1.26458
1.24384
1.24676
1.05976
1.17651
0.93734
1.13959
1.10034
1.06405
1.11264
1.28069
1.05434
1.30294
1.25393
1.25203
1.24766
1.02877
1.09833
1.00545
1.35736
1.2771
1.45342
1.06538
1.17984
1.24328
1.40632
1.14343
1.13556
1.0557
1.27083
1.24506
1.1511
1.26909
1.48013
1.14217
1.45893
1.02293
1.17859
1.354
1.18978
1.32904
1.18805
1.1124
1.05469
1.25578
1.20446
1.16722
1.08963
1.06668
0.872296
0.871136
0.946958
1.22428
0.990191
1.03187
1.02355
1.02777
1.18681
0.905503
1.11862
1.18651
1.29534
1.02103
1.12404
0.832401
0.992606
0.961626
0.877117
1.04017
0.927778
0.721944
0.719007
0.841978
0.770087
0.660734
0.698974
0.841319
0.769315
0.792022
0.836931
0.925277
0.86687
0.845026
