0.743486
0.751318
0.728095
0.711318
0.719356
0.721942
0.73446
0.769227
0.800695
0.799877
0.765349
0.827906
0.851121
0.904504
0.834219
0.847448
0.844252
0.824165
0.848539
0.841529
0.840299
0.866581
0.903433
0.85193
0.878483
0.937478
0.916299
0.907841
1.34131
1.22187
1.68653
2.01526
1.50884
2.34982
4.41905
3.56059
3.54112
3.70372
4.03377
3.90085
3.41864
3.35634
2.45072
2.32487
1.99934
1.79138
2.62989
2.61506
2.95498
3.13799
3.59199
3.04449
3.08153
3.04391
2.96244
3.61884
3.76237
3.06791
2.78451
2.85762
3.51389
2.94927
3.41133
3.3565
3.47114
2.85764
3.28532
3.83956
3.67032
3.53402
3.30783
2.98556
3.22073
3.46083
2.84109
3.53619
3.23679
3.18489
3.19384
3.07285
3.36192
3.04863
2.81181
2.79127
2.83935
2.70059
3.04388
3.27727
3.11873
3.26934
2.79319
3.20202
3.25934
2.89403
2.4615
3.25655
2.92482
3.28767
3.39784
3.27328
3.07998
3.15806
3.02613
3.24391
3.13603
3.12715
3.08016
4.2371
3.30811
3.68974
3.69414
3.10311
3.10552
3.03943
2.87489
3.21017
3.81462
3.17439
3.16724
3.02522
3.23142
2.36205
3.10581
3.47981
3.40063
3.25765
3.4769
2.92387
3.35505
3.2401
2.88587
2.86297
3.22808
3.71512
3.34116
3.51002
2.95556
2.93309
2.89271
3.17677
3.23579
3.04285
3.08407
3.03246
3.15106
3.2051
3.13356
3.14951
2.95665
2.78045
2.52483
2.87666
2.89676
2.45055
2.59827
2.61769
2.45142
