11.4753
12.3984
16.2427
29.2077
26.2931
25.4029
23.6604
19.6562
17.343
17.6683
19.2982
22.9048
23.7489
19.6403
21.5992
22.2169
21.6499
23.2931
23.0229
22.1617
20.9302
20.3732
20.5305
18.5695
20.9844
21.7626
21.5958
23.2092
21.4552
23.3266
21.5325
22.9131
22.2
22.2225
21.8416
23.1523
20.3302
21.3217
21.8992
22.8282
23.0571
22.4224
21.6227
19.8321
19.4457
20.883
24.0819
21.2963
22.7291
23.9047
22.3583
21.6836
22.3464
20.6534
21.3005
21.1477
21.5851
21.3358
17.6204
19.385
19.5189
20.065
20.3053
20.288
19.4998
19.6755
19.736
19.8093
17.2695
18.2109
20.0122
20.4262
19.382
19.9097
20.3504
19.6905
18.7743
16.2734
18.3097
18.8145
14.9497
15.7309
17.934
16.0302
15.1414
18.3441
16.2507
16.0759
16.6926
14.1152
14.8832
14.4322
14.69
14.0498
13.9564
14.5143
14.4783
13.5167
14.496
13.8504
13.522
13.0687
13.5721
14.2753
