5.52605
19.7107
26.7744
26.4814
20.5821
19.6616
20.1469
17.9821
12.7118
10.1019
13.0976
15.5751
15.6556
15.7097
15.806
14.6794
15.4169
13.7304
15.0702
11.1382
11.9057
13.5441
12.3498
15.0284
15.5653
14.1806
11.999
12.307
13.9264
12.5986
11.8564
12.6676
11.7445
13.2159
12.2323
13.243
11.251
13.1642
10.8279
12.1543
11.1501
12.1332
12.3139
10.7523
11.6553
11.2124
10.1317
13.6377
11.3719
11.2651
11.3402
12.6687
12.863
12.5096
10.2287
12.253
12.0666
12.1402
10.7967
15.0358
12.6903
11.286
11.0454
12.0484
11.0624
11.3931
10.8939
8.73782
10.5542
13.5753
10.1976
8.9424
7.54882
7.91866
8.5793
7.65208
8.17306
7.47085
10.3752
9.16434
9.12856
8.75794
7.29991
10.1464
8.99118
6.89977
7.30408
7.31484
7.96193
9.68619
7.75614
8.26954
7.07318
9.27989
6.43317
7.15438
7.88452
9.12522
8.37154
9.35365
12.7764
10.0216
9.54543
8.30745
9.34634
9.09432
8.1121
6.9904
6.56756
6.97374
8.27671
7.36207
7.41175
9.35302
9.20595
7.32693
9.02411
6.84029
9.96812
10.4903
7.67777
7.71734
9.69547
6.6807
8.66141
6.59552
7.30551
9.33091
8.51009
8.46611
7.32264
9.30367
7.75659
7.53161
7.66849
6.61875
8.69917
5.4882
7.70952
8.87971
6.64932
7.0182
5.64202
6.63607
6.00937
6.69055
8.67295
7.22493
9.3724
7.59229
6.82893
7.63994
6.73087
8.20089
7.25003
8.13408
7.14702
7.51332
7.7828
6.97493
6.16191
6.3709
7.86441
5.23901
7.70504
8.02019
6.53935
6.59339
6.52644
6.56596
