3.72948
4.11548
3.89308
3.92661
3.66545
3.22966
3.39557
3.5158
2.57192
3.3553
1.73391
0.46202
0.10822
0.0972272
0.0953489
0.0999915
0.103758
0.104538
0.0971537
0.106443
0.117841
0.167613
0.515283
2.62429
4.63409
4.16009
2.71904
2.79938
3.01083
2.75504
2.52313
2.92589
2.50914
2.81027
2.78127
3.0867
2.14447
1.92713
1.43758
1.98883
1.65336
1.82078
2.1067
2.21059
2.14899
2.2479
2.50888
2.21122
1.68055
2.4794
2.1707
2.02234
2.27436
2.47172
2.32595
1.79737
2.18481
1.92703
2.32509
1.99507
1.77215
1.92039
2.05456
2.31181
2.11541
1.6303
1.71097
2.07525
2.28911
2.62327
2.1729
1.81252
1.70908
1.9508
1.52005
1.92515
1.81227
1.82602
1.85402
1.87099
1.96186
2.21247
1.9024
1.86525
2.38564
2.88611
2.01923
1.9279
1.91115
1.74381
1.75353
1.84733
1.99643
1.66951
1.56172
1.5094
1.61593
1.64695
1.50309
1.92989
1.53443
1.47531
1.42742
1.48344
1.32212
1.95583
1.30091
1.54784
1.67228
1.6352
1.43922
1.58496
1.66027
1.53734
1.83088
1.44266
1.74369
1.49496
1.37763
1.4417
1.67029
1.58523
1.50928
1.47967
1.57076
1.67122
1.52316
1.67667
1.71146
1.16563
1.36833
1.41122
1.60912
1.77542
1.16743
1.38907
1.12823
1.50285
1.5131
1.44867
1.29162
1.42567
1.69213
1.50663
1.66656
1.48809
1.06568
1.58054
1.45944
1.37926
1.38164
1.32202
1.70819
0.782685
1.61681
1.41797
1.40285
1.29893
1.42352
1.54947
1.71254
1.5538
1.23501
1.51325
1.70347
1.71637
1.09746
1.89569
1.39846
1.82479
2.07143
1.60148
1.58119
1.40586
1.2987
1.10539
1.73324
1.43511
1.57273
1.68384
1.79928
1.53164
1.49662
1.47252
1.2056
1.20113
1.36124
1.11841
1.26339
1.52345
1.81981
1.20155
1.51771
1.4441
1.75159
1.62369
1.22966
1.59052
1.44305
1.0592
1.68124
1.47769
1.24884
1.57759
1.37336
1.24171
1.25262
1.46269
1.62929
1.43292
1.4818
1.22075
1.2678
1.52476
1.30491
1.41244
1.59036
1.13536
0.959988
1.1439
1.43673
1.61195
1.56869
1.28541
1.1551
1.25268
1.38808
1.11763
1.41085
1.32932
1.18677
1.51325
1.13791
0.925339
0.975384
0.824269
1.17128
1.58677
0.950441
1.22204
1.63839
1.31436
1.07723
1.24874
1.20929
1.49796
0.897885
1.3949
1.60413
1.2733
1.50988
1.04303
1.03617
0.94009
0.749965
1.2479
1.4141
1.48001
1.12419
0.967544
1.03282
0.70167
0.911054
1.34907
1.01438
0.987429
1.2955
0.742581
0.996814
1.04899
1.27753
0.731131
1.18069
0.964435
1.03
1.07458
1.08052
0.762266
1.0324
1.20649
0.680735
0.915637
0.643359
1.72169
1.03999
0.965827
1.03928
0.611451
0.934759
1.20496
0.851644
0.998328
0.804204
0.820213
0.956274
0.705003
1.10564
0.996669
0.921128
1.16102
1.03428
1.10173
1.10604
1.02851
0.60017
1.25145
0.604512
1.16472
0.982943
1.05927
0.854964
1.03305
0.85761
0.870717
0.93329
0.901481
0.583382
0.846548
0.731936
1.12882
1.39337
1.09082
0.867109
1.28675
0.732994
1.15413
1.01546
0.947528
0.913221
0.750202
0.597578
0.979634
1.03431
1.07794
1.06287
1.10055
0.874711
0.671006
1.16431
0.887826
0.662789
0.848137
0.738414
0.851115
0.851926
0.969877
0.687569
0.575124
0.934196
0.910408
0.840123
0.786307
0.752676
0.57823
0.799231
0.624586
0.638786
0.755532
0.851816
0.77719
0.707907
0.563096
0.483684
0.533845
0.70243
0.568236
0.493491
0.45219
0.491911
0.477801
0.455305
0.345067
0.357497
0.280352
0.25448
0.266163
0.266264
0.276349
0.363105
0.319634
0.390395
0.395928
0.520535
0.445771
0.599334
0.362728
0.401396
0.404285
0.343565
0.377269
0.405157
0.359365
