7.99046
5.06872
6.39104
4.84734
6.64101
20.7821
24.3865
18.6216
16.9152
16.3183
13.6778
18.8013
13.8276
15.2079
11.4619
14.6864
11.7484
12.7225
9.39239
9.8801
9.62975
12.3249
9.95036
10.3221
12.7429
13.3919
12.0174
11.8585
14.6629
12.1102
10.7603
13.2771
12.3264
12.3805
13.0252
10.8429
9.78975
13.9972
12.3456
14.0499
12.2995
12.3205
12.0411
12.0204
13.3934
12.5874
11.5408
9.55374
10.7457
11.6121
12.5351
11.6581
13.3324
10.7225
9.87162
13.1516
12.7668
9.81525
11.2372
11.7786
11.2518
9.95246
10.0761
12.3423
9.94312
11.3962
10.7415
9.19885
9.50949
7.48743
9.02099
9.93965
9.40246
8.72719
10.3221
8.18896
9.23202
10.9402
8.92753
8.47827
8.72625
10.8765
8.86422
7.38321
7.23612
7.60075
7.80756
9.24123
8.5025
6.83578
8.61206
7.28136
7.6625
7.16028
6.32434
7.5624
6.90042
8.55854
8.72518
6.01066
8.62541
7.2628
7.42837
7.79648
6.07725
7.25368
7.43596
7.74833
7.05466
5.46451
5.84689
6.40582
5.57801
5.5835
5.6863
6.64808
5.83223
4.34901
