0.394091
0.41627
0.52343
0.527945
0.437199
0.435701
0.420284
0.578314
0.521474
1.36613
4.46163
3.74614
4.34304
2.65593
3.06869
2.16362
1.68227
1.2815
2.21047
3.04629
0.9879
0.420204
0.395792
0.382879
0.388031
0.472438
2.34274
2.38985
1.26948
3.07973
3.18574
2.58997
2.40112
3.00602
1.93835
1.84482
1.15926
3.13335
2.01944
1.73678
1.25429
2.15086
1.55936
2.32837
2.55603
2.61507
2.69198
2.17336
2.23899
1.45613
1.47661
2.07914
2.51043
1.79886
1.32148
1.2524
1.59122
2.10856
2.3142
2.01771
1.46501
2.20963
2.34422
2.00266
2.21168
1.60113
1.48856
1.53085
1.63313
2.26566
1.88379
1.91146
2.30287
2.1577
2.01977
2.21472
2.26555
1.87078
2.08449
1.55501
1.99251
1.8402
1.78989
1.65695
1.52622
1.68165
1.53512
1.53113
1.49898
1.65827
1.67987
1.82351
1.55648
1.59184
1.59187
1.66007
1.42696
1.54525
1.62479
1.76923
1.27213
1.28671
1.43259
1.75721
1.57763
1.33008
1.32845
1.32433
1.45703
1.35195
1.45114
1.44791
1.43937
1.38149
1.31344
1.4143
1.33041
1.13932
1.29542
1.05156
1.3535
1.19286
1.20988
1.35068
1.3414
1.44374
1.47573
1.57785
1.437
1.3753
1.2854
1.21515
1.31999
1.2688
1.22043
1.18869
1.04138
0.94904
1.1675
1.09577
1.0976
1.06362
1.2064
1.12421
1.12044
1.14151
1.05951
1.18453
1.10632
1.03097
1.24006
1.14191
1.39409
1.29528
1.15941
1.22286
1.18383
1.22204
1.19214
1.1507
1.29134
1.09675
1.0433
1.176
1.0676
1.10478
1.06297
1.11908
1.28921
1.21873
1.11418
1.46522
1.35501
1.23774
1.32497
1.42638
1.33306
1.19005
1.39852
1.24957
1.32166
1.35919
1.33113
1.28039
1.3107
1.43854
1.42167
1.27552
1.30128
1.28265
1.23218
1.28331
1.12017
1.19951
1.17369
1.17874
1.1319
1.37192
1.21556
1.19246
1.21458
1.2496
1.28327
1.30979
1.09704
1.18065
1.19828
1.22551
1.18693
1.0355
0.856508
0.792345
0.920434
0.868204
0.798044
0.846167
0.821793
0.786535
0.824949
0.766685
0.759355
0.859075
0.779025
0.774134
0.867118
0.791211
0.793009
0.801726
0.908321
0.948818
1.00008
1.11996
1.16514
1.06503
1.0258
1.1093
1.03563
0.90924
0.834246
1.21298
0.983289
0.77965
0.564888
0.604709
0.738115
0.724858
0.524894
1.19128
0.88504
0.822133
0.755566
0.862282
0.957771
0.537075
0.603598
1.23775
0.441026
1.03437
0.462619
0.63401
0.336774
0.780187
0.583119
0.693354
0.970497
0.880538
0.478088
0.317152
0.593932
0.601713
0.892954
0.47444
0.745561
0.482249
0.672095
0.491455
0.846203
0.744502
0.69325
0.463311
0.383488
0.925404
0.274729
0.499051
0.357537
0.334523
0.464198
0.571
0.58466
0.601977
0.568942
0.368977
0.537775
0.395815
0.52101
0.368009
0.498419
0.603358
0.518453
0.64828
0.484315
0.570227
0.86425
0.594891
0.549907
0.58814
0.675711
0.590665
0.672572
0.498195
0.743515
0.607604
0.359629
0.552104
0.503652
0.58218
1.34092
0.555453
0.743595
0.577943
0.90582
0.42204
0.366486
0.448731
0.516678
0.402788
0.342764
0.490846
0.686293
0.491396
0.40839
0.748361
0.406099
0.503282
0.833271
0.904333
0.590723
0.652937
0.597517
0.644461
0.615261
0.419565
0.476687
0.500683
0.403392
0.432009
0.537705
0.426335
0.555622
0.502687
0.417018
0.54141
0.475153
0.694577
0.780425
0.607327
1.01868
0.526877
0.395204
0.329602
0.503781
0.531775
0.496205
0.508383
0.726714
0.284735
0.837946
0.465232
0.407746
0.716588
0.644053
0.487636
0.355809
0.381756
0.748045
0.430307
0.333912
0.436551
0.407189
0.527243
0.453985
0.346373
0.430832
0.556771
0.501868
0.509196
0.417923
0.47697
0.401558
0.428333
0.279521
0.335151
0.361487
0.33035
0.271714
0.469159
0.423996
0.724233
0.291133
0.27106
0.424012
0.394352
0.533039
0.37106
0.355594
0.26239
0.289123
0.248512
0.335233
0.559254
0.499096
0.445179
0.318151
0.33301
0.335868
0.476836
0.258094
0.459
0.510486
0.401332
0.361167
0.37702
0.338983
0.276465
0.294117
0.350422
0.631309
0.445675
0.340677
0.399431
0.550949
0.584107
0.556976
0.311844
0.361245
0.348552
0.193526
0.358168
0.383837
0.335839
0.325267
0.243537
0.323324
0.181375
0.275916
0.282572
0.311998
0.290878
0.302223
0.417462
0.336433
0.350086
0.375791
0.265119
0.222661
0.242237
0.121867
0.14808
0.508258
0.497297
0.367912
0.365795
0.299081
0.206995
0.36664
0.272843
0.273481
0.45566
0.3336
0.365131
0.196709
0.306131
0.49971
0.309452
0.408562
0.247855
0.255767
0.292076
0.249257
0.256292
0.243511
0.318903
0.230303
0.311126
0.23928
0.276801
0.254963
0.209688
0.178576
0.293767
0.219126
0.319866
0.240832
0.331243
0.246771
0.309441
0.273831
0.279388
0.22829
0.250337
0.261087
0.224562
0.1859
0.180134
0.227982
0.177256
0.190242
0.267057
0.185816
0.213334
0.210511
0.3078
0.281406
0.304177
0.246738
0.253183
0.253243
0.186374
0.149506
0.181053
0.28505
0.234584
0.215798
0.196426
0.146935
0.304531
0.214433
0.175307
0.179948
0.18953
0.14613
0.14824
0.224678
0.223991
0.282583
0.223844
0.18052
0.207004
0.192893
0.200988
0.204729
0.226693
0.249416
0.161873
0.183136
0.20671
0.166451
0.195292
0.149679
0.22416
0.298267
0.257394
0.219401
0.220871
0.249502
0.22271
0.243188
0.217078
0.253551
0.251258
0.183881
0.161563
0.167876
0.16957
0.277377
0.243997
0.207332
0.308259
0.334715
0.223117
0.263554
0.245982
0.225908
0.282869
0.202594
0.259821
0.234069
0.320768
0.357421
0.245671
0.360222
0.221128
0.293301
0.233841
0.221104
0.1945
0.198723
0.24983
0.236556
0.3774
0.380934
0.408226
0.465872
0.403412
0.314954
0.262318
0.287767
0.376458
0.309167
0.248891
0.231059
0.291849
0.299712
0.260474
0.27148
0.24277
0.184163
0.228812
0.324596
0.233962
0.251774
0.224057
0.217847
0.239241
0.249107
0.288379
0.217493
0.300328
0.286116
0.262776
0.262386
0.235767
0.263953
0.217752
0.252268
0.199654
0.178771
0.147215
0.215066
0.145866
0.211857
0.169733
0.163799
0.22248
0.142972
0.20577
0.188295
0.181779
0.170103
0.174443
0.203204
0.137563
0.141053
0.109232
0.142523
0.0900542
0.105443
0.0898264
0.104782
0.102922
0.144814
0.0800638
0.149013
0.153553
0.134811
0.146822
0.1738
0.132881
0.0914752
0.118447
0.10013
0.0968895
0.0707704
0.102037
0.122259
0.103471
0.0908648
0.0779258
0.10312
0.104829
0.112877
0.132826
0.136757
0.101907
0.172369
0.173522
0.225742
0.128747
0.0973586
