0.609325
0.599424
0.642604
0.627176
0.643661
0.580505
0.641337
0.611802
0.616848
0.605715
0.616363
0.597316
0.589016
0.599142
0.571958
0.564027
0.577129
0.600841
0.596877
0.647395
0.717487
0.679722
0.569886
0.592461
0.627119
0.639971
1.03181
1.98601
3.67221
3.26711
2.89289
2.96328
3.38684
2.47252
2.25862
2.55423
2.29736
2.43668
2.5441
2.92169
2.61085
2.26539
2.35074
1.6241
2.61202
2.19833
1.90088
1.78748
2.141
1.67534
2.03137
1.95658
2.01549
2.26264
2.0737
2.78466
2.70942
3.18077
2.95342
3.00756
3.08471
3.10633
2.86551
3.18981
3.0159
3.01959
3.11935
2.93346
3.25053
3.5771
3.01852
2.84334
2.81768
2.88134
2.78809
2.56111
2.21064
2.22718
2.21788
1.75151
2.4857
2.22353
2.59596
2.46097
2.23731
2.32326
2.22709
2.0858
2.23548
2.27599
2.4262
2.12328
2.89167
1.83044
2.33116
2.30796
2.16203
2.583
2.32588
2.41768
2.4212
2.28599
2.52088
2.21952
2.68829
2.76286
2.48634
2.57258
2.98748
2.71534
2.52299
2.63671
2.4858
2.9506
3.24909
3.42112
3.16421
3.87421
3.45969
3.06431
2.48917
2.36775
2.46515
3.05166
2.31725
2.52786
2.07953
2.06756
2.11113
2.23857
2.21656
2.15512
2.0143
2.51693
2.39366
2.91559
2.13909
2.60034
2.78309
2.76026
2.59689
2.89365
2.31927
2.06477
2.03508
2.70771
3.06209
2.53538
3.00484
2.52282
2.72561
3.06362
2.43997
2.89851
3.42976
3.20575
3.10412
3.07545
2.53385
3.06276
2.99938
2.66395
2.91559
3.27804
3.07661
2.82265
2.57293
3.04374
2.86949
2.66609
2.4681
2.76082
2.87332
2.71258
2.7259
3.05264
2.34043
3.35893
2.79046
2.54089
2.85004
2.92518
2.67451
2.67488
2.78397
2.60983
2.68754
2.81261
2.55056
2.62112
2.28462
2.59184
2.73451
2.22358
2.78185
2.41989
2.92937
2.76035
2.9139
2.88744
2.5934
2.57993
2.44837
2.6046
2.7699
2.58921
2.89251
2.69315
2.89927
2.57849
2.32598
2.32553
2.59262
2.40042
2.40821
2.54272
2.38467
2.1363
2.21064
2.31354
2.01304
1.9261
2.03977
1.83412
2.34928
2.31888
2.18854
2.16577
2.50863
2.11386
2.62027
2.31398
2.75583
2.83444
2.31064
2.50295
2.7998
2.88849
2.72299
2.67581
2.41601
2.37094
2.27708
2.56986
2.3193
2.24727
2.3565
2.39605
2.71895
2.539
2.03407
2.31314
2.12066
2.33832
2.14256
2.1724
2.28312
2.10809
2.34987
1.69303
1.98134
1.98296
2.42366
2.44459
2.29582
2.18098
2.37083
1.96355
2.1065
2.31622
1.91742
1.91042
2.09093
1.89728
1.9708
1.93325
1.77302
1.91354
1.87172
1.52976
1.60895
1.49501
1.78047
1.43907
1.54336
1.33212
1.31674
1.37317
1.45412
1.40149
1.34955
1.37324
1.2366
1.30852
1.361
1.12951
1.52677
1.15685
1.05039
1.03322
1.1623
1.15481
0.966596
1.14039
1.08994
0.997872
1.08645
1.05889
1.23809
1.07354
1.03758
0.916003
0.98864
1.17078
1.09171
1.01036
1.02895
0.866295
0.86028
0.996328
0.775851
0.971376
0.918545
0.889666
0.848111
0.842049
0.847472
0.842482
0.934182
0.7562
0.689977
0.890546
0.839156
0.725708
0.883185
0.893167
0.857753
0.692312
0.78287
0.780828
0.693805
0.892609
0.661181
0.797524
0.738774
0.668756
0.747495
0.69792
0.761309
0.6552
0.770164
0.726572
0.621664
0.664402
0.726782
0.650506
0.537575
0.698546
0.712644
0.737471
0.619012
0.588407
0.575116
0.676118
0.679136
0.682021
0.653811
0.795995
0.687363
0.558024
0.529593
0.687414
0.634098
0.738847
0.626424
0.680482
0.717988
0.616897
0.775204
0.503681
0.642011
0.58074
0.568994
0.63032
0.581487
0.622382
0.57421
0.477296
0.509394
0.532608
0.511124
0.487945
0.520496
0.569526
0.569509
0.511728
0.557462
0.658838
0.480932
0.521869
0.407458
0.488903
0.45898
0.532323
0.486435
0.458168
0.444286
0.399698
0.494363
0.622431
0.468138
0.595981
0.583976
0.491962
0.497368
0.424064
0.529176
0.454698
0.57566
0.480576
0.70405
0.424377
0.670258
0.722166
0.553763
0.571099
0.530635
0.477577
0.367975
0.503515
0.523353
0.520617
0.51628
0.473727
0.535941
0.480434
0.433061
0.458457
0.452147
0.272668
0.474543
0.477708
0.364096
0.478946
0.518237
0.296867
0.417039
0.39836
0.438693
0.384384
0.487054
0.288918
0.400963
0.435749
0.35496
0.463753
0.434281
0.372208
0.332529
0.563119
0.317925
0.403037
0.401167
0.332993
0.443907
0.346554
0.354915
0.308119
0.31793
0.379565
0.332906
0.387101
0.311187
0.338846
0.308651
0.3483
0.334445
0.311788
0.301773
0.329552
0.315537
0.270775
0.359781
0.226044
0.358222
0.264621
0.243968
0.256557
0.219418
0.272316
0.223059
0.407987
0.320085
0.278603
0.278299
0.282658
0.299436
0.28085
0.284171
0.333693
0.325283
0.378672
0.280476
0.291648
0.328574
0.37216
0.395215
0.399585
0.385924
0.257654
0.249968
0.304326
0.345545
0.31198
0.340046
0.328705
0.245603
0.26926
0.239718
0.260229
0.298857
0.341379
0.288758
0.459326
0.416611
0.443626
0.335329
0.235494
0.238035
0.286924
0.386446
0.363587
0.322038
0.328876
0.258967
0.277985
0.267904
0.278495
0.296946
0.261239
0.275376
0.262824
0.260124
0.289792
0.367353
0.332264
0.292027
0.275436
0.281701
