0.0991238
0.0984145
0.114742
0.107455
0.122994
0.127234
0.134217
0.120433
0.139204
0.136729
0.115156
0.0987229
0.0862044
0.10881
0.0960526
0.116249
0.146249
0.144777
0.160571
0.167507
0.222993
0.28138
0.344395
0.283266
0.312287
0.450263
0.405111
0.378165
0.621097
0.51962
0.502868
0.512048
0.438617
0.43903
0.606446
0.486648
0.835669
0.720847
0.717582
0.642849
0.72923
0.815534
0.785329
0.84319
0.666915
0.532954
0.882006
0.917682
0.792103
0.986567
1.01811
0.945783
0.921759
1.03313
1.21626
1.35954
0.969269
0.917971
0.872513
1.01492
1.92553
1.53421
1.3244
1.47828
1.63147
1.61782
1.19342
1.16877
1.21288
1.5164
1.43943
1.89936
1.55894
1.48694
1.31579
1.70292
1.43722
1.72016
1.38143
1.54773
1.31476
1.33818
1.65491
1.6171
1.19518
1.50186
1.77327
1.53538
1.80517
2.12036
1.84195
1.87127
2.18892
1.84364
2.27229
1.79841
1.72528
1.66014
1.76177
2.36274
1.72968
1.88108
2.09888
2.01033
2.08976
2.12731
1.63893
2.14415
1.43976
1.17067
1.86995
1.47606
1.94297
2.18646
3.38141
3.26088
1.87577
1.4057
1.69994
1.07013
1.23097
1.00218
2.99882
2.64709
1.92104
1.3356
1.91916
1.37085
1.21855
1.71747
1.02752
2.3571
1.76481
1.1441
1.27335
1.27444
0.86502
1.24652
0.831877
0.643771
1.48998
1.90677
1.19036
1.09946
1.56954
1.77084
0.535772
0.641204
0.477143
1.0871
1.69548
0.742988
1.54328
0.696993
0.596514
0.637573
1.09179
