4.04481
3.716
3.93255
3.91101
4.3081
4.6628
5.47946
4.81172
5.04793
6.1594
6.88998
7.47249
12.2222
26.234
28.185
43.3804
36.8241
28.0913
20.3262
26.3988
22.2907
20.2953
17.3844
16.1813
17.2094
12.2528
18.4122
12.9738
16.092
10.8228
12.3287
12.454
13.8338
12.1643
13.0544
19.4085
13.092
16.0079
15.1172
13.909
16.6403
15.4169
14.8213
15.5623
14.6314
12.8909
14.5691
13.0534
12.5678
13.5895
13.6596
13.2807
12.1301
14.7349
12.1493
12.7458
12.324
15.2331
12.7985
13.5816
12.7947
11.3517
13.1548
9.41951
12.5651
12.7302
12.0518
10.5497
13.3977
11.2269
13.2293
13.4514
7.96852
13.5076
10.7157
12.4274
10.163
11.0568
10.0693
14.161
11.6354
11.5172
10.9386
10.0696
12.3144
10.1298
12.7157
10.8458
10.0208
11.4271
11.8308
11.3118
11.8258
11.4779
11.428
9.72126
11.0952
11.5612
9.34724
9.80754
11.0351
9.01751
9.14291
10.3484
9.09511
7.28393
7.509
6.23128
7.2529
6.03255
7.63279
6.47548
7.13507
6.26568
7.18714
7.562
7.98967
4.6563
6.58794
6.3304
6.66758
4.76226
6.3669
6.02868
6.6153
6.27049
6.15545
6.23687
5.47873
6.15942
5.37999
6.8687
6.15353
4.96684
7.2115
7.14816
6.42269
4.45012
5.6288
5.44205
5.88338
5.82657
5.44148
5.998
5.39253
7.14391
5.4509
6.11114
5.49234
3.32316
4.48948
4.74808
5.43429
4.72186
4.38103
5.81395
4.77055
5.02918
4.07493
4.8225
5.20806
5.56236
4.97555
3.83057
4.37744
5.2839
5.2416
4.48968
3.71838
4.18199
3.80467
4.30639
5.35381
3.92935
3.98882
5.86537
4.01409
4.72511
3.2627
3.08155
3.69115
2.84204
3.19196
2.86239
2.55078
2.45489
2.47003
2.50028
2.88275
3.21314
3.2994
3.6473
3.39017
2.58047
3.49247
3.60258
