7.83243
8.8673
8.86617
10.3361
11.0181
14.6425
15.1145
15.8909
26.208
29.5512
33.9062
48.7587
73.8809
102.435
87.8044
96.1214
83.6607
72.3493
64.1699
65.0065
58.7894
55.1467
55.9028
47.2555
34.1258
26.3744
25.6313
27.7475
21.0221
30.1773
32.626
39.0318
30.0291
36.4527
42.5698
40.8584
48.0082
48.7767
35.2537
37.7851
39.1902
40.2387
43.8111
37.9638
41.4175
34.8578
32.5658
33.2384
34.8451
37.1979
34.5675
31.8735
32.4048
30.265
30.4994
31.3178
27.3522
27.1718
29.8868
27.7949
29.9467
31.0233
29.9232
29.4484
28.5487
24.4432
30.4303
27.072
25.8307
28.5454
28.1543
27.3739
23.3228
22.1075
21.5157
24.013
26.2483
21.0536
21.2714
18.996
20.3131
20.1911
18.9041
18.1136
18.512
18.7664
18.3911
17.4448
17.6254
14.1119
16.287
17.9193
16.6736
16.4406
15.4577
12.9714
13.8065
15.0566
14.5719
12.2119
13.9159
13.2553
14.2441
15.1499
13.9007
13.0561
12.6571
12.8716
11.2169
13.1518
11.6337
12.0823
11.4146
12.8596
10.4984
11.8305
12.1672
11.5609
12.2972
11.5412
12.2612
11.7572
9.99918
9.58967
9.65064
11.0256
12.2906
12.5292
9.56895
9.16188
10.0392
10.1488
11.252
11.1164
10.0563
10.8492
11.5092
11.4607
11.3352
10.5299
10.5273
11.5759
11.3994
11.2714
9.67943
10.8482
10.5608
9.53454
10.3445
10.5515
10.1441
9.91092
9.30111
9.92296
8.85843
8.17173
