0.214011
0.222863
0.222862
0.262759
0.278287
0.289953
0.268629
0.302118
0.388732
0.446819
0.398434
0.454724
0.503162
0.401048
0.456803
0.410983
0.417911
0.394976
0.379813
0.334155
0.267497
0.389113
0.35203
0.451024
0.416236
0.372572
0.399288
0.294651
0.362995
0.323998
0.325758
0.244018
0.32309
0.381748
0.273697
0.32194
0.407549
0.383116
0.394187
0.308728
0.342555
0.362331
0.379722
0.272441
0.25953
0.243987
0.301018
0.319568
0.295231
0.30852
0.34654
0.228423
0.419726
0.419829
0.338292
0.321369
0.531237
0.426523
0.344283
0.402509
0.348707
0.351964
0.390388
0.458491
0.479934
0.45459
0.34122
0.385183
0.386983
0.376869
0.437532
0.385565
0.410108
0.437835
0.395562
0.411265
0.353528
0.348131
0.433938
0.343518
0.316364
0.373082
0.391405
0.450923
0.351264
0.31792
0.441714
0.529174
0.481234
0.400713
0.423584
0.371763
0.366392
0.379109
0.312365
0.349901
0.380833
0.302262
0.381312
0.338775
0.321861
0.286784
0.267121
0.348277
0.372006
0.347747
0.400583
0.378397
0.38835
0.282613
0.354461
0.386145
0.304008
0.310711
0.308068
0.330515
0.267947
0.404866
0.375556
0.323333
0.227024
0.32475
0.34472
0.285831
0.359967
0.390717
0.27308
0.39138
0.290415
0.302464
0.286366
0.34701
0.350845
0.376765
0.285622
0.267787
0.317081
0.257485
0.23387
0.26299
0.273076
0.272563
0.249891
0.271829
0.253336
0.265056
0.256509
0.236368
0.25148
0.196029
0.280152
0.27036
0.240583
0.250831
0.345796
0.233632
0.280765
0.324771
0.239102
0.293594
0.262523
0.262601
0.229809
0.243803
0.310039
0.242958
0.278619
0.261736
0.263299
0.266861
