0.438169
0.459264
0.402508
0.385868
0.408003
0.400363
0.414199
0.415065
0.427726
0.42349
0.430576
0.450116
0.406652
0.389974
0.431142
0.408988
0.441983
0.425919
0.417709
0.438831
0.435475
0.476662
0.426024
0.504581
0.515235
0.491978
0.649568
0.640088
1.07031
2.81782
3.67251
2.65993
2.97662
2.93245
3.09897
2.14398
3.10221
3.19372
3.5033
2.29985
1.85981
2.53125
2.12432
1.82545
2.27911
2.14173
2.00183
2.04314
2.30897
1.33719
2.09429
2.5234
3.61473
2.84397
2.6398
1.58283
1.34072
1.46813
1.38514
1.50576
1.51083
1.65879
2.01802
2.34306
1.50065
3.13851
3.13542
3.16905
2.04891
3.41667
2.70885
2.12433
3.01094
1.69384
1.70899
1.96343
1.97573
2.77328
1.78117
2.41999
3.57121
2.68782
3.25342
2.84622
2.035
2.26575
1.98523
2.2406
2.25516
1.49834
1.61586
1.65522
2.16992
1.63262
2.62246
2.65808
2.45186
2.60489
3.05657
2.35978
1.98639
2.19538
2.30818
2.13386
2.52626
2.0523
2.11251
2.18256
1.95493
2.07705
2.04166
2.11051
1.61494
1.83281
1.7803
1.43436
1.27903
1.49045
1.62229
1.51648
2.05096
2.15671
2.09744
2.03285
1.64685
1.73606
1.89357
1.72838
1.62516
1.72088
1.65164
1.28758
1.50111
1.5328
1.08612
1.73223
1.32465
1.48968
1.14144
1.4498
1.12495
1.32854
1.30328
1.12049
1.02709
1.12578
1.43924
1.34019
1.20447
0.937975
1.01905
1.25991
1.18794
0.816749
1.02121
0.838992
0.959604
0.924173
1.06695
1.09573
0.867714
0.881112
0.763828
0.993777
0.810551
0.905821
0.705829
0.806639
0.709631
0.710792
0.7026
0.609755
0.68484
0.564661
0.563093
0.657275
0.543224
0.525892
0.502165
0.494413
0.649497
0.539277
0.527496
0.529476
0.425828
0.477458
0.388534
0.446597
0.456236
0.484136
0.555519
0.433889
0.455336
0.421739
0.483109
0.360379
0.415334
0.428248
0.338574
0.356494
0.404435
0.384119
0.330782
0.343072
0.343905
0.308482
0.345458
0.354466
0.37741
0.389376
0.392691
0.386702
0.365063
0.395206
0.323998
0.345063
0.328262
0.387911
0.326521
0.352771
0.336629
0.344484
0.339712
0.352822
0.31502
0.343976
0.298984
0.308376
0.261328
0.26578
0.353429
0.316713
0.322299
0.297893
0.324218
0.350572
0.319659
0.309733
0.324108
0.321809
0.289761
0.311112
0.307045
0.290436
0.317457
0.334691
0.303179
0.253422
0.32661
0.336879
0.343786
0.372759
0.301252
0.289677
0.284123
0.260108
0.269793
0.253254
0.280595
0.306856
0.297631
0.313077
0.270191
0.260846
0.275174
0.294317
0.244116
0.224229
0.224792
0.281741
0.26785
0.221921
0.209054
0.267779
0.217305
0.276868
0.267034
0.252157
0.258903
0.236205
0.222455
0.234481
0.208766
0.191006
0.198225
0.172499
0.195129
0.209373
