0.977677
0.97816
0.804558
0.908937
1.00853
1.24422
1.42735
1.33287
1.12358
1.31164
1.13125
1.33656
1.78257
1.74288
1.78948
1.50897
2.09386
1.58715
1.6218
1.93874
2.073
1.59587
1.56866
2.53762
1.62926
2.57712
2.31493
2.71978
2.31109
3.70183
3.59619
1.84843
3.03062
2.63674
3.0348
2.6316
3.58629
3.85211
2.26577
3.53956
3.17782
2.84072
4.0719
3.06743
4.19587
3.67119
4.35926
3.49337
5.10435
3.69885
4.26198
3.44148
4.06916
4.28818
4.07386
4.92112
3.85554
5.35379
3.63203
5.01589
5.58041
4.34589
4.70877
5.23345
4.87551
4.11179
4.48858
5.03467
5.24066
4.95527
5.2778
5.2473
4.81137
5.17069
5.45347
5.34548
5.97565
5.54364
5.59496
5.69868
6.13048
6.44321
6.8152
6.62452
7.09221
5.9734
7.15682
6.498
6.67826
7.69568
6.90336
7.50625
6.83172
6.81131
6.95177
7.19281
8.05324
5.7887
6.77212
7.77283
7.91354
8.50737
8.20356
8.87044
6.55103
7.68248
6.24882
7.27161
7.65248
7.07049
7.87982
5.68279
7.30688
9.24018
8.37483
7.54004
8.36283
7.19678
7.50722
8.25411
7.67352
6.76935
5.71529
6.09946
8.01176
8.82499
11.6017
12.2301
14.0377
13.6346
13.1686
