25.6172
31.4116
48.0114
55.4064
74.3465
113.968
135.237
136.997
180.681
130.694
133.42
121.478
109.498
106.86
92.4399
87.9997
75.2308
75.0346
74.8089
71.2099
66.532
73.0996
81.6701
79.0079
83.5332
94.507
86.2345
86.1591
96.2059
104.245
84.5776
84.4727
89.3512
91.5636
85.5696
85.2336
90.9396
83.0298
88.8009
92.7954
94.0577
88.8712
90.6802
89.7209
93.3237
86.309
86.2366
83.9786
84.0099
85.9733
91.9299
86.9174
85.3883
82.6111
76.5496
78.238
77.2187
77.1289
75.777
73.1508
69.1231
75.808
76.4594
64.406
74.282
65.6338
69.8514
69.3903
73.1026
71.971
68.4541
69.1211
62.2711
66.9089
56.2008
62.7373
68.1905
63.9252
51.1423
54.2416
51.1891
50.0709
57.4169
56.7066
53.5181
54.8719
55.0183
50.0884
52.6378
55.7264
54.1386
48.0356
42.4748
44.9348
41.6883
43.4078
45.1391
42.9908
34.4973
34.7646
37.7186
38.1143
37.837
43.1754
37.2493
31.0023
31.4838
32.8694
28.1995
37.0686
36.4796
31.5022
30.3163
26.1594
20.8307
21.1263
19.9527
