5.19582
4.94952
4.53211
4.79563
5.05776
5.25879
4.63785
4.79946
5.36052
5.59257
5.69217
5.35968
6.47472
6.67574
5.68937
6.08396
6.37136
6.34204
6.01638
7.74074
6.90738
6.03801
5.96572
5.94094
5.6684
5.9221
6.9041
6.37384
6.62807
6.23131
6.86412
7.38245
6.15913
6.24377
6.17838
5.69061
6.87941
5.96434
6.36463
7.22141
6.89191
6.89845
7.33386
5.87693
6.93055
6.71538
7.6032
5.85902
8.78156
6.47103
7.62025
8.27537
8.88528
8.52114
8.32861
7.51636
8.52909
8.40548
9.61255
8.12466
7.14166
8.21293
6.7231
10.1095
9.60166
7.9931
8.61723
8.67391
8.04448
8.94823
8.65339
8.67113
9.44211
11.6592
9.42784
10.5695
10.6232
9.51105
9.91102
7.40241
10.6009
11.5157
9.45446
10.8762
11.6875
11.6189
12.9019
12.9944
8.59862
11.9391
12.1101
12.6013
13.8811
12.5991
12.5939
12.1811
11.0671
14.4169
13.6462
12.0155
15.4512
12.3596
13.9646
13.6329
14.7652
13.2581
16.4691
14.707
13.9733
15.8503
15.9997
14.4935
13.7078
15.3649
16.244
16.342
16.7807
16.8052
16.6559
15.1116
15.6937
15.386
13.8071
16.4261
16.5877
14.8611
14.4309
15.5062
16.1273
16.3077
15.4692
16.4409
17.1771
18.7344
16.5211
16.5189
16.0104
17.2509
17.369
17.496
16.709
15.5258
16.4826
15.27
18.9203
16.6645
15.5311
17.7559
19.2658
18.9459
18.9779
14.2342
16.2634
18.3357
16.8867
22.8625
