0.190759
0.283084
0.246868
0.347555
0.485076
0.393679
0.453135
0.52109
0.637934
0.41
0.404293
0.314998
0.429792
0.414558
0.325581
0.409383
0.409092
0.425227
0.500725
0.484544
0.441022
0.588316
0.694934
0.5799
0.546223
0.485954
0.56926
0.54091
0.492738
0.497549
0.669144
0.700651
0.445178
0.524653
0.658833
0.611371
0.573099
0.580449
0.664976
0.596685
0.754741
0.672152
0.659626
0.538977
0.61624
0.635343
0.701156
0.976421
0.84635
0.708904
0.674422
0.808543
0.677953
0.678819
0.739648
0.762297
0.873992
0.837791
0.789131
0.842029
0.818897
0.701829
0.759183
0.944772
0.853802
0.759799
0.904161
1.00519
0.894613
1.03016
0.803318
1.05885
0.719912
0.59401
0.980835
0.725099
0.969696
1.05175
0.919759
1.05605
0.515403
0.96722
0.634775
0.630044
0.71458
0.455173
0.768021
0.789754
0.807189
0.775919
0.707385
1.17311
0.952187
0.960722
0.761955
0.588333
0.922478
0.681683
0.831798
0.765014
0.783828
0.608243
0.695575
0.827809
