0.601885
0.669661
0.613983
0.808154
0.75934
0.696413
0.667261
0.660034
0.96306
0.80346
0.656292
0.649953
0.593962
0.553524
0.543841
0.748362
0.722985
0.678307
0.658044
0.557713
0.594864
0.646695
0.739017
0.666505
0.774024
0.693361
0.758655
0.593774
0.713291
0.722257
0.655182
0.645096
0.679148
0.664247
0.623971
0.701943
0.734866
0.732226
0.627181
0.559631
0.59591
0.750475
0.898664
0.708561
0.697452
0.899168
0.855428
0.936687
1.00768
0.681966
0.650659
0.661802
0.810305
0.93868
0.96327
0.907127
0.704825
0.694546
0.822083
0.987224
1.04749
0.796293
0.812753
0.833312
0.717023
0.730598
0.669513
0.770853
0.6496
0.632203
0.656158
0.750752
0.788779
0.824659
1.04436
0.941064
0.947094
1.11135
1.52493
1.00012
1.06695
0.899731
1.06155
0.90966
0.776044
0.657388
0.727228
0.802713
0.740681
0.769245
0.626377
0.575211
1.02455
1.08096
1.14601
1.50157
1.18678
0.98719
0.89335
0.90967
0.975014
1.25719
1.29593
1.50817
1.20304
1.14444
1.06529
1.19515
0.954631
1.3053
0.914034
1.29309
1.70736
1.02252
1.43019
1.25146
1.14409
1.27625
1.66989
1.43779
1.26329
0.962551
0.953948
0.812625
0.899409
0.747941
0.631536
0.817689
1.00958
1.00271
0.922948
0.773042
0.622619
0.726764
1.47574
1.08278
0.767718
0.817671
0.872449
1.11665
0.826446
0.911994
0.701735
0.663959
0.753963
0.980996
0.80829
1.63485
1.17482
1.59218
1.10735
0.735276
0.762496
0.724336
0.755092
1.30825
1.22523
0.977471
0.821575
0.94816
1.02679
0.91365
0.753465
0.819969
0.897166
1.2528
1.23258
0.954994
0.892989
0.993331
1.02202
1.24937
1.2664
1.43298
1.01978
1.12381
0.983863
1.05749
0.950128
0.979363
1.07977
0.770337
0.937739
1.57113
1.06913
0.851765
1.28329
1.62328
1.63011
1.30752
0.907839
1.01167
0.945104
0.745697
1.07199
0.990924
1.6266
1.12149
1.14762
1.23157
1.0594
0.858544
1.10472
1.04807
1.02734
1.1824
1.2729
1.56875
1.87865
0.777143
1.17712
1.65953
2.10719
1.38187
1.17968
1.23762
1.20685
1.32875
1.37958
1.0049
1.04493
1.06566
1.12326
1.30451
1.86042
1.44648
1.11932
1.38749
1.82781
1.79848
1.30398
0.962907
0.738545
0.785133
0.984505
0.877511
1.02361
0.864904
0.899278
1.33822
1.8984
2.04725
1.65283
2.25332
1.93109
1.4677
1.24467
1.72915
1.39083
1.35683
1.30625
2.36173
2.18577
2.39255
2.60494
2.37764
0.817425
0.981628
1.19487
1.79045
1.59716
2.30522
2.75772
2.33726
1.9383
2.10294
1.20586
1.87873
3.43968
1.70342
1.26101
2.5557
1.87528
2.75592
1.84873
1.38251
2.34703
2.4783
3.65686
2.4697
3.06226
1.98872
1.23972
0.870446
1.84386
3.19239
2.14808
1.52096
2.75761
2.66986
3.20163
2.03282
1.38742
1.51101
2.07427
2.44347
2.29644
1.62411
2.26828
3.39917
3.16338
2.68669
2.38488
1.89586
3.05315
3.25524
2.74249
2.67267
3.03323
4.42946
1.94317
1.80552
2.79231
2.49895
2.75585
2.79072
2.37392
2.7691
3.67536
2.9442
3.18408
3.85629
3.25253
3.36069
2.64461
1.59309
2.60393
2.84875
3.176
3.09396
2.68398
3.57419
2.39006
1.39371
2.12264
1.82356
3.26151
2.29106
1.63025
