5.18736
5.28487
5.3127
5.22075
5.46878
5.25866
5.45097
5.36603
5.37275
5.22444
5.32852
5.34334
5.2875
5.3802
5.40248
5.41662
5.32823
5.46803
5.30743
5.46395
5.54149
5.53476
5.51179
5.52766
5.44977
5.5483
5.47657
5.12327
5.54141
5.54376
5.44024
5.42435
5.51292
5.4248
4.67497
4.10625
3.24826
2.28571
1.48872
1.06075
1.08377
2.3745
3.23339
4.3736
5.46359
5.96039
4.86062
2.24993
0.597784
0.736162
0.883611
1.03286
1.12754
1.19173
1.21934
1.27344
1.245
1.30096
1.33337
1.74713
0.949958
1.2392
1.51888
1.53084
1.85067
1.2658
1.76379
1.8479
1.66035
1.8171
1.84506
1.79744
1.41325
1.71064
1.94605
1.81392
2.29
1.68245
1.83628
1.40422
2.16117
2.15231
1.75568
1.963
2.22293
2.18797
1.82924
2.26653
2.17861
2.20801
2.06061
1.72017
2.20243
1.82838
2.33333
1.79641
2.00037
2.05844
1.9696
2.32671
2.89287
2.53188
1.7573
1.93124
2.26002
2.16282
1.92648
2.60415
2.27399
2.32058
1.57383
2.08903
2.73285
2.07477
2.0844
2.44959
1.94636
1.80325
2.51055
2.08497
2.37821
2.04417
2.17615
1.96383
2.53671
2.49748
2.25309
2.27739
2.19867
2.29125
2.31136
2.60967
2.44818
2.30012
2.28744
2.46749
2.63017
2.38806
2.47364
2.77831
2.55684
2.58904
2.28859
2.40341
2.61962
3.04859
2.74838
2.98251
3.3893
2.79674
3.16021
2.92027
2.65822
2.99224
2.77352
2.90412
2.81123
2.60579
2.86157
2.72115
2.94241
3.16778
2.7965
2.84621
3.35044
2.89984
2.74463
3.32593
3.41369
3.45584
3.36326
2.82555
3.21359
3.58457
3.55003
3.693
3.313
3.23025
3.61432
3.2382
3.43533
3.20628
3.39234
3.92133
3.83928
3.23677
3.25184
4.28316
4.09385
3.98129
3.81865
4.39413
4.33693
4.46333
4.56317
4.14803
4.18061
4.64916
4.93491
4.54287
4.78114
4.5911
4.98389
4.97395
4.72203
5.53769
4.84047
4.41829
5.75707
4.96126
5.22323
5.1175
5.18783
5.76653
5.41643
5.05645
4.44099
4.99421
5.24797
5.67537
5.43905
5.56841
5.84241
5.7178
5.62
5.43452
5.99122
6.08167
4.92093
6.25737
5.86128
7.24574
6.20246
6.09526
5.57194
5.53522
4.95046
5.73185
4.29081
4.86257
5.41308
5.68033
8.43577
9.47212
3.47121
2.23095
2.18995
1.40523
1.77926
2.11578
2.31964
1.92002
4.97553
3.81037
9.11595
10.8909
10.9037
4.30364
2.56284
2.03664
2.33462
1.83215
