0.660647
0.846778
0.675726
1.00904
1.35194
1.35804
1.78281
0.731016
0.723139
1.37652
0.917335
1.07915
0.913851
1.12921
0.80654
0.771016
1.28469
0.886098
0.922425
1.42417
1.65939
0.97687
0.85153
0.92427
0.799742
0.621232
0.615038
0.753359
0.806508
0.866946
0.949751
1.41483
1.2667
1.6355
1.52865
0.832623
0.638899
0.507341
0.511952
0.568225
0.517403
0.507794
0.487834
0.472067
0.428753
0.413778
0.407981
0.600775
0.903153
0.673501
0.445541
0.448633
0.64547
0.579638
0.576283
0.742441
0.702068
0.703763
0.629579
0.616216
0.63836
0.55946
0.623585
0.542395
0.533184
0.51261
0.629553
0.585955
0.570603
0.520627
0.521642
0.506141
0.654422
0.814545
0.794204
0.821259
0.711414
0.692557
0.56732
0.621985
0.601622
0.744867
0.736684
0.692452
0.719942
0.633469
0.604944
0.608797
0.545125
0.526228
0.545334
0.585972
0.645414
0.663063
0.595543
0.612464
0.590932
0.676889
0.640435
0.617742
0.574594
0.677933
0.710472
0.67215
0.686017
0.581998
0.695451
0.75647
0.811745
0.673224
0.819608
0.743997
0.761955
0.786065
0.778372
0.646715
0.678192
0.591309
0.731522
0.61175
0.681973
0.703721
0.56685
0.681171
0.818497
0.632923
0.556365
0.530953
0.691319
0.856366
1.02019
1.15034
1.01583
0.825068
0.624323
0.67335
0.625866
0.601591
0.711371
0.619471
0.646713
0.622872
0.865674
0.794205
0.784026
0.698018
0.704495
0.667366
0.646237
0.658445
0.800428
0.7482
0.78895
0.647566
0.634769
0.624477
0.67454
0.793209
0.757397
0.823734
1.03536
0.942949
0.816088
0.708516
0.595967
0.517596
0.583616
0.67668
0.639998
0.773585
0.829954
0.671574
0.730039
0.562812
0.518709
0.568494
0.729237
0.568374
1.04891
0.650726
0.760898
0.7352
1.02919
0.676184
0.646372
0.726318
0.875432
1.04392
1.0916
1.43689
1.30489
1.04269
1.28091
1.41366
1.44666
1.47354
1.32294
1.4953
1.24322
1.0277
0.847484
0.983187
0.734148
0.763038
0.881647
0.931793
0.656336
0.835844
0.97425
0.806408
0.552461
0.563468
0.623906
0.765263
0.711316
0.518925
0.573444
0.735272
0.721453
0.697339
0.722655
0.937012
0.787174
0.76406
0.738797
0.683786
0.768943
0.915226
1.06662
0.795372
0.600339
0.725228
0.647206
0.809238
0.735619
0.599496
0.718607
0.746521
0.968298
0.597782
0.573955
0.816018
0.930306
0.803302
1.03215
1.03108
1.01435
0.768362
0.719982
1.05936
1.00942
1.09582
0.939443
0.938957
1.05432
1.01613
1.16128
1.10451
1.01674
1.0125
1.08688
0.978277
1.08711
0.880355
1.03377
1.04317
0.864085
0.598745
0.605631
0.584924
0.861268
0.814445
1.1862
0.670351
0.975861
0.972767
1.02295
1.00658
0.894204
0.951223
0.906473
0.591818
0.725358
0.725503
0.98776
1.0138
0.818045
0.854627
0.786021
0.755212
0.660637
1.01103
1.00096
1.1162
1.18796
0.818417
0.888628
1.05694
1.39896
1.43367
1.49089
1.29833
1.65849
1.74992
1.76519
1.64229
1.69212
1.09029
1.34904
1.46657
1.61138
1.86195
1.76693
1.13426
1.33012
1.27785
1.18204
1.14366
1.44611
1.23135
1.39291
1.36479
1.62248
1.24864
1.56014
1.6492
1.61326
1.53108
1.83946
1.41073
1.58023
1.77428
1.03888
0.855554
1.1461
1.22081
1.03375
1.08582
1.02114
0.964033
0.854513
1.29639
1.34543
1.10164
1.17447
0.879725
1.20122
1.65985
2.01004
1.53016
1.36465
1.35506
0.910735
1.2584
1.50568
1.59173
1.67994
2.20172
2.14786
1.57728
1.78723
1.47778
0.949748
0.845448
0.714292
1.07398
1.14734
1.39978
1.33349
1.35204
1.72669
1.25185
1.00457
0.789458
1.02185
1.08316
1.00807
1.15202
1.49267
1.36866
1.07469
2.05168
1.67951
1.39716
1.09804
0.96358
1.2658
1.22945
1.9989
1.29943
2.11972
1.63888
1.81403
1.05643
1.62756
1.2132
1.52357
1.05799
1.07968
0.726843
0.917982
1.03676
1.0198
1.52617
1.31887
1.34745
1.28713
1.93015
1.53377
1.3296
1.37752
1.13464
1.53097
1.72419
2.03564
1.70524
2.22871
2.10836
1.73084
2.20023
2.19524
2.28669
2.54476
2.36083
2.14371
2.57122
2.4676
2.1199
2.56503
2.0238
2.52659
2.69371
2.56537
2.56193
2.8882
2.81476
2.86699
2.81856
2.34733
1.90595
1.87454
2.05426
2.42422
2.18324
2.33846
2.85308
2.67599
2.71381
2.6236
2.7628
2.90859
2.94392
2.90615
2.95169
3.00827
3.40762
2.88993
3.07665
2.79779
3.35253
3.87753
2.21725
1.57418
1.70284
1.48073
1.53341
2.03028
1.91833
1.43813
1.04673
2.13822
2.19542
1.71236
1.76777
1.41722
1.57278
1.44696
1.27062
1.22144
1.80076
1.47898
1.89326
1.19935
2.20789
1.80033
2.29514
2.35924
2.94604
3.2545
2.37769
2.56275
2.52796
2.83987
2.10272
2.68559
1.88354
2.11614
2.26557
1.8654
2.27637
2.25796
2.4271
2.27035
2.31734
2.21014
2.59069
2.3638
2.11036
2.73587
2.20499
3.55914
1.86763
2.51153
2.39125
1.9111
2.14137
2.34991
2.17727
2.49448
3.18282
2.05304
1.10677
1.21302
1.40179
2.31211
2.96245
2.12002
1.38546
0.988588
1.19718
2.28238
3.26439
2.10317
2.26977
2.05674
2.23818
2.23789
2.7412
2.31326
1.94894
1.86417
2.39805
2.17006
2.18789
2.66659
2.07087
2.09226
1.92523
2.07167
2.25544
2.33279
2.14428
2.18929
2.1253
2.54599
2.42082
2.69269
2.89967
2.34501
2.09462
2.59041
2.73575
2.24993
1.5339
2.53997
2.17433
3.02471
3.68244
2.73786
2.86408
1.88217
2.91699
2.82418
2.9899
2.93319
2.52256
2.10599
1.98695
2.06715
2.6289
2.50773
2.08093
2.30567
3.45766
2.99171
2.25686
3.61069
2.15644
