2.81602
2.04928
2.00672
2.01042
2.2144
1.60202
1.61582
1.59493
1.94511
1.90377
2.32345
2.32333
3.42591
3.41648
4.26652
4.45777
4.27176
4.68595
4.12606
3.66816
4.40436
4.69692
4.56277
4.99298
4.67749
4.25214
4.63854
4.87312
4.08833
4.82902
4.19315
4.58759
3.88493
4.51071
3.6764
3.75402
3.95889
3.63248
3.81258
3.74042
4.17305
3.87847
3.25428
1.68699
1.34579
1.32406
1.26335
1.34428
1.48856
3.08267
2.50849
2.12623
3.84137
2.88061
2.66759
2.39937
2.31427
2.94438
2.6781
2.68311
3.15103
2.69568
2.95984
2.69338
2.56212
2.54794
2.10637
2.29441
2.32595
2.57374
2.3387
2.53398
2.57993
2.28793
2.52008
2.43868
2.34914
2.85294
2.34563
2.3556
2.42777
2.41439
2.54515
2.50336
2.75697
2.66902
2.14218
2.32449
2.81255
2.47109
2.14499
2.72753
2.23161
2.49803
2.50565
2.13403
2.27172
2.02913
2.2405
2.29735
2.22661
2.10683
2.20233
1.84895
1.96668
2.08506
2.07647
2.10607
2.27708
2.48836
2.17954
2.22434
2.1426
2.10879
2.05553
2.12023
2.13485
2.05681
1.89876
2.08602
2.1606
1.96054
2.00761
2.00636
1.96604
2.04509
1.99727
1.96325
1.95873
2.20013
1.89233
1.85692
2.13181
1.93457
1.96377
2.00115
1.5978
2.01647
1.95179
2.05962
2.07131
1.84682
1.9918
1.81669
1.92436
1.69542
2.05928
2.04871
1.9871
1.93776
1.76261
1.83385
1.68376
1.79344
1.80149
1.92468
1.82877
1.97145
1.82815
1.85078
1.99957
2.05554
1.77584
1.92541
1.79237
1.68909
1.64125
1.81782
1.74871
1.7058
1.53778
1.81926
1.70916
1.82189
1.82688
1.52089
1.79834
1.81972
1.65913
1.59945
1.7003
1.67769
1.60524
1.57755
1.63809
1.60582
1.69843
1.7765
1.59931
1.60818
1.58516
1.73235
1.63826
1.68637
1.40317
1.7313
1.6515
1.76973
1.61111
1.5492
1.63785
1.41137
1.43425
1.57853
1.4497
1.52287
1.6704
1.4692
1.55017
1.40276
1.46921
1.60197
1.40923
1.48034
1.38632
1.5637
1.43701
1.40081
1.51839
1.28358
1.54178
1.27752
1.50225
1.37267
1.34002
1.55651
1.53483
1.42805
1.44184
1.41393
1.52481
1.5428
1.36707
1.45818
1.41073
1.46575
1.41675
1.34319
1.37652
1.40186
1.33037
1.33357
1.40357
1.41725
1.33528
1.39886
1.42545
1.31069
1.33448
1.43923
1.46297
1.46521
1.35548
1.38406
1.25631
1.41035
1.38031
1.43769
1.30946
1.27107
1.49048
1.31862
1.30055
1.32768
1.45352
1.28612
1.34259
1.19406
1.31204
1.26566
1.31682
1.19507
1.24923
1.32059
1.33098
1.28879
1.30453
1.3034
1.22858
1.33606
1.27039
1.24449
1.25391
1.2804
1.22564
1.23752
1.21255
1.28988
1.16494
1.22578
1.17908
1.21161
1.11163
1.19975
1.15355
1.20817
1.18995
1.12233
1.11371
1.15541
1.14871
1.15158
1.14185
1.22599
1.11544
1.13014
1.10293
1.11989
1.06537
1.15128
1.1409
1.13354
1.11507
1.13239
1.0808
1.0919
1.10247
1.12584
1.10237
1.11918
1.10239
1.05381
1.12512
1.09591
1.06762
1.20257
1.00944
0.990489
1.22349
1.04673
1.17404
0.986428
1.03789
1.0157
1.05546
1.05292
1.10308
0.909044
1.07381
1.04149
0.987702
1.04374
0.926459
0.948684
1.03946
1.06631
1.00644
1.01528
0.942239
1.04349
1.03078
1.07689
1.01643
0.999451
1.03673
1.0784
1.01831
0.98623
0.987416
0.971645
1.01545
0.998142
0.973694
1.0446
0.885735
1.04522
0.996417
0.998665
1.00669
1.06434
0.958945
1.00783
0.954484
0.941852
1.00974
1.02546
0.962104
0.940417
0.871097
0.973094
0.988904
0.899659
0.94493
0.99032
0.901404
0.859865
0.966675
0.878913
0.909344
0.911451
0.95579
0.844065
0.803069
0.830053
0.870172
0.798012
0.935757
0.850971
0.853294
0.805868
0.822368
0.845276
0.827197
0.818315
0.865503
0.927994
0.898025
0.862871
0.893395
0.863795
0.833164
0.94662
0.776756
0.859106
0.780579
0.840573
0.845357
0.778072
0.85169
0.894955
0.878074
0.831656
0.836329
0.856822
0.805109
0.802687
0.812015
0.871048
0.765795
0.827764
0.789215
0.802307
0.819827
0.799691
0.771601
0.765202
0.756958
0.775117
0.809179
0.823384
0.816657
0.769342
0.765974
0.78346
0.727883
0.729057
0.714315
0.757117
0.740498
0.730973
0.680544
0.763178
0.754292
0.680984
0.675219
0.695339
0.718635
0.65422
0.612462
0.667311
0.682305
0.665497
0.745758
0.707807
0.708376
0.740854
0.690472
0.676916
0.672398
0.668683
0.666253
0.678126
0.689558
0.71351
0.612955
0.688834
0.708695
0.72025
0.708104
0.729884
0.623693
0.694998
0.673077
0.724134
0.689866
0.624207
0.704885
0.642876
0.608645
0.763265
0.639146
0.703556
0.622334
0.616597
0.701749
0.620033
0.63554
0.657542
0.697396
0.680002
0.632045
0.677068
0.625324
0.592629
0.672461
0.640013
0.649025
0.690443
0.608817
0.649258
0.639917
0.703506
0.615144
0.638762
0.628515
0.629124
0.673971
0.615389
0.586228
0.615721
0.604551
0.596972
0.650275
0.633551
0.668583
0.667008
0.645059
0.592222
0.569516
0.602632
0.569115
0.605049
0.575751
0.625263
0.573807
0.62844
0.608078
0.615957
0.594048
0.634293
0.534865
0.565532
0.574488
0.553502
0.538056
0.588501
0.567968
0.55324
0.581066
0.575732
0.566015
0.519351
0.550013
0.535254
0.523422
0.532713
0.555582
0.573864
0.576999
0.511956
0.513601
0.616888
0.547386
0.538186
0.574119
0.532543
0.606713
0.576537
0.632953
0.564346
0.524367
0.56024
0.585454
0.519784
0.5464
0.528522
0.514152
0.55288
0.529717
0.533674
0.553397
0.550005
0.53049
0.537154
0.57595
0.542013
0.571809
0.558198
0.550121
0.591564
0.538415
0.560092
0.546557
0.555175
0.601325
0.565821
0.540711
0.540376
0.543112
0.553338
0.545542
0.545474
0.525922
0.547077
0.539209
0.524375
0.505829
0.529864
0.551293
0.541745
0.496835
0.55109
0.554798
0.559144
0.514671
0.522615
0.527001
0.564226
0.528543
0.551628
0.524981
0.526167
0.501427
0.515137
0.496497
0.550604
0.553957
0.537133
0.501821
0.508062
0.510327
0.522091
0.52172
0.516967
0.543035
0.547331
0.571703
0.492497
0.522158
0.48842
0.517787
0.520087
0.510445
0.511724
0.490566
0.519505
0.533262
0.560046
0.525408
0.507529
0.488171
0.517025
0.532286
0.548619
0.45782
0.491802
0.499705
0.496698
0.543407
0.495129
0.487593
0.492834
0.531166
0.516176
0.539334
0.518311
0.487372
0.524717
0.527487
0.527744
0.507316
0.448198
0.510984
0.526118
0.538823
0.503455
0.527488
0.547708
0.532803
0.512757
0.53571
0.534281
0.507195
0.514038
0.5083
0.545735
0.53263
0.49918
0.50392
0.502807
0.513619
0.532571
0.489756
0.517939
0.483956
0.521943
0.519854
0.537749
0.513246
0.48647
0.480609
0.504858
0.48604
0.490413
0.496516
0.494579
0.521384
0.504048
0.54536
0.518877
0.530817
0.53124
0.53574
0.49212
0.5097
0.501053
0.506279
0.527238
0.530234
0.494805
0.526912
0.529404
0.472585
0.473639
0.518019
0.497463
0.541781
0.509829
0.488487
0.512187
0.492966
