1.44636
1.39309
1.12804
1.4275
1.30653
1.11237
1.70354
1.34692
1.62357
1.53658
1.28136
1.36994
1.58511
1.66704
1.5473
1.5209
1.38583
1.69099
1.75354
2.01302
1.68532
1.97066
2.22323
2.05693
2.21852
2.52172
2.28262
2.41022
2.45722
2.28196
2.21547
2.35085
2.07477
2.20077
2.27066
2.56506
2.58082
2.46506
2.67927
2.67296
3.02528
3.10456
3.06649
2.94678
3.52956
2.99899
3.26161
3.18367
3.03542
3.01796
3.1822
3.16996
3.25123
3.23763
3.30072
3.54545
3.12227
3.46963
3.70364
3.39245
3.49636
3.63157
3.55687
3.36759
3.75761
3.75318
3.82422
3.89414
4.08534
3.83024
3.87324
3.73973
3.58794
3.70208
4.54039
3.65821
4.03063
3.48698
3.49007
3.226
3.13884
3.33832
3.94891
3.90932
3.78089
3.88666
4.51723
3.80187
3.47754
3.74863
3.89179
3.92313
3.96204
3.67103
4.22173
4.90665
5.23293
4.36798
4.27086
4.61497
5.38957
4.87631
4.42804
4.56247
4.73676
5.11859
5.04846
4.55712
4.56865
5.01104
4.7617
4.08314
4.16138
5.56559
5.06596
5.58303
4.82512
4.40304
4.58731
4.61122
4.59979
4.61372
4.39109
4.27265
4.92232
4.55831
4.58431
4.51682
4.67242
4.98162
4.85527
4.68929
4.54261
5.32308
5.06657
5.05954
5.44261
5.0457
4.87651
4.58648
4.34073
4.56585
5.84118
5.00842
5.27562
5.65202
5.69016
6.29911
5.83894
5.14963
5.37507
6.66921
5.85308
5.3739
5.09241
5.15601
5.29425
5.26166
5.48234
5.5661
5.48519
5.74165
5.92341
5.79324
5.8995
5.31887
4.77271
5.64344
5.80908
5.56834
4.75684
5.56783
5.78757
5.00202
5.26794
5.85093
5.9346
5.7037
5.53017
4.97424
4.91573
5.19963
4.92765
5.21438
4.93141
4.58892
5.65689
5.20295
6.17594
5.92554
5.85827
6.09677
6.51539
6.45496
5.85917
5.85867
6.49489
6.31254
5.67897
6.00207
6.42166
6.62009
6.26927
5.82711
5.71387
5.50542
5.77446
5.98025
5.15493
5.90426
5.91668
6.14639
6.64912
6.32509
6.63417
6.63749
6.76867
6.67855
6.53036
6.72694
6.65026
6.41514
6.38327
7.26367
6.10064
6.74225
7.75191
7.74262
7.20763
6.67368
7.12261
6.83098
7.92678
8.53148
8.35532
7.38339
7.50697
7.70994
6.93296
7.11844
7.41879
7.86962
6.69904
6.74163
7.48052
7.6375
6.75628
6.68604
6.97918
6.46197
6.82729
7.46004
6.79191
7.08815
7.64142
7.9296
7.54872
7.24788
7.0397
7.59386
7.90239
7.21546
7.27013
7.50434
9.00399
8.41238
8.01506
7.27235
7.28111
7.84404
7.45771
7.28142
8.21898
8.74463
8.44078
8.14401
9.13862
8.00081
8.30291
8.40726
7.09214
6.91349
7.66367
7.83891
7.4565
8.24635
9.81783
9.76897
8.61514
8.05769
7.5475
7.65249
7.28494
6.72902
7.44592
8.73921
8.38425
8.36992
9.4072
8.69274
8.32854
7.84134
8.86365
9.64717
9.51546
8.80879
8.19138
8.44023
8.37584
8.53084
7.12396
6.95885
6.53347
6.57363
7.78061
7.29893
8.93975
10.1533
10.9129
9.37373
8.22347
8.35289
8.08877
7.75042
8.77935
9.10727
8.6691
8.68265
9.20848
9.60489
9.86656
8.96137
9.17216
8.82063
9.02676
9.94577
8.65708
9.14963
8.24371
8.48975
7.92634
8.56946
9.14079
9.81678
9.60628
8.46642
8.41197
9.74634
8.97675
8.02249
8.84125
8.25588
8.83936
9.24301
8.23747
9.41094
8.827
9.16571
9.91224
11.358
10.8205
9.21465
9.08958
9.45115
8.74778
8.93143
10.3907
10.3053
9.84612
8.61135
10.1821
11.9174
9.76601
9.83899
10.0366
11.0158
9.02433
10.9213
11.2457
11.1647
11.9662
9.59709
8.37922
8.97802
10.6361
9.923
10.1536
11.2704
11.0388
9.91243
9.40674
9.30763
9.25021
9.56978
9.60923
9.14755
8.76627
8.42727
8.7454
8.11256
8.69642
10.3531
11.3431
10.7929
10.8471
10.4657
9.10087
9.89808
10.5237
10.3134
10.2652
9.91266
11.5526
11.4484
10.8325
10.6215
10.4449
10.8245
12.1351
12.3516
12.5138
10.5121
10.2677
11.7668
12.92
12.092
11.4657
11.192
10.6576
10.9166
10.8005
11.8992
11.5747
11.5473
10.9843
10.9292
12.9208
13.1253
12.4634
12.085
11.5245
11.4317
11.4365
12.2467
12.9929
13.9262
12.805
12.2243
10.5077
8.94941
8.80631
10.3746
9.38795
10.1514
11.2556
11.0023
10.0759
10.748
10.0068
9.21005
9.03812
7.66246
6.72889
7.37081
7.33126
7.80743
8.20412
8.41368
8.81995
8.75888
9.56835
9.86509
8.94053
8.89357
8.32082
8.67984
8.59012
8.33388
8.90061
8.44029
9.1683
8.26192
9.09718
8.60451
9.01219
9.34242
10.0927
9.95854
12.0051
11.0811
13.8555
13.5012
14.3245
12.7111
13.2485
15.4628
15.2064
16.4521
16.311
17.6891
15.9258
15.2128
14.3014
13.7074
16.0021
18.9813
15.6493
15.4778
17.9636
14.9658
23.4355
16.2508
21.2265
19.4498
18.4086
20.195
20.2776
22.0396
16.572
19.711
22.6981
21.7892
