8.158630
9.801340
22.118300
20.752500
23.075300
22.667700
24.456300
23.943000
24.684200
24.192900
23.163600
24.226400
24.535200
25.575200
24.278100
26.631900
26.903600
28.273900
27.461600
27.958400
31.515400
28.403100
11.438500
8.656450
10.495900
15.218400
29.955300
29.104200
24.343700
33.391000
31.937100
33.083400
29.053500
32.876700
33.093600
29.939100
29.513800
29.779700
30.985700
27.381300
27.338000
29.229500
28.337500
27.370000
26.957700
26.275800
28.499800
28.260000
28.569900
30.513100
28.499400
31.287200
30.574200
30.097900
26.757500
29.173100
29.066400
28.093200
28.585800
29.301600
29.368900
27.849600
27.029500
27.161200
27.519800
24.589500
25.937900
23.510000
26.342700
25.109000
26.623700
26.170900
28.933400
26.303000
23.976900
21.980600
22.303000
19.841400
21.920000
22.735300
25.047200
22.401400
20.584200
23.929600
22.371500
20.236800
19.622600
19.160700
20.172800
20.493500
20.727600
21.425300
20.290900
19.192800
19.389900
18.752500
20.243100
19.780900
19.200400
20.287400
20.102700
19.802700
18.997300
20.007700
21.144200
19.608400
19.755600
19.926300
20.023500
20.033200
18.726700
19.915500
19.541700
19.839100
20.261100
19.077000
19.623200
20.535800
19.525800
19.223200
18.662200
19.782000
19.675000
18.724500
18.612800
18.296500
19.331000
18.345000
16.970000
18.189400
17.759800
17.292600
18.679600
17.624700
18.920700
17.787600
18.385200
17.587400
17.831100
17.594100
18.159100
17.761100
18.123600
17.965900
17.864300
16.547100
17.493600
17.302100
17.933200
17.040700
18.124800
16.414700
18.131900
17.058100
17.263200
16.849600
18.835900
18.319500
19.120300
18.992200
17.490400
19.197900
18.689400
18.269300
18.861100
20.827900
19.313400
18.725200
19.345500
19.763000
19.084800
18.198600
19.925300
18.261800
17.748200
18.237500
18.104300
18.961600
19.049600
18.691700
19.270400
18.426300
18.729500
20.093800
17.699200
19.404800
19.000900
18.236900
18.085600
18.516100
18.510200
18.476300
19.232700
17.624600
17.803200
17.441200
17.284900
15.827600
16.416300
17.438200
17.313400
15.605100
16.707800
16.360900
14.657100
16.374400
17.158900
17.317300
16.666000
15.093000
15.246600
15.555000
14.741200
15.136100
14.800600
15.255300
15.726000
17.127100
16.636100
17.205400
18.109100
17.959300
16.798400
17.308700
16.002100
17.523900
16.108100
17.398600
17.237200
16.804000
16.734600
17.998200
15.934900
16.008500
14.929600
15.995000
15.483300
16.187900
15.541900
15.452700
15.387700
15.461300
15.876900
15.473400
13.631800
13.033300
14.757400
12.856300
13.151400
12.499900
13.429500
13.870500
14.126300
16.550500
17.080400
17.067500
17.220200
18.852900
18.764100
17.880600
17.825200
19.563500
17.407000
16.487100
17.314600
17.719700
16.450000
15.806700
16.004800
16.338700
15.724100
17.536100
18.532900
16.552600
18.232500
16.936700
17.232800
16.213600
16.242600
15.856500
14.500700
15.379600
16.550500
16.246700
15.657100
16.832800
16.913100
18.688400
14.571200
15.851400
15.614000
15.458400
15.696700
14.257000
15.387300
16.907900
13.631700
15.455400
13.493300
12.569600
15.933200
16.285700
16.930200
13.503800
14.556600
14.133300
15.561300
12.381200
15.064100
14.982700
14.000000
13.472200
16.072400
13.117400
13.541700
15.699600
14.738400
15.362500
12.354000
12.725400
12.217900
11.638800
13.858500
13.312000
12.334300
17.509500
13.816000
12.071900
12.875300
12.595400
12.974000
9.904320
12.347900
11.472300
9.067580
11.527000
11.989000
9.283360
9.998090
11.623000
10.542300
11.381400
10.355500
12.098600
10.939900
10.108100
10.339600
9.644590
11.286900
9.622930
10.691300
10.122200
9.393180
10.361900
11.819000
8.673690
12.026300
10.040400
9.258670
11.468800
13.930900
8.598100
8.711290
10.931100
8.575630
8.243440
7.812870
10.241300
10.763100
8.279980
9.190470
10.140900
8.677260
6.063630
8.335740
7.037560
7.561670
8.651330
6.381800
7.021580
7.428120
8.484220
7.150940
8.147280
6.087060
6.668010
6.011860
5.559510
7.455120
5.494420
5.933870
6.884080
6.304940
6.551380
6.418420
6.797460
6.695460
7.217700
5.476590
5.009530
5.985070
6.155380
6.352550
5.546490
6.628680
6.626340
5.239360
5.510310
5.900440
5.190100
6.223590
6.093540
5.610280
5.529900
5.213370
5.146040
4.903270
6.330070
5.094210
5.523480
4.621520
5.170610
4.568860
5.137700
5.024290
4.428480
3.817470
4.849720
5.047470
4.373000
4.002420
4.033710
3.886020
3.844810
3.724120
3.726400
3.824290
3.926570
3.976000
3.367800
4.022780
3.960270
3.497470
3.814110
3.344320
3.190420
3.747200
3.246480
3.360900
3.302370
3.529250
3.354330
3.651980
3.335740
2.922370
2.782100
3.033440
2.897010
3.159230
3.359930
2.995930
3.041050
2.933920
2.968390
3.110520
2.662080
2.870720
2.652780
2.583140
2.668320
2.970900
2.692730
2.559140
2.771880
2.440470
2.682000
2.714100
2.911250
2.776050
2.549890
2.628580
