0.115634
0.127113
0.138196
0.14603
0.184424
0.185809
0.183321
0.244118
0.289916
0.256192
0.271422
0.263355
0.276995
0.323645
0.345601
0.34243
0.289754
0.402828
0.404985
0.395663
0.485048
0.560223
0.460705
0.565853
0.639948
0.52421
0.592019
0.537236
0.654219
0.707292
0.792951
0.801109
0.746331
0.732423
0.580852
0.65016
0.804805
0.950608
0.933905
0.910154
0.73565
0.853321
1.05179
1.03073
0.989623
1.04066
0.900132
0.920439
0.918708
1.01716
0.997145
1.14579
1.08935
1.26861
0.927527
1.01679
1.08117
1.1114
1.35132
1.2636
1.10687
0.968262
1.17087
1.24449
1.33928
1.4146
1.318
1.16591
1.29425
1.05489
1.22385
1.53711
1.69189
1.47041
1.44078
1.20072
1.69285
1.70208
1.66743
1.50691
1.51457
1.80907
1.38624
1.76606
1.78929
1.61363
1.44523
1.32311
1.65304
1.49729
1.46561
1.20653
1.62376
1.72627
1.47844
1.5091
1.64085
1.68529
1.56612
1.44917
1.67931
1.59797
1.86648
1.60991
1.97992
1.39478
1.50692
1.7565
1.78056
1.825
1.8143
1.74141
1.52807
2.34522
1.82139
1.9023
1.54429
2.00869
1.53811
1.83058
1.75994
1.66337
1.76503
2.27596
1.56261
1.76411
1.69602
1.72442
1.66287
2.33903
1.53568
1.68311
1.49824
1.96196
1.28139
2.22531
1.291
1.71701
1.64363
1.98435
2.23753
2.22696
2.22499
