1.58305
1.49641
1.32913
1.38215
1.35217
1.24345
1.30534
1.24514
1.16186
1.16032
1.07436
1.13115
1.14737
1.31883
2.6838
2.34202
2.40771
2.49658
2.54335
2.50765
2.70884
2.79629
2.83695
2.98931
2.78323
2.76586
2.78926
2.8798
2.51752
2.57462
2.51752
2.68459
2.44686
2.45438
2.6653
2.44718
2.40888
2.49805
2.49396
2.3475
2.22712
2.29357
2.46917
2.32348
2.05924
2.15382
2.08687
2.04795
1.82769
2.01569
1.84427
2.06222
1.67029
1.91029
1.77599
1.94086
2.08704
1.93872
2.02616
2.01374
2.168
2.34236
2.07901
2.26596
2.19207
2.29951
2.52631
2.68516
2.60461
2.89091
2.75275
2.7608
2.87315
2.84902
2.29776
2.36456
2.27316
2.93579
3.13153
2.91014
2.73569
1.89168
2.25781
2.49137
2.25305
2.23156
2.10625
2.29673
2.22713
2.35764
2.25048
2.5236
2.19345
2.79405
2.34546
2.25645
1.73027
2.09942
1.81025
1.87054
1.72955
1.57825
1.6738
1.85602
1.76023
1.88103
1.6922
1.5961
1.58452
1.64619
1.37825
1.38298
1.34407
1.48306
1.55319
1.64609
1.45719
1.48716
1.44299
1.61235
1.64603
1.49837
1.39612
1.55902
1.45556
1.52525
1.76342
1.87271
1.73864
1.64878
1.41184
1.52398
1.43027
1.65315
1.7815
1.98613
1.96689
1.91666
2.2187
1.99315
1.40564
1.42148
1.59284
1.60757
1.49916
1.25837
1.50757
1.65925
1.53409
1.6361
1.8868
1.82462
1.40967
1.62644
1.53285
1.29993
1.39102
1.4023
1.58789
1.78289
1.41019
1.41972
1.41808
1.45253
1.58845
1.44091
1.69825
1.59858
1.34952
1.4446
1.51121
1.47346
1.2205
1.17136
1.27786
1.51211
1.62075
1.53809
1.32782
1.2621
1.14615
1.08447
1.23271
0.952174
0.818919
1.0493
1.10891
1.01873
1.16505
1.27748
1.13054
1.15779
1.33435
1.2939
1.24599
1.60786
1.26389
1.17869
1.30245
1.336
1.3946
1.41476
1.27769
1.21939
1.30021
1.39477
1.24927
1.22886
1.17184
0.983705
1.28206
1.50312
1.00977
1.33209
1.66104
0.967348
0.77537
1.29265
1.54016
1.06049
1.12501
1.30514
1.30362
1.36047
1.16502
0.96706
1.12852
0.939516
0.861248
1.28843
1.23608
0.832702
1.0747
0.756525
0.86037
0.883364
0.769061
0.865106
1.19878
1.21533
1.39404
1.2363
1.12742
0.824442
0.808223
0.977028
0.840502
0.956568
0.907432
0.999124
0.990984
0.980988
0.846279
0.928248
0.867818
0.971743
1.30148
1.1956
1.19497
0.932365
0.873326
0.935705
1.07835
1.19951
1.0992
1.00028
1.01531
1.00692
1.04311
1.18797
1.26384
1.27923
1.19992
1.07296
1.13902
1.05762
1.099
0.958294
0.698237
0.821573
1.04147
1.0321
0.837331
0.723718
0.958312
1.0223
1.08062
0.849074
0.701842
0.766555
0.767046
0.790867
0.625949
0.763325
0.922365
0.605636
0.770916
0.932653
1.00628
0.740133
0.613137
0.784878
0.769883
0.623682
0.643979
0.808279
0.79564
0.852955
0.719549
0.804814
0.82541
0.72317
0.765161
0.794623
0.790063
0.659769
0.80224
0.843802
0.758206
0.540281
0.508818
0.717963
0.70471
0.987613
0.825745
0.830812
1.04901
0.681999
0.702312
0.659964
0.80752
0.903465
0.70415
0.546846
0.70602
0.720231
0.700239
0.630268
0.682308
0.783905
0.83885
0.730515
0.962826
0.557933
0.580896
0.578971
0.656164
0.707734
0.724153
0.641029
0.608894
0.69414
0.559142
0.744449
0.836162
0.923757
0.942409
0.833722
0.692379
0.653042
0.586653
0.603817
0.595073
0.638328
0.592025
0.80206
0.672675
0.463154
0.738023
0.788734
0.834804
0.723051
0.751021
0.82789
0.744367
0.769681
0.54039
0.585236
0.649461
0.591052
0.606688
0.67232
0.591379
0.57608
0.557082
0.49034
0.599739
0.710899
0.583973
0.631518
0.815155
0.862657
0.591605
0.631945
0.68782
0.447549
0.522228
0.53788
0.617173
0.667056
0.733109
0.492171
0.548529
0.668382
0.682518
0.680845
0.573795
0.517027
0.69239
0.526913
0.517065
0.501632
0.614263
0.494272
0.487268
0.522027
0.530565
0.62824
0.524894
0.615205
0.535732
0.550795
0.581159
0.727732
0.669624
0.611652
0.475552
0.491873
0.751803
0.643458
0.53836
0.533281
0.481974
0.741593
0.600144
0.648174
0.538822
0.560171
0.56803
0.670872
0.578203
0.50632
0.718185
0.652629
0.56654
0.559422
0.454645
0.416728
0.634036
0.572261
0.639262
0.537459
0.530917
0.525623
0.550541
0.410955
0.455445
0.607006
0.742519
0.635745
0.529315
0.555215
0.639745
0.548117
0.445769
0.564072
0.677793
0.530162
0.509403
0.600435
0.651125
0.592822
0.453493
0.56381
0.585354
0.604576
0.533558
0.617989
0.627792
0.538482
0.507093
0.653266
0.736056
0.593382
0.657661
0.605762
0.429338
0.416282
0.417017
0.392156
0.749424
0.885706
0.639171
0.53178
0.412373
0.446942
0.414417
0.412874
0.394281
0.486565
0.455272
0.402662
0.522665
0.509986
0.488225
0.398281
0.425401
0.464714
0.456219
0.473259
0.500656
0.385774
0.449128
0.448829
0.378052
0.403198
0.401925
0.413864
0.493866
0.56706
0.553889
0.573746
0.44128
0.408373
0.702675
0.561683
0.670545
0.534698
0.57886
0.515356
0.485884
0.483714
0.568139
0.477117
0.448124
0.573849
