0.127368
0.0932459
0.0841067
0.0939267
0.0972583
0.104657
0.0782629
0.0833483
0.05701
0.0704593
0.0596656
0.0735044
0.0738355
0.087402
0.0836046
0.087636
0.0700189
0.0819019
0.074453
0.0829222
0.100908
0.112089
0.14312
0.113837
0.158658
0.184936
0.17228
0.208339
0.156793
0.138142
0.124529
0.13981
0.131182
0.129299
0.190543
0.129213
0.119608
0.165407
0.224998
0.221381
0.224615
0.216044
0.208655
0.402536
0.322738
0.315632
0.271253
0.269923
0.349388
0.267463
0.282889
0.326685
0.396405
0.338599
0.282062
0.312877
0.27504
0.360782
0.42705
0.316436
0.274032
0.329019
0.315968
0.43404
0.447575
0.443378
0.384865
0.359396
0.433607
0.42958
0.465852
0.304872
0.411919
0.38955
0.498727
0.327596
0.31657
0.387959
0.387525
0.421935
0.38117
0.348253
0.429846
0.327704
0.453395
0.444804
0.517713
0.528048
0.49211
0.500253
0.487058
0.514168
0.484966
0.540864
0.53947
0.536401
0.569976
0.520724
0.556269
0.642549
0.572583
0.627926
0.736437
0.732725
0.561306
0.75524
0.692773
0.660927
0.683367
0.536034
0.613424
0.512224
0.556362
0.496086
0.536978
0.637008
0.523955
0.487498
0.467284
0.563087
0.469277
0.458985
0.625665
0.61739
0.605715
0.555412
0.610334
0.549448
0.557127
0.562759
0.684466
0.664724
0.561334
0.569709
0.506772
0.52253
0.409872
0.563636
0.397899
0.470838
0.547836
0.630998
0.467239
0.489364
0.402285
0.726999
0.464427
0.576765
0.658616
0.527395
0.517853
0.917887
0.492863
0.48893
0.510828
0.540426
0.606875
0.710534
0.639893
0.501406
0.550717
0.544393
0.525765
0.489902
0.22791
0.475027
0.355092
0.277419
0.429088
0.482051
