0.343523
0.326569
0.351835
0.351337
0.442481
0.856223
0.706631
0.86781
0.704315
0.538668
0.553915
0.491185
0.574079
0.625163
0.606021
0.794207
1.13067
1.36704
1.25635
0.871597
1.40142
1.26128
1.24307
1.92657
0.977184
1.90077
1.51445
1.9545
1.53185
1.80282
1.71576
2.26688
1.63988
3.26269
1.95841
2.219
2.70199
3.07372
3.26912
2.4525
2.3404
2.66936
2.84289
2.49945
2.9418
2.66094
2.99849
2.84154
3.05873
3.25895
3.00382
3.32239
3.10129
2.73291
3.01055
3.00902
3.40278
3.5997
3.2577
3.32043
3.40927
3.31142
3.01141
3.84753
3.05492
3.57284
3.18082
3.17379
3.46552
3.40016
3.61895
3.66329
3.36129
3.50887
3.56822
3.51541
3.82857
3.99078
3.93463
3.73482
3.73604
4.14248
3.66531
3.67567
4.05618
4.19247
3.99139
4.32429
3.97506
4.52887
3.81927
4.55805
3.82747
4.42238
4.82877
4.34708
4.56313
4.54451
4.3481
4.80116
4.20085
5.11596
4.72994
4.44533
5.00459
5.14902
5.54082
5.32025
5.14582
4.99124
4.76624
5.0693
5.10632
5.36439
5.50234
4.23088
5.37564
5.50399
5.41077
5.29803
5.64861
5.61983
5.96913
5.24192
5.84467
6.71143
5.34885
6.79814
6.21161
6.91142
6.64798
7.35222
6.80064
6.42399
6.51059
6.39968
5.66968
8.18271
6.93689
7.43676
7.34374
6.27836
6.16037
6.15838
