0.047382
0.0472249
0.0557055
0.0431133
0.0490957
0.0417863
0.0506464
0.0548
0.0467259
0.0485752
0.0509648
0.0652004
0.0704219
0.0612777
0.0810945
0.0892115
0.0827119
0.0809031
0.101544
0.102051
0.111339
0.134991
0.13311
0.132139
0.134456
0.112444
0.129211
0.132044
0.117721
0.1151
0.11846
0.140369
0.174768
0.162675
0.156664
0.167755
0.181017
0.177394
0.197469
0.241531
0.210318
0.1978
0.199782
0.217574
0.206266
0.270895
0.26454
0.26398
0.316594
0.308927
0.353872
0.320374
0.259455
0.229386
0.223466
0.257793
0.258332
0.211919
0.239731
0.247565
0.233109
0.288825
0.319628
0.311875
0.295145
0.328155
0.33513
0.399123
0.319013
0.317249
0.366661
0.37523
0.396215
0.361866
0.451438
0.393176
0.368925
0.40324
0.363887
0.448007
0.470916
0.393094
0.407199
0.530703
0.421681
0.391918
0.548567
0.405227
0.453639
0.599151
0.443971
0.460757
0.38264
0.531472
0.387858
0.333165
0.638471
0.680403
0.668013
0.641242
0.464011
0.583059
0.670477
0.758626
0.676232
0.683082
0.719122
0.839929
0.730392
0.767044
0.611231
0.65419
0.77989
0.730615
0.855686
0.666453
0.69444
0.681248
0.824
0.86438
0.786869
0.659615
0.945352
0.853687
0.83893
0.587679
0.839704
0.670137
0.778024
1.02392
0.696079
0.584902
0.835627
0.626992
0.979162
0.908107
0.864068
0.826847
0.752837
0.853998
1.02836
0.712269
0.930476
0.787992
0.997511
0.746815
0.830242
1.02083
1.04539
0.924548
0.829191
0.949862
0.933011
0.974378
0.908547
1.15244
0.900399
1.04938
1.03622
0.778696
1.11393
1.07685
0.895328
0.915814
1.09636
1.0747
1.16448
0.99594
0.971633
0.923432
0.963611
1.17667
1.14105
1.20206
1.08192
1.25808
1.23628
1.26441
1.28923
1.21434
1.32999
1.18203
1.0197
1.3538
1.03271
1.26918
1.2367
1.17846
1.39502
0.931732
0.95065
1.14475
1.39431
1.23873
1.50477
1.27899
