0.0985947
0.0941346
0.0891633
0.0919044
0.0919476
0.091268
0.0891367
0.0915736
0.0967262
0.0942369
0.101638
0.0950062
0.0972319
0.0806394
0.0811054
0.0674658
0.0941282
0.0828342
0.0860436
0.0978168
0.0991427
0.102181
0.0922375
0.104636
0.0947651
0.101337
0.0941874
0.0903171
0.0987705
0.0827261
0.0519296
0.0375988
0.0477276
0.0903733
0.0758458
0.0757556
0.134426
0.151135
0.141681
0.0876058
0.0852341
0.0842061
0.113889
0.101773
0.0893783
0.0967198
0.0977335
0.121886
0.14921
0.174009
0.185127
0.145294
0.149318
0.129491
0.182247
0.150475
0.217826
0.181747
0.138179
0.0534289
0.170377
0.26736
0.332285
0.265453
0.228755
0.195891
0.164813
0.124217
0.153047
0.154629
0.156756
0.164684
0.186627
0.183416
0.198578
0.225551
0.222045
0.205522
0.198136
0.202589
0.189434
0.189454
0.213537
0.16514
0.184436
0.109636
0.219619
0.216582
0.146139
0.132413
0.204583
0.174616
0.146022
0.184531
0.0891908
0.165519
0.137062
0.147752
0.139257
0.140342
0.157413
0.159824
0.196194
0.135713
0.185952
0.144456
0.129617
0.186203
0.152743
0.134289
0.153499
0.148929
0.116234
0.0993516
0.119671
0.102992
0.134123
0.108512
0.202864
0.179288
0.208628
0.153469
0.294297
0.159124
0.163977
0.164015
0.143633
0.134317
0.124092
0.159225
0.151607
0.140007
0.17667
0.165253
0.191419
0.209185
0.195985
0.144712
0.178803
0.183691
0.15207
0.115419
0.126793
0.119352
0.14026
0.150251
0.141652
0.140307
0.164136
0.263275
0.133403
0.128109
0.167037
0.133755
0.213889
0.146281
0.196458
0.102972
0.16158
0.152905
0.189319
0.177079
0.211372
0.171658
0.206828
0.127936
0.180926
0.190655
0.188307
0.217646
0.141403
0.102196
0.160702
0.236471
0.197156
0.193974
0.21522
0.190918
0.160967
0.240947
0.187188
0.167919
0.199932
0.317268
0.184798
0.293303
0.246498
0.138731
0.210382
0.208291
0.181104
0.174796
0.148888
0.151501
0.14289
0.182829
0.155247
0.141203
0.125918
0.342417
0.224263
0.409065
0.157911
0.130048
0.191487
0.165216
0.159715
0.141394
0.148324
0.157273
0.434453
0.141562
0.150389
0.113394
0.101781
0.117926
0.127715
0.145026
0.184505
0.14402
0.136884
0.107094
0.112706
0.114057
0.115026
0.125258
0.14845
0.13008
0.192985
0.164339
0.156217
0.168617
0.138163
0.156601
0.146655
0.132897
0.155252
0.143581
0.114837
0.11713
0.129723
0.126452
0.144306
0.131437
0.122355
0.145216
0.146197
0.1613
0.134528
0.14809
0.137988
0.126741
0.179041
0.131691
0.155084
0.165464
0.165547
0.125184
0.150068
0.149874
0.153063
0.14527
