3.354630
4.741330
6.407320
6.231490
8.131660
7.238850
6.363950
4.641390
4.278730
4.302230
4.276600
4.283700
4.218090
3.830520
3.371860
3.805910
3.722280
3.856400
3.868210
4.152680
4.464340
5.691950
5.878230
5.235740
4.828060
4.527500
4.296910
4.165310
3.843710
3.587050
3.710180
3.587590
3.525890
3.512210
3.286740
3.249010
3.340070
3.284070
3.342380
3.371170
2.944240
3.664630
3.522300
3.835650
3.559350
3.396100
3.975040
3.720120
3.463430
3.459570
3.453180
3.498810
3.818700
3.226360
3.593400
3.518250
3.508440
3.587310
3.016080
3.421080
3.260200
3.533710
3.404330
3.303160
3.544050
3.577030
3.466510
3.472110
3.472020
3.500000
3.308470
3.440320
3.292430
3.259380
3.330400
3.506740
3.196670
2.815070
2.877390
3.253540
3.001420
3.126300
3.443150
3.230090
3.458670
3.110570
3.623140
3.250900
2.956610
3.287630
3.135110
3.114980
3.225850
3.273350
3.025400
2.988640
2.869740
3.090810
2.948920
2.983320
2.765430
2.986680
2.950920
3.057470
2.748480
2.529710
2.941250
2.783550
2.938600
2.767600
2.881460
3.303000
3.125340
2.715040
3.098710
2.678630
3.127990
2.976870
2.946960
2.725990
2.928070
2.890180
2.739670
2.767250
3.061510
2.911920
2.953980
2.913670
2.946290
2.964400
2.839860
2.850010
3.303180
2.972890
2.898920
2.799940
2.798760
2.841730
2.710730
2.556410
2.733980
2.716800
2.798360
2.920980
2.862360
2.407320
2.783530
2.785200
2.911420
2.674170
2.571690
2.568540
2.576400
2.721570
2.758110
2.730170
2.731560
2.558300
1.916290
2.742440
2.932930
2.584030
2.554080
2.593060
2.617300
2.644080
2.749800
2.569770
2.695800
2.846550
2.970240
2.947480
2.792620
2.848070
2.782080
2.665940
2.816990
2.809320
2.768210
2.807360
2.411340
2.851350
2.436290
2.809240
2.808010
2.901910
2.513630
2.540070
2.494730
2.478960
2.513630
2.380600
2.659300
2.688710
2.613020
2.620590
2.896790
2.538010
2.717800
2.718430
2.561010
2.575010
2.756800
2.456460
2.429400
2.547950
2.548110
2.482590
2.528130
2.223920
2.524500
2.307750
2.358060
2.315250
2.296610
2.314740
2.487220
2.453000
2.287040
2.432590
2.516150
2.268120
2.231150
2.233070
2.263000
2.220320
2.368330
2.439680
2.261940
2.020010
2.266720
2.077120
2.244930
2.196430
2.283040
2.273290
2.076440
1.923580
2.074370
2.159750
2.222930
2.206430
2.163850
2.235890
1.988890
2.003740
2.130870
2.002320
2.164090
2.108050
2.001620
2.130970
2.126750
1.933210
2.109430
2.083630
1.946410
2.164120
2.094040
2.004020
1.916250
2.001900
2.186040
2.164210
1.948030
2.061600
2.068960
2.203610
2.301590
2.040660
2.084330
2.142850
2.122480
2.062040
2.087860
1.892980
2.035290
2.033260
2.081330
2.060380
1.892070
1.916880
1.886720
1.904650
2.260320
2.217910
1.769810
2.040000
2.239830
1.684860
2.259720
2.050900
2.063370
2.038460
2.052950
2.009150
1.829800
1.946260
1.952400
2.051070
1.864790
2.188160
2.234020
2.186330
2.178310
2.245250
2.368100
2.175050
2.462300
2.283980
2.308910
2.152040
2.373000
2.364020
2.517800
2.163000
2.028370
2.391010
2.254920
2.551170
2.229340
2.489590
2.110270
2.257740
2.256860
2.358290
1.994680
1.999370
2.034120
2.170930
2.276440
2.044240
2.116810
1.979590
2.189390
2.195380
2.163060
2.521850
2.171340
2.156710
2.163780
2.233060
2.042270
1.811470
2.198990
2.216190
2.182690
2.243250
2.217460
2.020360
1.939710
2.214150
2.292450
2.186250
2.114970
1.784800
1.965560
1.871720
1.956720
2.069880
1.754120
1.984650
1.946970
1.856400
1.701830
1.857280
1.713150
1.837250
1.925130
1.822310
1.785450
1.892590
1.818000
1.822780
1.816200
1.660280
1.656920
1.753910
1.735970
1.832350
1.578800
1.812490
1.801820
1.852320
1.779810
1.718120
2.062510
1.747750
1.535570
1.760040
1.580680
1.743740
1.857270
1.672840
1.775300
1.954030
1.966440
1.916580
1.852960
1.896910
1.793030
1.813350
1.986630
1.794650
1.785420
1.480340
1.812740
1.660410
1.706250
1.655430
1.679220
1.838450
1.765870
1.645110
1.659740
1.835830
1.743500
1.727730
1.639110
1.644500
1.951900
1.634030
1.659590
1.674250
1.544500
1.831420
1.795850
1.588160
1.564820
1.546540
1.737530
1.744360
1.737460
1.699770
1.625640
1.729940
1.786140
1.625140
1.569570
1.746140
1.850500
1.845750
1.711870
1.678920
1.545780
1.685790
1.824730
1.762110
1.626030
1.722810
1.767040
1.476580
1.882260
1.528280
1.618520
1.607750
1.537950
1.702140
1.579140
1.875470
1.633360
1.606890
1.530500
1.520500
1.571930
1.582510
1.557780
1.531710
1.633370
1.797390
1.672650
1.621690
1.730290
1.713190
1.465990
1.632530
1.704080
1.624970
1.560950
1.545540
1.835430
1.587100
1.558400
1.516730
1.509280
1.584340
1.582600
1.451930
1.495540
1.780070
1.628060
1.551100
1.502680
1.360130
1.482210
1.531780
1.436860
1.408340
1.501530
1.451710
1.444030
1.595990
1.516910
1.570790
1.516470
1.406750
1.448530
1.495820
1.680080
1.531720
1.770450
1.321940
1.700620
1.484280
1.703380
1.649490
1.521480
1.422850
1.655210
1.417700
1.635740
1.415930
1.542870
1.348340
1.574450
1.530530
1.450630
1.446070
1.356100
1.607020
1.434500
1.500000
1.477020
1.398920
1.393320
1.523170
1.540850
1.419120
1.430970
1.512430
1.421020
1.454520
1.520310
1.506750
1.393050
1.395370
1.521740
1.522570
1.494270
1.611010
1.341560
1.584540
1.256160
1.562290
1.543180
1.321270
1.429350
1.379880
1.464420
1.380750
1.349920
1.470120
1.297370
1.447890
1.483200
1.427060
1.294740
1.492710
1.516180
1.336710
1.371530
1.333040
1.275730
1.290860
1.372280
1.371670
1.424980
1.344050
1.240730
1.237860
1.367100
1.226760
1.344940
1.394940
1.249900
1.265300
1.117660
1.245840
1.268210
1.255510
1.319070
1.238860
1.277940
1.260500
1.330000
1.236390
1.264260
1.354830
1.329750
1.350640
1.140380
1.387830
1.275580
1.317210
1.306380
1.285530
1.308510
1.402570
1.255640
1.338580
1.323620
1.377160
1.296080
1.398700
1.212990
1.417620
1.548940
1.361280
1.263240
1.382300
1.298020
1.273240
1.412780
1.318760
1.197790
1.312240
1.325600
1.234310
1.479630
1.339010
1.532460
1.454170
1.487140
1.454550
1.529450
1.525440
1.340560
1.295230
1.286780
1.245820
1.105160
1.233400
1.329170
1.257860
1.145480
1.120280
1.305130
1.259130
1.381490
1.397110
1.248800
1.227530
1.205370
1.286330
1.231130
1.313710
1.212970
1.276630
1.324900
1.262160
1.242610
1.264620
1.288640
1.318630
1.253800
1.261810
1.239950
1.208560
1.322350
1.363700
1.307490
1.215930
1.571250
1.351380
1.258490
1.200770
1.279800
1.364800
1.384630
1.384510
1.360650
1.474800
1.341340
1.327380
1.356900
1.468950
1.578760
1.385050
1.504550
1.429590
1.494780
1.479910
1.506160
1.365700
1.578000
1.443800
1.351200
1.410060
1.500990
1.534120
1.497050
1.452170
1.447340
1.433790
1.446680
1.463310
1.429740
1.322730
1.504880
1.510810
1.498690
1.594130
1.382760
1.649660
1.507040
1.539460
1.432960
1.479160
1.462020
1.600220
1.597410
1.490710
1.439680
1.515930
1.560930
1.571190
1.552940
1.528840
1.608150
1.548720
1.473810
1.433010
1.573220
1.558800
1.605330
1.677740
1.681730
1.642870
1.664670
1.460080
1.425590
1.481730
1.482870
1.663480
1.625500
1.812600
1.410200
1.593520
1.694830
1.702750
1.580680
1.609690
1.485280
1.499500
1.428780
1.685100
1.491880
1.418650
1.393270
1.527230
1.394780
1.410440
1.559640
1.513760
1.605930
1.506510
1.589260
1.615330
1.566220
1.763420
1.541060
1.760680
1.634930
1.634370
1.576480
1.675280
1.622500
1.721520
1.657450
1.750250
1.598970
1.604750
1.541990
1.704030
1.739640
1.543530
1.752130
1.736520
1.619950
1.704510
1.442420
1.565860
1.653160
1.648360
1.605360
1.762150
1.684720
1.663890
1.589690
1.676620
1.835220
1.900690
1.803370
1.675350
1.763990
1.656150
1.723840
1.691540
1.782530
1.684390
1.724410
1.760840
1.725850
1.715800
1.771270
1.647650
1.633670
1.679900
1.568280
1.524390
1.557690
1.513540
1.501350
1.495040
1.418640
1.372360
1.182980
1.157460
1.302120
1.167980
1.095950
1.096890
