1.37747
2.12737
2.61014
2.72936
2.84346
2.97651
2.77795
2.18625
2.1261
2.25225
2.05977
2.42472
2.27802
2.41263
2.2678
1.9365
2.12562
2.13083
2.15942
2.20691
1.9823
2.09098
2.10418
2.02931
2.18589
2.2378
2.19257
2.08961
2.06046
2.3568
2.18342
1.87194
2.0227
2.21551
1.82723
1.98342
1.99599
1.8127
2.02287
1.89697
2.44139
2.20908
1.88595
2.25346
1.93947
2.07538
1.8971
2.10235
2.57705
2.28605
1.92907
2.19437
1.80875
2.17779
2.23635
1.90047
1.83707
2.14212
1.71839
2.02031
2.00877
1.92783
2.18252
1.80392
2.00481
2.16743
1.69356
2.16853
2.07353
1.87164
1.82632
1.58822
2.13503
2.24918
1.67562
1.61076
1.87712
1.92077
1.93149
1.91551
2.14451
1.7993
2.19382
2.03457
1.97961
1.77868
1.62916
1.7456
2.28867
1.61966
1.84844
1.7257
2.00473
1.62693
1.55623
1.67078
1.56554
1.50287
1.58246
1.66594
1.61158
1.42002
1.65683
1.3617
1.3452
