0.0969687
0.0759065
0.064408
0.0780255
0.0909485
0.0784645
0.090375
0.0933129
0.0928487
0.0726908
0.0437049
0.0430136
0.0516998
0.0848294
0.0502836
0.0556919
0.0681904
0.0722059
0.0719645
0.0573416
0.047423
0.0505747
0.0654738
0.065237
0.077056
0.0667266
0.0766799
0.071445
0.0922226
0.107534
0.106078
0.13244
0.149507
0.142616
0.15987
0.161117
0.194122
0.190983
0.194282
0.225233
0.185493
0.193555
0.249102
0.249954
0.269695
0.263426
0.282057
0.306209
0.330012
0.339838
0.341451
0.376165
0.384156
0.389342
0.407889
0.405054
0.457173
0.458449
0.419466
0.543872
0.515053
0.518647
0.517543
0.532008
0.551257
0.465059
0.617362
0.623678
0.521505
0.583078
0.755847
0.717862
0.616173
0.772288
0.794943
0.691013
0.672714
0.854743
0.74821
0.752184
0.67452
0.87588
0.764122
0.986086
0.760396
0.877449
0.900357
0.768958
0.831298
0.919084
0.826946
0.841687
1.02409
1.11575
1.04844
1.04381
0.943236
0.993858
0.949106
1.00086
0.888689
1.08514
1.08179
1.03459
1.07686
1.26914
1.35784
1.22136
1.09492
1.15227
1.1394
1.11929
1.21892
1.11289
1.25011
0.968978
1.28469
1.22067
1.268
1.09683
1.21748
1.38441
1.196
1.2251
1.21697
1.204
1.2345
1.34152
1.42861
1.22634
1.3329
1.27665
1.38374
1.28363
1.24231
1.5319
1.36357
1.40202
1.39706
1.40353
1.45444
1.29214
1.40302
1.33188
1.27737
1.15591
1.15352
1.40704
1.27593
1.43566
1.33726
1.30349
1.2283
1.49598
1.35004
1.38856
1.5055
1.52784
1.66347
1.43463
1.46198
1.4116
1.38803
1.34057
1.2946
1.42286
1.52753
1.61092
1.704
