1.48462
2.18747
4.07626
5.0979
4.55346
5.4892
6.44782
7.1367
7.57734
17.0079
11.2234
15.1354
13.6622
10.8676
12.0676
11.3993
7.40253
8.16705
6.79151
7.21548
6.83585
7.6511
7.80048
8.41794
10.3639
9.29429
9.86378
11.7634
9.64004
12.9842
9.35386
8.6513
9.90252
9.15435
8.8574
8.23459
9.63489
9.70105
8.71447
7.23473
9.15057
9.45973
9.83571
7.60817
8.42103
8.72824
7.08912
8.26241
7.69101
10.1479
8.7348
7.44251
6.03127
7.33975
8.75545
8.66271
7.74942
7.62621
7.25646
7.45147
6.68326
6.59938
7.30792
8.57304
8.4208
7.16703
6.22612
6.82959
5.94855
6.88327
6.86284
6.46978
6.88178
6.06952
5.63994
5.93093
5.68777
6.38474
5.8424
7.20109
7.16816
5.80199
6.69812
6.02838
5.66492
5.75572
7.63501
6.91103
5.48279
5.29489
6.34858
6.34259
6.61461
6.53393
6.84921
5.51615
7.16686
6.70835
6.39803
6.83195
6.22667
6.78959
5.57501
5.88387
5.66669
5.22407
5.21533
6.32009
5.84818
5.87688
4.53378
3.88915
5.1852
4.11924
6.34899
3.1619
4.81808
4.60222
5.11914
3.82913
3.03041
5.05922
4.74752
3.69733
2.9847
2.59772
3.2592
1.59085
1.57687
1.63849
