0.286262
0.26793
0.267723
0.214258
0.196401
0.152594
0.115152
0.161835
0.142865
0.190548
0.134341
0.116759
0.121805
0.142778
0.140224
0.127581
0.135269
0.153998
0.140101
0.127031
0.149175
0.164765
0.148919
0.191763
0.197438
0.170523
0.243299
0.256025
0.526614
0.500673
0.533515
0.426138
0.377228
0.33471
0.359554
0.43396
0.392001
0.307976
0.288496
0.379972
0.343876
0.414862
0.49177
0.332961
0.345103
0.612071
0.466236
0.319083
0.376958
0.354357
0.676242
0.546215
0.42843
0.609255
0.728413
0.583249
0.568147
0.49157
0.442465
0.53243
0.572874
0.45969
0.570054
0.46416
0.603171
0.557338
0.514934
0.754008
0.548136
0.750929
0.592751
0.734918
0.797911
0.478418
0.718441
0.496552
0.60975
0.467208
0.519596
0.570855
0.66443
0.613961
0.615715
0.654081
0.561036
0.511251
0.524177
0.465371
0.551474
0.619569
0.49671
0.503764
0.488343
0.498804
0.441473
0.425198
0.441709
0.661579
0.530299
0.451399
0.511856
0.593449
0.492057
0.648298
0.715733
0.620354
0.703963
0.667148
0.766189
0.672684
0.656394
0.505064
0.415904
0.552883
0.457227
0.49657
0.379944
0.459139
0.351979
0.402032
0.431229
0.583542
0.625904
0.585785
0.64148
0.691374
1.10004
0.861578
0.849412
0.616398
0.643986
0.562421
0.633365
0.741091
0.739695
0.811071
0.442658
0.497223
0.834798
0.270118
0.850691
0.740453
0.565894
0.6973
0.617758
0.639215
0.901473
0.550602
0.869123
0.376697
0.567049
0.616597
0.575696
0.589291
0.449172
0.826295
0.464196
0.629675
0.545745
0.5784
0.704083
0.75387
0.792359
0.531783
0.496867
0.543734
0.942015
0.346995
0.628202
1.16944
0.817458
0.551844
0.843265
1.02484
0.933075
0.804241
0.929789
0.741114
0.982884
1.05257
1.22358
0.975541
0.771989
0.335132
0.717423
1.07613
1.31116
1.07389
0.888866
1.3993
1.50406
1.00509
1.1435
0.918998
1.30083
1.12292
0.980302
0.775451
1.00807
0.906645
0.810654
1.13416
0.929346
1.19746
1.15923
1.35529
1.34876
1.15218
1.29658
1.3447
1.04771
1.21649
1.43321
1.11772
1.01457
1.15653
1.12774
1.38247
1.49413
1.30805
1.3719
0.943852
1.29541
0.920971
0.772936
0.494025
0.602839
0.663813
0.422596
0.366819
0.426385
0.47359
0.397614
0.519779
0.39807
0.661811
0.587
0.71045
0.799999
1.19281
0.473352
0.670811
1.4913
0.810011
0.896106
0.471068
0.521287
0.43954
