0.434729
0.480781
0.438753
0.299151
0.29255
0.432106
0.377039
0.362181
0.333072
0.278208
0.337509
0.349266
0.339291
0.491239
0.430736
0.5986
0.626331
0.74491
0.755598
0.56233
0.487153
0.399213
0.526727
0.593558
0.608203
1.02885
0.476203
0.442371
0.630546
0.722485
0.985766
1.02831
0.954748
0.926782
1.03666
1.08573
1.06269
0.803542
0.793301
1.06495
0.872535
1.4385
1.3114
0.819477
1.58506
1.39375
1.23818
0.971779
1.09176
0.924273
0.917234
1.66158
0.68827
0.412543
0.799068
0.794277
0.734307
0.974272
1.11218
1.3872
1.55891
1.86118
1.61375
1.20205
1.50441
1.64204
1.07684
1.17971
1.15614
1.82496
1.78408
1.36563
1.71313
1.46733
1.37127
1.39227
1.63188
1.65472
1.63536
2.12152
1.43648
1.14025
1.73824
1.45174
1.79297
1.94723
1.87149
1.75689
2.16156
2.04897
2.72811
1.21871
3.23609
1.71249
1.55942
1.87347
1.82881
1.89326
2.3248
1.74051
2.18954
2.09957
1.38456
1.51737
1.88404
2.4783
2.07741
2.36694
3.1163
2.37091
2.26806
2.26969
2.05333
2.69512
1.83842
1.5933
1.19682
2.0975
2.29013
2.44759
2.46588
2.12022
2.46242
2.43382
2.12191
2.3269
2.73831
2.12113
2.46737
2.21703
1.83486
2.04889
1.6843
2.29241
2.84162
2.95841
2.47066
2.26815
2.7344
2.95468
3.05955
2.83457
3.53058
2.67515
2.68575
2.61421
3.01654
2.77538
3.42479
2.4323
1.69752
2.10927
0.710429
2.47238
1.24659
1.13463
0.753998
0.793111
0.832525
0.845029
0.925449
0.784022
0.765807
0.918787
0.584513
0.800983
0.951516
1.14466
0.939141
0.707251
0.631308
0.86102
1.20674
1.02991
0.84153
1.04568
2.00711
0.691773
0.460863
0.40953
0.502658
0.994341
0.727295
0.853688
0.662474
0.637573
0.656847
0.707977
0.635223
0.810513
0.862542
0.644378
0.844965
0.721955
0.764964
0.929305
0.732377
0.72218
0.74942
0.857783
0.687964
0.958357
0.759194
0.887694
0.86793
0.731906
0.828019
0.983707
0.927962
1.08528
0.900912
0.778713
0.9605
1.11923
0.892361
0.907339
0.888058
1.00635
0.700171
0.826188
0.828677
0.944896
0.795202
1.05221
0.772587
0.975504
0.896655
1.09645
0.832592
0.972968
0.664492
0.895108
0.943959
0.964906
1.04054
0.981431
0.950045
0.920846
0.824426
1.08084
0.683785
0.900347
0.679836
0.691081
0.902149
0.635655
0.671404
0.871489
0.921689
0.774943
1.23639
1.17404
1.18257
1.09715
1.23279
1.06532
1.02641
0.814178
1.31364
0.993485
0.871065
1.17289
1.03313
1.0276
1.39271
1.24381
1.27216
1.21093
1.40673
1.41752
1.56934
1.32229
1.1148
1.60115
