1.381
1.37618
1.28882
1.23065
1.46811
1.48069
1.84854
1.67881
1.65452
1.56224
2.47339
4.82489
6.15286
8.14904
8.54064
10.9277
8.88309
10.0301
10.9746
6.94524
8.72613
6.94493
6.66629
5.04011
5.43133
5.34224
5.00876
4.45732
4.42347
6.28611
6.48722
5.44122
4.97106
3.43848
6.2115
6.2182
5.60559
5.1031
7.48055
5.78321
5.68609
5.75228
7.27459
7.87911
7.14657
7.46545
7.53036
5.85197
6.33926
8.66645
6.45515
6.83532
5.73764
8.09215
6.07396
4.33862
5.45385
5.42709
4.84319
5.25557
5.63756
5.24509
4.24877
5.35677
4.02008
4.82195
4.22667
5.50189
5.24287
4.82413
5.3295
5.11294
5.24128
5.43418
6.23629
6.89399
6.07989
6.11791
5.8836
5.42879
5.03394
5.01578
4.67407
4.88994
4.70648
4.64125
4.03746
5.73401
5.4395
5.53256
4.91057
5.0007
4.4831
4.80692
5.4624
5.2707
3.90406
5.20181
4.86259
3.89429
6.22095
4.19464
3.22162
5.31552
