4.782
6.22885
7.55177
6.21828
8.81002
5.95198
8.50983
12.2293
16.7737
20.6741
19.5311
21.8955
24.3223
16.9325
17.6644
22.2441
17.9367
14.4492
13.8563
10.5487
12.2305
12.6258
8.45493
13.2373
8.76764
7.80711
9.87263
9.0854
7.73425
10.121
8.86061
12.7303
13.0482
8.83117
11.9421
11.5234
9.59631
10.7587
14.9426
8.50318
10.9794
10.4999
8.73374
11.0491
10.2235
12.1741
12.2468
12.0462
13.9346
8.64438
10.3438
10.4658
11.467
10.7272
9.436
10.4552
12.2806
14.8361
12.4317
8.98262
11.7064
10.8282
12.1877
10.6486
11.5867
13.0302
10.1159
11.6086
11.843
11.454
12.7228
12.1092
11.7709
12.4293
11.5796
10.441
9.60764
10.9537
9.21908
13.0546
14.4262
12.1149
8.50896
12.1973
11.3933
10.5473
9.22119
11.3537
9.31316
10.3974
10.7828
9.90456
10.4825
8.88911
9.91357
12.6884
11.3994
11.6598
9.81087
13.0415
8.35371
10.2966
8.47688
9.43933
12.1296
9.74257
8.47609
11.0313
9.95103
6.78425
6.14922
8.97073
8.27181
9.40148
9.80327
10.897
10.545
9.61665
9.50118
10.4019
8.77636
10.1724
8.97174
9.66817
9.95627
10.1232
12.5013
10.9772
11.3148
11.7086
11.1035
8.53223
7.375
6.01122
11.8398
10.0972
10.8721
10.0438
6.99574
9.00638
7.69757
9.54664
8.38017
8.01745
10.8314
9.67937
12.6704
9.81166
8.6553
8.46895
9.86632
9.08939
8.82115
7.8766
8.73833
7.82893
