0.264815
0.273357
0.276668
0.283164
0.258641
0.302909
0.288488
0.268241
0.284497
0.269221
0.276129
0.280647
0.274675
0.289769
0.328022
0.299108
0.264261
0.253469
0.255537
0.257543
0.264756
0.252837
0.247945
0.246061
0.251713
0.249087
0.267866
0.241904
0.25145
0.23186
0.235205
0.231159
0.253133
0.238961
0.253875
0.232277
0.248632
0.241837
0.24298
0.222696
0.245039
0.243692
0.247653
0.270423
0.239404
0.243085
0.250978
0.23214
0.235775
0.242115
0.218373
0.252738
0.253354
0.242724
0.256521
0.240129
0.24977
0.26328
0.257734
0.249063
0.207921
0.218142
0.211642
0.2174
0.251885
0.256152
0.254555
0.240811
0.236731
0.22779
0.232165
0.236762
0.232972
0.255688
0.247926
0.224507
0.253756
0.228199
0.229141
0.229491
0.230523
0.245147
0.273889
0.277974
0.268963
0.252156
0.264035
0.239147
0.2265
0.234776
0.216863
0.238991
0.232446
0.216192
0.239085
0.255487
0.234974
0.239006
0.23475
0.249434
0.208111
0.22482
0.227358
0.228018
0.217614
0.217353
0.217571
0.215214
0.226801
0.22919
0.239561
0.226596
0.253115
0.238386
0.238695
0.252808
0.233738
0.236073
0.20054
0.250328
0.269987
0.238569
0.197961
0.241119
0.271543
0.275624
0.274512
0.294254
0.253544
0.256097
0.241418
0.261242
0.205594
0.261281
0.226853
0.229084
0.211976
0.230775
0.215139
0.237832
0.242904
0.246315
0.285925
0.250096
0.250781
0.257581
0.257448
0.268789
0.260194
0.247391
0.253107
0.302487
0.293354
0.279736
0.253272
0.261342
0.21685
0.266318
0.256922
0.265
0.251471
0.258862
0.221373
0.262984
0.286586
0.276787
0.25386
0.261921
0.281375
0.298195
0.275868
0.263985
0.273147
0.257766
0.258459
0.275824
0.239832
0.24368
0.280033
0.242732
0.280428
0.233409
0.257947
0.24418
0.236653
0.246118
0.217345
0.25054
0.270465
0.316125
0.227792
0.276956
0.279536
0.226633
0.251234
0.278672
0.289928
0.241261
0.274863
0.274053
0.307388
0.304629
0.276322
0.258882
0.29323
0.241537
0.290262
0.281148
0.30931
0.242418
0.281693
0.270809
0.234624
0.242244
0.292449
0.26274
0.283128
0.29172
0.342276
0.332066
0.289103
0.307462
0.310041
0.278382
0.306804
0.280723
0.306997
0.353018
0.325719
0.334173
0.373931
0.319498
0.319551
0.378947
0.300679
0.314323
0.30464
0.330774
0.338652
0.294375
0.275344
0.349776
0.353927
0.36883
0.30835
0.410218
0.337035
0.348255
0.377234
0.435537
0.337541
0.359884
0.386281
0.297396
0.314579
0.351804
0.337517
0.324378
0.323433
0.344142
0.307494
0.398576
0.327778
0.314339
0.388311
0.404613
0.377769
0.432615
0.309296
0.405591
0.390684
0.381016
0.368809
0.514389
0.44753
0.407016
0.458512
0.371645
0.53633
0.445049
0.42058
0.455539
0.441072
0.444536
0.538853
0.463863
0.474752
0.457707
0.482379
0.491376
0.444273
0.454689
0.522236
0.441597
0.450381
0.417567
0.434898
0.47363
0.462001
0.465406
0.489238
0.459828
0.482895
0.50615
0.558258
0.455876
0.501059
0.540011
0.49441
0.542609
0.542077
0.456995
0.484632
0.54582
0.467097
0.468881
0.460636
0.559744
0.445183
0.487376
0.475258
0.497848
0.536217
0.498689
0.542297
0.509413
0.514425
0.527434
0.476741
0.469983
0.562526
0.612877
0.492812
0.474779
0.522091
0.595923
0.63278
0.481497
0.542169
0.54537
0.539899
0.554036
0.538728
0.453102
0.534602
0.581036
0.529174
0.495914
0.603044
0.528333
0.546743
0.578637
0.546394
0.549878
0.56483
0.556511
0.545251
0.609978
0.506309
0.538783
0.616659
0.54118
0.540902
0.576419
0.474117
0.523292
0.48519
0.584048
0.557161
0.541475
0.556634
0.507527
0.517228
0.608811
0.575401
0.603333
0.533775
0.518798
0.453547
0.576122
0.577011
0.528932
0.594659
0.524895
0.530486
0.552823
0.566626
0.604264
0.501711
0.507936
0.583194
0.481286
0.545364
0.485026
0.47909
0.506095
0.670506
0.512804
0.655995
0.500744
0.555919
0.586817
0.505745
0.645612
0.707424
0.49329
0.619568
0.585688
0.592511
0.566362
0.567421
0.567791
0.664084
0.487904
0.552414
0.477527
0.555215
0.510307
0.52708
0.569631
0.498339
0.610596
0.531372
0.459065
0.62552
0.563194
0.570777
0.587948
0.490907
0.603273
0.655189
0.619659
0.575502
0.619149
0.611527
0.592914
0.604356
0.588735
0.652824
0.692907
0.627842
0.598149
0.699879
0.75888
0.692259
0.687165
0.705128
0.734969
0.673423
0.7575
0.661916
0.65872
0.685606
0.558417
0.642227
0.724557
0.71967
0.778157
0.738386
0.762436
0.728536
0.890445
0.767486
0.732048
0.78763
0.756161
0.749896
0.803407
0.872318
0.908893
0.813426
0.748325
0.701998
0.732582
0.904163
0.915876
0.778958
0.986332
0.792877
0.889793
0.887864
0.891485
0.944624
0.88517
0.873543
0.941963
0.879983
0.959566
0.895669
0.830471
0.897804
0.878232
0.872206
0.891343
0.864501
0.946394
0.951463
0.866622
0.877632
1.06951
0.840252
0.951406
0.898802
1.00204
1.06416
1.03997
0.952436
0.929878
0.918098
0.978584
1.05414
1.11508
1.04656
1.09061
0.988165
0.996185
1.01209
0.942562
1.08265
1.11805
1.08745
1.03333
0.975531
0.908506
0.979326
0.9855
1.00289
0.999486
1.00983
1.03224
1.0148
1.13226
1.17377
1.14321
1.18489
1.23345
1.11619
1.19043
1.22838
1.24104
1.27835
1.19828
1.16931
1.45448
1.49166
1.52641
1.5711
1.44151
