2.56504
1.99077
1.23044
1.11678
1.64893
2.17992
1.69451
1.39162
2.66037
2.27517
1.8151
1.66328
2.09667
2.74424
1.64849
2.109
2.79259
1.37446
1.26205
2.45024
1.92405
1.7495
3.21911
4.08721
3.2944
2.6296
2.38906
1.77364
2.39867
2.52273
2.73851
1.71118
2.96962
4.5056
3.72787
2.8731
2.02358
2.34039
4.55101
2.95768
2.46015
2.22851
2.16065
4.1406
3.39643
2.65965
2.41974
2.17942
2.50379
3.41422
3.18693
2.43952
3.13463
2.62502
1.98331
2.01079
1.77353
1.45984
2.45537
2.94538
2.59206
2.32639
2.20787
2.2073
2.41692
1.9054
1.70286
1.49735
1.86488
1.55631
1.43861
1.94452
2.02873
1.59818
2.64543
2.4188
1.5748
1.59554
2.4625
2.00583
1.98594
1.67976
1.45011
1.54543
1.55052
1.31155
1.29106
1.46161
1.61048
1.82277
1.78364
1.47896
1.58672
1.54168
1.51504
1.39706
0.990988
1.05864
1.1065
1.28094
1.61384
1.25448
1.41394
1.37579
0.934346
0.98698
0.88346
1.0453
0.801111
0.666619
0.819111
0.871024
1.05757
0.859868
0.797082
0.877518
1.1931
1.37717
0.781157
0.822447
1.0815
0.786114
0.669335
0.586338
0.692489
0.822072
1.13699
1.31715
0.833418
0.812273
1.14496
1.16034
0.973812
0.963562
0.778531
0.888008
0.623801
0.591172
0.554299
0.50579
0.564585
0.481034
0.503106
