0.0813178
0.0734448
0.0736174
0.0892716
0.0987406
0.0931488
0.0979723
0.109245
0.107706
0.105396
0.108423
0.125976
0.133039
0.155043
0.142859
0.140161
0.167938
0.142862
0.155287
0.136709
0.160634
0.142619
0.175652
0.154054
0.177964
0.187166
0.157568
0.204038
0.178591
0.172128
0.262728
0.412242
0.301665
0.227048
0.237252
0.191264
0.175664
0.236314
0.254924
0.265157
0.371892
0.27997
0.292635
0.367827
0.223038
0.331974
0.283154
0.21634
0.23404
0.368188
0.401803
0.351863
0.295413
0.322477
0.288512
0.314011
0.348256
0.496164
0.429201
0.444265
0.359266
0.51411
0.473327
0.521661
0.565417
0.393153
0.388631
0.370284
0.360251
0.543255
0.438667
0.458879
0.433178
0.601688
0.493938
0.499061
0.404836
0.412569
0.543004
0.50929
0.704763
0.577468
0.503526
0.644891
0.63279
0.710374
0.633666
0.496336
0.623689
0.500254
0.527811
0.522388
0.501347
0.565298
0.632106
0.603155
0.679198
0.60514
0.548078
0.642128
0.583561
0.585183
0.680603
0.756237
0.80473
0.656522
0.763363
0.56871
0.693515
0.607877
0.568104
0.684139
0.710628
0.76622
0.657753
0.933786
0.531512
0.648888
0.721695
0.761398
0.703314
0.632828
0.688598
0.743932
0.703356
0.731033
0.776637
0.843191
0.868837
0.912179
0.671764
0.823724
0.855142
0.873621
0.819873
1.01483
0.771257
0.802462
0.946383
0.918294
0.783145
0.986813
1.003
1.02313
0.896153
0.999629
0.876674
1.04974
0.976535
0.865397
0.993729
0.925301
0.886879
0.93128
0.950502
1.19313
0.959469
0.87256
0.991279
1.07903
1.11973
0.988301
1.01245
1.18137
1.17861
1.01448
1.17382
0.875183
1.12793
0.995427
1.20657
1.00512
1.20946
0.95848
1.01939
1.06985
1.51175
1.03942
1.4209
0.93245
1.28952
1.09591
1.40092
1.16694
1.13631
0.931429
1.1902
1.06999
1.11271
1.11702
1.03868
1.36325
1.36475
0.873157
1.0157
0.993466
1.01523
1.247
0.95425
1.08586
1.10209
1.21532
1.37486
1.09598
1.17073
1.12225
1.03514
1.57503
1.18123
1.34728
1.0621
0.750552
1.26748
0.933215
0.657567
1.14168
1.06246
0.975207
1.21829
1.33491
1.26405
1.85548
