8.67017
9.70006
20.0961
38.1316
29.7153
34.3397
34.5015
29.5791
31.453
27.4452
24.3726
24.8033
27.1837
28.5402
31.4072
24.4374
21.7908
23.1825
25.3579
26.2702
30.9374
29.5713
29.1979
23.5397
24.1819
25.8032
26.5229
29.2041
27.2474
26.3426
25.1803
24.2719
24.7935
24.7869
28.2165
28.5397
27.4401
26.4532
25.6695
23.6957
25.7761
27.1782
28.8839
27.0597
28.0846
27.6637
26.9068
28.239
28.2216
30.6275
26.2678
23.2273
23.1798
24.84
23.56
27.9349
25.5144
26.2628
25.3627
26.737
24.4216
25.047
25.1415
26.5595
27.3583
26.9457
25.1487
23.4922
22.9898
21.1752
20.9222
21.2185
24.9562
23.2694
24.6309
23.4023
20.4427
21.9343
21.7532
21.616
23.5834
23.7395
22.8146
23.3232
20.304
19.8041
19.9939
17.9004
17.6553
19.7726
16.6122
