0.596264
0.605828
1.42181
1.57322
1.94944
2.19279
2.84127
2.25213
2.41506
2.26409
2.00406
2.04721
1.85226
2.15503
2.15113
1.72554
1.67083
2.28082
2.0464
2.88516
3.08796
2.79311
2.43193
2.18659
1.85906
3.04196
2.45275
1.52109
2.0529
2.02553
1.66476
1.82703
1.72102
1.82026
1.97647
2.20863
1.77513
2.46819
2.64629
2.87322
2.49459
2.58956
1.97023
2.14897
1.97437
2.07429
2.23741
2.07661
2.01571
2.03095
2.5642
2.52824
2.26769
2.41231
1.80085
2.14922
2.38874
2.46183
2.25481
2.5127
2.7485
2.36592
2.26802
2.54393
2.45257
2.34514
2.17492
2.07774
2.23892
1.8879
2.33711
2.35221
1.94821
2.02557
1.82971
1.76937
2.08121
2.12687
1.73123
1.98254
2.15363
1.80794
2.09131
1.994
2.10646
2.10499
2.14995
2.34671
2.13154
1.81166
1.89819
2.30104
2.00655
1.8679
1.89947
1.92436
1.62597
1.6674
1.8195
1.73703
1.74641
1.81257
2.05949
1.73333
1.84619
1.91958
1.76195
2.08934
1.85687
1.57097
1.63173
1.79809
1.00668
1.1236
1.36412
1.41449
1.26745
1.3356
1.53445
1.09203
1.33174
1.30911
1.5954
1.40155
1.54772
1.14564
1.55633
1.63405
1.75787
1.56754
1.51066
1.74209
1.50168
1.43711
1.54632
1.63473
1.44758
1.43327
1.53604
1.31927
1.50218
1.40729
1.45496
1.46233
1.61879
1.6467
1.79832
1.58938
1.57908
1.33197
1.65285
1.53794
1.42226
1.49853
1.34242
1.56989
1.55458
1.62831
1.25981
1.31795
1.28068
1.4499
1.37372
1.29769
1.37657
1.27073
1.50637
1.56169
1.66386
1.62028
1.8321
1.29135
1.54484
1.52196
1.54835
1.74889
1.76931
1.72729
1.4514
1.57522
1.66964
1.50235
1.48816
1.63059
1.57859
1.46668
1.66273
1.4239
1.38097
1.60226
1.70819
1.44279
1.35347
1.70369
1.68166
1.57081
1.46937
1.61286
1.24005
1.43933
1.50696
1.34742
1.51563
1.46098
1.66185
1.48248
1.41105
1.70076
1.542
1.62883
1.63654
1.5947
1.71956
1.55896
1.73597
1.86469
1.72116
1.58912
1.62881
1.80165
1.54806
1.38773
1.50324
1.62472
1.734
1.81717
1.61733
1.61224
1.68069
1.72821
2.00308
1.46244
1.78941
2.0423
1.62463
1.91311
1.59927
0.960523
1.22166
1.84148
1.67563
1.12229
2.1492
1.4043
1.20081
1.32445
1.80014
1.86292
1.54903
1.66849
1.4673
1.41463
1.59564
1.70023
1.5642
1.59676
1.09144
1.19164
1.13664
1.81484
2.02623
1.83463
1.7319
2.2696
1.45508
1.42698
2.11803
1.64414
1.39576
1.90145
1.54922
1.69473
1.59918
1.29942
1.25991
1.28019
1.3734
1.28159
1.33273
2.06842
1.72386
1.05225
1.18163
1.00926
0.836647
1.31995
1.06171
1.09701
1.08788
1.01882
0.898651
0.975902
0.975287
1.20502
1.06197
1.155
0.747747
0.826003
0.852312
0.779779
0.793378
0.949295
1.48549
1.25169
0.762534
0.936366
0.817712
0.794318
1.07242
1.12085
1.3821
1.14421
1.12028
1.164
1.18843
0.783323
0.954568
1.14723
1.2114
1.19482
1.07503
1.38802
1.65713
1.45128
1.51622
0.840646
0.975209
1.13204
1.1395
1.44546
1.0275
0.962238
1.08674
1.08433
0.946248
0.988025
0.801952
0.876784
1.06196
0.816118
