0.101442
0.103987
0.145203
0.288978
0.584897
0.962857
1.11643
0.969011
0.984981
1.08305
1.04545
0.860347
0.766681
0.568215
0.569509
0.471279
0.509997
0.383285
0.694995
0.642845
0.531986
0.981821
0.712623
0.51491
0.762411
0.618884
0.712999
0.809915
0.917517
1.01157
0.727427
0.890744
0.728394
0.861825
1.08642
1.13738
0.76416
0.819546
0.790574
1.18088
1.27378
1.08806
0.983337
0.984798
0.724731
0.762325
0.72432
1.29173
1.02545
1.65647
1.54844
1.75717
1.43738
1.30285
1.04037
0.964974
0.928487
1.11443
1.12156
1.02582
0.901738
0.888946
1.04774
1.00903
0.971617
1.04908
0.865634
0.857105
0.882919
1.02092
1.12235
0.97227
1.07457
1.00664
0.932654
1.11112
1.07267
1.01498
1.12626
0.996324
0.920406
1.05908
1.13016
1.02466
1.18122
1.35769
1.13671
1.10329
1.14393
1.15963
0.985904
1.42114
1.28521
0.867647
1.50124
1.13498
1.29914
1.2189
1.31487
1.49631
1.2948
1.28734
1.58573
1.03509
1.45718
1.45508
1.23653
1.23316
1.48105
1.08045
1.63857
1.24014
1.81022
1.33005
1.32325
0.809997
1.60259
1.36459
1.3601
1.31114
1.30083
1.36678
1.39954
1.60292
1.65161
2.07342
0.896019
1.67898
1.61806
2.15445
2.11174
1.39352
1.71209
1.29021
2.02513
1.23146
1.43511
1.84191
1.81073
1.51875
1.75888
1.91858
1.76439
2.3063
1.73074
2.07812
2.63819
2.31068
2.86547
1.81158
1.81217
2.45423
2.95507
1.70608
2.22405
2.81877
2.99458
2.92699
2.61707
2.41372
2.43624
2.55155
2.22144
2.8737
3.39094
3.25945
2.68879
2.51559
2.47166
2.49458
2.11261
3.63678
3.68775
2.78847
3.2977
2.88304
3.28833
3.70659
3.13961
3.44685
3.39504
3.59715
3.56158
3.26238
3.5694
3.56551
3.30104
3.10368
3.32122
3.71954
3.589
3.66209
3.48686
4.28427
4.32921
3.79777
4.1093
4.08033
3.53419
3.35421
3.34861
3.98529
4.43532
3.8715
3.68903
3.73831
4.19844
4.05213
4.27299
3.48247
4.39444
4.38226
4.50277
3.96572
3.70723
4.19462
4.12318
4.30186
4.92244
4.60088
4.96182
4.99576
5.29104
4.99755
4.94236
5.50736
5.26503
5.64105
6.09917
5.32216
5.67389
5.19133
6.25251
6.1653
6.04526
5.41627
6.25543
6.45461
6.21666
5.53736
5.19854
5.26496
5.3399
6.08614
6.7379
5.40766
7.46173
6.16853
5.92715
5.98121
5.8439
6.037
6.65086
5.69612
5.66911
5.80608
4.46703
5.23686
5.36198
5.28752
8.38368
5.56831
8.78225
7.21294
8.0172
5.09988
6.87466
3.49459
4.80871
5.37135
5.83866
4.78955
5.05222
4.82927
7.44215
