0.507328
0.813775
0.282704
0.585806
0.572293
0.308194
0.227365
0.352615
0.47574
0.455421
0.496952
0.358582
0.364248
0.43861
0.143898
0.306534
0.534541
0.190798
0.30164
0.458215
0.345173
0.215289
0.526794
0.404767
0.344886
0.414835
0.349096
0.429117
0.344195
0.302974
0.303702
0.221082
0.41573
0.317289
0.289265
0.251187
0.289677
0.438419
0.397617
0.394957
0.375239
0.447279
0.417588
0.438994
0.403
0.37348
0.447116
0.479031
0.255961
0.476149
0.375901
0.379643
0.281647
0.471492
0.42825
0.416795
0.580608
0.512226
0.419365
0.431881
0.480364
0.671957
0.300302
0.388853
0.528249
0.418667
0.47339
0.441982
0.61029
0.308706
0.523524
0.326493
0.310308
0.299037
0.268881
0.41956
0.44583
0.257447
0.333593
0.466572
0.314309
0.25351
0.282827
0.314216
0.46344
0.28041
0.337999
0.318417
0.392384
0.64511
0.44194
0.323852
0.511099
0.455254
0.367621
0.344286
0.460552
0.284819
0.398484
0.434417
0.686251
0.426928
0.411389
0.31515
0.333526
0.389046
0.32167
0.520515
0.386305
0.523988
0.528292
0.545287
0.502146
0.327096
0.751263
0.420245
0.447654
0.413984
0.472643
0.410961
0.488295
0.595221
0.57336
0.406035
0.66341
0.512915
0.56296
0.465218
0.371825
0.610579
0.402938
0.432396
0.269134
0.176738
0.288501
0.465369
0.250894
0.450386
0.687497
0.44957
0.300474
0.45614
0.390536
0.657206
0.375476
0.27248
0.369607
0.474881
0.528229
0.58755
0.426191
0.42336
0.478718
0.829687
0.861762
1.00478
0.620935
0.522018
0.608986
0.541913
0.67597
0.42921
0.651301
0.488963
0.519389
0.481864
0.63441
0.628051
0.932456
0.724987
0.83401
0.694446
1.04932
0.853101
0.848352
0.638663
0.66615
0.459637
0.470722
0.346454
0.3757
0.33874
0.696815
0.624737
0.651591
0.596245
0.594676
0.590931
0.483382
0.668762
0.578119
0.484125
0.431722
1.10634
0.303086
0.288168
0.462498
0.356752
0.390244
0.450849
0.416515
0.441504
0.775074
0.757609
0.32951
0.244356
0.319607
0.200803
0.259179
