1.11214
1.20045
0.92945
1.33711
1.64477
1.35889
1.51712
1.45383
1.14113
1.38661
1.05999
1.37536
1.26806
1.45575
1.01461
1.15739
1.29647
1.18113
1.14787
1.05726
1.38151
1.24717
0.96473
1.30773
1.169
0.726399
0.748756
0.762871
0.788688
0.601425
0.716373
0.621238
0.798554
0.606709
0.573937
0.625984
0.622347
0.843554
0.682733
0.585572
0.613252
0.492998
0.824625
0.966031
0.986313
0.86698
0.916203
1.0318
0.865515
0.888528
0.940376
1.05044
0.841203
0.865363
0.866687
0.837128
0.647257
0.690305
0.796385
0.697662
0.693915
0.653209
0.640569
0.7322
0.652286
0.681426
0.697173
0.702777
0.748979
0.595023
0.808548
0.764927
0.770202
0.839676
0.743171
0.752557
0.768056
0.722434
0.71683
0.823677
0.812994
0.726344
0.785594
0.813166
0.554977
0.645379
0.601454
0.709322
0.655196
0.670489
0.628052
0.630386
0.771573
0.644097
0.645009
0.673449
0.559524
0.549565
0.724601
0.696683
0.728699
0.545233
0.543058
0.666869
0.600546
0.54593
0.618668
0.592056
0.543216
0.650055
0.571223
0.643544
0.599713
0.687969
0.480377
0.670709
0.65236
0.642064
0.663565
0.526716
0.640114
0.647156
0.648609
0.591649
0.536765
0.476557
0.582747
0.618143
0.719709
0.547794
0.654789
0.705179
0.584839
0.517178
0.548188
0.598433
0.618581
0.528455
0.611747
0.589994
0.611035
0.56583
0.561133
0.496432
0.5771
0.511438
0.561898
0.596624
0.663389
0.50499
0.539592
0.504153
0.546574
0.513658
0.574128
0.669836
0.493973
0.558698
0.473384
0.478402
0.517434
0.517998
0.5767
0.585796
0.522838
0.562864
0.481933
0.564671
0.52483
0.501985
0.666606
0.646387
0.528092
0.488509
0.600065
0.655986
0.566682
0.499929
0.540426
0.535055
0.572279
0.517417
0.511319
0.506648
0.50836
0.58747
0.595754
0.613958
0.587106
0.594301
0.48607
0.532915
0.581648
0.484162
0.510277
0.54782
0.483491
0.62215
0.482583
0.55275
0.470714
0.440041
0.629747
0.454595
0.568217
0.403982
0.435683
0.496659
0.461924
0.459961
0.561235
0.588262
0.526662
0.583602
0.482954
0.500593
0.5644
0.522313
0.569198
0.50615
0.513089
0.527253
0.467676
0.550268
0.547307
0.556141
0.580105
0.52695
0.46003
0.44495
0.50593
0.495658
0.543052
0.510946
0.514598
0.531848
0.583477
0.50408
0.468864
0.537938
0.51714
0.431119
0.410735
0.504594
0.438436
0.467082
0.458136
0.572948
0.549211
0.46988
0.553102
0.46254
0.503308
0.43295
0.49828
0.47584
0.554456
0.51027
0.482811
0.462812
0.509864
0.441542
0.556215
0.463997
0.503802
0.537302
0.558856
0.396855
0.523953
0.521054
0.434381
0.532037
0.446096
0.437169
0.5005
0.4576
0.502492
0.42085
0.415108
0.365067
0.481116
0.451194
0.476749
0.443982
0.450722
0.380654
0.410016
0.473068
0.418236
0.373516
0.45468
0.431655
0.399733
0.359118
0.351931
0.356345
0.382053
0.377326
0.464567
0.416366
0.454332
0.437323
0.365728
0.340354
0.409416
0.403811
0.39536
0.408667
0.421024
0.394006
0.456892
0.423384
0.402346
0.387486
0.350456
0.444702
0.403265
0.411532
0.392083
0.362991
0.380013
0.41297
0.431225
0.424464
0.436957
0.410661
0.380734
0.386417
0.409586
0.371176
0.329897
0.384176
0.378182
0.327401
0.344981
0.374332
0.320015
0.371158
0.355483
0.378586
0.347211
0.350886
0.370468
0.324312
0.358635
0.290799
0.33183
0.288798
0.337751
0.300794
0.293529
0.244424
0.241694
0.230253
0.280246
0.270677
0.264617
0.225021
0.277951
0.289806
0.241823
0.240061
0.246604
0.263503
0.282002
0.250485
0.251701
0.257089
0.212439
0.246601
0.283313
0.260806
0.251159
0.232656
0.24287
0.220555
0.235536
0.267353
0.235393
0.227497
0.227829
0.234944
0.221338
0.176441
0.200393
0.212506
0.254626
0.215537
0.213046
0.212408
0.168071
0.181321
0.179067
0.179979
0.190683
0.185725
0.177745
0.178805
0.18212
0.160583
0.197021
0.171698
0.179013
0.192276
0.172883
0.176972
