0.415918
0.434842
0.384482
0.408078
0.405943
0.42202
0.521269
0.751947
0.862449
0.822491
1.51771
1.62786
1.69329
1.73223
1.60153
1.45128
0.935148
1.07298
1.1424
0.814055
0.752299
0.871116
1.69646
1.60394
1.30902
1.51385
1.67912
1.55859
1.59375
1.65165
1.20849
1.31134
1.22217
1.14163
1.24382
1.3424
1.32858
1.33776
1.17961
1.4705
1.47916
1.38172
0.93757
1.13888
1.20516
0.823138
1.08426
1.34019
1.29832
1.21257
1.22163
1.13382
1.2215
0.896768
1.22053
1.07902
0.937446
0.997961
1.05829
0.952654
1.14958
1.45444
1.31473
1.36029
1.36471
1.27148
1.36737
1.45012
1.29904
1.32507
1.2319
1.24964
1.32048
1.38402
1.22385
1.22235
1.27554
1.32859
1.16349
1.17882
1.35384
1.15109
1.07133
1.07843
1.08685
1.11096
1.27713
1.10672
1.16713
1.05979
1.22439
1.1826
1.32089
1.37896
1.49126
1.21481
1.28839
1.09832
1.2865
1.38503
1.23405
1.5482
1.52395
1.4797
1.48736
1.39941
1.26308
1.41092
1.35093
1.35335
1.50364
1.45714
1.2783
1.16408
1.25382
1.30162
1.24498
1.39057
1.28211
1.37174
1.39774
1.31423
1.43782
1.4257
1.25363
1.40497
1.31447
1.56778
1.25318
1.44943
1.41002
1.29332
1.3505
1.35188
1.29805
1.3147
1.22365
1.4021
1.26569
1.39255
1.42865
1.34883
1.21042
1.15648
1.42524
1.14351
1.20479
1.38897
1.27215
1.24297
1.3351
1.41918
1.26484
1.2972
1.47457
1.18117
1.35605
1.51778
1.08014
1.36109
1.16103
1.24346
1.31477
1.21857
1.2908
1.23723
1.2324
1.25431
1.15197
1.20139
1.1942
1.41478
1.37201
1.21516
1.30401
1.38937
1.41112
1.20154
1.374
1.40451
1.39904
1.14163
1.17707
1.35185
1.28424
1.38062
1.10489
1.23638
1.21286
1.45364
1.30817
1.38705
1.10208
1.47799
1.08231
1.14775
0.991241
1.25138
1.3656
1.39549
1.46639
1.38005
1.45177
1.14783
1.38332
1.16501
0.9443
1.29163
1.11567
0.960701
1.20537
1.16843
1.00377
1.25356
1.4758
1.1112
1.30215
1.29236
1.16406
1.09238
1.01064
1.38144
1.31795
1.1416
1.0471
1.14251
0.833867
1.19736
1.42152
0.944622
0.958321
0.922386
1.0542
1.0044
0.99794
1.04172
1.30327
0.980632
0.896846
0.722569
1.10277
0.929636
0.788681
1.16279
1.07952
1.01019
0.887046
0.841182
1.06575
0.856722
0.76798
0.897269
0.955723
0.974382
1.24062
0.996631
1.01339
0.814749
0.898188
0.888958
1.182
0.869783
0.944591
0.903384
0.855004
0.779586
0.883851
0.691574
0.716134
0.953784
1.05984
0.971539
0.996654
0.796866
0.917306
0.832729
0.830063
0.723552
0.596994
0.664827
0.604091
0.57003
0.622359
0.589747
0.524611
0.678366
0.56042
