0.226434
0.233169
0.348765
0.398215
0.357976
0.400148
0.332664
0.312754
0.271997
0.329045
0.309998
0.285697
0.268411
0.283742
0.262097
0.276935
0.36783
0.554897
0.404165
0.47183
0.500202
0.522714
0.592834
0.920198
1.10646
0.759288
0.894278
1.36986
1.26571
1.53927
1.13816
1.24898
0.907372
1.01513
0.766074
0.925263
1.28432
1.46793
1.20538
1.40593
1.32099
1.53115
1.5607
1.25406
1.26551
1.29919
2.15721
1.48567
1.87221
2.10197
1.48595
1.15225
1.61805
2.47891
1.94492
2.09161
2.0632
2.69562
2.56303
2.82904
1.97112
2.43565
2.1383
2.51706
2.47794
2.14463
2.37484
2.56279
2.14226
2.37909
2.57313
2.08503
2.54434
1.93214
1.64562
3.07162
2.03266
2.45095
2.424
1.92769
1.91562
2.34906
2.61804
3.0878
2.8109
2.66019
2.3189
2.34727
2.6732
2.82587
2.39854
2.56863
2.51346
3.05536
2.91222
3.03484
3.95099
2.99555
2.96057
3.22197
3.21766
3.19643
3.25692
2.96347
3.40108
3.70257
3.71773
3.34912
3.19077
3.55756
3.59848
3.02384
3.23924
3.41678
4.38741
4.91195
2.51489
3.20751
3.33635
3.34971
3.24612
3.24746
3.10185
3.06436
3.27573
1.98972
1.40139
1.13797
1.0724
1.23263
