0.279153
0.27709
0.286295
0.264076
0.172939
0.229122
0.187098
0.307975
0.274163
0.320442
0.181522
0.279269
0.383672
0.382867
0.366785
0.370542
0.413064
0.334362
0.468442
0.545005
0.707137
0.647277
0.408054
0.605156
0.54155
0.528399
0.745988
0.660074
0.825085
0.749816
0.79544
1.0375
0.936781
0.755858
1.16004
0.988583
0.869285
0.815219
0.705455
1.0296
0.739673
0.709189
1.08334
0.79274
0.896655
0.985528
1.50934
1.25835
1.10344
1.40597
1.96184
0.917906
1.49508
1.19125
1.10575
1.5986
1.52284
1.18774
1.2642
1.34226
1.66336
2.18332
2.63199
2.6456
1.54734
1.26892
1.10292
0.701322
0.629551
0.571978
0.839997
0.845868
0.6865
0.803411
1.6185
0.7539
0.573393
0.691601
0.759588
1.2497
1.57472
1.82247
1.34144
1.25329
0.870705
1.49178
1.30499
0.753308
0.960647
0.932812
0.853649
0.820163
1.30109
1.77921
1.19794
1.47309
0.93342
0.974174
0.973752
0.86995
1.01956
0.865878
1.31069
2.33201
2.2979
1.8476
1.61349
2.53288
1.42748
0.936723
1.34503
1.51357
1.7037
1.38753
1.57888
1.56136
1.77379
1.54482
1.48891
1.05496
1.35459
1.26276
1.86812
1.07313
1.09224
1.20744
0.982972
1.21781
1.1681
0.937512
1.33036
1.95655
1.61313
1.67947
1.79017
1.93256
1.06781
2.03354
1.17493
1.80856
1.54025
2.23348
2.78748
1.95201
1.16489
1.40498
2.10034
0.83066
1.21949
0.995959
0.954798
0.781195
1.39476
1.50899
1.23752
1.13951
1.23613
