9.36761
8.82934
8.74568
9.00113
8.70309
8.67936
8.77089
8.55604
12.9213
20.4739
23.5076
44.6996
87.5818
84.5489
90.0152
66.1395
73.8355
53.0235
46.6682
41.5028
42.4746
44.5039
53.3016
54.0372
43.352
49.9463
50.6541
45.1505
45.7506
53.8054
48.79
49.1324
50.1813
46.5464
44.5057
45.2554
44.0175
44.566
47.5753
44.8077
43.1195
43.6841
42.6655
43.342
43.0396
45.2502
46.8771
39.7843
39.9641
46.4736
41.1245
45.6754
42.9306
43.4056
41.5785
40.1533
41.363
39.1724
41.6261
39.3018
36.7907
39.1227
34.8425
38.5706
36.7142
34.715
36.7602
34.6538
32.1562
37.3784
31.7203
35.428
30.2094
39.6631
35.2386
36.9225
35.6406
31.8645
35.5155
31.7158
30.8272
30.5445
30.5886
35.9453
35.4284
35.8745
31.9582
31.656
36.1971
35.3113
31.7119
31.1201
31.2647
36.0915
31.9658
30.5173
25.4989
32.4154
24.6992
30.5247
26.9478
29.9053
29.5574
30.4678
24.1488
28.7555
28.9184
21.9448
25.6642
19.7123
19.7366
18.3967
20.5528
24.1007
23.052
18.6942
21.1332
18.7451
21.0524
18.5842
17.4232
21.3848
18.1476
18.4088
24.662
16.1034
13.9363
16.7785
12.7931
18.9468
15.1898
13.6649
14.5523
14.7687
14.2117
16.2065
11.1064
11.246
14.02
11.4268
11.3881
8.38421
9.8833
