2.34583
2.42191
5.45749
6.52413
7.71631
11.1922
9.61556
12.1209
6.6017
9.19956
10.7352
7.22442
9.01258
4.70546
9.26864
7.76179
9.30439
3.83076
5.89098
7.51462
5.51001
5.71646
6.69427
6.44842
4.66888
4.79601
7.98286
4.57546
7.64866
11.0188
9.10889
6.85728
7.53742
7.01805
9.35691
10.1734
9.95044
9.17729
11.1625
10.2128
8.34926
8.77062
11.4959
10.0266
12.2208
9.22999
10.4808
8.37807
10.9857
6.83741
6.33189
7.34682
5.73267
9.33646
6.94346
5.84353
5.01433
4.47392
4.71421
5.85458
6.22723
6.91696
6.91909
8.27351
7.17729
7.89503
5.28299
6.6436
4.1151
5.26128
4.63047
3.08831
4.53369
6.69234
5.9134
5.02981
5.72821
5.56078
7.03703
5.80235
11.3969
4.08487
7.75032
5.43525
3.30561
5.94923
3.45848
6.92011
5.60141
8.80509
3.17611
3.41161
4.28883
3.37291
5.21282
5.56324
5.256
6.10105
5.64892
5.594
5.84178
7.07462
6.51274
6.49737
3.43958
5.29585
4.47404
5.46783
3.42265
4.12868
4.14313
3.9146
5.78185
4.11869
4.04755
3.71949
3.45337
3.04542
2.13486
3.02647
3.2934
3.57179
2.87061
4.60714
4.96934
4.97401
4.2003
2.73077
1.8078
1.92121
1.2936
1.31728
1.28917
1.27108
0.995249
0.952845
0.803982
1.04854
1.44034
2.0153
3.32536
2.92052
5.10932
2.59983
2.24471
2.7084
1.76507
1.27462
0.850982
1.25886
2.15135
1.9018
1.95081
1.98162
1.41393
1.23651
2.19995
1.34701
1.17011
1.99558
2.40974
1.86979
2.31875
2.29758
1.68116
1.3737
1.63058
1.47933
1.51931
0.997753
1.64087
2.11647
2.81808
2.79392
2.39146
1.86603
1.67725
3.08259
1.22671
1.91682
2.08707
1.87593
1.25708
