0.433491
1.2925
1.33669
1.03974
1.20351
1.26632
1.97722
0.902104
1.0744
1.90466
2.06724
1.32134
1.05043
1.274
1.84439
1.44237
1.34252
1.46088
1.27591
1.4385
1.39902
1.32176
1.95844
1.80503
1.75212
1.67332
1.67444
1.67878
2.06381
1.54718
1.86848
1.93741
1.9677
2.18529
1.64604
1.68823
2.00679
2.09095
1.72247
1.96473
2.02952
1.70824
2.23067
2.16205
1.85093
2.1248
2.14557
2.41033
2.13087
2.23235
2.48966
2.07276
2.20335
2.3007
2.02487
2.40147
2.46785
2.6525
2.21328
2.37353
2.34435
2.86724
1.90908
2.47375
2.85336
2.39792
2.63699
2.42451
2.84359
2.13549
2.371
2.85234
2.38378
2.93569
3.15961
2.29832
2.75318
1.88974
2.43084
2.86246
3.19685
2.60092
2.51261
2.90016
2.85305
3.12126
2.84711
2.61983
3.03166
2.67432
2.54751
2.81552
2.98018
2.70136
2.91889
2.57948
2.82152
2.16226
3.05251
2.29139
2.27716
2.421
2.18941
2.59366
3.44158
3.42072
4.6692
2.56663
3.10648
3.38159
3.59309
3.78843
2.7239
3.37868
3.74364
3.22797
3.38367
4.8423
