0.0941271
0.0891903
0.0839675
0.0948188
0.0935144
0.0862935
0.0962263
0.304165
0.163792
0.179587
0.144566
0.251535
0.16381
0.166123
0.134039
0.101096
0.114438
0.106073
0.0909675
0.120379
0.0987052
0.187191
0.180082
0.208702
0.259134
0.301361
0.229498
0.227754
0.27494
0.328483
0.257326
0.247094
0.269682
0.252908
0.162764
0.244558
0.340989
0.510334
0.469609
0.539108
0.534762
0.390014
0.573293
0.576785
0.566873
0.623288
0.571822
0.41778
0.566441
0.645872
0.506968
0.554135
0.521111
0.565647
0.51448
0.481867
0.562765
0.742324
0.457488
0.51307
0.650048
0.701145
0.703072
0.782831
0.969889
0.956674
0.795786
1.01321
0.937603
0.876094
0.805902
1.05915
1.04886
0.821978
1.01192
0.997114
1.0523
0.853974
0.9408
1.02171
0.812325
0.609672
0.931844
0.693402
1.04133
1.19773
0.778158
0.755333
0.943142
0.955282
1.12402
1.00883
1.13779
1.09037
1.07338
1.10506
1.01519
1.11628
1.08963
1.14742
1.09511
1.04336
1.16746
1.15955
1.18268
1.16966
1.12484
1.17395
1.2162
1.15746
1.47519
1.22415
1.08026
1.2145
1.20687
1.11551
1.09652
1.02771
1.65578
1.13526
1.31948
1.19844
2.46633
1.68409
0.565654
1.98559
1.66305
1.1423
0.951243
0.903304
