1.28884
1.44361
2.89166
2.93966
2.67635
2.28153
2.36381
2.2073
2.29601
2.18825
2.47524
3.34431
2.81826
2.80658
3.14242
2.97261
3.09073
3.10792
3.06895
2.55199
1.9228
1.67903
3.30405
2.87354
2.6357
2.57728
2.47096
3.02465
2.66062
2.84856
2.58614
2.52445
2.3543
2.8777
2.96419
2.46546
2.14675
2.3934
2.7985
2.90421
3.05316
2.79811
2.71763
2.83646
2.90131
2.58198
2.6289
2.83121
2.57644
2.47965
2.56554
2.15768
2.40931
2.75495
2.45816
2.95532
2.69641
3.10251
3.11263
2.4659
2.45697
2.50508
2.63236
2.33205
2.41255
2.47581
2.24877
2.91754
2.4661
2.63996
2.67786
2.54206
2.49214
2.2541
2.54484
2.84438
2.45815
2.74247
2.68863
2.62918
2.10271
2.3478
2.19438
2.34463
2.10798
2.49162
2.64417
2.54275
2.70146
2.45119
2.70316
2.35775
2.52191
2.19219
2.18585
1.82805
2.04423
1.947
1.82965
1.71369
1.75893
1.96361
2.26095
2.14452
2.22853
2.30756
1.91504
2.18999
2.16906
2.10038
1.97583
1.87546
1.95637
2.50282
2.10159
2.19912
2.26719
2.06397
2.27291
2.03838
1.79242
2.51784
2.0065
1.72933
1.82531
1.67054
1.8086
1.66685
1.50167
1.81113
1.39326
1.7581
1.63515
2.04362
2.03957
1.84875
2.06733
1.82504
1.74485
1.70614
1.40521
1.43481
1.6991
1.54733
1.64453
1.54369
1.83724
1.78475
1.68574
1.89017
1.62792
1.52701
1.65402
1.67605
1.871
1.66444
1.47374
1.38715
1.41627
1.53338
1.63425
1.3465
1.60053
1.41962
1.40114
1.41864
1.60183
1.63789
1.58997
1.60218
1.60604
1.36129
1.42431
1.59789
1.49402
1.40379
1.32352
1.44129
1.5832
1.40725
1.55928
1.52455
1.6664
1.53734
1.46021
1.47292
1.41763
2.06508
1.61832
1.66187
1.58351
1.59423
1.5027
1.40799
1.60443
1.71653
1.66456
1.40431
1.80439
1.55553
1.35591
1.64647
1.57291
1.48343
1.69297
1.63094
1.62423
1.59893
1.57849
1.66702
1.48178
1.52147
1.439
1.55011
1.38921
1.46446
1.49759
1.31918
1.31765
1.30935
1.63221
1.26876
0.995303
1.18026
0.987057
0.717474
0.824687
0.703536
1.05607
1.07671
0.959131
1.00767
1.07141
1.07164
0.996795
1.24164
1.2849
1.26659
1.09486
1.0168
1.05733
0.989129
1.1003
1.09525
0.829767
0.953379
1.02402
0.946439
0.772591
1.20848
1.16795
1.08637
1.15781
0.982106
0.977532
0.940204
0.982661
1.08394
0.99212
1.05583
1.0454
1.1333
1.0711
0.957139
0.9221
0.99758
0.985882
1.16067
1.10286
1.08814
1.00285
1.02333
1.10644
1.03066
0.989138
0.960351
1.09221
0.967937
1.03922
1.06588
1.10437
1.07267
1.02624
1.1503
1.16418
1.04603
1.1144
1.23982
0.966899
0.987953
1.11637
0.986191
1.1005
1.0749
1.1003
0.969151
0.923574
1.04209
0.97261
1.06716
0.966347
1.07039
1.07064
0.952479
0.867696
1.0247
0.969246
0.95092
0.894748
1.00225
0.696941
0.720525
0.824063
0.763121
0.731143
0.991782
0.78918
0.640393
0.820314
0.824665
0.719773
0.651838
0.757976
0.712534
0.835841
0.71118
0.875801
0.706557
0.615245
0.776082
0.613711
0.754245
0.69524
0.659105
0.676518
0.704893
0.611448
0.652728
0.769065
0.734329
0.680353
0.583678
0.622613
0.965662
0.62269
0.658263
0.682795
0.767148
0.70089
0.729038
0.757808
0.662341
0.617519
0.640586
0.746183
0.677202
0.857858
0.735454
0.545964
0.637295
0.568673
0.60857
0.708321
0.682566
0.668306
0.714534
0.790874
0.822301
0.776771
0.730458
0.694133
0.753913
0.670814
0.58903
0.62124
0.668421
0.673302
0.616934
0.603512
0.567194
0.509433
0.615441
0.669986
0.720464
0.809956
0.710279
0.613598
0.596812
0.57953
0.630417
0.566305
0.659434
0.592339
0.649659
0.794818
0.689466
0.728706
0.670977
0.76588
0.650779
0.597405
0.771981
0.685309
0.568704
0.582279
0.66786
0.731286
0.520517
0.613095
0.731022
0.697047
0.746107
0.731126
0.678834
0.738492
0.684682
0.675749
0.751152
0.657008
0.599904
0.585467
0.624798
0.660241
0.648069
0.638645
0.633353
0.648436
0.620266
0.640361
0.606674
0.61466
0.633169
0.649254
0.683414
0.687341
0.649848
0.604117
0.626651
0.644836
0.664364
0.586115
0.60854
0.622358
0.6066
0.650369
0.593489
0.641126
0.633025
0.66298
0.652841
0.668404
0.64431
0.60702
0.58798
0.639847
0.606959
0.574322
0.617305
0.62413
0.581858
0.597758
0.601566
0.566331
0.681045
0.655347
0.471727
0.587531
0.628754
0.653813
0.633693
0.605204
0.606768
0.577231
0.574881
0.591908
0.560222
0.594142
0.515776
0.54907
0.567955
0.679318
0.655739
0.615128
0.552189
0.557507
0.505219
0.651068
0.622083
0.55637
0.590509
0.570649
0.524406
0.578181
0.588058
0.498947
0.627169
0.573214
0.594369
0.59181
0.613309
0.628687
0.548926
0.505913
0.537138
0.537591
0.517308
0.545583
0.554657
0.508467
0.511916
0.562535
0.529612
0.479737
0.474106
0.474437
0.520828
0.512638
0.515048
0.50785
0.521193
0.599675
0.553863
0.579933
0.475471
0.528174
0.448854
0.506514
0.581991
0.489196
0.597724
0.571616
0.637249
0.59675
0.52717
0.637592
0.484737
0.525023
0.518489
0.495681
0.500054
0.526491
0.492223
0.536974
0.517512
0.544562
0.494173
0.520046
0.577089
0.554192
0.571304
0.571261
0.525213
0.506512
0.580741
0.513395
0.488027
0.4696
0.46764
0.505667
0.498692
0.542422
0.451081
0.482343
0.496575
0.516413
0.500564
0.495112
0.50222
0.553415
0.549463
0.508215
0.554202
0.596134
0.519004
0.521883
0.546687
0.558993
0.57254
0.574058
0.506119
0.49168
0.522176
0.548234
0.521661
0.513878
0.580463
0.597091
0.59201
0.627649
0.674007
0.659156
0.602234
0.6557
0.710956
0.687394
0.698221
0.640792
0.6476
0.681997
0.804232
0.744122
0.748645
0.754313
0.750272
0.714429
0.774521
0.761446
0.750706
0.818988
0.810117
0.79235
0.758234
0.729722
0.70099
0.701024
0.677415
0.757202
0.700506
0.763879
0.785915
0.779636
0.810175
0.807556
0.764876
0.759887
0.757196
0.867672
0.848824
0.90844
0.825346
0.80659
0.839459
0.814568
0.825471
0.833944
0.848339
0.860259
0.885784
0.840327
0.815872
0.797898
0.815497
0.755176
0.72381
0.763407
0.747906
0.767645
0.777056
0.764707
0.779198
0.815226
0.789216
0.781126
0.806851
0.768906
0.821067
0.774489
0.801105
0.793695
0.813551
0.780532
0.777475
0.824687
0.869029
0.874729
0.852771
0.925828
0.891354
0.914352
0.811287
0.912505
0.880585
0.928621
0.979757
0.904085
0.677658
0.817574
0.791336
0.751509
0.817525
0.723398
0.557883
0.674894
0.683968
0.567195
0.506154
0.484141
0.589005
0.496034
0.599623
0.589914
0.652876
0.651146
0.755429
0.718041
0.799139
0.76799
0.770669
0.808258
0.913247
0.830228
0.685734
0.708302
0.725493
0.640335
0.689871
0.714152
0.765633
0.624763
0.71178
0.696243
0.707053
0.699608
0.660585
0.626887
0.641911
0.629483
0.668343
0.58077
0.588538
0.613143
0.601045
0.535488
0.56129
0.810905
0.669235
0.744365
0.785086
0.717567
0.740654
0.651578
0.629098
0.713551
0.754967
0.66172
0.572236
0.817944
0.809517
0.624085
0.734137
0.680635
0.771962
0.687614
0.687922
0.644297
0.663154
0.614589
0.677316
0.710013
0.785057
0.721133
0.787585
0.779214
0.814348
0.750616
0.753455
0.719447
0.695386
0.685565
0.696947
0.730178
0.647676
0.662759
0.624046
0.62387
0.722961
0.759442
0.708308
0.608886
0.670661
0.584696
0.57417
0.654998
0.606424
0.611541
0.640144
0.612587
0.627206
0.730418
0.601022
0.595136
0.699959
0.705098
0.692022
0.675842
0.683272
0.711542
0.761779
0.67191
0.746649
0.72676
0.732162
0.737582
0.754558
0.742882
0.759644
0.757043
0.762449
0.721442
0.760929
0.827522
0.803584
0.743686
0.826255
0.755164
0.62768
0.784412
0.75929
0.76901
0.639323
0.600396
0.600708
0.648947
0.579293
0.634555
0.648148
0.55407
0.506819
0.578621
0.568939
0.560982
0.611334
0.615459
0.70848
0.655223
0.707571
0.654071
0.590644
0.623794
0.640569
0.584908
0.603178
0.599278
0.611899
0.608075
0.586019
0.562158
