0.0421371
0.0513546
0.0521025
0.0829781
0.0910222
0.0806001
0.0909368
0.107229
0.12346
0.117935
0.134872
0.112071
0.115046
0.102841
0.122945
0.119553
0.187668
0.225306
0.284628
0.307908
0.353164
0.285273
0.169011
0.133032
0.511122
1.87322
0.956727
0.833868
0.851957
0.741011
0.908088
1.38151
1.4269
1.66471
2.74762
1.3878
0.916493
0.468759
0.678961
0.497823
0.388293
0.9149
0.583782
0.612408
0.699232
0.854204
1.23275
1.36202
2.34802
1.68586
1.28698
1.69772
1.0651
1.57777
1.52406
1.03891
0.791751
1.10938
1.41724
0.843926
1.02582
1.08095
1.3628
1.88398
1.97967
0.864179
2.58664
1.33495
1.44887
0.967065
1.31671
1.37235
1.41732
1.63503
1.49224
1.59727
1.88087
1.4806
1.75963
1.36993
1.83964
1.21384
1.67121
1.74495
1.77444
1.60478
1.82865
1.27583
1.73896
1.83868
2.87904
2.79457
2.13934
2.6837
1.49856
1.01679
1.13766
0.683847
2.39571
1.25246
1.8621
2.86118
5.62426
1.45974
3.0546
2.3884
2.11112
2.91673
1.63736
1.6859
2.30501
1.98418
2.1992
1.10372
1.09304
1.95674
1.00695
2.71405
2.02329
2.50091
0.888831
1.24573
0.971304
0.823087
1.3114
1.12914
3.03316
1.26815
1.64618
3.04288
