0.186976
0.206971
0.205224
0.222517
0.241315
0.31997
0.822279
1.04165
0.90778
0.911542
0.783384
0.752342
0.76961
0.875039
0.768249
0.653445
0.762722
0.69675
0.690343
0.691533
0.658342
0.611159
0.664091
0.724826
0.674154
0.730665
0.674153
0.685934
0.666389
0.769746
0.704704
0.760395
0.752068
0.6696
0.787681
0.769095
0.739995
0.702904
0.7657
0.781785
0.819878
0.805745
0.831895
0.76322
0.743167
0.762985
0.666072
0.705563
0.818218
0.829455
0.831171
0.743275
0.828219
0.909406
0.793269
0.83979
0.848698
0.841615
0.799288
0.82649
0.860498
0.826385
0.772914
0.593207
0.691602
0.845053
0.875231
0.984986
0.801687
0.917203
0.862761
0.89437
0.779774
0.96954
0.926191
0.821
0.812073
0.886264
0.857669
0.829985
0.757018
0.885025
0.884299
0.864582
1.02318
0.9336
0.810879
0.926422
0.940176
0.779684
0.852686
0.919353
0.924359
0.789835
0.834267
0.791934
0.774053
0.69736
0.69474
0.807877
0.671742
0.83603
0.876159
0.763631
0.77049
0.816921
0.898733
0.743999
0.834022
0.835254
0.871775
0.840724
0.887697
0.834128
0.95495
0.757039
0.772293
0.781993
0.835781
0.845931
0.801914
0.789027
0.703658
0.731698
0.767464
0.754282
0.715359
0.723978
0.707138
0.659082
0.758365
0.650265
0.646069
0.608193
0.588193
0.670529
0.625589
0.530515
0.625558
0.550536
0.600199
0.626677
0.706104
0.626987
0.611697
0.65999
0.52104
0.551192
0.542542
0.585157
0.644196
0.572634
0.592354
0.61544
0.658406
0.616165
0.577015
0.509337
0.684437
0.545675
0.595863
0.605774
0.58859
0.608785
0.618508
0.619713
0.649183
0.670809
0.700639
0.686051
0.688505
0.655555
0.558545
0.674872
0.621698
0.702388
0.710398
0.603599
0.710066
0.587482
0.613671
0.584137
0.538915
0.600613
0.540147
0.534227
0.633282
0.550537
0.553958
0.602739
0.580371
0.602442
0.583032
0.590092
0.655938
0.521556
0.624513
0.659957
0.562855
0.620332
0.644203
0.606477
0.670789
0.701708
0.651037
0.728732
0.582479
0.655349
0.67347
0.699631
0.616513
0.743728
0.699145
0.711454
0.773023
0.609549
0.659143
0.71135
0.645651
0.619548
0.58097
0.75323
0.575435
0.814507
0.624047
0.740172
0.598373
0.757006
0.72287
0.754584
0.772744
0.57591
0.672372
0.624074
0.796695
0.683123
0.58863
0.76411
0.861962
0.60893
0.630584
0.707938
0.604625
0.659126
0.703726
0.792644
0.701937
0.655667
0.69706
0.65162
0.57821
0.771784
0.731554
0.714767
0.769102
0.725329
0.772006
0.643628
0.627227
0.644149
0.673694
0.660499
0.672102
0.755585
0.682349
0.655528
0.815687
0.674143
0.668992
0.813936
0.678066
0.663628
0.670969
0.57809
0.740227
0.716809
0.625815
0.754099
0.634186
0.731919
0.574432
0.591361
0.869378
0.664831
0.531325
0.686292
0.609463
0.562514
0.844184
0.786571
0.797587
0.652668
0.599288
0.494572
0.636895
0.594179
0.554768
0.617934
0.538193
0.642799
0.661494
0.720445
0.802815
0.812273
0.811565
0.693184
0.616271
0.721637
0.866901
0.870663
0.823334
0.734609
0.764573
0.878607
0.820487
0.652536
0.68588
0.62104
0.668395
0.753349
0.722274
0.66061
0.65535
0.50334
0.573429
0.625338
0.709972
0.608858
0.668756
0.626181
0.494632
0.573058
0.615025
0.625028
0.646176
0.723598
0.587842
0.629598
0.53086
0.458173
0.516857
0.536658
0.56729
0.616116
0.655106
0.605388
0.608725
0.527702
0.625373
0.662183
0.544737
0.529247
0.560501
0.536209
0.513302
0.523052
0.517337
0.577434
0.61676
0.522471
0.591139
0.538688
0.469845
0.501743
0.514364
0.52661
0.516489
0.492125
0.506076
0.518394
0.482376
0.488138
0.575164
0.569775
0.492878
0.460954
0.355689
0.433331
0.431784
0.567146
0.493911
0.620306
0.629384
0.639398
0.584626
0.547255
0.516001
0.517389
0.461138
0.44867
0.471029
0.489836
0.509053
0.47183
0.552577
0.601499
0.573506
0.506877
0.485726
0.579704
0.464673
0.419696
0.481139
0.560103
0.450389
0.407947
0.351433
0.446095
0.310185
0.361169
0.311553
0.333604
0.403439
0.455524
0.400129
0.421338
0.370678
0.361896
0.328909
0.29924
0.344122
0.328306
0.346841
0.307034
0.268695
0.318395
0.298954
0.31572
0.304469
0.274657
0.312112
0.292193
0.258495
0.291716
0.30247
0.273023
0.299996
0.309144
0.310627
0.319124
0.280419
0.310327
0.310543
