0.428743
0.445214
0.386469
0.302598
0.322269
0.418086
0.519766
0.846914
1.08376
1.98973
2.41333
2.33354
2.16663
1.87265
1.58439
1.66176
1.78627
1.60959
1.40118
1.27785
1.15198
1.53275
1.45208
1.35485
1.36362
1.4858
1.3158
1.56746
1.26215
0.997905
0.747275
0.877829
1.43884
1.3016
1.13222
1.30447
1.31739
1.23493
1.01533
1.20342
1.14169
1.01779
0.997922
1.05139
0.595201
0.368346
0.409041
0.356932
0.412892
0.240832
0.248
0.245909
0.265111
0.261644
0.248583
0.27312
0.270557
0.270744
0.299429
0.352738
0.338591
0.285368
0.535183
1.30359
1.37486
1.16542
0.817355
0.353881
0.396236
0.309291
0.315656
0.291747
0.286112
0.344004
0.356483
0.289568
0.268411
0.253905
0.288734
0.284206
0.285457
0.259132
0.299831
0.28682
0.278645
0.254575
0.279027
0.310752
0.283243
0.316156
0.237108
0.255995
0.26057
0.271712
0.23716
0.263478
0.266589
0.279375
0.269287
0.259257
0.261037
0.256616
0.27574
0.270474
0.268879
0.282551
0.24007
0.283851
0.254699
0.283374
0.259186
0.23506
0.251459
0.265373
0.245661
0.247396
0.242997
0.254083
0.27075
0.248011
0.246583
0.243374
0.238963
0.267488
0.228366
0.337684
0.381052
0.573761
1.21322
0.582972
0.377767
0.320241
0.352733
0.33159
0.323313
0.25886
0.292017
0.255897
0.255924
0.262155
0.274721
0.295803
0.325475
0.328623
0.659177
1.3913
1.37145
1.4338
0.815901
0.677222
1.09071
0.800655
1.13493
1.07195
1.12403
1.01906
0.781852
1.07094
0.961261
0.967601
1.20563
1.12657
0.951137
1.13485
0.869892
0.989544
1.16094
1.10542
0.845449
0.901549
1.1278
1.06425
1.02768
1.03182
1.16509
0.997919
0.944599
0.883938
1.02671
0.882984
0.933231
0.97864
0.929279
0.856406
0.917474
0.887371
0.929709
0.791355
0.871651
0.833145
0.938744
0.864672
0.951679
0.998701
1.00337
0.97262
0.881154
0.918061
0.916188
0.92077
1.02126
1.02132
1.13917
0.899457
0.918845
0.98768
1.03141
0.818867
1.04364
1.04324
1.03566
0.940369
1.04125
1.01705
0.989995
0.964013
0.960768
1.11885
0.98902
1.00522
0.967294
0.854162
0.952639
0.981162
1.0669
1.01808
0.957436
1.02014
1.05901
1.04635
1.00183
1.1052
0.995641
1.00179
1.13051
0.900183
0.973052
0.886016
1.04652
0.918002
0.837203
0.904413
0.959596
1.1019
0.910941
0.926661
0.86877
0.720863
0.851446
0.820935
0.82469
0.86846
0.896238
0.901184
0.882556
0.891605
1.2109
1.15697
1.09092
1.17136
1.29336
0.953115
1.14023
1.12215
1.0139
1.14018
0.865113
1.01088
1.01305
0.834357
0.88116
0.932774
1.1745
1.10264
1.13535
1.19363
0.957921
1.36393
1.54658
1.47296
1.43531
1.47783
1.43564
1.13155
1.31088
1.29431
1.33326
1.13321
1.1343
1.10659
1.21127
1.14389
1.09925
1.15789
1.1737
1.18212
1.24571
1.13556
1.07279
1.05474
1.02223
0.997248
1.36548
1.32314
1.21162
1.27723
1.07139
0.893166
0.874227
0.889624
0.677304
1.02372
0.826668
0.756749
1.10905
0.674603
0.928248
1.30313
0.877749
0.899405
0.908916
0.765599
0.784387
0.828203
0.720999
0.688289
0.428175
0.522235
0.478752
0.574235
0.501293
0.668734
0.542113
0.646692
0.608866
0.797586
0.635557
0.706669
0.761087
0.7424
0.605393
0.649583
0.64871
0.745659
0.720115
0.718411
0.821581
0.914596
0.70456
0.912925
0.827308
0.878831
0.816079
0.688472
0.737661
0.737548
0.485333
0.584553
0.516429
0.567457
0.667461
0.654396
0.495233
0.765935
0.608013
0.654813
0.530765
0.616686
0.523475
0.566753
0.665246
0.519358
0.484864
0.545832
0.552432
0.702292
0.486128
0.689453
0.638871
0.64209
0.57881
0.602972
0.481442
0.673176
0.634396
0.56603
0.785871
0.606721
0.553487
0.683093
0.580362
0.645213
0.535904
0.748613
0.893177
0.864816
0.738238
1.08467
1.13827
0.640531
1.01013
0.710851
0.841074
0.946078
0.914175
0.947969
0.846858
1.02819
0.892437
1.00432
0.866507
0.875067
0.878899
0.603054
0.459896
0.482781
0.522307
0.662084
0.534026
0.502356
0.519516
0.689213
0.525911
0.473211
0.452196
0.551825
0.493874
0.478025
0.422662
0.445494
0.446974
0.497281
0.442551
0.360361
0.478152
0.55257
0.463515
0.489734
0.499036
0.466132
0.58058
0.558525
0.507576
0.428435
0.361518
0.50885
0.388757
0.448259
0.54906
0.459991
0.512506
0.510303
0.501166
0.464716
0.48942
0.424501
0.548632
0.450115
0.476572
0.413023
0.341229
0.427514
0.493495
0.400048
0.469714
0.341322
0.450238
0.383885
0.307067
0.422793
0.308038
0.351025
0.413339
0.275841
0.425986
0.510503
0.376972
0.427612
0.388277
0.353272
0.404369
0.343783
0.369623
0.387463
0.44132
0.405883
0.425279
0.38308
0.414613
0.363112
0.416491
0.362735
0.387919
0.374237
0.346228
0.415377
0.470127
0.420537
0.399645
0.383803
0.372324
0.439318
0.404141
0.350354
0.342052
0.359698
0.370899
0.448076
0.359878
0.361751
0.409174
0.441473
0.420169
0.42445
0.48914
0.354143
0.323527
0.36134
0.485605
0.459212
0.354598
0.451681
0.359865
0.417861
0.546274
0.403615
0.550866
0.417422
0.424736
0.399747
0.516933
0.583833
0.64569
0.685209
0.787827
0.612789
0.674596
0.597356
0.556509
0.458976
0.472772
0.520431
0.509376
0.45793
0.521234
0.529363
0.563688
0.630611
0.550724
0.504972
0.484832
0.497381
0.543552
0.445332
0.507184
0.531888
0.490024
0.481796
0.474286
0.457239
0.518866
0.577496
0.47136
0.411016
0.414465
0.383014
0.508489
0.478863
0.4023
0.436151
0.443307
0.494043
0.440099
0.397635
0.377341
0.332259
0.424511
0.330249
0.450149
0.330729
0.394797
0.350258
0.48321
0.437721
0.426664
0.511468
0.358206
0.410596
0.515409
0.36185
0.427562
0.368139
0.542417
0.367153
0.37197
0.327589
0.324202
0.29796
0.305627
0.441574
0.297806
0.26443
0.316659
0.285563
0.386273
0.315557
0.3032
0.311538
0.327581
0.284779
0.402747
0.341078
0.279631
0.31213
0.419722
0.323116
0.380985
0.307717
0.374301
0.300523
0.274161
0.398465
0.31012
0.285407
0.265244
0.360233
0.296684
0.301026
0.265842
0.264379
0.392525
0.200392
0.23153
0.253077
0.240196
0.254319
0.303871
0.335899
0.330986
0.298104
0.323479
0.302277
0.290571
0.301924
0.236153
0.267869
0.336038
0.206258
0.258273
0.251398
0.247215
0.218866
0.35344
0.210521
0.251392
0.228791
0.198446
0.252191
0.262717
0.265011
0.215239
0.330631
0.19666
0.251646
0.231144
0.194189
0.252795
0.231062
0.288544
0.237846
0.225849
0.231412
0.215483
0.267812
0.224529
0.248469
0.228189
0.249593
0.202799
0.238272
0.193318
0.179948
0.239101
0.224245
0.227883
0.205012
0.253914
0.210087
0.20989
0.207263
0.269926
0.190685
0.223878
0.299389
0.237877
0.229434
0.233486
0.269548
0.235802
0.17698
0.180486
0.174253
0.164367
0.156024
0.181215
0.179123
0.147015
0.169105
0.169549
0.14485
0.165762
0.158484
0.169533
0.164085
0.147089
0.151259
0.17788
0.146247
0.144961
0.176027
0.158595
0.148743
0.154065
0.114575
0.145329
0.124808
0.118674
0.159171
0.153529
0.135058
0.138477
0.155041
0.120064
0.122195
0.1281
0.153034
0.116197
0.147349
0.131116
0.120967
0.143637
0.142679
0.125362
0.120254
0.125968
0.139682
0.136018
0.151777
0.126854
0.154637
0.129893
0.124234
0.138077
0.145863
0.135569
0.139108
0.129467
0.126357
0.138602
0.130368
0.16128
0.130839
0.142789
0.117356
0.109068
0.136157
0.121199
0.120876
0.127191
0.151925
0.133737
