1.77276
2.01555
3.70703
3.16525
6.05558
4.73778
6.06753
4.76622
4.41723
7.9277
6.54917
3.06425
6.36077
6.25752
3.2028
7.0907
5.38846
8.34761
7.18463
8.31976
4.99055
3.29772
7.01999
6.17453
7.78798
6.71742
5.86257
6.44777
6.82509
5.65264
6.06316
6.51912
6.18638
6.95288
6.15856
5.80547
6.6104
6.8634
7.01625
4.74839
4.19801
3.70854
3.7905
3.98162
4.19459
3.73602
4.26522
3.84817
3.90711
4.2895
5.47129
5.25158
7.4552
7.80359
6.3829
7.76002
4.19697
7.58797
7.87932
6.89377
7.44201
7.24204
5.82063
4.97077
7.32354
5.01813
5.62718
4.11093
4.37495
4.20687
4.83317
4.04544
4.24109
3.19917
6.18967
6.30065
5.71278
4.24931
4.37411
3.6095
5.89119
5.3592
4.15878
4.8015
4.4454
3.63115
4.23684
5.96737
5.4628
5.89021
3.81425
4.46089
2.21726
1.5461
1.15588
1.37276
2.84715
2.81095
2.36231
1.76798
2.15574
2.19202
1.95385
3.31834
7.73795
7.28596
6.35398
6.04545
7.81617
7.4958
2.09106
7.01287
6.45763
4.44764
5.35415
5.03795
4.7435
4.3134
4.85601
5.07146
5.57263
4.49698
4.48441
6.63767
4.59947
4.06041
4.01839
3.89778
3.43584
3.30525
3.24746
3.59352
3.98859
4.55515
4.47313
4.48257
3.5469
3.99137
4.32523
3.83526
3.95668
3.94982
4.09715
4.48714
4.67524
3.92277
3.97029
4.39576
3.89531
5.01817
3.95132
4.58159
4.38572
4.36971
4.70938
4.69553
4.90629
4.45258
5.106
5.21544
4.64834
5.23553
5.05328
4.77866
4.94077
5.43536
4.9055
4.5502
5.21757
4.53039
4.49087
4.95236
4.61771
4.3806
4.04288
4.56568
3.70104
3.65082
3.57501
3.11686
3.2069
3.26664
3.26959
2.81276
3.68713
3.41839
3.53948
3.39208
3.66676
3.19054
3.03853
3.13253
3.89129
3.55932
3.39437
3.51421
3.0865
3.37262
3.02788
3.0217
3.12632
3.31844
2.95695
3.72181
3.31426
3.27008
2.8589
3.15879
3.6014
3.43581
3.42872
3.73009
3.25028
3.19945
3.37198
2.64948
2.8758
3.0415
3.33135
3.3906
3.27388
3.28751
3.09119
3.38203
2.66813
2.98808
2.86113
3.13935
2.98463
2.7838
2.88266
2.87862
2.40037
2.51409
2.64076
2.79692
2.91358
2.84119
2.81637
2.78633
2.47605
2.68369
2.79367
2.58568
2.64838
2.56206
2.83327
2.80534
2.8326
2.70754
2.87339
2.77813
2.89511
2.32557
2.90793
2.43968
2.32004
2.73728
2.83908
2.55612
2.82034
2.63121
2.93173
2.75015
2.38875
2.77966
2.60197
2.40473
2.0044
2.39431
2.43854
2.51348
2.35703
1.91293
2.59932
2.41348
2.64909
2.56041
2.56225
2.51554
2.55627
2.20338
2.26222
2.39472
2.21641
2.28507
2.4263
2.58514
2.45112
2.43741
2.21797
2.47126
2.30989
2.49673
2.27564
2.34716
2.32122
2.1826
2.58015
2.36848
2.36144
2.29931
2.26999
2.15126
2.49044
2.1218
2.25218
2.05327
2.24232
2.35218
2.36684
2.17693
2.24546
2.14816
2.07295
2.21644
2.18623
2.13736
1.82943
2.12858
2.09407
2.29065
2.01401
1.88026
2.12833
2.19268
2.15621
2.22819
2.4506
2.20889
2.33963
2.22131
1.98982
2.23573
2.30614
2.1465
2.11255
2.08848
2.45468
2.32327
2.0434
1.96594
2.03124
1.99263
2.0976
2.12546
1.9973
1.79598
2.04148
2.28639
1.84032
1.73529
1.9935
2.0694
1.94826
2.0288
2.12516
1.80825
1.94096
1.73193
1.85095
1.95048
2.0519
1.75822
1.73339
1.76567
1.8617
1.68898
1.78128
1.81468
1.73007
1.70236
1.88075
1.88314
2.03581
2.02909
2.13257
1.89434
1.61073
1.87512
2.26754
1.89581
1.59409
1.77309
1.75318
1.99134
1.91908
2.09745
1.94599
1.77804
2.05519
2.04224
2.16703
2.0109
1.92066
1.95798
1.78051
1.85153
1.66834
1.64828
1.60834
1.79371
1.59567
1.66317
1.66453
1.75883
1.58512
1.77123
1.44414
1.70348
1.89549
2.11985
2.14797
1.69577
2.02064
2.31149
1.87262
1.91128
1.7919
1.66239
1.72987
1.6734
1.57222
1.66317
1.83739
1.60036
1.62644
1.61317
1.62524
1.65458
1.56294
1.64874
1.53767
1.59148
1.58446
1.62543
1.57699
1.56754
1.54167
1.49831
1.5991
1.65517
1.55882
1.43837
1.6285
1.41628
1.35205
1.62667
1.6601
1.63021
1.54731
1.46989
1.37199
1.64208
1.42027
1.34929
1.36973
1.43126
1.52524
1.35677
1.39033
1.28988
1.46121
1.39861
1.37838
1.31509
1.32787
1.49572
1.64761
1.68854
1.52882
1.43589
1.63018
1.60478
1.40487
1.29324
1.33801
1.329
1.44754
1.50404
1.50624
1.47518
1.47415
1.48584
1.47038
1.37467
1.45246
1.5544
1.479
1.48091
1.49686
1.57798
1.60187
1.67049
1.65942
1.47552
1.67351
1.61172
1.69919
1.77037
1.77011
1.72995
1.58802
1.51581
1.52021
1.67522
1.59815
1.67642
1.75703
1.69663
1.73069
1.53038
1.59221
1.44301
1.52487
1.54527
1.69847
1.77807
1.51594
1.62695
1.83169
1.67819
1.92446
1.87345
1.70922
2.03483
1.77377
2.03287
1.9415
1.66096
1.97446
2.1242
2.49148
3.27953
2.8761
2.72966
2.23804
1.92786
1.9869
1.80183
1.99544
1.77903
1.74906
2.04448
1.7598
1.83279
1.96299
1.2245
1.52632
1.93637
1.68539
1.36617
1.42112
1.62049
1.55723
1.57308
1.50657
1.46162
1.32887
1.42072
1.36453
1.26955
1.29028
1.53642
1.49029
1.30669
1.40265
1.46521
1.40081
1.33286
1.26649
1.09913
1.27993
1.10109
1.18294
