0.254831
0.300206
0.314722
0.275116
0.29098
0.266099
0.267045
0.263222
0.247386
0.254577
0.282263
0.268296
0.298818
0.322622
0.277003
0.25921
0.306944
0.3022
0.317147
0.323261
0.256094
0.295495
0.342398
0.343937
0.311428
0.285199
0.320451
0.242287
0.254844
0.282524
0.281484
0.295117
0.294331
0.270287
0.309423
0.370958
0.346045
0.28591
0.3211
0.339974
0.27882
0.291416
0.326161
0.306048
0.321438
0.307558
0.2684
0.243264
0.319354
0.257295
0.263389
0.262782
0.317169
0.302455
0.257043
0.28888
0.286761
0.27463
0.310198
0.269392
0.284424
0.316002
0.310653
0.238743
0.285483
0.291546
0.28093
0.272176
0.312842
0.293741
0.347895
0.271778
0.303412
0.328523
0.331212
0.273954
0.284036
0.319212
0.296156
0.278172
0.321685
0.279416
0.296576
0.291745
0.297349
0.350179
0.328994
0.264107
0.269775
0.338837
0.242082
0.255109
0.274794
0.355948
0.350809
0.299079
0.288131
0.331004
0.303965
0.305123
0.310131
0.249841
0.325838
0.237767
0.304538
0.283612
0.282974
0.318103
0.362351
0.361113
0.287608
0.315529
0.308442
0.279708
0.338491
0.300896
0.347982
0.374383
0.343218
0.428887
0.335364
0.450322
0.299336
0.324764
0.308523
0.369379
0.367271
0.342626
0.313765
0.252536
0.405261
0.372017
0.360025
0.362796
0.384248
0.245693
0.376633
0.313209
0.384444
0.308281
0.420575
0.284593
0.382877
0.289757
0.278529
0.410714
0.316567
0.340686
0.332177
0.355514
0.399353
0.362267
0.294618
0.405241
0.46876
0.34695
0.38987
0.423467
0.33996
0.397245
0.438817
0.344249
0.335855
0.392539
0.349929
0.282021
0.403038
0.394606
0.316739
0.287746
0.37027
0.276362
0.254177
0.348677
0.262678
0.34384
0.362595
0.348158
0.294671
0.343798
0.334679
0.35541
0.381851
0.377156
0.532393
0.403537
0.474862
0.478928
0.406781
0.357412
0.293274
0.311228
0.3912
0.374791
0.274748
0.325859
0.406934
0.379159
0.368944
0.379705
0.356044
0.315774
0.337036
0.384112
0.373216
0.349931
0.376753
0.404833
0.431656
0.414028
0.396062
0.453005
0.401749
0.483953
0.484886
0.450403
0.43573
0.396432
0.416789
0.495669
0.35114
0.451435
0.507541
0.470925
0.462582
0.417786
0.419329
0.415579
0.415703
0.43757
0.431678
0.365264
0.453715
0.490788
0.447147
0.480022
0.549863
0.474007
0.415524
0.515154
0.493936
0.430218
0.479334
0.466785
0.437098
0.531764
0.438524
0.473908
0.453877
0.620735
0.735574
0.692077
0.607776
0.7459
0.552574
0.588859
0.463031
0.614796
0.528656
0.54862
0.68856
0.503851
0.407012
0.506965
0.530161
0.602993
0.652694
0.592955
0.635598
0.502807
0.549029
0.603252
0.696214
0.697356
0.747672
0.675843
0.808046
0.740071
0.659919
0.66897
0.84018
0.790326
0.607842
0.650725
0.925557
0.701455
0.859841
0.915394
0.834342
0.728664
0.741708
0.721551
0.699635
0.808988
0.700567
0.768181
0.802114
0.812265
0.68383
0.886216
0.806553
0.583302
0.778496
0.703034
0.822319
0.691615
0.724251
0.907171
0.944567
0.85658
0.965005
0.864426
0.787066
0.856565
0.829299
0.762869
0.814535
1.16922
1.22413
1.08835
0.930767
1.07705
0.9828
1.17093
0.895473
0.835515
0.861578
0.838954
0.917644
0.857339
0.831513
0.884731
0.749323
0.84524
0.790787
0.764383
0.839553
0.89498
0.978605
0.928539
0.848023
0.907715
0.80233
0.97376
0.978212
0.975297
0.942083
0.855937
0.918474
0.891906
0.919956
0.956383
0.938745
0.892729
0.874542
0.931113
1.03217
0.860023
1.00801
1.0778
0.819173
0.953429
0.816476
0.939517
0.9725
1.03902
1.03229
1.05249
1.08678
1.19735
1.22358
1.18136
1.21164
1.12614
1.05716
1.06266
1.10325
1.08383
1.03064
1.0359
1.05396
0.855321
0.86316
0.95638
1.09497
1.06646
1.15439
0.963925
1.00837
0.985938
0.874889
1.05253
0.990109
0.99455
1.10662
1.04579
1.14988
0.914674
1.04662
0.964483
0.996616
0.980531
0.907968
1.08926
0.992258
0.923013
1.01169
1.02038
0.973661
1.0114
1.04284
1.08167
0.868726
0.979613
0.97266
0.892623
0.766711
0.795226
0.789228
0.913375
0.724758
0.855677
0.861752
0.873822
0.847292
0.891201
0.859144
0.876821
0.899482
0.846072
0.946739
0.89187
0.777387
0.849272
0.953474
1.08836
0.977351
0.987722
0.931921
0.862144
1.07628
0.904132
0.866539
0.924122
0.864855
0.862304
0.829817
0.860787
0.863692
0.875789
0.91647
0.755553
0.864638
0.765452
0.715371
0.905856
0.808077
0.830682
0.763715
0.795042
0.794023
0.745844
0.802482
0.693585
1.04639
0.85357
0.951887
0.997555
1.00746
1.03278
1.18054
1.23582
1.12593
1.11226
1.12528
1.22137
1.24234
1.13421
1.1143
1.2614
1.24488
1.09769
1.25399
1.28788
1.0527
0.924764
0.751015
0.815682
0.791628
0.80316
0.774674
0.763877
0.706975
0.777922
0.769156
0.740475
0.720407
0.685321
0.70202
0.673416
0.690534
0.681488
0.713548
0.746025
0.626608
0.669916
0.664403
0.615958
0.762369
0.717218
0.82022
0.803159
0.775222
0.881281
0.857825
0.886188
1.01164
1.09948
0.912209
0.683107
0.861316
0.881803
0.805319
0.777346
0.99211
0.862466
0.90977
1.07547
1.06472
1.4426
1.19169
1.28264
1.05039
0.967267
0.979902
1.02662
0.993982
1.12613
0.982905
1.33769
1.31761
1.03338
0.948585
1.07005
1.16542
1.08418
1.08497
1.03985
1.01115
1.22468
1.25413
1.39911
1.03825
1.12742
1.11619
1.13085
1.28602
1.19483
1.2816
1.32698
1.29655
1.43393
1.3065
1.28361
1.18137
1.22875
1.3208
1.32919
1.13134
1.46768
1.39559
1.20509
1.21288
1.43616
1.58504
1.42457
1.50516
1.45791
1.39952
1.44074
1.35295
1.19536
1.23026
1.69269
1.90751
1.09315
1.33098
1.88325
1.20556
1.30077
1.16567
1.73902
1.07595
1.66314
2.02109
1.68272
1.72184
1.32786
1.41021
1.61183
1.40779
1.58693
1.92122
1.93714
1.21099
1.53557
1.50733
1.47551
1.79771
1.81405
1.79978
1.55954
1.35774
1.58643
1.87102
1.77306
1.96796
2.00382
1.73066
1.67374
1.7197
1.73302
1.60468
1.79398
1.64772
1.86919
1.69701
2.00173
1.84956
1.89397
2.04627
1.73675
2.10964
2.30328
0.959088
0.935902
0.661357
1.2734
1.07167
1.25008
1.21583
1.48018
1.07786
1.10804
1.10326
1.50053
0.997911
1.06712
0.947036
1.09447
0.985733
0.888229
0.764633
