0.576084
0.484816
0.623857
0.65054
0.457305
0.823945
0.894034
0.748644
0.977476
0.909058
0.884951
1.08143
1.00638
0.974859
0.917148
0.911428
0.938502
1.23019
1.13874
0.989934
1.39345
0.754884
1.2727
1.4853
0.892501
1.4932
1.07962
1.54213
1.20959
1.31759
1.30471
1.27407
1.34186
1.17977
1.43817
1.18045
1.60348
1.24702
1.44866
1.23465
1.69204
1.79177
1.94252
1.89814
1.92063
1.94497
2.07543
2.06807
1.67802
2.41073
1.87076
2.1604
2.44132
1.76858
1.58275
1.41379
1.34237
1.40937
1.52061
1.56627
1.40338
1.77606
1.43111
1.72954
1.82762
1.96924
1.25789
1.93711
1.78365
1.15217
1.26831
1.78352
1.45894
1.65329
2.13122
1.64633
1.63563
1.75943
1.86146
1.70682
1.74671
1.43279
1.97443
1.72116
1.70417
1.96166
1.97635
1.67878
1.85329
1.97714
2.17837
1.6055
1.78391
1.90946
1.76073
1.77956
2.12699
2.10269
1.63077
2.49505
2.17715
2.00002
2.14528
1.96969
1.77024
2.81544
1.8758
2.17326
1.74224
2.07676
2.67401
1.61282
2.60072
2.13384
2.11891
1.86017
1.67992
1.81049
1.66839
1.79505
3.35993
2.34405
2.10246
2.57348
3.07092
2.35156
3.38574
2.24786
2.64615
1.93039
2.42403
