9.843780
9.201060
9.868960
8.773520
9.370680
8.600060
8.754550
6.675520
4.806580
7.021240
5.696590
6.387910
6.129290
6.927720
5.913880
5.783860
5.836230
5.148860
6.623080
7.482640
7.307010
6.975200
8.200720
7.061900
6.129280
6.406530
6.929160
6.968830
6.251140
6.704080
6.238440
5.456200
5.633370
5.319280
5.025970
4.737660
4.177590
4.287110
4.563510
4.615430
4.639020
4.957170
4.922310
5.316620
4.847570
4.720980
4.975580
5.227670
6.726740
6.336510
4.725960
6.669940
6.159410
6.231190
6.310970
5.761880
5.757150
5.419860
5.852370
6.161300
5.709980
5.334720
5.734570
6.092790
5.820380
6.166350
5.443290
5.536340
5.055840
6.188250
6.096370
5.531000
5.924720
5.830810
6.386720
5.568610
6.173920
4.454940
4.550040
4.727540
4.458070
4.622230
5.072410
4.671240
4.586700
4.851790
5.815480
5.816330
6.286320
5.523850
5.632140
4.941810
5.717950
5.493460
5.406740
5.114030
5.557060
5.485030
5.567700
4.886280
5.127280
5.358100
5.319140
5.052810
5.337610
5.136080
5.151900
5.976380
5.517400
5.519270
4.766000
4.992560
5.290570
4.635930
5.322600
4.975130
5.037150
5.079870
5.013840
4.945480
4.912060
4.724600
4.331960
4.753160
4.514050
5.167230
4.819990
4.941660
5.034820
5.138900
4.789240
4.876050
4.549710
5.315830
4.770320
5.006640
4.978970
4.706670
4.732930
4.592650
4.516380
4.789000
4.855880
4.540680
5.254620
5.049110
4.822420
5.458300
4.215340
4.655430
4.754480
4.496020
5.357420
5.044820
4.574430
5.320410
5.875140
5.268850
4.582430
4.855630
5.835860
5.376910
4.556610
4.627820
4.676220
5.151890
4.751780
5.815290
5.198660
5.838670
5.058880
5.009590
5.320340
5.453000
4.878330
5.445660
5.048330
5.021440
5.267210
4.914420
5.212030
5.594630
4.638920
4.542220
5.332080
5.298260
5.507200
4.802140
5.065400
5.311220
4.632920
4.722190
5.565650
5.205290
5.571850
4.759730
4.923430
5.365460
5.712110
5.223010
5.334660
5.487520
5.792680
4.818910
5.241070
5.578980
5.177830
5.163000
5.974380
4.790700
5.389750
5.214130
4.686050
5.291580
5.481950
6.314840
5.513660
5.711070
5.329470
4.758250
4.819360
4.876140
5.403020
5.136580
4.823320
4.547230
4.833570
4.396810
4.368110
4.217970
4.379330
4.566550
4.280400
4.706980
4.377920
4.811490
4.609930
4.825500
4.533370
4.602450
4.673130
4.571780
4.568980
4.417890
4.535280
4.571760
4.399480
4.111410
4.313920
4.430290
4.551110
4.436440
4.517430
4.663110
4.572090
4.682450
4.541780
4.511000
4.589130
4.203690
4.550810
4.448790
4.361550
4.465770
4.348310
4.302960
4.596560
3.989650
4.215700
4.224820
4.445400
4.640040
4.739180
4.444660
4.624620
4.286180
4.564320
4.476490
4.008550
4.420750
4.133450
4.422650
3.932960
3.891360
4.309040
4.223900
4.115820
4.252180
4.280890
3.835980
4.291590
3.932930
4.093460
4.061390
4.283410
3.762000
3.883900
3.594820
3.766980
4.085850
4.429290
3.818780
3.870550
3.981200
4.189890
4.396790
4.246980
4.312780
4.186740
3.555510
4.042150
3.650340
3.874710
4.044130
3.967070
4.087410
4.246690
3.870930
3.506960
3.963450
3.826550
3.987220
4.052140
4.037830
4.026950
3.792200
4.034610
3.857690
3.741670
3.891410
3.914130
3.653750
3.641240
3.992180
4.150590
4.025160
4.077440
3.872930
3.719010
3.554400
3.994580
3.947380
4.058710
3.825990
4.014320
4.283570
4.057150
3.965450
3.898390
4.231560
4.370870
3.809530
4.322010
3.921130
4.246670
4.025970
3.908730
3.967400
3.823320
4.046360
3.857650
3.751330
3.871830
3.827030
3.505390
3.769420
3.791190
3.956970
4.087360
3.684480
4.060140
3.655510
3.825640
3.736220
3.933520
4.118740
3.723770
3.766070
3.995370
4.280490
4.077320
3.967600
3.997010
3.843060
3.758360
3.918560
3.850710
4.018270
3.603700
3.679150
3.726450
3.782590
3.345500
3.902050
3.451000
3.547700
3.661030
3.677950
3.650300
3.776420
3.516230
3.714440
3.897660
3.822840
3.919630
3.938790
3.958330
3.593960
3.659160
3.756740
3.592910
3.771550
3.490290
3.916250
3.851990
3.636460
3.436350
3.583970
3.732790
3.458610
3.352240
3.266800
3.116200
3.006120
3.206570
3.264020
3.328220
3.169190
3.277590
3.287590
3.393580
3.453550
3.323850
3.560150
3.625070
3.310680
3.198290
3.469610
4.551700
3.582960
3.662540
3.621920
4.057600
4.546710
4.325650
3.673930
4.016930
4.298210
4.043290
3.905610
3.791300
3.992580
3.568770
3.675300
3.610530
3.702350
3.960290
4.224140
4.134680
3.994490
4.585260
4.498170
4.762660
4.152840
4.095450
4.038770
4.173200
4.222810
4.258650
4.083150
4.391010
4.522530
4.028120
3.772500
4.035020
3.872760
3.618580
3.766520
3.996730
4.049730
3.236520
3.753530
3.234310
3.209520
3.681120
3.790730
3.647980
4.104090
4.039730
4.024700
3.805720
3.456440
3.707550
4.401190
4.372800
5.221460
4.018760
3.478670
3.622590
4.246480
4.336810
4.540270
4.115490
4.141240
4.467910
3.811900
3.881040
3.995460
4.130320
3.654410
4.174660
3.716680
3.432680
3.471390
4.020490
3.816010
3.830970
3.588910
3.679590
3.692690
3.634140
3.759440
3.580740
3.432190
3.448120
3.778840
3.833480
4.348240
3.849430
3.758990
4.537370
4.112490
4.548670
3.972170
3.952550
3.959730
4.194000
4.209790
4.020150
3.873010
3.922970
4.651960
4.085720
4.038480
4.049650
4.331760
4.402010
4.012340
3.696630
3.782280
3.526620
3.393010
3.615710
3.380910
3.297380
3.736410
3.567810
3.628700
3.152000
3.338090
3.570710
3.429780
3.301020
3.331280
3.170830
3.081710
3.272570
3.305250
3.324270
3.387300
2.980290
3.144230
3.206970
3.309980
3.106130
3.264280
3.606390
3.441000
3.365980
3.322340
3.284510
3.436890
3.352680
3.269720
3.139660
2.960190
2.791870
3.143800
3.158200
2.901480
2.926750
2.903300
2.697710
2.957880
2.791070
2.947190
3.018250
2.878060
3.110680
3.034040
2.957900
2.620730
2.760160
2.806300
2.743970
2.687840
2.631480
2.711300
2.753860
3.034720
2.896930
3.154340
2.644610
2.882190
2.886260
2.750300
2.865620
2.730360
2.665960
2.714920
2.590470
2.465040
2.672190
2.819630
2.651780
2.488210
2.514680
2.604810
2.242010
2.348360
2.550460
2.604130
2.358330
2.664440
2.708160
2.927840
2.894500
3.065590
3.119960
2.374980
2.568880
2.673390
2.416940
2.938610
2.457590
3.004750
3.623400
3.341870
3.265670
2.645390
2.424800
2.194210
2.068420
2.309390
2.892270
2.478950
2.454930
2.472370
2.694950
2.386810
2.258640
2.870010
3.490080
3.699910
2.623150
2.782700
2.987700
2.408370
2.491250
2.298740
2.178740
2.021720
2.615310
2.766540
2.409630
2.155680
2.104760
2.341540
2.159400
2.272110
2.405250
2.270680
2.554620
2.706320
2.928780
3.144500
3.163670
2.249900
2.003030
2.040640
1.846900
2.547410
2.281350
2.671920
2.298220
2.974690
2.471920
2.661940
2.565370
2.365750
2.081490
1.868420
3.182050
3.129880
2.740900
2.787000
2.838620
2.840330
2.624970
2.639680
2.657700
2.663000
2.847420
2.798890
2.826470
3.097820
3.344800
3.407080
3.235720
3.183120
3.212020
3.236230
3.256740
2.981430
2.786110
2.851400
3.048810
3.049170
2.887370
3.028560
2.899130
2.945180
2.844720
3.102270
2.939840
2.761580
2.611250
2.893850
2.728290
2.728760
2.899860
2.573090
2.777700
2.676880
2.820890
2.474920
2.620780
2.739520
2.553950
2.593020
2.422750
2.697120
2.725630
2.774390
2.784040
2.659240
2.651580
2.733200
2.829800
2.677640
2.566230
2.573860
2.615490
2.387440
2.607120
2.580940
2.306460
2.454360
2.529300
2.912430
2.671030
2.746160
2.646000
2.502590
2.609000
2.799350
2.892100
2.760540
2.772960
2.587640
2.928420
2.923160
2.615690
2.656950
2.658990
2.675410
2.572200
2.388060
2.629410
2.623500
2.736420
2.620930
2.754030
2.565960
2.622160
2.482140
2.666090
2.505260
2.591650
2.404410
2.400440
2.365360
2.417570
2.703000
2.905240
2.762580
2.795850
2.613840
2.396130
2.534690
2.421560
2.372810
2.171600
2.407860
2.390230
2.279140
2.482080
2.433950
2.419830
2.062990
2.155090
2.464050
2.279430
2.310440
2.338460
2.361340
2.254380
2.362020
2.076750
2.504970
2.372990
2.758080
2.358420
2.284600
2.472520
2.447130
2.818000
2.133760
2.491460
2.846300
2.547240
2.427900
2.302770
2.235170
2.307600
2.376910
2.487510
2.277290
2.626790
2.524310
2.686940
2.594030
2.567700
2.590830
2.640870
2.726900
2.227910
2.136750
2.439090
2.376330
2.505740
2.277170
2.447120
2.070750
2.295450
2.251210
2.234270
2.383970
2.061560
2.311530
2.083300
2.175590
2.438760
2.326970
2.319270
2.194230
2.073390
1.938280
2.094730
2.237380
2.032430
2.093090
1.973720
1.983860
1.974960
2.135900
2.444030
2.378510
2.094200
2.200690
2.084470
2.022370
1.980280
1.959340
1.895350
2.014470
2.116490
2.096680
2.035790
1.868550
2.022790
2.129880
2.025150
1.957840
2.136640
2.224640
2.063130
2.262490
2.516200
2.626400
2.796510
2.621690
2.518680
2.389550
2.315790
2.099420
2.359350
2.731170
2.260290
1.889890
2.044940
2.199830
2.149270
2.286210
2.442800
2.359960
2.196940
2.198860
2.454460
2.061730
2.284950
2.196660
2.252300
2.199130
2.441460
2.470080
2.336600
2.226280
2.497790
2.335870
2.305720
2.367970
2.153670
2.284670
2.039230
2.095270
2.133740
2.166570
2.198980
2.287570
2.339710
2.280900
2.397910
2.348580
2.210650
2.069030
2.139540
2.051640
2.174280
2.248980
2.106170
2.228700
2.348150
2.224050
2.309180
2.316550
2.300120
2.121440
2.156610
2.097270
2.035070
2.123660
2.134120
2.288700
2.085810
2.013570
1.855440
2.083880
2.016340
2.120520
2.076010
2.127550
2.124290
1.902970
1.980650
2.318150
2.151800
2.183460
1.950570
2.047220
2.000370
2.276680
2.051220
1.843900
2.254240
2.052000
2.012730
2.214550
2.121160
2.121300
2.062450
2.058790
2.265810
2.036290
1.915840
1.988210
1.987670
2.228980
2.153390
2.198060
2.041250
2.049130
2.078740
2.224510
2.037810
2.119470
2.191810
2.195520
2.212840
1.985550
2.120530
2.078480
2.005560
2.195650
2.209740
2.012490
2.068460
2.241580
2.178410
1.898020
1.979210
2.177990
2.177010
2.222760
2.378370
2.251280
1.998130
1.905060
2.308560
2.253570
2.319120
2.185890
2.142440
2.011300
1.960550
2.420440
2.060470
2.184150
2.197870
2.356190
1.895200
2.113050
2.079340
1.988580
2.151270
2.093150
2.017410
2.069810
2.233410
2.183770
2.207380
2.074880
2.016740
2.076320
2.223430
2.103220
1.991150
2.101520
1.978300
1.983720
1.802690
