0.441741
0.525544
0.500197
0.479688
0.543565
0.490976
0.516302
0.506791
0.412753
0.361194
0.306168
0.370733
0.346145
0.319451
0.3334
0.312749
0.295544
0.334449
0.34673
0.360645
0.344613
0.466665
0.542156
0.514221
0.48279
0.516962
0.516702
0.557742
0.505542
0.568292
0.572464
0.604578
0.544896
0.498068
0.519333
0.502186
0.561872
0.514516
0.568399
0.51194
0.574618
0.586305
0.610987
0.786262
0.750696
0.628972
0.681285
0.704691
0.742761
0.740317
0.803808
0.613944
0.553821
0.745506
0.852478
0.876764
0.818493
0.964116
1.04578
0.704063
0.782932
0.931753
0.905447
0.99807
0.849068
0.80155
0.76522
0.742765
0.797407
0.626823
0.572364
0.697505
0.857814
1.11143
1.03857
0.938424
0.728865
0.565009
0.798925
0.796301
0.607898
0.677601
0.566537
0.664245
0.52499
0.466931
0.504422
0.522494
0.840588
0.667951
0.656401
1.17876
0.931968
0.783
0.541104
0.435508
0.640146
0.607548
0.521468
0.531623
0.582633
0.613966
0.586943
0.5793
0.507945
0.555728
0.564435
0.665845
0.519896
0.637293
0.573961
0.443567
0.603246
0.636364
0.773845
0.657613
0.633069
0.81776
0.896043
0.689369
0.570327
0.606696
0.652116
0.56541
0.568738
0.736625
0.846635
0.729717
0.533875
0.543688
0.682319
1.04435
0.685148
0.789858
0.535856
0.59837
0.836335
0.827412
0.468383
0.564683
0.793323
0.565032
0.884948
1.03378
0.908365
0.634126
0.772046
0.547314
0.700749
0.851356
0.843013
0.734003
0.719123
0.873921
0.707565
0.727845
0.62113
0.542181
0.570513
0.99004
0.915533
1.19282
0.790209
0.980403
0.765654
0.833231
0.737573
0.681155
0.582938
0.569051
0.840584
0.989838
0.641764
0.750597
0.844534
0.806865
0.605116
0.584227
0.678116
0.710146
0.986203
0.914552
1.03417
0.94182
0.93884
0.954297
0.873606
0.537591
0.659692
0.58809
0.836348
0.827652
0.951425
0.790767
0.654555
0.587382
0.862379
0.917624
0.923194
0.756904
0.729243
0.777243
0.786922
0.855099
0.806354
0.677882
0.705777
0.696272
0.771777
0.868457
0.929942
0.636626
0.661602
0.618611
0.588158
0.763474
0.804794
0.940255
0.807757
0.957378
0.732704
0.88613
1.01774
0.927178
0.876141
0.806079
0.973141
0.896717
0.9134
1.02296
0.954388
0.98931
1.02882
0.980432
0.936795
1.16713
0.968043
0.961378
1.1718
1.15673
1.07905
0.977222
1.08235
1.08356
1.10965
1.04474
1.0087
1.19475
1.08947
1.1207
0.978913
0.864879
1.12755
1.20829
1.063
1.26285
1.11864
1.06799
1.01765
1.08912
1.06892
1.06136
1.12009
1.26702
1.1111
0.983945
1.04722
1.1053
1.03331
1.03641
0.99183
1.17781
1.19358
1.09874
1.13069
1.22911
1.04758
1.11941
1.04061
0.981419
1.11598
0.9874
0.976903
1.09299
0.967802
0.990365
0.984157
1.05377
1.05255
1.08069
1.00748
1.07335
1.08828
1.02289
1.09547
1.07585
1.2871
0.949417
1.13321
1.06926
1.05433
1.06497
1.2395
1.07261
1.03375
1.06507
1.17652
1.35434
1.24336
1.14675
1.06859
1.04313
1.07351
1.05925
1.04857
1.15618
1.05635
1.15714
1.26022
1.2747
1.11566
1.28692
1.51101
1.23383
1.19352
1.2545
1.24307
1.38325
1.18048
1.4799
1.41264
1.26681
1.29642
1.31794
1.46299
1.19395
1.46434
1.36031
1.4106
1.4906
1.44465
1.33324
1.35414
1.28796
1.24248
1.14183
1.40053
1.47922
1.12959
1.06131
1.65319
1.60722
1.44633
1.35135
1.49552
1.65783
1.65727
1.53584
1.43155
1.61321
1.54933
1.5989
1.34299
1.29535
1.59553
1.66355
1.47506
1.5872
1.40376
1.38269
1.41713
1.30499
1.50899
1.39072
1.39234
1.50614
1.45848
1.37622
1.46644
1.45526
1.62778
1.48321
1.37035
1.17607
1.3987
1.26781
1.446
1.38096
1.26736
1.15918
1.27402
1.62991
1.80298
1.81895
2.15185
1.38978
1.05927
0.674124
1.67378
1.60225
1.0395
1.2844
1.09912
1.38393
1.98432
1.17829
1.37237
1.3837
1.17292
1.10347
1.19483
1.16441
1.40576
1.40261
1.65955
1.61233
1.49902
1.80813
2.06442
1.85695
1.63537
1.83108
1.65405
1.83153
2.24391
1.46182
1.67969
1.498
1.45713
1.64733
1.70265
1.32498
1.53758
1.43672
1.51253
1.6106
1.52905
1.45423
1.44048
1.61335
1.24714
1.58432
1.78932
1.66718
1.69074
1.54711
1.53326
1.47528
1.44132
1.66294
1.46408
1.64314
2.02214
1.60062
1.50634
1.37319
1.3839
1.42959
1.96351
1.86515
1.66695
1.47708
1.8008
1.61934
1.60726
1.80594
1.66209
1.67661
1.36447
1.54841
1.94514
1.55112
1.40784
1.81887
1.57525
1.74014
1.70016
1.50045
1.70931
1.60573
1.92307
1.79922
1.87917
1.81551
1.47904
1.94663
1.84935
1.67436
1.86613
1.59173
2.03081
1.73393
1.54481
2.40747
1.79134
2.0609
1.99392
1.6601
1.78523
2.15912
2.13921
1.60717
1.86724
1.81264
2.18913
1.36665
1.5762
1.80317
2.03157
1.84957
1.77666
2.18232
2.34351
1.80738
1.97128
1.92686
1.90421
2.40113
2.33126
2.39306
2.68457
1.82492
1.78606
2.11742
1.83976
1.98293
2.02469
2.11747
1.94574
1.94692
1.92645
1.9662
2.48165
1.95683
1.90662
2.56037
2.37036
2.02105
2.24853
2.33082
2.32861
2.37964
2.43996
2.2001
2.19959
2.40095
1.88667
1.99502
2.36666
3.34437
2.84887
2.60236
2.58928
2.11236
2.7407
2.50669
2.36007
2.0959
2.28954
2.29381
2.09221
1.94186
1.81835
2.60433
2.27472
2.23937
1.97355
2.15592
2.37954
2.15488
2.48336
1.9819
2.07627
1.89216
2.45438
2.3119
1.78375
1.93927
2.41323
1.89289
2.56255
2.59129
2.06784
2.60021
2.53301
2.73164
2.54667
2.44675
2.13867
2.10211
3.00162
2.01864
1.78899
3.14025
3.3762
1.89026
2.51643
2.79562
2.99864
2.96627
3.38235
3.66888
4.29362
3.53598
3.03913
3.64384
3.71972
3.83276
2.82833
2.49346
2.48902
2.50683
3.84869
3.87941
