3.61836
3.92271
4.14149
4.20821
3.76178
3.47409
4.66004
4.22922
3.82716
4.51168
3.91315
5.05537
4.43452
4.75845
5.39306
4.59614
5.20144
5.27966
6.68691
5.39389
6.40533
7.07987
5.75037
5.99889
6.35099
6.17146
7.2032
5.89421
7.80891
7.82932
7.65785
6.61711
7.8474
7.05244
9.86561
7.06594
9.09171
7.78079
7.90202
7.66214
8.35845
8.15341
7.93257
8.58172
10.2467
8.71547
8.19903
8.17123
10.87
8.17897
11.3183
8.70358
11.0769
9.57679
11.369
9.57105
11.6579
10.6861
11.2545
8.52267
11.1622
11.4469
12.2695
9.10661
14.0595
11.3188
10.7202
10.9506
12.106
9.60036
10.4601
10.9808
12.1418
12.6225
12.6412
11.8273
14.2625
12.6889
12.5396
12.5583
13.2638
12.8472
13.3957
11.8148
12.7712
13.1047
13.2277
12.6738
12.1383
11.9921
14.206
14.4924
13.9036
14.3303
14.6994
12.8185
11.7977
12.7691
14.5728
13.0709
13.458
14.0563
14.0897
12.416
13.5796
13.8012
15.9202
14.4724
13.6775
15.4564
14.0335
15.2051
15.4449
12.9647
14.9326
13.6488
14.5483
12.5169
15.616
15.4488
14.7471
15.7416
16.2604
13.2266
13.9773
17.3033
13.2271
16.5086
13.3432
13.761
14.9623
17.9727
