2.309320
2.491580
2.544060
2.513430
2.443190
2.765540
2.814370
2.684160
3.261990
3.101670
3.935580
3.151030
3.143070
4.081800
3.997010
4.471690
4.453210
4.515110
4.236920
5.950130
5.968500
5.077890
4.162250
4.207470
4.095120
4.475730
5.106070
4.968460
5.024070
5.606280
5.650430
5.475130
5.266940
5.585500
6.062720
6.065460
5.430480
6.128000
6.191030
5.389700
6.482320
5.788830
6.145090
7.294810
5.771870
6.485100
6.427900
6.938070
6.434600
7.007010
6.860980
7.030340
6.826120
7.255970
7.627380
6.866420
7.381340
7.323540
8.089610
8.414420
7.927730
7.291190
7.487360
7.833030
7.845310
8.069930
7.885310
8.837980
7.529070
7.295280
7.958860
8.140830
8.475370
8.708570
7.947280
7.919410
8.722550
7.621360
8.623420
7.950190
9.038210
8.918410
9.117170
9.349160
9.533600
9.881940
10.033100
10.021800
9.073720
9.229210
10.216800
9.870820
11.031700
9.510870
9.639190
9.869560
8.905830
8.453060
10.153000
8.700330
8.350480
8.903900
8.073110
7.251160
6.632020
6.241750
6.675640
6.628770
7.688640
7.241730
7.038630
8.086580
7.480140
7.094300
6.654710
7.884610
7.535660
7.837820
8.239870
8.767230
8.415950
9.517820
10.405800
10.046300
10.208000
11.091800
9.043000
9.903980
10.685000
9.826780
10.026500
10.126600
9.010020
