0.157972
0.173782
0.197117
0.209944
0.233009
0.23876
0.221229
0.212554
0.200604
0.202339
0.2211
0.217958
0.250328
0.244971
0.203583
0.207828
0.22605
0.260153
0.243892
0.237311
0.242635
0.235746
0.291191
0.241577
0.277877
0.267654
0.313556
0.365379
0.383439
0.34462
0.319096
0.357425
0.336618
0.29463
0.296057
0.294235
0.282341
0.233558
0.280432
0.238478
0.268533
0.252981
0.264863
0.233279
0.275578
0.271168
0.27596
0.283856
0.2979
0.258752
0.278414
0.282172
0.290589
0.317244
0.281565
0.299795
0.299207
0.296172
0.320718
0.303333
0.261974
0.302438
0.31343
0.308168
0.299592
0.307455
0.326366
0.335312
0.32948
0.312262
0.289663
0.316524
0.344403
0.34053
0.327246
0.332621
0.346334
0.324178
0.32117
0.332665
0.367391
0.327884
0.368056
0.36017
0.348487
0.333397
0.363515
0.382464
0.420135
0.381819
0.314119
0.359009
0.366289
0.435229
0.414356
0.419354
0.433758
0.438692
0.463848
0.425974
0.36482
0.437201
0.44631
0.418419
0.488961
0.463578
0.470553
0.449948
0.423939
0.463504
0.415642
0.429359
0.460862
0.444886
0.502518
0.472391
0.465292
0.498315
0.415042
0.476708
0.46638
0.45342
0.526366
0.500894
0.516643
0.490907
0.496862
0.494559
0.532309
0.497075
0.496683
0.528634
0.541839
0.537579
0.536108
0.514951
0.526433
0.520497
0.478876
0.471971
0.52443
0.57635
0.580632
0.504831
0.588052
0.573096
0.553305
0.569706
0.571491
0.605096
0.58346
0.590097
0.700437
0.617125
0.631415
0.609596
0.620148
0.596255
0.63749
0.622423
0.583425
0.583833
0.684709
0.650039
0.675931
0.663973
0.689244
0.647088
0.676603
0.676012
0.705631
0.743518
0.718894
0.628488
0.685208
0.759921
0.670001
0.75655
0.743557
0.654518
0.699149
0.718391
0.724538
0.684673
0.663924
0.706144
0.716286
0.71783
0.728661
0.661942
0.714866
0.696303
0.748699
0.787663
0.780327
0.78823
0.762689
0.801734
0.815513
0.742955
0.835456
0.812682
0.821077
0.753089
0.789959
0.768614
0.867929
0.759568
0.844597
0.787594
0.733737
0.792995
0.820225
0.865793
0.84019
0.923491
0.830524
0.838777
0.875629
0.885612
0.936055
0.907986
0.941656
0.806475
0.890436
0.913404
0.913584
0.93146
0.872541
0.904475
0.894499
0.93065
0.871088
0.901079
0.928686
0.990722
0.950765
0.953424
0.949337
0.861732
0.856136
1.04244
0.956432
0.943811
0.993336
0.961724
0.985044
0.983907
1.00974
1.0777
1.08356
1.09849
1.06966
1.11066
1.08156
1.09784
1.06874
1.06453
1.08888
0.993828
1.07286
1.10391
1.16063
1.14842
1.17588
1.08174
1.11046
1.13655
1.15375
1.1907
1.22529
1.17355
1.19427
1.20237
1.10938
1.21616
1.23958
1.25413
1.31734
1.27454
1.28408
1.25684
1.28233
1.24083
1.31045
1.28364
1.27636
1.28503
1.26853
1.2566
1.30984
1.34646
1.37428
1.33943
1.29396
1.34905
1.40562
1.49836
1.45019
1.38394
