1.11643
1.12273
1.00937
1.13583
1.21043
1.14588
1.12904
1.20411
1.15905
1.20444
1.18138
1.19078
1.2085
1.13041
1.20952
1.17947
1.19625
1.1019
1.1895
1.137
1.12882
1.21028
1.09779
1.1787
1.227
1.165
1.23134
1.56361
1.91407
2.74888
3.11474
3.23825
3.30181
3.01732
2.88608
2.87687
2.52779
2.35149
2.34852
2.59779
2.53015
2.58414
2.46243
2.64495
2.47925
2.49371
2.36332
2.38911
2.33979
2.36921
2.12075
2.21605
2.27211
2.09851
2.19139
2.11118
2.12781
2.07178
2.07503
1.99622
2.004
2.16951
2.222
2.16863
2.35202
2.28912
2.33684
2.35826
2.2362
2.25841
2.19577
2.04759
2.11144
2.1357
2.11133
2.05887
2.17333
2.04837
1.86501
2.10882
2.14934
2.10648
2.03512
2.02709
2.09595
1.944
1.85237
1.82802
1.80622
1.99691
1.86984
1.7485
2.17304
2.25268
2.24979
2.20205
2.22515
2.19002
2.14653
2.16465
2.21801
1.90661
1.91755
1.94686
1.90322
2.02416
2.1054
2.05294
2.10623
1.90573
2.05894
2.0758
1.99445
1.8569
1.70072
1.78711
1.84922
1.71244
1.83726
1.85893
1.95157
1.88453
1.84735
1.96605
1.81955
1.79911
1.72627
1.87435
1.68641
1.84893
1.81773
1.71774
1.87896
1.97085
1.91156
1.90429
1.79437
1.8144
1.83993
1.88188
1.79155
1.76446
1.87922
1.94349
1.88842
1.89837
1.68246
1.67824
1.64539
1.76104
1.73529
1.76647
1.78798
1.76374
1.84018
1.81965
1.8301
1.86724
1.77741
1.74215
1.86263
1.65684
1.75413
1.86283
1.68629
1.80945
1.77284
1.75333
1.81035
1.73846
1.67076
1.73286
1.79592
1.87132
1.86143
1.98787
1.82993
1.96209
1.83266
1.81262
1.88379
1.61147
2.15915
1.7281
1.84268
2.01036
1.89733
1.81523
1.9156
2.02085
1.75808
2.08533
1.84325
1.74985
1.99068
1.88178
1.77018
1.68664
1.8453
1.7653
1.78921
1.71207
1.61681
1.86698
1.83768
1.71697
1.92896
1.79918
1.82995
1.69836
1.83371
1.77763
1.69333
1.99058
1.77786
1.85104
1.92064
1.69201
1.82482
2.067
1.82545
1.82881
1.97266
1.76658
1.99182
1.95312
1.77302
1.74718
1.85719
1.99629
1.67312
2.2691
1.88974
2.11273
1.93012
1.93087
1.90649
1.6676
2.05242
1.68688
1.88033
2.10053
1.97705
1.89845
2.08201
2.07481
2.20448
2.14028
2.16061
1.98393
1.97257
2.18255
2.20996
2.67871
2.1849
2.19907
2.42134
2.0397
1.90696
2.44029
1.98735
2.16787
2.15074
2.19999
2.00047
1.88785
1.81804
2.60623
1.93352
1.93056
2.22079
1.95526
1.9784
2.11036
1.8361
2.03594
1.86301
2.12636
1.80634
2.04737
1.70603
1.82723
1.92796
1.8416
2.05787
2.29255
1.7744
2.16847
2.06596
1.76234
1.87949
1.7543
2.49182
1.97564
1.7269
2.02572
1.85759
1.64662
1.74509
1.94619
1.94086
1.96179
1.84164
1.87825
1.97433
1.87314
1.62447
1.51862
1.64418
1.7878
1.8586
2.08604
1.71895
1.48189
1.67136
1.87605
1.75135
1.83702
1.60971
1.50933
1.5467
1.78766
1.78017
1.56159
1.53131
1.67091
1.74529
1.71533
1.38361
1.53674
1.99463
1.9392
1.7091
1.91279
1.85515
2.14411
1.83363
1.57315
1.84661
1.51304
1.64376
1.51533
1.52609
1.42757
1.60159
1.63064
1.43205
1.62905
1.77867
1.59058
1.84817
1.66254
1.56214
1.38038
1.30902
1.46712
1.47243
1.52761
1.36272
1.62838
1.40443
1.34797
1.58544
1.46948
1.4095
1.55471
1.52388
1.57356
1.34519
1.45459
1.41924
1.40553
1.57549
1.61111
1.74345
1.39361
1.45442
1.42365
1.48875
1.44675
1.27273
1.29107
1.37142
1.46004
1.26301
1.51785
1.38476
1.21797
1.32831
1.32702
1.21674
1.27603
1.22419
1.26881
1.33019
1.34937
1.24469
1.28619
1.20017
1.25864
1.23881
1.19729
1.27415
1.31502
1.31294
1.16063
1.24097
1.19877
1.1881
1.28664
1.22593
1.06754
0.952038
1.00803
1.02771
1.09198
1.01115
1.02658
1.07827
1.02669
0.974063
0.950501
0.876097
0.874623
0.893153
0.896219
0.927551
0.809383
0.801284
0.826298
0.837603
0.845619
0.801113
0.855093
0.836598
0.810297
0.819148
0.839102
0.90862
0.865307
0.82867
0.813841
0.844777
0.781918
0.790131
0.784201
0.806167
0.766153
0.851079
0.746097
0.824806
0.770437
0.816345
0.843666
0.911374
0.85235
