3.17074
2.73464
2.84674
2.86675
2.86684
3.05517
3.44378
3.1749
3.05501
2.88734
3.5605
4.83969
6.50597
5.65167
5.74824
6.45114
9.52068
18.2394
19.6572
17.3639
17.737
16.1732
16.1366
15.7299
16.5745
16.4054
16.8743
16.4208
16.257
16.8705
16.7512
16.2498
15.8248
16.741
15.5193
14.697
15.9528
14.4696
15.9467
15.2991
14.8591
15.3449
14.6813
15.1703
14.2976
15.9908
15.5461
16.7577
15.071
15.2489
16.3416
16.2653
15.5918
16.6379
15.7637
16.1781
17.7411
16.4136
16.0988
16.4529
15.91
16.089
15.329
15.7712
16.1285
15.9821
17.3649
14.92
14.9946
15.8193
16.6865
15.9546
16.3429
15.9733
15.7338
17.0328
15.2917
14.6289
13.885
13.3391
13.9419
12.5395
10.9891
11.0401
11.6516
10.6296
10.4905
10.4115
9.88229
10.4374
10.1759
10.1384
10.1094
9.49508
9.92377
9.27717
9.55535
8.71027
9.42025
8.82128
8.95878
8.39124
9.09274
9.36379
10.4891
9.03106
9.4276
11.2442
9.52333
9.06835
9.45667
9.39748
9.56309
8.59675
12.3089
9.99276
9.30529
9.88334
10.6587
8.95956
9.56719
8.86261
9.8413
9.62118
9.85385
9.41901
9.61504
9.89328
10.2431
9.87233
10.882
10.1123
11.5132
10.3337
9.44754
9.71355
10.788
8.89441
8.9576
7.31181
7.20203
7.03923
7.62564
7.10783
6.50652
6.58014
6.19452
6.06771
6.34929
6.37194
6.98003
5.46882
5.20179
4.97306
4.82678
4.47309
4.17009
3.58856
