0.706927
0.653439
0.674285
0.826371
0.682194
0.732658
0.751567
0.665305
0.738175
0.606467
0.662997
0.73782
0.75442
1.14258
0.89435
0.824392
1.21515
1.0033
0.949894
1.12872
1.01646
0.689221
0.626781
0.764318
0.67445
1.22272
1.19172
0.714875
1.33722
1.28915
1.23896
1.20999
1.58946
1.81711
0.770644
1.15905
1.14237
0.782469
0.754921
0.91482
0.700385
1.17457
1.46952
1.48603
1.72277
2.31229
2.28845
2.12249
1.74933
1.35806
1.09001
0.863083
0.956675
0.931405
0.805603
1.04119
1.25975
1.13741
0.905073
0.985916
1.0256
1.13244
1.31437
1.46554
1.27004
1.42089
1.29102
1.41318
1.59795
1.43973
0.929671
0.982175
1.12041
0.955738
1.148
1.10196
0.957296
1.13687
1.27063
1.13653
1.80765
1.3524
1.46789
1.67597
1.30544
1.31798
1.15793
1.24311
1.2035
1.13118
1.08739
1.09588
1.1381
1.00716
1.0945
1.03641
1.01445
1.00425
1.01232
0.975445
0.986972
0.928108
0.975726
1.00097
0.969287
1.06304
1.01716
1.08018
1.06322
0.935533
1.01074
1.26844
0.870653
1.00305
0.994784
0.962521
0.932101
0.885232
1.03323
0.934616
0.930287
0.956029
0.816127
0.843758
0.812751
0.8707
0.964464
0.892546
0.862483
0.895692
0.967512
0.859496
0.87868
0.757272
0.829695
0.869914
0.730678
0.904805
0.882352
0.859609
0.828512
0.879485
0.953373
0.886877
0.723035
0.783605
0.805565
0.774374
0.837984
0.886469
0.771342
0.796122
0.790479
0.71093
0.852192
0.762465
0.777194
0.846992
0.83642
0.905409
0.837639
0.882383
0.868389
0.846505
0.852645
0.894424
0.884304
0.823278
0.965183
0.793491
0.771173
0.823996
0.785156
0.706362
0.783098
0.637449
0.7521
0.728701
0.707691
0.755418
0.681908
0.700867
0.72362
0.764076
0.736434
0.643764
0.779548
0.871602
0.827724
0.629152
0.779204
0.842045
0.778044
0.782975
0.806489
0.677253
0.863537
0.711463
0.747887
0.930344
0.748415
0.741588
0.932128
0.794614
0.820903
0.655347
0.844419
0.985839
0.776262
0.698444
0.818406
0.697302
0.906204
0.644471
0.860164
0.725994
0.595316
0.792338
0.592325
0.561753
0.621983
0.708956
0.627714
0.7077
0.610806
0.788528
0.770841
0.774464
0.667647
0.709562
0.627931
0.578702
0.789794
0.730586
0.742535
0.477926
0.756378
0.89695
0.779021
0.653456
0.615825
0.726877
0.655172
0.592569
0.772445
0.533576
0.642533
0.718777
0.697601
0.882279
0.916713
0.809045
0.701787
0.710112
0.795019
0.891387
0.751094
0.834812
0.884759
0.98001
0.693255
0.830631
0.856203
0.837574
0.85644
0.825122
0.919622
0.897625
0.821503
0.699708
0.793335
0.744342
0.789621
0.942065
0.736941
0.630049
0.617077
0.622675
0.539731
0.615002
0.758696
0.655128
0.611603
0.578296
0.63722
0.612311
0.664102
