1.265760
1.077880
1.044880
1.086090
1.089270
1.060730
1.222720
1.107110
1.167180
1.293520
1.079390
1.047450
1.078920
1.266250
1.330180
1.290940
1.291950
1.196700
1.171640
1.527740
1.428210
1.325010
1.221680
1.174420
1.366920
1.269150
1.227690
1.544620
1.269000
1.316950
1.401450
1.192150
1.158360
1.208020
1.275410
1.164110
1.214940
1.199610
1.193620
1.292260
1.388820
1.124310
1.225570
1.204680
1.478080
1.519710
1.241010
1.413040
1.336560
1.538130
1.124650
1.034460
1.054840
1.348630
1.359120
1.241040
1.279190
1.497140
1.347320
1.091750
1.128480
1.012830
0.985722
1.052540
0.876750
1.120610
1.031110
1.068190
1.015920
0.888310
1.054760
0.960669
0.893667
0.917737
0.941720
1.029950
1.216570
1.160010
1.091160
1.129470
0.998399
1.039150
0.931109
0.836651
0.885165
0.988039
0.869159
0.859138
0.847633
0.825675
1.119450
1.160680
0.995014
1.126650
0.994830
0.963345
0.909706
0.915379
0.881036
0.777167
0.992306
0.970436
0.925247
1.028250
0.960256
1.063000
0.918602
1.062110
1.109120
1.224720
1.052030
1.064300
0.868814
0.957734
1.045040
1.232630
1.126650
1.159810
0.966949
1.238320
1.133000
1.043850
1.160130
1.075700
1.105750
1.005520
1.041200
0.976641
1.022210
1.136610
1.287490
1.218480
1.079510
0.997608
1.125730
1.194940
1.042560
1.127610
1.086410
1.118410
1.093220
1.211270
1.201880
1.294350
1.147900
1.267310
1.209480
1.167440
1.203000
1.047100
1.214410
1.284370
1.124970
1.201390
1.159840
1.006010
0.976170
1.089730
1.366170
1.315640
1.164850
1.029780
1.146060
1.248830
1.016250
1.198920
1.178860
1.167380
1.084500
1.138430
1.070350
1.153510
1.058500
1.227330
0.949944
1.197570
1.071280
1.125870
1.181750
1.230680
1.190500
0.740435
1.012700
0.951716
1.160580
0.972058
1.123870
1.003050
1.119600
1.097810
1.095470
1.098470
1.595080
1.269060
1.264400
1.176210
1.090820
1.079150
1.028860
1.352850
1.029400
0.974806
1.188960
1.090430
1.283020
1.300290
1.300730
1.109410
1.151320
1.189630
1.445980
1.699240
1.150450
0.910787
1.169300
1.055370
1.148750
1.385310
1.125750
1.015740
1.339520
1.035440
1.142820
1.165580
1.029590
0.992094
1.241210
1.139440
1.105740
1.245960
1.202230
1.026030
1.015470
0.879923
1.081380
1.261980
1.250940
1.200340
1.329630
1.373370
1.184010
1.113290
1.151330
1.350500
1.260270
1.368300
1.328660
1.238730
1.154840
1.342420
1.342370
1.140010
1.232680
1.123570
1.347620
1.280070
1.393830
1.357540
1.192640
1.140940
1.305540
1.220130
1.217560
1.214220
1.247920
1.401900
1.458510
1.112940
1.115580
1.131600
1.129680
1.254440
1.057860
0.869020
1.224260
1.091270
1.484080
1.417720
1.509940
1.280810
1.252960
1.368570
1.114100
1.561330
1.429650
1.430750
1.653140
1.211250
1.195120
1.191720
1.561940
1.448140
1.330150
1.221320
1.879060
1.579230
1.483340
1.334800
1.417470
1.403760
1.924280
1.249870
1.302700
1.247190
1.337710
1.533460
1.136400
1.180540
1.187440
1.439190
1.353690
1.462160
1.750410
1.500760
1.742630
2.019530
2.040830
1.631230
1.684950
1.567860
1.379640
1.627820
1.757900
1.532630
1.310110
1.540580
1.261400
1.412260
1.669120
1.469610
1.808150
1.787700
1.429890
1.904370
1.961410
2.114430
1.668820
1.587620
1.601820
1.904530
0.919637
1.927540
2.390630
1.879020
1.758640
1.205610
1.351230
1.402150
1.240690
1.411300
0.813537
1.233040
1.225490
1.347480
1.639950
1.389450
1.466840
1.031490
1.143300
1.282340
1.316860
1.104360
1.276260
1.194940
1.472230
1.900240
1.438560
1.841480
1.659850
1.313990
1.276800
1.721040
1.519310
1.773260
1.832840
1.699330
1.387430
1.091010
1.564840
1.381210
1.287940
1.147940
1.780750
1.148830
1.481640
2.845450
1.613430
1.837470
1.759430
1.294720
1.624140
1.490220
1.282380
1.152820
1.748000
1.607870
1.347370
1.326960
1.854000
1.467670
2.257320
1.333310
1.312130
2.328390
1.522270
2.458490
1.203670
1.543640
1.552160
1.172720
2.236010
1.501730
1.540670
1.572450
1.888930
2.424790
1.722030
1.330270
1.853140
1.668810
1.476890
1.222780
2.322440
2.125190
1.452490
2.461730
1.309100
1.236900
1.632150
1.460850
2.093120
2.507890
2.065860
2.592200
2.108580
2.600870
2.553180
1.599050
2.138070
1.969390
1.762360
2.324360
2.110380
2.321400
2.021670
2.076460
1.583380
1.874110
1.995100
1.861320
2.056210
1.802010
2.190780
2.173940
2.549430
2.084280
2.238690
2.961420
2.200260
1.834990
1.918010
1.998760
1.768740
1.850120
1.123700
1.063050
2.153330
1.758060
1.784200
1.966470
2.048210
2.338480
1.884550
1.887910
1.614310
1.335530
2.137050
2.048540
2.592950
2.102720
1.284830
1.637750
2.017590
2.323310
1.545090
1.412890
1.261870
1.934940
2.057090
2.463340
2.307420
1.698820
1.578030
1.379550
1.695950
2.085280
1.898330
1.760630
1.969990
2.442090
2.323690
2.185170
2.068680
2.578320
1.955100
2.371390
1.869840
2.059200
2.173550
2.266070
2.372740
2.160990
2.041240
2.440840
2.818100
2.515210
2.128610
2.791360
2.595260
1.932220
2.649180
2.257760
2.464310
2.409640
2.682470
2.818240
2.941400
2.668170
2.834310
2.292230
2.648740
2.962190
2.927870
2.828520
2.694740
2.972590
2.522320
2.232370
2.803760
3.127440
2.928550
3.841460
3.784770
3.419300
4.164810
3.662790
3.544070
4.248360
3.009080
3.091620
4.505190
4.092950
5.612860
5.381640
5.478050
4.579140
5.026110
5.849330
5.619460
5.072450
4.342810
4.923890
6.535740
5.984450
6.895220
5.956030
5.964340
5.825480
8.038290
8.278620
8.486540
6.634120
7.757090
7.357070
7.034830
6.968910
6.412590
8.520320
7.190350
7.355270
8.014280
9.556470
8.309160
7.746630
8.409770
7.628740
8.008710
7.052860
8.429330
6.896860
7.116750
6.272130
7.096410
7.124450
7.543610
6.619910
6.845700
7.148030
6.867570
5.422140
5.686770
5.835230
6.004210
6.162540
6.985410
7.408040
6.425130
7.855080
6.170470
6.250040
5.013780
5.639500
5.607630
4.202130
4.402420
4.235350
3.905880
5.333750
4.714220
5.067190
4.163450
4.951840
5.326140
5.217430
6.077070
6.461560
5.770820
5.491540
6.093340
6.574990
4.855350
5.449930
5.544410
5.577280
8.690710
6.810450
6.873380
7.731230
7.594460
7.839820
7.051180
6.605480
5.707740
8.568970
10.257400
8.921750
11.369200
9.749870
8.919460
9.458910
7.903160
7.588010
10.505100
15.056900
16.881600
5.539660
5.280300
5.803400
4.928680
6.192920
5.630250
5.160240
4.248040
4.729930
4.810110
3.961870
2.856450
3.244320
3.854530
2.712690
3.106390
2.603630
4.099130
2.984630
3.554390
4.832710
4.963280
5.804270
5.904430
8.144170
11.776700
10.685500
13.734400
11.185900
7.614300
10.791100
7.520300
2.186670
2.985900
2.320080
