5.701340
5.431110
5.319610
4.503830
4.928260
4.568500
4.853670
4.678630
4.899200
4.907360
4.888730
4.776260
4.985450
4.888650
4.859670
4.454950
4.842130
4.917170
5.201370
5.133730
4.359570
4.454800
4.680320
5.096190
5.041000
4.491320
4.452980
4.305910
4.418800
4.394530
4.546180
4.168080
4.378600
4.267360
4.165770
4.360760
4.444060
4.625190
4.376000
4.525730
4.280740
4.489720
4.736020
4.557550
4.419540
4.519010
4.480870
4.390600
4.978320
4.693270
4.989640
4.781520
4.826460
5.146860
4.663800
5.058620
5.141640
4.959850
5.420780
5.311460
4.919850
5.173030
5.270600
4.578670
3.933190
4.464200
4.735290
4.024970
4.135540
4.238600
4.415910
4.281030
4.269600
4.458220
4.404250
4.195700
4.048750
4.078060
4.376320
4.024410
3.860430
4.100180
4.097460
3.870210
3.908870
3.934900
3.981810
4.031360
3.637610
3.675930
3.389180
3.585730
3.494770
3.719670
3.604770
3.351610
3.643200
3.402030
3.398060
3.876570
3.651610
3.767580
3.556690
3.408470
3.592800
3.823240
3.527040
3.625200
3.537900
3.533370
3.347040
3.170580
3.216620
3.294350
3.212130
3.298880
3.340740
3.480730
3.466180
3.366110
3.177040
3.391210
3.350700
3.078350
3.197260
3.344900
2.778170
3.070750
3.450830
3.460080
3.325810
3.427430
3.253330
3.435600
3.332410
3.360040
3.454360
3.215010
3.419440
3.312490
3.669600
3.786160
3.553310
3.821730
3.782550
3.627600
3.860450
3.783550
3.721000
3.897800
3.988900
4.107690
4.212510
4.163600
4.651920
4.347740
3.415170
3.771620
3.560460
3.256490
3.725470
3.228890
3.661320
3.840670
3.510290
3.192630
3.094660
2.669860
2.795960
3.067140
2.650900
2.640300
2.688230
2.509190
2.712360
2.945530
3.164380
3.426220
3.383020
3.628660
3.251560
3.476870
3.088650
3.360480
3.324970
3.504550
3.274740
2.841560
2.851070
2.859500
2.775280
2.707510
2.891660
2.516770
2.775900
2.825080
2.676710
2.870070
2.793040
3.012660
3.123040
3.024690
2.926640
2.542200
2.854290
2.913550
2.788900
2.913920
3.008110
2.779120
3.063540
3.231390
2.993220
3.400220
3.493060
3.239480
3.007380
3.186180
3.391440
3.175690
3.338070
3.653070
3.457570
3.070380
3.321510
2.946810
2.714260
3.129370
2.979260
2.976460
3.079910
2.693270
2.732030
2.488970
3.218430
2.852520
2.411250
2.805220
2.670230
2.878720
2.179890
2.230910
2.844760
2.747690
3.516420
3.821030
3.125730
3.560090
3.292570
3.107950
4.107190
3.322570
3.585320
3.341760
3.804140
4.011390
4.512990
4.503700
4.486900
4.192060
4.253620
4.100790
4.875240
4.543240
4.363510
3.807480
4.646630
4.372540
4.514590
3.569180
4.797100
4.558230
4.828030
4.904440
4.574470
5.542610
5.565060
5.255570
5.298020
4.322620
4.230730
3.922070
4.003190
4.649730
3.952260
3.946780
4.985450
3.523930
3.486900
3.591430
3.618710
4.104840
3.471290
4.203150
4.790240
3.154090
3.737350
4.331630
4.217880
4.098840
4.220730
3.648390
4.737060
4.210330
4.445960
3.491950
3.590990
3.398090
3.608530
3.764360
4.261780
3.241170
4.195710
3.545470
4.063280
3.845470
3.947450
4.196780
3.669000
3.915320
4.250900
3.244130
3.460400
3.961680
3.599990
3.510880
3.891030
3.442540
3.436930
4.071850
3.572340
4.246510
3.366790
3.397440
4.066040
3.671020
3.875610
4.209430
3.709430
3.645950
4.280470
3.301420
3.629270
3.221500
3.751980
3.502070
3.183670
3.424050
3.024030
3.511260
3.295350
3.158560
3.716250
4.125570
2.907950
4.360170
2.989280
3.883340
3.083580
3.822310
3.259040
4.034770
3.390920
3.045560
3.140650
3.310750
3.748230
2.792010
3.075370
3.017170
3.706130
3.054020
2.853460
3.482970
3.348360
2.743610
3.015970
2.833880
2.839940
2.913770
2.639930
2.769660
3.064480
2.614210
3.118090
2.940970
2.572120
2.279670
2.878160
3.362390
2.888440
3.223590
3.014670
2.981880
2.920420
3.309040
3.678320
3.194790
3.016090
3.027590
3.255510
3.147190
3.194590
3.226380
3.295170
2.831370
2.853320
2.607860
2.431110
2.711820
2.735810
2.866690
2.449950
3.133470
2.728510
3.009190
2.696320
2.694360
2.937790
3.351110
3.448730
3.099090
2.465110
2.732740
3.074880
2.196140
2.682800
2.771190
3.612390
3.005300
2.479760
3.042060
3.186450
2.812580
2.934620
3.128150
2.902240
2.889480
3.252250
3.527500
3.931190
3.814560
3.554580
3.512670
3.386860
3.400650
3.542630
3.383190
3.637970
3.337340
3.999620
4.209080
3.843590
3.222630
3.715100
3.906840
3.439780
3.822070
3.544690
3.156070
3.904210
3.810880
3.744900
4.152390
4.102420
4.000430
3.521260
3.184170
3.657090
3.877240
3.862860
4.233620
3.807840
4.373690
4.252950
3.675010
3.738110
3.482270
3.766340
4.183900
4.162750
3.950340
3.786800
3.346930
3.135900
3.091850
3.496980
3.448080
3.577040
3.513300
3.213840
3.365120
3.605410
3.796660
3.795440
3.424660
3.277330
3.783920
3.681870
3.386610
3.488920
3.379850
3.106240
3.629770
3.507800
3.506930
3.177120
3.385840
3.451650
3.397420
2.751940
2.927320
3.386900
3.136880
3.868070
3.748800
3.609170
2.865850
3.117930
3.083190
2.883620
3.182280
3.596180
3.914370
3.496110
3.344700
3.138250
3.147590
3.233100
3.543560
3.179510
3.426300
3.338470
3.000930
2.996480
2.997780
3.391720
2.441590
2.948600
3.035130
3.559590
3.104760
2.734060
3.215950
3.169920
3.207870
3.448450
3.093770
2.665920
2.723150
3.146390
2.844890
2.907290
2.805220
2.818380
3.325470
3.581500
3.112670
3.058510
2.796480
3.085860
3.134100
2.893350
2.893410
2.835110
3.102780
2.876580
2.845920
3.005790
2.980870
3.213230
2.863170
2.876700
3.009830
3.067890
3.334800
3.263200
3.373400
2.637740
3.114370
2.760210
2.964280
3.391900
3.645940
3.163260
3.146890
2.377150
3.277130
2.703540
3.202060
3.022940
3.024840
2.776450
2.758610
2.797460
2.527710
2.678270
3.101710
3.182030
3.016510
2.927630
2.853080
2.875010
2.820590
2.714950
2.723950
3.067710
3.057410
2.746970
2.758440
2.606480
2.742460
3.129200
2.636390
2.824670
3.111480
2.446190
2.610050
2.904640
2.781120
2.621620
2.389350
2.748660
3.027700
2.474370
2.620720
2.788440
2.615640
2.067960
2.343110
2.174080
2.307670
2.526890
2.461180
2.576150
2.515710
2.621600
2.888220
2.504950
2.366120
2.245080
2.203860
2.106110
2.325770
2.171810
2.450310
2.370110
2.771810
2.335330
2.993580
2.647710
2.049460
2.153010
2.109860
2.760460
2.256470
2.222220
2.527610
2.423620
2.133760
2.310700
1.976800
2.143150
2.410800
2.496190
2.422910
2.373800
2.575830
2.406840
1.954710
2.211120
2.558040
2.735410
2.609980
2.454030
2.926090
2.733000
2.743090
2.458060
2.051590
2.190540
2.086660
2.528890
2.117920
2.226120
2.087730
2.486900
2.313690
1.958910
1.880220
2.000890
2.460980
1.998540
2.067490
2.431000
2.174420
2.228030
2.394220
2.573600
1.870380
2.454490
2.268220
2.638450
2.322050
2.354440
2.301840
2.236720
2.285530
2.669010
2.674120
2.378340
2.984390
2.608600
2.397670
2.390560
2.422390
2.748800
2.481350
2.842620
2.322450
2.622150
3.286790
2.438660
2.744360
2.725890
2.772840
2.379910
2.568100
2.418930
2.783230
2.614700
2.188710
2.683310
2.525470
2.828220
2.415960
2.282630
2.851600
2.449120
3.132150
2.764270
2.774640
3.200470
2.593790
3.190910
2.482890
2.715850
2.848560
2.684280
2.741850
2.652320
2.458580
2.448970
2.316050
2.580830
2.576910
2.477020
2.666510
2.480770
2.339880
2.520860
2.590550
2.226250
2.504510
2.724390
2.229700
2.444280
2.817070
2.616380
2.616550
2.585750
2.657050
2.570100
2.422330
2.504040
2.336310
2.047490
2.113280
2.329110
2.649630
2.756890
2.056790
2.569700
2.094850
2.418740
2.320310
2.264270
2.717370
2.127930
2.343890
2.519750
2.235100
2.419420
2.397350
2.476360
2.459510
2.565720
2.171630
2.719050
2.308470
2.372120
2.333910
2.344600
2.770350
2.658920
2.660860
2.611870
2.579700
2.369150
2.345230
2.401830
2.415500
2.296380
2.203010
2.404530
2.501160
2.185690
2.296690
2.328470
2.106170
2.226750
2.338380
2.459150
2.390790
2.469120
2.276980
2.337740
1.905660
2.011670
2.051210
2.127920
2.155630
2.297350
2.106690
2.276870
2.034170
2.395380
2.313830
2.304770
2.366170
2.571620
2.206090
1.893340
2.409150
2.087730
2.300240
2.191690
1.916120
2.255590
2.287730
1.951680
2.208260
2.031180
2.158140
2.099520
2.100730
2.203920
2.193490
2.061400
2.169130
2.069750
1.962890
2.457630
2.279650
2.085460
2.396130
1.869960
1.980290
1.986820
2.238930
2.224260
2.482320
2.069450
2.344240
2.457490
2.118410
2.246800
1.771230
2.531720
1.890660
2.037580
2.353710
2.075850
2.038170
1.867220
2.138150
1.830480
2.127570
2.129480
1.898880
2.120890
1.919110
2.021290
1.871770
2.089070
1.906250
1.813570
1.859770
2.039710
2.293560
2.114500
2.016310
2.094070
1.958840
1.726410
1.865070
1.579880
1.988890
1.573210
1.822030
1.952050
1.906700
1.721100
1.730370
1.885760
1.807370
1.715580
1.557530
1.850870
1.962380
1.750140
1.779310
1.760840
1.933020
1.843390
1.647060
1.684440
1.522560
1.847190
1.792790
1.791990
1.783070
1.766280
1.743290
1.799130
1.618260
1.966830
1.746020
1.796220
1.624520
1.885360
1.816350
1.616600
1.730420
1.679830
1.758010
1.960900
1.986960
1.690140
1.731290
1.694780
1.653570
1.747060
1.724390
1.754000
1.879880
1.556980
1.676940
1.656030
1.913090
1.710380
1.912220
1.598280
1.872630
1.612580
1.601760
1.830710
1.601740
1.880970
1.935090
1.816850
1.776680
1.738190
1.573110
1.858760
1.765710
1.897790
1.708040
1.825900
1.865910
1.620520
1.821170
1.621360
1.711040
1.666020
1.896800
1.725010
1.763400
1.710840
1.871960
1.933280
1.525910
1.547110
1.556220
1.639880
1.707110
1.657440
1.433330
1.710850
1.827830
1.599530
1.610240
1.754660
1.730600
1.532260
1.641570
1.841040
1.781720
1.744410
1.604820
1.606140
1.658930
1.593280
1.714650
1.551860
1.486130
1.458690
1.645330
1.611170
1.427100
1.621400
1.563120
1.547270
1.700510
1.517390
1.530300
1.836050
1.538510
1.622100
1.533760
1.569150
1.636290
1.685140
1.586940
1.729700
1.651490
1.491210
1.629540
1.491430
1.548490
1.698350
1.618730
1.527300
1.921250
1.596200
1.654170
1.608340
1.491930
1.754420
1.680110
1.742540
1.449450
1.576680
1.609960
1.502140
1.690270
1.796720
1.805170
1.700710
1.875390
1.809650
1.697990
1.815770
1.824000
1.809910
1.711240
1.881270
1.768810
1.777530
1.736370
1.779150
1.756540
1.694910
1.937370
1.769700
1.702820
1.922930
1.771060
1.902990
1.971500
1.754770
1.777870
1.692780
1.938780
1.968310
1.950310
1.735810
1.659680
1.680660
1.795540
1.726810
1.877870
1.794200
1.685920
1.916210
1.809700
1.870580
1.950040
1.912290
1.720270
1.691640
1.928960
1.807510
1.937870
1.878970
1.963230
1.723570
1.769910
1.976090
1.946180
1.846840
1.929540
1.771450
1.965150
2.049910
2.073170
1.944590
1.898930
1.941540
2.085750
1.860400
1.926760
1.919980
1.906050
1.786350
1.785530
1.724580
1.848360
1.947880
1.731870
1.691930
1.601510
1.769120
1.722800
1.759760
1.742760
1.778460
1.521550
1.595450
1.532270
1.527360
1.437200
1.515440
1.378090
1.419590
1.506270
1.409340
1.540650
1.545170
1.435780
1.432660
1.382690
1.316790
1.367850
