4.21522
5.57196
5.15285
7.20103
7.48835
9.406
10.9121
9.29591
8.50946
8.73431
7.91961
9.09879
9.04511
9.3306
7.54485
8.83775
9.18021
10.728
9.45449
7.40097
7.10175
7.90248
6.67367
6.96402
9.47272
8.6247
10.7762
7.97417
7.52223
7.42895
7.92142
8.05645
9.59225
7.8543
8.17199
7.22362
7.59557
8.02958
7.82779
8.42275
7.45162
8.32322
8.33532
10.2
7.80137
8.00062
7.43651
9.70717
7.96492
9.53385
7.87835
7.04676
8.02232
6.51666
7.95321
8.44872
7.85496
7.77656
8.34024
8.66726
9.11469
7.42067
9.22924
7.30037
7.04579
7.69745
6.98042
8.63337
7.62723
8.03302
8.40508
7.82616
7.76841
7.28951
6.26182
6.87812
8.42681
6.83892
6.91395
7.44269
6.58668
5.87409
5.94542
6.47504
6.42428
7.23595
6.95098
5.23469
6.69047
5.9255
6.05564
5.43444
5.4561
6.88115
6.5955
5.89463
5.12319
6.63545
4.79359
5.53141
5.40568
5.00836
5.79644
5.9446
5.30772
4.93666
4.90176
5.43114
6.13911
5.31155
4.57484
4.49603
5.67412
5.0255
6.08721
5.81986
5.29003
5.12579
5.46769
5.31815
5.83238
6.31438
4.91915
4.52908
5.3
4.3404
4.56095
4.68707
4.84223
4.73163
4.61782
5.22452
5.11534
4.22028
3.94207
5.37131
5.15357
4.32662
5.23012
4.76378
4.82777
3.78722
4.97905
4.63205
3.89226
3.8899
4.64137
4.06958
4.4579
4.12358
4.82927
5.40677
4.2903
3.79398
4.95486
5.00206
4.28736
2.78953
3.29393
4.50074
4.20381
4.2306
4.01187
3.84017
3.25555
3.82963
3.71005
4.25123
3.38938
3.56674
3.33906
2.90923
5.39858
3.84451
4.52942
3.57749
3.30792
2.09011
2.7216
3.11285
3.14139
2.66428
3.05441
