0.789328
0.778194
0.795884
0.811868
1.55294
1.04993
1.71047
1.95914
4.90009
6.80501
8.45479
17.0876
14.0039
15.4151
12.5029
12.7597
10.7121
10.21
9.38185
9.67522
10.8668
9.76745
12.1752
11.931
9.71722
11.1512
10.3054
10.2358
10.4707
11.0563
9.35524
10.5267
10.6937
10.1015
11.301
11.5269
12.0182
12.398
11.2305
10.9949
10.4009
10.4237
11.4952
10.51
9.97915
9.66617
10.9958
10.5377
11.1057
10.5993
10.4851
10.0998
10.4298
10.3244
9.5141
9.65545
10.5458
10.1132
9.79485
10.1337
9.52582
10.4608
10.269
9.64414
9.63451
10.2039
10.245
10.5137
10.3306
11.0137
10.1652
11.202
10.3918
10.7022
11.5134
10.3331
10.3924
9.18889
9.84302
11.0255
8.30383
9.36945
8.49446
8.48682
7.54778
8.0702
6.59634
7.03544
6.78448
6.33963
6.21097
6.506
6.62643
5.10976
6.12725
5.85576
5.47984
5.02866
6.31277
5.21879
6.01006
5.79457
5.56915
4.67094
4.83123
4.65937
5.22171
5.02764
4.36072
6.1293
4.10485
4.6998
4.28248
4.9617
4.31477
4.65226
4.40583
4.94615
6.03528
5.31077
4.8217
3.86413
4.89602
4.3757
3.94025
4.03764
3.43448
4.30123
3.24351
2.89515
3.39288
4.20745
3.02379
4.04011
3.35616
3.13631
2.62261
2.83714
2.63388
3.19326
3.52323
3.6228
4.16701
3.98119
3.25102
2.70651
2.59642
1.73957
1.59965
1.17365
1.01062
2.14553
1.62772
3.25215
3.44939
2.66491
3.49189
3.12072
3.4272
2.72278
2.0904
3.59637
2.65633
1.1091
1.33818
1.705
2.02541
2.38958
1.7631
0.958884
