10.300700
6.677800
6.657660
8.437460
8.806570
7.345380
7.668420
5.275080
7.255050
8.843800
6.086440
5.676820
8.132210
7.097550
7.264220
5.918100
7.947280
7.876250
5.366370
4.726820
4.622550
4.796690
5.389590
5.928690
7.748480
7.086190
8.763160
9.416420
9.824060
6.087530
6.427280
5.319170
6.599090
8.454660
9.705300
9.951870
8.079860
7.217590
6.414480
5.211330
5.747700
7.046510
6.529720
9.791250
10.328200
6.710710
6.713260
6.731640
7.691420
5.835600
6.377450
8.372610
6.489200
7.373000
5.129040
8.161890
7.154720
7.765500
6.694240
6.368500
6.388600
7.141960
7.451680
6.564430
6.240010
7.160480
6.529450
7.458550
6.140050
7.729720
7.240390
6.294390
6.968320
6.723230
6.321770
6.615450
6.686920
6.584900
6.327100
6.679680
6.423900
6.315600
6.756810
5.857400
6.970840
5.480460
5.735390
7.079360
6.298160
6.737270
6.245790
6.331770
6.946350
6.771280
6.129810
5.675280
5.385790
5.526050
6.009710
5.960050
6.546690
6.926200
6.515090
5.873990
6.037060
6.921840
6.539990
6.107260
5.493770
6.954440
5.762170
5.787570
5.415200
6.200890
7.113590
6.097050
6.320290
6.339000
5.906370
5.923510
5.423660
5.458240
5.598910
6.031190
6.715820
5.915130
5.859530
5.485880
6.030170
6.017220
6.718130
6.698040
5.934120
6.885610
5.327940
5.315710
5.868180
6.004780
6.521580
6.241240
5.722430
7.066000
6.102500
6.353030
6.771980
6.691130
5.543350
6.497320
5.578790
6.529800
6.497860
7.795050
8.167170
8.474500
7.626310
7.886740
7.924920
7.792840
6.929380
7.761830
7.688550
8.462660
7.239660
7.660220
8.344430
7.775180
7.939850
8.901380
8.706790
8.452680
8.422280
9.154190
8.684340
8.237220
8.220750
8.669950
7.711910
8.073940
8.728170
6.975190
7.097650
6.577320
7.063610
6.992050
6.756470
7.030350
6.377080
7.291520
6.515320
6.760890
6.507420
6.016350
5.972510
5.864170
6.512970
5.805510
5.903530
5.896000
5.691290
5.553910
5.866110
5.413230
5.203630
5.218210
5.322090
4.968190
5.375200
4.787570
4.908900
4.453100
5.398270
4.827710
5.080210
5.196110
5.263720
5.466770
5.329900
4.857580
4.810140
4.968200
5.013750
5.148390
5.200330
4.883160
5.371270
4.832050
5.147140
5.238270
5.805990
5.579800
5.147160
4.861770
5.407560
5.096140
4.724190
5.292100
5.853140
5.337130
5.278130
6.404030
5.696460
5.566670
5.690290
5.793980
6.019730
6.450490
6.017410
5.683600
7.336920
6.745820
6.627140
5.640600
5.530450
5.307150
5.116150
5.031270
5.302790
5.245140
4.796220
5.539630
4.828430
4.907850
5.064240
4.954080
4.979280
5.270910
4.816720
5.661790
5.185410
5.683970
5.065130
5.067840
5.292240
5.503230
5.000020
5.320800
5.058190
5.130500
4.907350
5.125260
4.732720
5.770140
4.730360
5.382270
4.907540
5.020030
4.841220
4.908420
4.569110
4.929230
5.325980
5.112210
5.276190
5.167930
5.249360
5.072080
4.865140
4.754060
4.725920
5.139050
5.034410
6.114800
5.667610
4.812790
5.002530
4.910630
4.561670
5.475250
5.119000
5.910200
4.456060
5.592160
5.244190
5.064830
5.123330
5.056930
4.997370
4.461590
4.470660
4.532960
4.918500
4.616180
4.459510
3.162340
4.942620
4.092580
6.375890
6.408680
5.698360
6.582540
7.474130
5.513550
4.903110
5.836790
5.690890
6.345190
6.074760
5.245810
4.102290
4.349420
5.021770
5.287190
5.295280
5.198130
4.075390
3.845240
3.980500
4.171960
3.824960
3.911390
4.462070
4.735180
4.188560
4.620790
4.278050
3.943040
3.854460
3.981480
3.978970
4.077750
4.580090
4.303160
4.748260
5.808620
5.422730
4.245920
4.888030
4.551160
4.382670
4.338220
4.759230
4.544240
5.336490
4.594740
4.441930
5.548990
4.441820
4.198230
4.903670
4.972610
5.962780
5.783830
5.357080
4.837650
4.963120
5.142360
4.033020
4.740420
3.762530
4.169290
4.064110
4.063310
3.846640
4.086700
3.822050
4.059920
3.846630
4.492560
3.648870
3.129040
5.396080
3.215690
4.436640
4.749770
4.295540
4.640440
4.785570
4.481690
4.291030
4.232000
4.133360
4.223520
4.555710
3.910680
4.999210
4.475100
4.541910
4.238000
4.488030
4.257310
4.440260
4.491680
4.560210
3.699040
4.099360
3.890930
3.445750
3.319740
3.995250
3.208720
3.386820
3.149200
4.022300
3.198760
3.277120
3.560090
2.989640
4.728010
3.432310
3.748710
3.701570
3.409550
2.914760
2.518150
2.815680
2.917350
3.891530
3.738100
3.203690
3.272440
2.731730
3.241490
3.142470
3.248710
4.624580
4.181180
5.195870
4.617100
3.336500
3.969620
2.924370
3.402940
3.335400
3.468950
2.694040
2.907400
2.965820
3.707430
3.954860
3.341710
2.662890
2.852020
2.542510
2.932180
2.518270
3.016890
2.081490
3.047230
2.409350
3.225300
2.844050
2.760460
2.931050
2.945620
2.841030
2.852480
3.305910
4.045270
3.505950
3.693250
4.226570
2.918400
4.124040
4.680020
4.760830
4.015740
5.206450
4.177790
3.675260
4.292360
4.474630
3.685550
4.459440
4.035910
3.735020
3.999470
3.987240
4.407330
3.539690
3.725130
3.750440
3.366660
2.930210
3.281340
3.146730
3.226190
3.421070
4.609430
4.772000
3.315100
3.632520
4.256330
4.811760
4.627600
4.742080
4.712560
4.152770
4.098450
4.482830
3.701900
4.213320
4.142170
4.313710
4.318690
4.245920
4.177710
4.347400
3.970890
4.319870
4.320930
3.840950
2.914600
3.611590
3.598510
3.214760
3.676630
3.492200
4.203600
4.168800
3.935500
3.380270
3.949150
3.914550
3.470530
3.287000
3.478310
4.038950
3.262050
3.439650
3.605820
3.754960
3.370500
3.001290
4.813730
3.906870
3.639250
3.140920
2.944830
2.781040
2.728680
3.111430
2.732530
2.823360
2.800890
3.294190
2.883220
3.081930
3.035120
3.426780
3.041250
3.539660
3.354800
3.523190
3.582460
3.314520
3.355090
3.805070
3.182350
3.128620
2.919570
2.992290
2.889780
3.402360
3.869320
3.402390
3.535840
3.179420
3.407260
3.361380
3.657690
3.489740
3.325330
3.587030
3.497630
3.534470
3.395150
3.448460
3.501290
3.376860
3.267670
3.166080
3.053170
2.988850
3.138870
3.251950
3.311880
3.361660
3.735500
3.029540
2.981910
3.134640
3.489850
3.570220
2.812410
3.058400
3.235630
3.901680
3.586700
2.939430
3.790400
3.112270
3.514610
3.216940
3.129410
3.670360
3.131770
3.470940
3.568020
3.098190
3.097740
3.076350
3.362620
3.660540
3.450460
2.964710
3.530150
3.508110
3.187970
3.171950
2.870840
3.173370
3.550890
3.529270
2.872410
3.386110
3.185970
3.493420
3.297290
2.898170
2.932500
2.891870
2.652090
2.952510
3.187530
3.457940
2.983550
3.187910
2.874950
3.416920
3.047110
3.192420
2.868450
3.075030
3.232660
3.505810
2.562400
3.012810
3.556030
3.332330
3.110610
2.798060
3.040650
2.968430
2.695950
2.674550
3.059780
3.035160
3.149170
3.089210
2.356780
2.591660
2.588640
2.549550
2.589350
2.663370
3.161930
3.261340
2.941840
3.664120
2.489840
3.359400
2.835750
2.949960
3.098230
3.086460
3.592640
3.759310
2.780200
2.776530
3.036700
2.544480
3.196010
3.215260
2.912280
3.037750
2.772410
3.243350
2.977630
3.117520
3.061480
2.716890
3.013660
2.660380
2.782490
3.433600
3.250650
2.700330
3.053760
2.822020
3.243970
3.279330
3.187420
3.576480
3.448400
3.171060
3.563860
3.067800
3.357140
3.151610
2.957010
2.957050
4.043890
3.231370
3.136730
3.131840
2.791660
3.412020
3.200310
2.823870
3.241840
2.767370
2.863650
2.460700
2.639640
2.904940
2.715270
3.437440
3.397010
2.877920
2.910600
3.046010
3.312390
2.936300
2.930490
2.625570
2.858540
2.741940
3.519910
2.990950
2.922270
3.051120
2.856560
3.386030
3.846860
3.671780
3.081600
3.429790
3.148180
3.971940
3.162270
2.785870
3.096290
2.813970
2.609370
2.937740
3.072100
2.637150
2.713680
2.068320
2.603580
2.561700
2.531860
2.859540
2.555050
2.625810
2.535420
2.655670
2.510730
2.722420
2.726980
2.669190
2.615570
2.424900
2.739910
2.710060
2.555120
2.347870
2.670730
2.371300
2.511900
2.430920
2.636170
2.921990
2.902420
2.950170
2.710000
2.911400
3.447210
3.313060
3.249950
3.347010
2.942040
2.673230
2.676580
3.050280
2.811090
2.494960
2.748400
3.054100
2.907440
2.877810
2.886440
2.652090
2.980930
2.980420
3.093090
2.867040
3.082000
3.097260
3.017400
2.952130
3.204770
3.031810
2.931120
3.050660
3.112350
3.096490
2.626900
3.009670
3.093260
3.106600
3.094170
3.041180
2.797290
2.786060
2.633970
2.719150
2.678830
3.106930
2.693870
2.468370
2.272190
2.638780
2.686390
2.469370
3.034320
2.931850
2.384700
2.452100
2.597990
2.598570
2.469440
2.614430
2.897260
2.992950
3.134030
2.487550
2.364040
2.341740
2.522190
2.603690
2.686210
2.588360
2.404250
2.243460
2.620490
