0.515714
0.47179
0.409077
0.426051
1.01449
1.02417
0.872208
1.02981
0.895386
0.732935
0.763479
0.800509
0.831569
1.47237
1.02023
0.912829
0.854466
0.694144
0.82506
1.24684
0.992777
0.758408
0.802816
0.955589
0.908156
0.804855
0.869004
0.916822
0.74141
0.654442
0.549854
0.620277
0.660604
0.780602
0.710328
0.725917
0.727106
0.60877
0.544055
0.549537
0.490302
0.509788
0.529433
0.549618
0.516195
0.603399
0.541362
0.594054
0.684257
0.610675
0.851303
0.887184
0.707165
0.864393
1.10012
1.10945
0.792597
0.834886
0.678425
0.688375
0.718975
0.877893
1.06073
0.677035
0.66204
0.785402
0.663386
0.761635
0.535735
0.751085
0.956614
0.849017
0.741576
0.77384
0.925352
0.810716
0.696019
0.54896
0.70934
0.761382
0.763008
0.957037
0.857338
0.733697
0.945487
0.930401
0.894703
0.66011
1.5219
0.708531
0.6174
0.970332
1.10513
0.845228
0.689472
0.637754
0.738683
0.633543
0.761823
0.839269
0.737062
0.860233
0.68457
0.763349
0.624313
0.826277
0.889295
0.943612
0.757108
0.93836
0.957492
0.979753
1.02589
0.97304
0.718357
0.755016
0.759069
0.786632
0.980124
0.856029
0.98847
0.813149
0.742788
0.979108
1.0089
0.897025
0.893254
0.761907
0.894299
0.856883
0.978647
1.20732
1.22351
1.05854
1.19875
1.24327
1.19325
1.26453
1.28455
1.14009
1.19133
1.35886
1.00708
0.825607
0.939739
1.12533
1.0669
1.10012
1.3148
1.44944
2.06311
1.36934
0.970104
1.28759
1.3602
1.30225
1.35103
1.21522
1.64223
1.43868
1.10496
1.23672
1.31761
1.22016
1.20285
1.19737
1.13605
1.249
1.17152
1.16342
1.41632
1.25082
1.36711
1.28729
1.13896
1.05068
0.473956
0.506669
0.511234
0.481967
2.39224
1.43108
1.35399
1.18942
1.46707
0.802868
0.463244
0.41301
0.37934
0.334933
0.491042
0.432579
0.521935
0.936291
1.04801
1.3914
1.31764
0.632336
0.50868
0.727023
1.44514
1.238
0.571863
0.692824
0.505816
0.555463
0.96207
0.902166
0.711013
0.639524
0.450784
0.546871
0.48393
0.612042
1.2418
0.623138
0.491547
0.505575
0.469102
0.585215
0.733211
0.92987
