0.162185
0.143808
0.152824
0.139197
0.130385
0.174653
0.144246
0.132264
0.172609
0.151988
0.143835
0.160472
0.148197
0.188591
0.227677
0.209744
0.255417
0.199345
0.246159
0.23019
0.22723
0.191251
0.197914
0.190574
0.208331
0.289695
0.251522
0.20276
0.175663
0.257122
0.260535
0.27321
0.272945
0.238407
0.241903
0.223671
0.317668
0.254183
0.183948
0.23226
0.308474
0.292096
0.269794
0.250524
0.199171
0.239038
0.179566
0.282602
0.221998
0.233479
0.239793
0.269675
0.308038
0.268064
0.244643
0.236306
0.311919
0.252152
0.289377
0.253785
0.276867
0.246387
0.288801
0.268922
0.309802
0.351182
0.315268
0.258408
0.247712
0.271297
0.217646
0.243411
0.251373
0.286431
0.200742
0.301879
0.316939
0.299341
0.361546
0.302779
0.252728
0.277756
0.324651
0.292026
0.332697
0.411723
0.302033
0.409426
0.303105
0.293571
0.353184
0.308043
0.335774
0.311389
0.342375
0.295742
0.298084
0.337092
0.414539
0.357034
0.35032
0.402333
0.414527
0.379846
0.377651
0.324542
0.345466
0.322997
0.368668
0.314022
0.323874
0.377414
0.400573
0.388528
0.388719
0.339879
0.326968
0.340235
0.388861
0.349755
0.421797
0.363026
0.4833
0.371146
0.396702
0.400681
0.3123
0.354224
0.416598
0.382165
0.355452
0.408513
0.428686
0.420847
0.380823
0.427609
0.415793
0.404784
0.381423
0.383353
0.3483
0.391279
0.437348
0.367186
0.341078
0.397431
0.361334
0.352328
0.446938
0.470043
0.445717
0.4376
0.474276
0.399381
0.501285
0.463899
0.506783
0.402937
0.475372
0.500665
0.46977
0.511174
0.554691
0.498337
0.50784
0.635728
0.617093
0.441838
0.475494
0.49164
0.478512
0.571836
0.563101
0.50085
0.537026
0.536795
0.61612
0.434654
0.491459
0.529791
0.579736
0.387205
0.396599
0.396173
0.379443
0.450579
0.462291
0.513084
0.4719
0.317557
0.449103
0.281731
0.293869
0.378698
0.376753
0.389966
0.394114
0.295182
0.292389
0.416751
0.409567
0.359107
0.363555
0.391725
0.471431
0.457633
0.430638
0.418937
0.658613
0.518153
0.346214
0.391576
0.460206
0.642874
0.60003
0.601238
0.616018
0.717413
0.530806
0.543786
0.530929
0.618498
0.635322
0.572271
0.665496
0.549447
0.692882
0.66432
0.604179
0.810075
0.290879
0.251825
0.442311
0.701403
0.713383
0.547986
