0.204874
0.241183
0.25252
0.277468
0.261632
0.277898
0.290566
0.304554
0.371345
0.347972
0.603236
0.892035
1.38732
1.31762
1.15628
1.08454
0.615587
0.986232
1.30113
0.917245
0.7492
0.813005
0.486915
0.485877
0.329021
0.605812
0.33619
0.631748
0.380571
0.446441
0.514741
0.541421
0.487361
0.671074
0.450566
0.478161
0.518657
0.627977
0.829347
0.657111
0.960281
0.648342
0.650509
0.953072
0.88945
1.00191
1.08157
0.623902
0.644957
0.689892
0.716587
0.758099
0.642892
0.75366
0.701251
0.988289
1.19923
0.731985
0.825596
0.545642
0.616733
0.74962
0.562314
0.799922
1.02342
0.874026
0.674614
0.913295
0.680871
0.650105
0.87109
0.901246
0.674214
0.746751
0.929725
0.587557
0.795946
0.688183
0.707777
0.929045
0.948657
0.682493
0.725826
0.74282
0.7369
0.717228
0.75027
0.921709
0.825279
0.840139
0.703093
0.882494
0.940694
0.900259
0.915919
0.984576
1.18345
1.20762
1.15127
1.2879
1.35301
1.11301
1.1872
1.33654
1.29841
1.25641
1.55483
1.42248
1.45031
1.11706
1.32135
1.27243
1.44703
1.37661
1.47837
1.53597
1.39482
1.55133
1.24053
1.57545
1.59956
1.70454
1.80864
1.81529
1.63317
1.89765
1.59031
1.96258
1.55331
1.64571
1.99677
1.94874
1.77613
1.71439
1.92612
1.98394
1.82066
1.78769
2.13617
2.10463
2.23991
1.75431
2.30982
2.20095
2.20947
2.03469
1.74804
2.32201
2.01138
2.07298
2.45707
2.01708
2.34643
2.31502
1.97752
2.00991
1.75929
1.7136
2.23915
2.26702
1.82791
2.57778
2.82441
0.702175
0.527695
0.545176
0.536124
0.492979
0.516595
0.52453
