4.121430
4.551880
4.284320
6.044620
5.762970
6.284090
6.117870
5.294780
6.155280
5.724540
6.091530
6.835220
4.588530
5.449280
5.424210
6.880670
7.655040
8.315730
5.474560
7.027610
6.441100
7.434140
7.354810
8.099020
6.005080
5.413110
6.178900
6.207490
7.400570
6.470050
6.403840
6.092560
7.862440
6.786540
8.132000
7.330860
7.575410
7.775020
7.708950
7.169560
8.193560
7.361640
7.333370
7.983220
8.255190
7.159340
9.085380
9.066400
8.512400
8.769920
8.144670
8.774070
7.492420
9.855450
8.177970
8.156700
9.803010
7.889190
9.580150
9.009060
9.585240
8.686090
9.060640
10.243800
11.633900
9.848510
9.417620
9.518800
10.806500
11.519000
9.782990
9.423290
8.960640
8.786050
8.436810
9.467710
10.806100
10.018500
9.158750
8.817700
8.915190
10.363100
10.853000
10.595900
10.583700
10.483900
10.537200
11.600500
11.158000
10.254800
11.277500
10.004300
9.599130
9.471730
11.930400
10.358700
10.347900
11.685900
10.041300
9.958200
9.674350
10.723400
9.803040
10.467000
8.922460
11.724100
11.652400
9.867560
11.268200
8.843410
10.449900
9.450280
11.338700
10.399800
10.533800
11.632100
9.662370
11.520900
9.666000
10.057900
9.812480
8.436570
9.380970
12.099400
10.519400
10.816800
13.077900
10.773200
11.824400
10.439700
10.637200
9.430910
11.878900
11.067400
8.920570
11.596700
8.289300
9.741040
10.081500
9.499030
10.404100
9.989470
11.488100
10.309800
12.860900
10.923100
9.908660
11.108200
10.365800
12.234800
13.793100
20.986100
10.166000
