0.215093
0.269201
0.38209
0.202986
0.265042
0.226541
0.1905
0.164179
0.152515
0.215004
0.205639
0.23858
0.256493
0.250655
0.252067
0.22189
0.280379
0.26713
0.32664
0.252346
0.254343
0.2604
0.279939
0.391101
0.438745
0.497335
0.481271
0.341449
0.5086
0.506179
0.336256
0.534523
0.41522
0.77984
0.569065
0.379248
0.644114
0.627322
0.374662
0.423101
0.414686
0.613115
0.531978
0.726514
0.734752
0.637658
0.610638
0.598785
0.783088
0.967981
0.668517
0.783269
0.738042
0.993123
0.938251
0.911283
1.00385
0.759918
1.04429
1.0603
1.14602
0.842057
0.945467
1.01074
0.994531
0.893161
0.968117
0.887048
1.11896
1.25874
1.07173
1.13243
1.05112
0.914342
1.12025
1.07447
1.10726
1.42839
1.18652
1.30767
1.30813
1.33832
1.23641
1.06899
1.01092
1.29966
1.3563
1.31367
1.95213
1.88607
1.47869
1.23936
1.75317
1.65395
1.75449
1.24024
2.1822
1.75855
1.81503
1.36637
1.31844
1.67007
2.08641
2.12937
0.621873
0.618026
1.11591
0.871644
0.895174
1.59038
1.60205
1.75337
1.90982
1.84828
2.00843
1.71806
1.57854
1.51332
