0.654321
0.531628
0.529991
0.646123
0.697959
0.540196
0.518573
0.513529
0.66396
0.812312
0.558596
0.912731
0.999111
1.00641
1.06044
1.05863
1.1634
1.03347
1.0721
1.07891
1.05398
1.0997
1.10775
1.22296
1.13593
1.0846
1.26355
1.14145
1.23568
1.26021
1.34869
1.2231
0.982643
0.989805
1.0476
1.16498
0.925478
1.01839
0.935221
1.10383
1.12423
1.09871
1.27151
1.17982
1.27344
0.50243
0.79306
0.750033
0.510483
0.42214
0.520824
0.453062
0.524857
0.678802
0.819659
0.813696
0.63285
0.49905
0.470783
0.961315
1.15076
1.0865
1.56259
1.45584
1.33446
1.55252
2.21895
2.58433
2.65466
2.53652
2.80025
3.15837
3.74645
2.77455
2.5946
2.45483
2.21832
2.74406
2.67392
2.72751
2.77603
2.8987
2.63902
2.45757
2.18137
2.15589
2.62339
2.13587
2.04816
2.04554
1.92048
1.98919
1.80827
1.70162
1.72313
1.81089
2.5315
2.15515
1.72494
1.65422
3.39825
2.22611
2.17779
1.82108
1.63298
1.51832
1.32239
1.51369
1.28113
1.19368
1.07355
1.10299
1.40574
1.38318
1.23349
1.28714
1.32321
1.15445
1.13781
1.18898
1.22606
1.22745
1.24701
1.14261
1.30391
1.37638
1.27118
1.40269
1.44318
3.08431
2.05819
1.83376
1.68085
1.83578
1.51237
1.77503
1.45803
1.47944
1.51293
1.65891
2.22082
2.46398
2.19051
2.43383
2.72272
2.50612
2.48047
2.11181
1.86823
1.79301
2.19565
2.30358
2.67373
2.64061
2.63524
2.16014
2.22404
2.55378
2.48052
3.36524
2.87531
2.47751
2.87315
2.29477
2.20662
2.32791
2.40207
3.27828
3.16437
2.82231
3.29747
2.52194
2.58494
3.11819
3.18265
3.79435
3.4921
3.573
3.07113
2.78263
2.42289
3.23696
3.26342
2.60218
2.93918
2.09823
2.4528
2.48578
2.5203
2.35891
2.34545
2.32463
2.32471
2.32668
2.47722
2.5319
1.87539
2.37264
2.36637
2.45555
2.71759
3.03277
3.12199
2.84415
2.99146
2.96519
2.93335
2.87745
2.68407
2.63572
2.79328
2.39551
2.59743
2.60641
2.50342
2.64109
2.93419
2.39169
2.14244
2.91355
2.69032
2.91152
3.31733
3.32958
3.75189
3.24831
3.0212
2.86484
3.31072
3.74197
3.45242
3.64535
3.75226
3.80249
3.4232
2.98726
3.06153
3.42601
3.53428
3.95809
4.16016
4.09165
3.35611
2.86038
2.89127
2.91184
3.3286
3.67966
3.21191
3.19574
3.02574
3.87024
3.7014
3.29414
3.14791
3.43951
3.67849
3.79227
3.09849
2.2657
2.84021
4.16362
3.52238
4.6941
3.11029
3.12264
2.67222
2.97731
2.96909
3.32936
3.91315
3.9557
4.00519
3.45989
3.78697
3.56957
3.33744
2.89163
2.2731
2.06911
2.08317
2.58184
2.61093
2.87064
3.10099
3.10367
2.75697
2.88144
2.97958
2.69686
2.30683
2.71452
2.61275
2.00188
1.97701
2.00872
1.8747
2.71963
2.6777
2.26617
2.63729
2.68235
2.34709
2.42684
2.09552
2.19365
2.77025
2.84361
2.7949
2.75812
2.48233
2.26075
2.07336
1.94869
2.48515
2.40854
2.93546
3.11506
3.48983
4.01943
3.85435
3.9052
3.83374
4.1687
3.37922
3.6902
3.44401
4.14152
4.21063
3.87913
4.24832
3.89439
3.52269
3.82573
3.57162
3.29569
3.02939
4.45565
5.41759
5.23148
5.05581
4.63336
4.86675
4.1664
4.98987
4.7137
4.60198
5.15403
4.64744
4.38264
4.05524
4.08354
4.45966
4.46026
3.76738
4.60918
4.62672
4.49234
5.11213
4.68598
4.97922
4.88028
4.24157
4.02482
4.30082
4.98711
4.82056
4.56862
4.19437
3.86421
4.5579
4.09449
4.83108
4.4918
4.31651
4.6013
5.29036
4.81156
4.84134
4.42658
4.95791
5.33671
5.13412
4.91578
5.28468
5.55096
5.144
5.31294
5.37841
5.95099
4.61821
5.71407
5.10206
5.04864
4.49083
4.79977
4.05195
3.67166
4.46069
4.65259
4.47225
4.57653
3.90379
4.50575
4.25963
4.18006
4.43258
4.1811
4.2518
4.57945
5.48682
4.97766
4.29758
4.07843
4.0272
4.69742
4.67649
4.56236
4.84421
5.0702
4.54648
3.78609
4.25258
4.66024
6.41527
5.30713
4.18598
5.12044
4.69868
5.14661
4.83591
5.38815
5.88886
6.18446
5.00203
5.77073
5.14431
6.13226
5.90492
6.21669
6.02811
8.32672
6.51446
5.87271
6.09554
7.98981
6.12483
7.65792
7.36948
7.71994
6.86273
6.50634
5.98182
5.38476
5.59968
6.39485
6.77992
7.1534
8.84026
8.74744
8.04415
6.58979
6.79791
7.06388
7.93171
5.59779
7.14402
5.18087
5.3843
5.48421
6.10446
5.86132
5.92622
5.56124
5.51133
4.58701
5.05814
5.05785
3.95388
4.78389
5.48237
4.91846
5.86368
5.86105
4.73915
5.29378
4.17727
4.59909
5.68457
6.57637
6.17266
5.34672
5.37019
4.87408
5.73913
7.10685
6.687
7.20349
7.85616
6.86053
5.89842
5.90757
6.62327
6.46043
5.27913
5.31942
5.75795
6.36407
5.33979
5.8091
4.90358
4.80009
5.74139
5.70535
5.34191
6.137
5.96724
6.29137
5.75693
5.57675
5.86838
5.48438
5.33247
6.20369
6.22972
6.20545
6.18084
5.20786
5.51174
4.94959
4.62465
5.09783
5.03851
5.64345
5.88485
5.81149
5.12348
4.88346
5.34969
5.2925
5.34433
6.41521
5.90055
5.26602
5.09367
5.25681
5.72512
6.14616
5.68653
4.61606
4.54025
5.35925
5.29375
5.7175
6.3251
5.30922
5.94337
6.88327
6.40899
6.3551
5.57767
4.95824
6.04823
7.51882
6.30706
5.32793
5.01798
6.24852
6.0654
6.69134
6.52341
5.96332
6.06672
5.94876
6.0174
5.83421
6.5333
5.62759
6.80205
7.00433
6.20876
7.74382
7.39741
6.76759
7.32407
7.13102
6.71523
6.77133
7.77835
6.86477
6.90766
7.84287
6.20247
5.85959
5.51015
5.14283
5.10985
5.12706
6.50947
6.50324
5.83041
6.34802
7.27244
7.67396
6.83028
7.18923
7.7844
7.70302
8.65605
8.72609
6.94718
6.8724
9.00045
8.68658
8.62344
7.90885
7.89951
8.57491
9.97462
8.71386
8.61939
8.73573
9.69877
8.79469
9.01883
8.67188
8.64261
8.58652
7.41827
7.96996
8.96009
8.72306
8.77864
8.07568
7.14579
8.11176
9.03467
8.16071
8.11528
7.14154
7.90786
8.76153
9.41731
7.56199
8.62448
8.61746
7.28657
7.76318
7.98188
7.83166
7.0768
8.54907
7.73132
8.79992
8.44154
9.10348
8.002
9.09079
8.11897
8.74355
9.43848
8.06842
9.78536
7.75859
8.24784
8.97263
8.16862
8.96889
9.02981
7.51258
7.14627
7.3527
7.85877
7.15888
7.46677
4.74996
5.00302
6.2938
7.9395
7.75726
6.85798
6.59995
6.36696
6.11988
6.54032
6.43178
5.99103
6.79198
6.75553
7.38415
8.28348
6.64846
6.52733
6.43219
6.80233
7.55979
7.81274
7.53915
7.54888
7.46376
6.62596
6.47168
6.79878
7.26157
6.87415
7.52401
5.74818
5.80248
6.81873
9.71753
8.9584
9.42225
9.50815
9.50416
8.54435
9.3904
8.67888
8.55972
9.63118
9.41854
8.44124
7.49547
9.10198
10.7616
9.32423
8.93444
8.62537
8.70071
10.5662
8.12317
8.44934
9.78994
8.89351
10.0163
9.42834
8.2211
8.8374
7.57997
7.17708
8.60603
9.39999
9.94586
8.47136
8.99876
9.82371
10.2543
9.80899
9.65183
8.76408
9.14124
8.25154
8.83321
8.97001
8.51101
9.65914
10.4278
8.91236
8.6667
9.38849
9.23209
8.37801
10.1813
9.05121
8.58203
8.31211
8.32715
9.39177
8.33125
9.27095
11.0812
9.17075
8.2716
8.2519
9.00225
8.57604
9.01366
9.09621
9.12746
11.5905
13.7633
11.4094
6.44552
3.99409
4.44707
5.56801
5.83909
6.3445
7.04097
7.84392
7.81015
8.43788
8.7276
9.31312
11.157
11.2689
8.9386
8.90104
9.16854
9.80475
11.3441
10.5061
14.288
12.8941
11.0934
9.26082
10.5616
13.2632
10.7811
9.16055
7.54955
9.14138
10.2477
12.1133
12.1829
10.7784
9.88215
10.4274
12.5346
13.5055
12.0415
12.5978
13.6078
12.553
11.9625
11.5428
10.1518
8.71337
8.24149
7.09437
9.89182
10.0488
10.099
7.17142
7.6748
7.42519
7.03227
7.85492
8.22346
8.1151
4.81252
6.75555
8.01478
10.0449
9.19769
8.3808
9.79831
10.9698
9.75093
15.5437
15.5654
15.6716
15.9
12.5036
6.24676
9.00695
10.4109
7.58408
13.8802
11.5205
14.3314
13.171
7.84819
8.36913
10.8681
10.7528
12.0898
13.4824
12.0624
11.5794
14.6632
11.6469
10.0406
11.4887
13.6821
12.5535
9.30121
7.64873
8.53531
8.66569
8.17858
9.29871
10.0464
10.096
10.6552
10.0015
10.8512
11.0906
10.0187
9.7989
10.4474
10.0077
10.4395
11.1514
12.2865
10.3612
9.04115
10.9794
10.4721
11.4386
10.6758
11.642
10.2035
10.6196
9.61973
9.66106
9.72216
10.2267
9.62701
10.1799
11.1068
10.5486
9.21001
11.4471
10.804
10.9053
9.55639
10.4216
10.41
10.7998
10.6079
11.4502
9.96072
9.56805
11.3756
10.7074
10.2942
9.84943
11.2766
11.2118
11.3039
9.9401
9.40725
9.90886
11.1604
10.8625
10.8069
10.9536
11.1855
9.74154
10.254
8.72458
10.1911
11.2714
10.5236
11.0736
10.0927
10.7027
10.9884
9.57054
9.43585
9.28609
10.5268
10.5437
10.7706
10.8317
10.9852
11.0668
10.4271
10.4442
9.05199
10.1009
10.6796
10.6967
10.1096
9.43026
8.96359
10.7631
10.5712
10.2179
9.699
9.02599
10.5551
10.8115
9.88389
9.19372
9.1475
11.0388
9.86671
9.19726
8.40156
8.64767
10.2898
9.59007
9.52704
12.5753
11.0461
9.4088
9.86863
10.4286
9.49549
8.06199
11.0874
11.4302
12.2677
11.5488
9.75663
9.39733
10.4976
10.1784
8.50749
9.63016
9.25792
10.3507
9.39451
10.0507
8.88643
8.2777
9.35883
9.30537
10.339
10.3487
10.7744
9.4416
9.2248
8.94088
10.7087
9.54677
8.32432
10.5031
10.3787
9.82089
8.01119
9.42624
10.0294
9.12507
10.9795
12.3662
7.92793
8.72523
10.6966
7.24277
6.32394
8.91543
9.33867
9.83245
12.6897
11.5215
10.191
9.43021
7.56541
7.93596
8.51776
9.68538
10.201
10.0993
8.56548
9.4936
10.2904
8.71846
9.36351
12.0605
9.22767
6.87297
6.60419
5.99227
5.91098
7.5383
9.02023
8.17229
7.24329
7.14056
4.95714
6.40157
6.37337
9.29861
7.94195
7.06912
6.60341
5.36185
9.68402
10.1956
8.33936
8.86195
10.812
11.5314
8.9534
12.2793
14.1924
14.7066
13.6463
10.1153
6.65631
6.83019
8.35298
8.28886
10.1231
12.0088
12.868
14.9004
13.6227
12.6261
10.3415
14.8164
10.1911
13.9466
13.6503
15.2784
16.2998
