0.148318
0.263766
0.77103
0.618515
0.482865
0.569793
0.65065
0.380863
0.382044
0.500522
0.545458
0.348128
0.483157
0.558365
0.786429
0.756
0.611566
0.85935
0.63662
0.814748
0.944815
0.796653
0.831823
0.875413
1.05897
1.06567
0.854675
1.01029
0.94941
0.935788
0.761184
0.646613
0.723978
0.762452
0.763336
0.656625
0.966399
0.990371
0.890907
1.14462
0.870571
1.2766
1.00776
1.45646
1.18608
1.12084
0.829681
1.08478
1.43731
2.08144
1.66732
2.37935
2.32459
1.73842
1.5542
1.53141
2.11361
2.69373
0.439748
0.62471
0.526651
0.668442
1.39073
1.19655
2.14697
1.84804
2.65465
1.32439
1.5858
2.64837
1.3834
1.59644
2.26616
6.02247
1.64697
1.3447
2.35624
2.10932
1.76519
1.90039
2.22581
2.30001
2.15894
1.96231
1.97862
1.86739
3.12704
1.75867
1.90812
2.15433
1.92899
1.99358
1.85695
1.89605
1.86424
1.78579
2.04614
1.76571
1.78451
1.56553
1.90847
2.0647
2.02583
2.25102
1.2538
2.1192
2.04901
2.57783
1.4634
1.19128
0.878184
0.584835
0.524538
0.49133
0.536489
0.405658
0.461207
0.380145
