1.20357
1.22365
1.59965
1.78978
2.50497
2.26047
4.57714
5.52194
5.57325
6.28654
3.94844
4.95199
4.58007
4.39674
3.35258
3.97262
3.01115
2.9879
2.57734
3.19262
2.55714
3.60954
3.14112
4.06169
3.96572
4.71821
4.14506
4.40872
3.58412
3.26963
3.08981
4.44314
3.45487
3.46958
4.13929
3.63012
3.72587
4.30197
4.02859
4.68519
4.13132
4.19744
4.63934
3.33901
4.09359
4.45916
4.51356
4.08399
3.93493
3.27517
4.15864
4.31901
3.80542
3.67397
4.92443
4.09725
3.66589
3.81035
4.07214
4.21161
4.34873
3.30565
4.23977
4.89261
3.58737
4.49025
4.21053
3.80972
3.5694
3.96604
2.92191
3.89025
3.38218
3.80285
4.44459
3.83079
4.16
3.85313
3.96998
4.28642
3.51921
3.30938
3.47817
3.04117
3.19309
3.91769
3.49184
3.48309
3.48815
3.70983
3.93641
3.11996
3.25068
3.70358
3.92084
3.44492
3.98697
3.2505
3.59568
3.4015
3.53137
2.83172
3.44411
3.06647
3.33761
3.1776
3.31132
2.33657
3.20611
3.12044
3.31808
2.85144
2.92554
2.65368
3.25261
3.01269
3.02122
3.62752
3.67902
2.68058
2.79424
2.64807
2.30916
2.46826
2.39168
2.16624
2.17808
2.2178
2.21416
2.12531
2.16671
2.11573
1.97929
1.83646
1.48776
1.61965
1.56715
1.41664
1.20915
1.26653
1.2079
1.10358
1.01425
1.0823
1.12901
1.08989
1.12826
1.0042
0.995538
0.97004
0.92944
0.841539
0.950194
0.966678
0.94518
0.913276
