0.453071
0.686192
0.770719
0.919676
1.07616
1.07366
0.976378
1.40133
1.42018
1.53815
1.25224
1.28091
1.08758
0.919657
0.853199
1.17659
0.990184
1.33561
0.745659
1.38684
1.61961
1.65385
1.84549
1.6076
1.90473
2.10686
1.86745
2.17477
2.35002
1.54323
1.75316
1.7635
1.81997
1.60969
1.49599
1.69304
1.75211
1.56482
2.04618
1.79203
1.5204
1.82845
1.94817
1.57124
1.57045
2.13999
2.40091
2.32365
2.24471
2.37739
2.58642
2.48254
1.63495
2.32145
2.24753
2.39273
2.41873
3.10697
2.79902
2.49483
2.93526
3.17573
2.70374
2.36122
2.53121
2.27037
2.59015
2.62102
3.16087
2.22189
3.05024
2.57001
2.47606
2.27372
2.2059
2.61824
3.44879
2.89811
2.86102
3.86033
4.25556
5.00159
3.99963
3.07307
2.04837
1.62505
3.02269
1.70864
1.85327
2.40539
2.07349
2.68658
4.59787
4.09133
3.16161
3.3668
5.16827
2.96632
3.36378
3.8603
3.98988
5.19262
4.61344
3.59212
3.73968
3.3229
4.98421
4.13789
4.00055
4.45059
4.22273
4.52612
4.07082
3.26036
4.29077
3.91112
1.6286
