0.287628
0.262892
0.290951
0.306358
0.311735
0.424899
0.384831
0.348496
0.322207
0.405514
0.430952
0.417934
0.423962
0.370519
0.459572
0.339121
0.440606
0.6721
0.421487
0.696684
0.541829
0.71403
0.722205
0.632862
0.609594
0.835608
1.22477
0.855747
0.653471
1.03999
1.06583
0.878237
0.519188
1.3039
0.947409
0.94437
0.909166
1.00652
1.03251
0.779958
1.39789
1.03566
1.42841
1.34035
1.17691
1.15293
1.25676
1.25132
1.21095
0.89881
1.06321
1.72729
1.50508
1.31821
1.89923
1.86164
1.49843
1.65103
1.39573
1.3843
1.70893
1.79623
1.57004
1.42806
1.80958
1.58833
1.86014
1.49823
1.31804
1.39868
1.39037
1.62197
1.1039
1.59457
1.3314
1.47718
1.80782
1.43111
1.67553
1.43893
1.94718
1.68241
1.65397
1.91002
2.00448
1.77278
1.5804
1.99377
1.47061
1.85122
1.83111
1.62757
1.66979
1.59734
1.89447
1.57812
1.63642
1.58429
1.68066
1.7375
1.8456
1.50605
1.78952
2.00712
1.77709
1.9241
1.67291
1.84078
2.00275
2.28278
1.85214
2.2927
2.30677
2.41825
2.04642
2.11571
1.72081
2.00444
2.14205
2.45143
2.27426
2.48966
2.48003
2.5735
2.75571
2.88942
2.31623
2.81337
2.93879
2.59601
2.95662
2.78244
3.66568
2.87268
2.54613
2.50751
2.34454
2.40941
2.2155
2.61624
2.47133
2.62561
2.44121
2.97888
2.04212
2.48853
2.86328
2.43148
2.22231
2.36692
2.64389
2.27405
2.14443
2.54743
3.1734
2.33028
2.98341
2.69646
2.211
2.90692
3.76567
3.12295
2.94193
3.29133
3.58728
3.09965
2.41247
2.29407
2.06358
1.50333
