4.75375
5.84367
4.86721
10.0494
8.70509
11.2643
12.8038
13.2724
12.5124
12.5405
13.5642
14.9382
14.3671
11.7479
11.7983
10.2806
10.4333
12.7583
11.1644
9.71476
9.01318
10.4738
10.0023
10.2981
10.3207
10.4048
11.0675
9.63212
9.83557
10.4534
8.77424
9.06195
8.53136
9.76691
9.51365
10.225
9.61993
9.72135
11.4346
9.0479
8.75445
8.91819
8.71076
9.59896
9.12562
9.60065
9.05442
8.37939
8.02995
9.74402
9.64716
8.81322
10.0084
9.92518
10.7078
7.53914
7.69356
8.74723
8.02831
9.76428
8.36577
7.94035
8.65915
7.8625
8.21577
10.0071
9.38634
7.25991
7.53667
7.6517
7.53374
8.02969
7.87022
7.52514
7.72411
6.86049
6.74529
6.76187
6.22168
6.36796
6.32978
6.10439
5.37203
5.25731
5.29531
5.69991
5.18254
4.39462
4.74575
3.65832
3.88866
4.00442
