0.796471
0.771801
0.696044
0.554892
0.561785
0.455406
0.325739
0.316856
0.313167
0.390164
0.353371
0.330632
0.326828
0.285005
0.183196
0.118142
0.123276
0.170863
0.177478
0.222092
0.216361
0.227783
0.206589
0.21704
0.212761
0.209988
0.219222
0.219728
0.17143
0.181452
0.176353
0.146784
0.120381
0.0979851
0.0474969
0.0528616
0.110796
0.0941545
0.0663901
0.0456578
0.0387516
0.0429578
0.0899677
0.0688498
0.0894578
0.106671
0.141681
0.139278
0.156691
0.14451
0.158334
0.13068
0.131244
0.137584
0.139657
0.143035
0.16593
0.161324
0.15775
0.153971
0.145968
0.124567
0.177792
0.140124
0.149968
0.180044
0.161363
0.163392
0.185808
0.149899
0.120844
0.188085
0.162363
0.264482
0.290779
0.20266
0.495533
0.473723
1.00278
0.596028
0.462657
0.884505
0.962596
0.945578
1.01689
1.22552
1.7355
1.30722
1.50837
1.24165
1.51561
1.70879
1.4875
1.5859
1.54163
1.51395
1.35493
1.65895
2.87668
1.81209
2.30269
2.5818
3.45574
2.22348
1.52645
1.81339
1.77094
1.54925
1.7544
1.59762
1.48331
1.53477
1.98813
2.30693
1.29224
1.14414
1.52857
2.78311
3.36546
2.04725
2.63257
1.94321
1.74529
2.12313
1.84098
2.13614
1.95687
1.90559
2.88752
3.25346
2.48907
2.56939
2.28773
3.18527
2.67562
2.67798
3.05344
3.11433
3.98605
3.56304
4.41816
3.77608
2.82107
2.63302
2.10826
1.77273
3.06851
2.02322
2.40876
2.16824
2.39191
3.10137
2.86635
1.54631
1.45845
2.07557
2.62589
2.78132
3.07926
1.97925
3.92222
2.54152
1.94417
2.62397
2.89845
1.44265
5.20871
5.80349
2.81183
2.96381
2.60212
0.964856
1.36798
1.52417
2.18098
1.64082
1.86546
1.55812
1.78654
1.98892
2.14463
1.74497
1.08998
0.941505
0.827399
0.691833
1.05246
0.789683
0.781185
0.898466
1.37527
2.73482
1.94101
1.56788
2.98874
1.34478
1.95265
2.09629
0.981712
0.982078
0.737554
0.699708
0.723937
1.21631
0.794287
1.04025
0.835495
0.760975
0.844002
1.13566
0.919291
0.904131
1.31283
1.74641
1.02131
0.760794
1.30687
2.25521
0.624479
0.819691
0.809897
0.738055
