5.336600
4.461040
4.087140
4.692470
3.760450
3.413180
4.265880
4.513770
3.971610
4.569290
4.476880
5.013850
4.287290
3.902790
2.948120
3.639500
4.165070
4.141950
4.498600
2.821590
4.567880
4.179800
3.587200
3.442160
2.471140
3.011480
3.804650
3.066900
2.854520
3.110200
3.388340
3.390920
4.006710
4.044150
3.480400
3.491790
3.441070
3.859550
3.662780
4.108030
3.513110
3.831050
3.540320
4.089330
4.204700
4.583860
4.269460
4.811920
4.101900
4.458190
3.976920
3.643970
3.716570
4.229840
3.874870
3.914700
3.500280
4.021430
3.678240
3.570490
3.660650
3.893620
4.226430
4.535560
4.276740
3.358580
3.239690
3.360630
3.885910
3.757700
3.716100
3.590460
3.331710
3.782590
4.015290
3.915140
3.308370
3.936260
3.515260
3.802540
4.080250
4.286630
4.621970
5.033660
4.514810
3.967330
4.075960
4.120720
3.396470
3.432650
3.530720
3.870330
3.347260
3.250160
3.823250
4.434080
4.294450
4.260270
4.403200
3.263530
3.455640
3.559810
3.495420
4.203060
3.586820
4.059630
4.545680
4.006930
3.528640
3.410440
4.803140
3.828970
3.598070
4.336000
5.496470
4.467330
4.641190
4.398120
3.864610
3.298620
3.516340
4.250370
3.489000
4.321770
4.016160
4.303220
4.303730
4.254010
3.775520
3.278840
3.621040
3.912370
3.520830
3.451360
3.733990
3.749390
3.536790
3.769940
3.711490
3.888820
3.456660
3.692770
3.774400
3.353190
3.577930
3.312530
3.018710
3.279130
2.731800
2.925920
3.492880
3.017240
3.128600
2.948070
2.784120
2.961070
3.067240
3.150270
2.983560
3.419080
3.441860
3.706910
3.332640
3.287060
2.951780
3.577980
3.131320
3.597640
3.247170
3.315860
3.514350
3.032490
3.101450
3.129230
2.915280
3.223530
3.523990
3.640210
3.222810
3.064440
3.620700
3.041240
3.134100
3.603620
3.196590
3.122950
3.507330
3.472360
2.796760
2.987030
3.107010
3.594490
3.507920
3.691120
3.403180
3.475460
3.365220
3.549330
2.997450
3.626750
3.521070
3.655360
3.939440
4.196570
3.379720
3.346750
4.172920
4.716040
3.642330
3.346560
4.269920
3.974230
4.168530
2.958340
3.066490
3.270850
3.140090
3.655170
3.639790
3.668670
3.015300
3.465290
3.311850
3.712800
3.563120
3.396830
3.627760
3.930050
2.799140
3.942540
4.042050
3.573400
3.735390
4.683020
3.943970
3.775710
4.131430
4.249740
3.243140
3.325560
4.038550
3.549970
3.647010
2.707960
2.236340
2.748810
2.856300
3.130690
3.022690
2.765960
2.916860
2.423900
2.732530
2.441980
2.396740
3.118770
2.496120
2.454530
2.609050
2.603470
2.827840
2.453920
2.345140
2.524500
2.395470
2.476120
2.654870
2.724240
2.675810
3.098470
2.722640
2.742460
2.665800
2.538400
2.872260
1.469870
1.351440
1.173780
1.051210
1.011710
1.040350
1.614640
1.443260
2.157910
2.011370
1.672880
1.481640
1.544680
1.829550
1.908260
1.683640
1.701490
1.456360
1.310840
1.416120
1.826090
2.191860
2.837100
1.824350
1.691500
1.437610
1.633330
1.559140
1.772610
1.999950
2.258030
2.182500
1.914780
1.644060
1.733910
2.369790
1.944920
2.803020
1.737840
2.284990
2.114510
2.089310
2.257290
2.026900
2.080770
2.167240
2.709830
1.715460
2.055980
2.213220
2.011050
2.485940
2.102340
1.942150
1.786480
1.939540
1.890270
1.794640
2.345920
2.457760
2.662750
3.120820
2.049950
2.405490
2.483340
1.765440
2.657560
2.009300
2.061320
1.637830
1.688810
2.067620
2.066560
2.370290
1.817760
1.596000
1.344990
1.347240
1.606680
2.129510
1.780990
2.448090
2.604790
2.278000
2.189980
1.772330
2.361870
2.007690
2.001740
2.329440
2.035490
1.932020
2.339530
2.251140
2.353100
1.838580
1.960530
2.372140
3.171400
3.009570
4.394710
2.328880
3.427430
2.834100
2.641640
2.621150
2.671940
3.151250
2.538920
2.549130
1.465380
1.773070
2.598520
2.913750
2.097630
2.340400
2.511440
2.381880
3.528670
4.262570
3.738970
3.662770
3.053260
3.044970
3.642420
3.027870
3.050620
2.469160
1.895370
2.708100
1.837460
2.489080
3.288430
4.063820
3.626090
4.120760
3.847050
3.850090
4.216040
3.816970
3.607450
3.407400
3.486150
2.999390
2.971870
3.178940
3.062390
3.211850
3.672590
4.412940
3.106610
3.466560
2.433100
3.077690
2.789790
3.215250
3.173250
2.282270
2.056480
1.706580
1.467600
1.917740
1.940150
2.104370
1.970330
1.805080
2.073740
2.374400
1.718980
2.564440
2.230420
4.486640
3.267340
3.548500
4.924070
4.148200
3.758720
3.060280
3.091750
2.480640
2.243310
1.767850
1.722460
2.229850
2.648430
1.561340
1.651540
1.431410
1.766870
1.626220
1.381610
1.154950
1.712730
1.886680
2.039480
1.562180
1.872210
1.644870
1.319260
1.713470
2.074530
2.352200
2.076150
2.547100
2.662360
2.018270
2.842870
3.221150
3.053330
2.647820
2.444290
2.280220
2.013680
1.892110
1.673070
2.193290
2.098770
2.181000
2.089680
1.925000
1.931530
2.235310
1.645540
1.595690
1.596400
1.641850
1.837700
1.870300
1.551680
1.389500
1.427620
1.696060
2.086860
1.857720
1.501470
1.264020
1.836640
1.520940
1.362240
1.726660
1.666200
1.460880
2.073540
1.855590
1.497400
1.471570
1.587190
1.715140
2.070880
1.893030
3.002260
2.092980
1.650970
2.051060
2.884940
2.677190
2.031700
2.406910
1.933700
2.153790
1.936110
2.656030
2.579270
1.982990
2.441450
2.222940
2.139170
2.365080
1.825960
1.995430
2.020710
2.198630
1.874420
1.777560
2.046220
1.992140
2.044440
1.710230
1.592040
2.283320
2.082960
1.784970
2.710850
2.021820
1.522980
2.140930
2.049080
1.968110
2.218720
2.017740
1.723730
1.857490
2.404860
2.294940
2.508000
3.257060
2.303660
2.110310
2.024170
2.248970
1.958890
2.043300
2.025170
2.101820
2.059250
2.361780
2.292890
2.188800
3.412550
2.195590
2.322810
2.245800
2.638630
2.954190
2.893590
2.848750
2.718900
2.465990
2.674770
2.553780
2.589690
2.552600
2.884920
3.179720
2.482570
2.576280
2.665170
2.534410
2.661290
2.438130
2.278300
2.487800
2.590980
2.887030
2.613940
2.328420
2.799050
2.624870
2.720720
2.414270
2.180430
2.069420
2.050690
2.425980
1.916840
2.327350
1.977600
2.318480
2.465670
2.554560
2.841460
2.579370
2.410780
2.273480
2.363570
2.081240
2.263430
2.189180
2.462430
2.520880
2.494350
2.085800
2.126510
2.384670
2.263770
2.395760
2.129270
2.504450
2.290170
2.365500
2.431630
2.665360
2.335360
2.276940
2.150490
2.166780
2.282000
2.127170
2.422230
2.175720
2.380510
2.281030
2.389480
2.332540
2.196520
2.386590
2.124320
2.372920
2.295100
2.125080
2.199580
2.503180
1.984490
2.472270
2.175740
2.152750
2.318350
2.386380
2.339790
2.291150
2.395120
2.351700
2.121970
2.388460
2.430260
2.229550
2.433830
2.537370
2.299510
2.521920
2.370200
2.272900
2.096360
2.290420
2.149580
2.145110
2.467500
2.411290
2.406710
2.445320
2.134230
2.016720
2.526800
2.426460
2.288870
2.595340
2.088620
2.294720
2.205140
2.098550
2.290960
2.203070
2.289460
2.412950
1.912700
2.118220
2.330300
2.231550
2.427260
2.282600
2.195060
2.394530
1.963340
1.871700
1.972960
2.001570
1.896700
1.982250
1.973730
1.743770
1.945180
2.017640
1.900480
1.845930
1.969450
1.851300
1.820650
1.867920
2.030660
2.266590
2.160510
2.067140
2.123900
1.967200
1.993310
2.048720
1.959180
2.137830
2.038720
2.288500
2.049730
1.961830
2.444190
2.101580
2.161000
1.967050
1.862750
1.854340
1.925640
1.945480
1.882800
2.336810
2.371540
2.126050
2.156920
1.977730
2.046900
2.156390
2.136530
2.622000
2.599820
2.180020
1.767260
2.073280
1.990200
1.856850
2.186990
1.843500
1.870710
1.986650
1.976210
1.948800
1.937000
1.884610
2.038650
1.861060
1.887460
2.156010
2.290700
2.429910
2.248420
2.260410
1.790030
1.996820
1.897840
2.050730
1.984060
1.862240
1.957500
1.982660
2.071200
2.242520
1.729970
1.923070
1.942030
1.928830
1.924000
2.099700
2.040590
1.977760
1.866500
1.775250
2.036990
2.073380
2.132040
2.160490
1.964600
1.918140
1.892060
2.080000
2.126250
2.104580
2.119180
2.347890
2.364730
1.971620
1.858490
1.876830
1.947540
1.970920
1.991190
2.106650
1.655380
1.787420
1.790050
1.945220
1.873850
1.765590
1.865610
1.838810
1.916290
1.683910
1.462910
1.695620
1.685820
1.525170
1.559300
1.872760
1.995790
1.784540
1.827470
1.697250
1.706990
1.824440
1.792710
1.874630
1.595800
1.975070
1.863020
1.950980
1.722270
1.806610
1.824250
1.602310
1.900740
1.567790
1.598230
1.721540
1.773900
1.902260
1.722810
1.529680
1.522020
1.713440
1.654520
1.576210
1.664080
1.447110
1.472880
1.415590
1.567720
1.527270
1.613700
1.732400
1.593690
1.552680
1.743900
1.433780
1.504510
1.585790
1.472620
1.339910
1.310640
1.436050
1.583460
1.568250
1.763910
1.518990
1.656940
1.674700
1.459940
1.443540
1.587500
1.677230
1.711210
1.590930
1.585730
1.412100
1.547200
1.382600
1.515210
1.514190
1.562510
1.599620
1.478290
1.637520
1.705080
1.532560
1.631120
1.675850
1.812670
1.768370
1.699610
1.658620
2.063440
1.766700
1.699150
1.599180
1.648290
1.750810
1.702640
1.547510
1.661800
1.913280
1.588750
1.893870
1.542120
1.586520
1.728970
1.873670
1.770240
1.314650
1.828450
1.801950
1.727310
1.715560
1.683810
1.537080
1.616660
1.807080
1.744870
1.737680
1.656870
1.565830
1.631310
1.650740
1.708690
1.529840
1.719950
1.613860
1.667280
1.543280
1.666740
1.635740
1.549770
1.690770
1.706080
1.550170
1.657850
1.628290
1.612420
1.537450
1.736760
1.891720
1.631280
1.516110
1.703390
1.505380
1.527160
1.638130
1.554900
1.592230
1.722330
1.508170
1.567110
1.578820
1.487700
1.570130
1.557400
1.459390
1.366370
1.528880
1.517890
1.485220
1.460500
1.706480
1.557200
1.503510
1.757620
1.445570
1.498650
1.643180
1.769640
1.534970
1.493800
1.603550
1.374320
1.541390
1.454580
1.280200
1.350860
1.498780
1.563950
1.774950
1.554320
1.395550
1.442960
1.448140
1.321730
1.340910
1.364610
1.432010
1.375880
1.371410
1.471900
1.501760
1.327340
1.456200
1.343900
1.457240
1.389450
1.539970
1.389020
1.389280
1.571970
1.507550
1.351870
1.379310
1.555790
1.284580
1.383990
1.379130
1.391340
1.440820
1.314590
1.505440
1.374990
1.301680
1.400400
1.545900
1.494610
1.393940
1.257070
1.232010
1.288820
1.347010
1.270950
1.301960
1.103530
1.182780
1.343030
1.405190
1.280620
1.528760
1.336370
1.310150
1.298560
1.349090
1.314400
1.357540
1.338530
1.175850
1.402130
1.482470
1.370000
1.460710
1.356580
1.327340
1.267660
1.254180
1.249170
1.266720
1.183420
1.259750
1.178240
1.324060
1.537740
1.417180
1.236600
1.252730
1.227450
1.244450
1.242210
1.219060
1.167660
1.328730
1.371480
1.156410
1.083220
1.088830
1.326200
1.393850
1.230710
1.302600
1.075940
1.004430
1.126950
1.049250
1.213000
0.966533
1.064200
1.224300
1.328040
1.170480
1.347160
1.223880
1.193320
1.085960
1.043790
1.573750
1.238970
1.256570
1.256060
1.138600
1.195270
1.241590
1.315450
1.171100
1.214220
1.211350
1.161050
1.266040
1.298890
1.331170
1.341510
1.257980
1.135300
1.302380
1.304970
1.281670
1.384350
1.408450
1.451610
1.566550
1.759030
1.482460
1.486560
1.411860
1.369390
1.565580
1.509980
1.425390
1.456510
1.648050
1.459680
1.459290
1.384370
1.587780
1.499630
1.606270
1.712200
1.751900
1.488440
1.487880
1.462680
1.418530
1.507370
1.427490
1.248380
1.269640
1.277170
1.260020
1.269540
1.360440
1.222690
1.387120
1.375000
1.334920
1.222020
1.290180
1.158650
1.104440
1.164220
1.137800
1.080910
1.280440
1.191940
1.162640
1.150670
1.127360
1.169040
1.122640
1.097910
1.125160
1.078550
1.139840
1.010690
1.126940
1.277460
1.068540
0.988397
1.111160
1.283480
1.260090
1.058760
1.085670
1.255480
1.460810
1.337610
1.336390
1.433090
1.382030
1.668650
1.682710
1.498860
1.664420
1.671330
1.445570
1.477810
1.495270
1.442550
1.447000
1.392890
1.459410
1.653200
1.577080
1.593310
1.572350
1.635020
1.569350
1.656790
1.393760
1.489370
1.503260
1.468380
1.608860
1.688200
1.674690
1.282030
1.413600
1.335740
1.443260
1.517460
1.542720
1.429680
1.277810
1.248120
1.152360
1.287490
1.259610
1.291320
1.221380
