5.41982
5.32027
4.98219
5.28374
5.36964
5.33009
5.27288
5.42468
5.28193
5.3052
5.26108
5.46227
5.46987
5.32571
5.41323
5.41247
5.40018
5.40852
5.30356
5.48692
5.34126
5.40746
5.42181
5.36857
5.40137
5.3478
5.39008
5.43349
5.51787
5.47301
5.49718
5.35494
4.77319
5.48087
5.48309
6.03451
6.50486
7.4689
7.02828
6.92814
6.71212
6.73687
7.0393
7.05568
6.64312
6.16552
6.03962
5.79352
5.80542
5.62247
5.65973
5.48312
5.43627
5.48106
5.3984
5.45672
5.53978
5.47064
5.3774
5.5445
5.46758
5.38204
5.43996
5.57691
5.49726
5.48128
5.52728
5.53749
5.60371
5.4307
5.26115
5.63103
5.52895
5.63578
5.53247
5.76919
5.57486
5.77835
5.72758
5.70418
5.23276
5.71592
5.60006
5.66634
5.80311
5.80689
5.70532
5.82056
5.57056
5.68823
5.40652
5.81606
5.77019
5.68786
5.94933
5.81604
5.76453
5.79766
5.91105
5.8921
5.54387
5.74213
5.79676
5.81031
5.71096
5.90242
5.76605
5.79071
5.82937
5.75545
5.90455
5.71213
5.86788
5.95918
5.86568
5.9362
6.02568
5.94043
5.97635
6.07414
5.55643
6.09733
5.96659
5.94999
5.97383
5.88326
5.9814
6.07177
5.86678
5.91739
6.00001
5.94233
5.78726
6.14088
5.90904
5.99426
6.00635
6.00257
6.05746
5.95669
5.95491
5.9174
6.10379
6.08309
6.07228
5.91255
6.01034
6.09737
6.02603
6.08402
5.63292
6.17833
6.0836
5.95077
6.25504
6.00122
6.21186
6.06318
6.08278
5.99053
6.13721
5.8801
6.21375
6.29213
6.06508
6.06631
6.14485
6.16377
6.23532
6.22189
5.91247
6.06481
6.20375
6.10509
6.0409
6.16428
6.114
6.21279
6.12139
6.33478
5.91061
6.04868
6.30042
6.1757
6.04676
6.08935
6.19383
6.22942
6.04977
5.69661
6.29822
6.11536
6.14876
6.13263
6.13175
6.18703
6.02592
5.88875
5.56904
5.10359
4.49646
4.39444
3.35052
2.11141
1.57637
1.76753
1.86624
2.22709
2.62499
3.33855
4.82452
5.80505
6.51759
6.60212
6.19217
4.48634
2.83677
1.40384
1.52425
1.74558
1.81117
1.84186
2.01349
1.98673
1.98928
1.82991
1.96494
1.95679
1.77973
1.9358
1.72178
1.95512
1.84412
1.83648
1.86014
2.00987
