2.55623
2.34605
1.92827
2.33948
1.73206
1.01223
0.940513
2.47718
2.82149
2.64758
2.87159
2.43681
2.47644
1.83225
1.79804
1.9483
1.75841
1.8042
2.02791
1.86475
1.92776
1.93898
1.9973
1.7661
1.97674
2.18315
2.08286
1.96538
1.67289
1.74536
1.99221
1.90353
1.99004
2.10407
1.82159
1.97061
1.70144
1.98417
1.82089
2.10924
1.91737
2.18062
1.90213
2.18284
2.13317
1.27354
1.04322
1.39812
1.3428
1.55737
1.14208
0.905403
0.769417
0.825925
0.9426
0.783188
0.886851
0.988762
0.981388
0.979028
1.17839
0.876211
0.995353
1.56303
2.43409
1.82938
1.22337
0.95111
1.12116
1.10925
1.63174
1.46758
1.83997
2.48436
2.24322
1.91974
2.36907
1.91727
1.97185
2.23854
2.20208
2.29103
1.82944
1.98337
1.4438
2.10813
1.65832
2.06996
1.83833
2.12316
1.64663
1.69571
1.97973
1.83504
1.86401
1.82553
1.87497
2.08204
1.94988
1.83649
1.82055
1.90882
1.79174
1.55392
1.49044
1.86331
1.67848
1.8673
1.46258
1.91397
2.23678
1.79018
1.86486
1.83227
2.03163
2.01418
1.7612
1.7133
1.93706
1.80991
1.69265
1.97408
1.82968
1.87764
1.5165
1.66092
1.6984
1.58705
1.61798
1.88777
1.57627
1.69095
1.44396
1.46631
1.4812
1.7332
1.32728
1.30393
1.39206
1.59369
1.24334
1.34124
1.25744
1.63213
1.53162
1.48655
1.34417
1.41901
1.31627
1.47058
1.41575
1.39488
1.73774
1.4131
1.45607
1.63395
1.53616
1.31637
1.60015
1.37823
1.2827
1.31947
1.30835
1.37993
1.17971
1.18754
1.33933
1.3251
1.60803
1.54298
1.3985
1.54426
1.21005
1.21645
1.16777
1.29364
1.07433
1.25489
1.10567
1.19532
1.18707
1.28999
1.39075
1.2794
0.878728
1.00183
0.9576
1.30861
0.990959
1.24127
0.936331
1.02749
1.24875
1.01309
0.900361
0.854533
0.884764
0.846058
1.00859
1.16079
1.10156
1.08893
1.23201
1.10171
1.29914
1.29699
1.29263
1.34195
1.05205
1.03891
1.01428
1.23403
1.25273
1.39418
1.21452
1.26518
1.50575
1.21275
1.27152
1.3713
1.20063
1.24275
1.20658
1.12505
1.1355
1.06856
1.25446
1.07954
0.984183
1.19071
1.03156
1.18999
1.13171
0.993975
1.0014
0.971006
1.02358
0.95376
1.06825
1.14283
0.898551
1.10728
1.07612
0.983644
1.12035
0.954215
1.10168
1.04885
1.12266
0.861164
0.896255
0.966668
0.832637
0.888971
0.821647
1.09311
0.834583
0.873839
0.841879
0.962279
0.799103
1.02432
0.981615
1.05891
0.989599
0.925126
0.960553
1.10506
1.01792
0.961674
1.1331
1.02369
0.992544
0.910631
1.01509
1.0114
0.967062
1.02561
1.1237
1.10378
1.12157
1.04387
1.07593
1.07333
0.929113
0.937083
1.05288
1.00241
0.99087
1.02707
1.06393
1.04855
0.991488
0.980363
1.18542
1.05263
0.82576
0.764484
0.68835
0.872528
0.706592
0.726885
0.820976
0.662772
0.773825
0.683079
0.846173
0.786919
0.763525
0.774672
0.72814
0.85826
0.721734
0.702129
0.804159
0.673075
0.679837
0.636774
0.684565
0.687347
0.6848
0.748152
0.673744
0.653541
0.921571
0.802387
0.762855
0.887353
0.787219
0.856888
0.873996
0.773959
0.789741
1.00979
1.11418
1.21652
1.02424
0.963187
0.941959
0.882982
0.689437
0.808418
0.592723
0.638855
0.649137
0.625432
0.655837
0.668438
0.671047
0.587674
0.631179
0.623442
0.586433
0.65139
0.692907
0.621199
0.658026
0.639093
0.656994
0.697074
0.705378
0.680996
0.671996
0.698565
0.665468
0.683325
0.645985
0.732348
0.737038
0.681454
0.793612
0.728421
0.722244
0.771871
0.691437
0.682567
0.648979
0.680795
0.668202
0.755194
0.676403
0.687116
0.74853
0.70942
0.683931
0.669103
0.634999
0.61158
0.691474
0.78479
0.648736
0.679976
0.79041
0.766906
0.79066
0.970954
0.877451
0.861347
0.912749
0.729768
0.745494
0.830782
0.653234
0.819526
0.789584
0.786069
0.764641
0.807265
0.781686
0.69094
0.64034
0.768887
0.684267
0.689506
0.76273
0.67676
0.679107
0.649249
0.663189
0.595111
0.579741
0.549754
0.626452
0.594766
0.584406
0.520268
0.537642
0.536958
0.562502
0.48698
0.525054
0.476475
0.503354
0.518541
0.556964
0.503994
0.516527
0.452304
0.535317
0.538059
0.535448
0.520491
0.457237
0.576725
0.555067
0.510873
0.497205
0.581341
0.504015
0.606112
0.521723
0.519907
0.4719
0.601668
0.514092
0.55313
0.523431
0.557627
0.60493
0.534408
0.515778
0.601056
0.627827
0.591953
0.515369
0.526172
0.519237
0.544545
0.58626
0.626824
0.585564
0.622047
0.676471
0.573394
0.571771
0.632673
0.550522
0.538016
0.628995
0.631016
0.515574
0.584011
0.515559
0.586386
0.531843
0.567442
0.555891
0.576707
0.585903
0.546718
0.467672
0.562635
0.596765
0.517866
0.566661
0.495236
0.487422
0.523553
0.559416
0.497594
0.462651
0.506351
0.497996
0.51232
0.537602
0.576099
0.616484
0.600313
0.534847
0.483986
0.431807
0.553329
0.491946
0.495878
0.457023
0.461268
0.45403
0.457875
0.457934
0.503751
0.462197
0.477806
0.429614
0.438261
0.537914
0.479221
0.477679
0.500588
0.513494
0.521938
0.536922
0.495165
0.521772
0.49154
0.504168
0.536182
0.40973
0.508537
0.480583
0.434482
0.475732
0.469021
0.434004
0.553959
0.500891
0.46554
0.454104
0.416627
0.440989
