1.05424
0.926098
0.966115
1.11967
1.07221
1.04828
1.07748
1.01084
0.943975
1.03537
0.994818
1.19124
1.09539
1.31745
1.38829
1.10136
1.10459
0.984719
0.874583
1.17613
1.1248
1.21316
1.12396
1.35464
1.00798
1.13154
1.27592
1.0904
1.01946
1.11517
0.920885
1.25405
1.30411
1.63717
1.12065
1.13407
1.35196
1.22489
1.15786
1.14179
1.53206
1.57448
1.42438
1.4788
1.39628
1.51187
1.50796
1.51154
1.96777
1.87622
1.61799
1.51412
1.41207
1.38935
1.51547
1.40157
1.57761
1.57664
1.30781
1.53592
1.80054
1.52889
1.61257
1.63651
1.55359
1.70009
1.70472
1.41289
1.4983
1.83503
1.60321
1.7503
1.75733
1.78573
1.88003
1.77683
1.66962
1.64189
1.74764
1.89575
2.08761
2.20744
2.16811
1.89459
1.99136
2.12971
2.14891
1.94746
1.70537
2.18046
2.04773
1.82219
1.93603
1.86566
2.70849
2.2433
2.55459
2.12925
2.05405
2.05965
2.34548
1.97779
2.36358
2.22851
1.88873
2.13303
1.86298
2.02525
2.29678
2.70857
3.13675
2.81771
2.40215
2.74791
2.72413
2.82265
2.74942
2.23831
2.75296
3.03568
2.73222
2.75795
2.8739
2.90772
2.61276
2.66235
2.62498
2.60217
2.1385
2.21046
2.31913
2.47585
2.35741
2.52344
2.74032
2.85514
2.62826
2.73051
2.66109
2.5156
3.06921
2.85973
3.29671
2.90536
2.79397
3.20915
3.21464
2.91081
3.10201
2.76282
3.03741
2.80581
2.96395
3.23531
3.10359
3.34207
2.60129
2.80189
2.89115
2.05447
3.23541
2.3421
2.62105
3.07083
2.32546
2.90505
1.96331
2.35071
2.0982
2.13495
1.61862
2.21151
2.61267
1.89712
2.5602
1.70796
2.04861
1.67025
1.5427
1.5332
1.8601
1.17396
1.01002
1.4096
1.89851
0.816122
1.05159
1.08616
1.61265
1.53212
1.69042
1.39479
1.35142
1.38512
1.91346
1.4626
1.09008
1.56925
1.90636
1.46525
1.49755
1.46906
2.18478
1.02529
1.06793
1.04252
1.28739
1.09325
1.25032
