0.926584
0.848439
0.736396
0.836998
0.734282
0.72422
0.85434
0.769274
0.730789
0.790188
0.729213
0.752365
0.830298
0.856212
0.81624
0.817948
0.836055
0.75606
0.864268
0.680127
0.727407
0.720572
0.687833
0.731691
0.804229
0.713205
0.818787
0.855218
0.709384
0.813424
1.0144
1.16261
0.940996
1.00484
1.03775
0.930815
0.975707
0.868645
0.883289
0.821837
0.79509
0.930788
0.922514
0.853789
0.877905
0.88593
0.811523
0.766083
0.736931
0.759257
0.710335
0.731278
0.679451
0.749799
0.686551
0.771634
0.79539
0.802823
0.773103
0.719851
0.909323
0.908331
0.880462
0.841051
0.842776
0.910195
0.842415
0.795564
0.927962
1.09974
0.974092
0.915096
0.912719
0.930882
0.931496
0.921838
0.857423
0.854215
0.722896
0.792225
0.801203
0.854932
0.804135
0.81892
0.803389
0.796433
0.794527
0.723061
0.732246
0.903784
0.858607
0.767509
0.7502
0.756962
0.784179
0.845845
0.821824
0.777279
0.781379
0.750386
0.732471
0.631701
0.664406
0.670849
0.788487
0.777116
0.745887
0.677303
0.783921
0.783249
0.828746
0.821006
0.773372
0.757268
0.742604
0.723556
0.689153
0.663292
0.711609
0.751013
0.669214
0.623552
0.612241
0.632365
0.646173
0.661489
0.671402
0.65603
0.65631
0.657245
0.634124
0.570912
0.606979
0.605584
0.632471
0.606735
0.556805
0.552625
0.56944
0.574872
0.613578
0.566865
0.590091
0.55261
0.548905
0.573493
0.504229
0.50236
0.597851
0.610909
0.586285
0.512422
0.596392
0.528256
0.470402
0.542045
0.548158
0.554331
0.517367
0.529117
0.585523
0.575709
0.577509
0.583297
0.595074
0.618657
0.644844
0.633389
0.655633
0.586046
0.610713
0.613612
0.566356
0.581192
0.553137
0.598831
0.619073
0.587774
0.569795
0.581133
0.588133
0.621249
0.543134
0.554375
0.629329
0.70805
0.600318
0.638674
0.61306
0.634875
0.657923
0.632791
0.698421
0.708858
0.636199
0.658078
0.751363
0.739025
0.667872
0.705139
0.639015
0.600278
0.683434
0.739559
0.716142
0.753313
0.696153
0.57791
0.682324
0.71347
0.756957
0.642829
0.661122
0.66449
0.737897
0.805481
0.788226
0.790777
0.800251
0.800329
0.784675
0.766818
0.740804
0.777103
0.767725
0.736334
0.725879
0.691855
0.703883
0.789212
0.80416
0.71875
0.739813
0.748715
0.737961
0.687641
0.716721
0.782813
0.727072
0.729643
0.749941
0.785845
0.763023
0.768959
0.77481
0.766683
0.839332
0.817043
0.804664
0.770487
0.764576
0.809982
0.772327
0.798828
0.733095
0.72029
0.721232
0.721219
0.72504
0.695399
0.733341
0.755422
0.7177
0.689137
0.695954
0.687175
0.664158
0.687447
0.678735
0.762277
0.752142
0.820359
0.823534
0.819716
0.792745
0.797936
0.856789
0.880095
0.883464
0.865138
0.795507
0.795475
0.893828
0.786992
0.878844
0.861795
0.789856
0.809182
0.822141
0.863048
0.822795
0.794012
0.891
0.80178
0.681908
0.823455
0.775945
0.830065
0.785555
0.866431
0.809092
0.781885
0.825563
0.75271
0.859706
0.93721
0.933458
0.942293
0.915045
0.91573
0.944961
0.932304
0.951779
1.06141
0.892106
0.952826
0.971203
0.896505
0.897931
0.8653
0.865168
0.899731
0.924346
0.842242
0.818833
0.817993
0.770934
0.682681
0.692739
0.694879
0.65865
0.60862
0.591751
0.52088
0.506176
0.49355
0.506145
0.532741
0.504553
0.490462
0.478765
0.455741
0.441552
0.499193
0.475778
0.448915
0.44455
0.47919
0.480555
0.448415
0.442491
0.451325
0.444139
0.442137
0.500603
0.482935
0.459896
0.461487
0.438718
0.498259
0.457476
0.453533
0.47772
0.434472
0.445383
0.43277
0.431476
0.434996
0.404893
0.401879
0.43428
0.411331
0.41064
0.410005
0.385566
0.376025
0.363203
0.363293
0.350045
0.380986
0.355416
0.38153
0.400221
0.386429
0.375773
0.378254
0.374044
0.390516
0.357972
0.345372
0.318161
0.31021
0.351624
0.388414
0.350531
0.341408
0.356199
0.318118
0.319606
0.32185
0.313209
0.328478
0.28756
0.259153
0.290955
0.279539
0.252135
0.27415
0.267355
0.243774
0.251369
0.294576
0.304651
0.27386
0.317307
0.265733
0.232003
0.227668
0.22427
0.211003
0.209389
0.192881
0.194534
0.22085
0.227159
0.214851
0.188108
0.186315
0.173552
0.157046
0.133627
0.119395
0.127587
0.12384
0.135752
0.131961
0.130824
0.132276
0.12728
0.131489
0.142782
0.133827
0.131017
0.12267
0.133722
0.12387
0.12819
0.117844
0.131436
0.137915
0.119006
0.114851
0.118155
0.109616
0.113943
0.113282
0.107839
0.110589
0.111703
0.110167
0.103372
0.109129
0.113578
0.0916979
0.100909
0.102147
0.0938236
0.0887245
0.0791621
0.0914859
0.0903494
0.085946
0.088279
0.0886633
0.087502
0.101332
0.0806942
0.0815119
0.0849247
0.0904214
0.0770609
0.0832077
0.0846534
0.0749548
0.0888425
0.092927
0.0768054
0.0923591
0.097179
0.0904389
0.0921229
0.0796229
0.0923949
0.0953162
0.0858459
0.0957781
0.0947865
0.0811902
0.0901788
0.0821873
0.0906706
0.0911625
0.104443
0.0856394
0.0903631
0.104773
0.0976214
0.123121
0.123421
0.115454
0.120903
0.109532
0.0928327
0.0854858
0.0917074
0.10133
0.0980129
0.0919208
0.0954444
0.0734871
0.0864035
0.0864319
0.109803
0.0908747
0.0842568
0.0986795
0.104872
0.0903268
0.0927547
0.0876561
0.08673
0.0876356
0.0873636
0.0979227
0.10016
0.0977596
0.107627
0.0975825
0.114208
0.11315
0.127031
0.118314
0.116791
0.160349
0.127456
0.125362
0.136111
0.111675
0.132948
0.137412
0.13984
0.113295
0.0995224
0.10431
0.0929749
0.112837
0.0920233
0.0858713
0.0839288
0.0805548
0.0707587
0.0852976
0.0801854
0.0579206
0.0782401
0.0782317
0.0740442
0.0664232
0.0655833
0.0774142
0.0627418
0.0735049
0.0747444
0.0715457
0.0750135
0.0785879
0.0825156
0.0833149
0.0757437
0.0763933
0.0802509
0.0812061
0.0771312
0.0790511
0.0752107
0.0698056
0.0670377
0.0681442
0.0818544
0.07295
0.070388
0.0724763
0.0900029
0.0873728
0.0828783
0.0848745
0.0897708
0.0914348
0.0951796
0.095229
0.0959902
