3.21896
3.25656
3.08204
3.0842
5.36935
5.75332
4.93367
4.10909
6.1828
6.79769
8.23962
5.93567
5.39409
5.02261
5.32795
5.64283
6.20971
7.65578
5.50477
4.33324
4.34994
4.61499
3.43434
2.70279
1.87169
1.74301
1.65273
1.66411
1.62504
1.58684
1.59226
1.64289
1.79346
5.60221
6.64984
4.39424
4.61628
4.2077
3.51657
3.81392
4.27475
3.59693
4.38769
3.30216
3.50364
3.94913
4.15593
4.01141
3.51846
3.91866
4.42346
4.05019
3.99042
3.62481
3.45369
3.67032
3.94421
4.13094
3.70237
3.91717
3.57734
4.08999
3.61949
3.65625
3.68888
3.17207
3.58125
4.03116
4.28328
3.50312
4.02501
4.32522
3.80413
4.30346
3.73304
3.93896
3.39903
4.03743
4.16199
4.32595
4.57468
4.67855
4.33496
3.81688
4.6891
3.98165
3.94078
3.14052
3.39292
4.31703
4.16856
4.14953
4.29689
3.72038
4.11016
3.88898
3.59633
4.15016
4.01081
3.42199
3.73015
3.89849
3.38526
4.01758
3.73254
3.03308
3.3285
4.04959
4.42451
3.77346
3.10592
3.319
3.72172
3.76893
4.15355
4.08322
4.24649
3.74928
3.675
3.67648
3.78868
4.11743
3.63687
3.63574
3.86341
3.88975
4.10762
4.00357
3.68757
3.81672
3.68732
3.5198
3.9584
3.55872
3.83034
3.64429
3.73407
3.86598
3.95818
3.80527
3.49779
3.27499
3.73563
3.43241
3.08837
4.06372
3.81735
3.93426
3.44069
3.79254
3.36957
3.75659
3.4925
4.09904
4.33009
3.42612
3.71644
3.51124
3.90789
3.5188
3.12243
2.96051
2.59924
2.49486
2.67406
2.81381
2.55867
2.51523
2.32922
2.25542
1.94174
2.11448
2.39531
2.77531
2.63339
2.02607
2.23936
2.45565
2.11065
2.23758
2.12672
2.45498
2.52099
2.44427
2.51659
2.47091
1.95648
1.90671
1.90892
1.89955
1.78832
1.75354
1.82632
1.6922
1.65589
1.71126
