1.3102
1.17636
1.32607
1.19611
1.22305
1.23936
1.26195
1.19419
1.18971
1.20307
1.23245
1.23704
1.2073
1.29845
1.23579
1.19382
1.15203
1.22941
1.25595
1.11508
1.12583
1.13356
1.11916
1.07277
1.10441
1.15341
1.07086
1.07518
1.16883
1.26433
1.4194
1.19878
1.32472
1.23628
1.17036
1.15462
1.16391
1.17589
1.2799
1.28409
1.31712
1.07993
1.26879
1.22623
1.41334
1.51004
1.5971
1.58453
1.63906
1.57852
1.53599
1.3024
1.43099
1.5327
1.92514
1.39132
1.47594
1.38302
1.28929
1.42827
1.32481
1.59459
1.58842
1.45529
1.50328
1.56926
1.46219
1.81514
1.68768
1.54542
1.2831
1.41384
1.7267
1.72578
1.77862
1.49714
1.49612
1.58839
1.54031
1.71923
1.80333
1.6602
1.68914
1.67553
1.65988
1.50125
1.84291
2.17899
1.76615
1.67023
1.51853
1.57186
1.52271
1.75114
1.85108
1.86011
1.91232
1.46605
1.58854
1.4985
1.68816
1.83602
1.50002
1.53806
1.66733
1.70603
1.47259
1.92502
1.78446
1.41147
1.80304
1.84686
1.7359
1.68255
1.86683
1.71109
1.54481
1.53141
2.09169
1.88783
1.76571
1.93042
1.68681
2.16818
1.71223
2.26291
2.01633
2.26383
2.436
2.14172
2.21887
2.42626
2.15775
2.33396
2.19192
2.53427
1.91595
1.91154
2.08584
2.12472
1.9733
1.64359
2.54798
2.38987
2.49079
2.5097
1.91335
2.34494
2.38278
1.85823
2.46785
2.21715
2.17518
2.07028
1.98216
2.21257
2.46197
2.29717
2.47479
2.28617
2.18481
2.58715
2.30317
2.64113
2.28157
2.70008
2.22995
2.05158
2.15587
2.33124
2.66902
2.36289
2.07745
2.00522
2.31197
1.80561
2.1585
2.4577
1.88351
2.3248
2.06524
2.25054
2.21693
2.34546
1.99758
2.44307
2.60495
2.12554
2.26239
2.13098
2.24266
2.65939
2.47514
2.13791
2.91621
2.70596
2.31351
2.48392
2.61777
2.04825
2.42314
3.10217
2.38043
2.2739
2.46977
2.37144
3.04796
2.59271
2.49698
2.37245
2.59038
2.0739
2.387
2.50398
2.05755
2.34009
2.56265
2.02828
2.12243
2.28951
2.22247
2.53289
2.56311
2.37819
2.10704
2.43747
2.5391
2.30139
2.60462
2.48375
2.82454
2.56164
2.26613
2.45055
2.13628
2.69517
2.34492
2.08953
3.0604
2.52196
2.26011
2.1659
1.95359
2.59247
2.26158
2.05866
2.7398
2.30902
2.17204
2.4237
2.37533
2.11248
1.96266
2.20457
2.46354
2.05187
2.3021
2.23303
1.96347
2.10786
2.06395
2.14763
1.66236
1.78472
1.79809
2.01653
2.37272
2.31398
2.01676
2.00977
1.91421
1.97691
1.91137
1.9888
1.97655
