1.56493
1.62575
1.82091
1.45114
1.84865
1.82547
1.80977
2.01543
1.86818
2.53573
2.00803
2.03086
2.71405
2.21658
2.51671
2.49478
2.42763
2.78469
3.06612
3.60042
4.23346
3.94443
3.21641
2.9831
3.31956
3.18122
3.42237
3.13173
2.56983
4.18638
3.60341
3.23574
3.37162
4.73771
4.28489
4.76503
4.7432
7.64051
3.65895
4.26275
4.84801
3.54614
5.23558
4.29104
4.9665
5.82321
5.57522
5.6248
6.32353
5.3762
4.64364
4.49034
7.26019
6.58354
5.32279
5.59077
6.00265
6.34222
5.87444
6.33102
5.92785
5.9297
7.98279
6.47679
6.76545
8.38211
8.63649
6.06311
8.14686
9.33163
7.23431
8.6839
8.00368
10.6514
11.2981
6.224
10.3759
8.21759
11.1296
7.22679
10.9875
9.30721
11.8329
11.211
10.3617
10.705
8.38545
8.92883
9.2058
8.25864
9.47777
10.4309
10.2447
10.7324
13.2874
8.83057
13.7987
12.6734
15.1431
11.0776
12.2905
13.3015
10.3291
12.9822
12.4421
13.1099
8.47817
17.3507
12.8642
16.9896
16.5832
14.1331
13.6952
14.2496
16.7016
17.5154
16.7493
15.6037
21.9601
20.6728
18.0857
20.7103
15.9429
14.3341
11.9992
14.5148
15.8159
15.9326
15.2234
22.5066
