1.20452
1.19914
1.21398
1.24205
1.31729
1.28838
1.3051
1.26689
1.34828
1.34953
1.22375
1.34429
1.40064
1.29609
1.22286
1.1575
1.1681
1.16753
1.10401
1.1411
1.17388
1.15521
1.14229
1.14465
1.10757
1.0765
1.04594
0.990523
0.978771
1.00594
0.921981
0.981749
0.901049
0.92566
0.888882
0.795352
0.736691
0.559653
0.509859
0.504604
0.512751
0.522982
0.521117
0.493871
0.515641
0.499264
0.554124
0.535888
0.508859
0.532299
0.555115
0.544275
0.552776
0.509265
0.53262
0.563688
0.564202
0.595385
0.520083
0.638771
0.610785
0.649149
0.593373
0.568195
0.576372
0.555776
0.602249
0.624008
0.634884
0.598677
0.657792
0.614523
0.693151
0.703594
0.6809
0.661385
0.6099
0.613158
0.715918
0.595297
0.572177
0.641808
0.62154
0.634698
0.657354
0.678249
0.610495
0.691324
0.624756
0.644828
0.747157
0.702368
0.67821
0.80204
0.678465
0.73167
0.755157
0.796517
0.800985
0.819399
0.909298
0.832468
0.897991
0.873515
0.953972
0.71124
0.820843
0.836142
1.09938
0.776501
0.823949
0.849858
0.833151
0.856035
0.875718
0.898096
0.812418
0.843696
0.954682
0.861501
0.881277
0.976478
0.810249
0.9861
0.787227
0.908306
1.01504
0.825097
1.07888
0.811521
0.886993
0.936136
0.881377
0.957471
0.880044
0.98549
0.880195
0.916676
0.797806
0.888249
0.905136
1.10973
0.812301
0.841832
0.986148
0.908429
0.989997
1.06893
1.02765
0.943578
0.90732
0.919178
0.898274
0.786319
1.02709
0.894215
0.976213
0.915055
1.02437
1.05482
1.01765
1.08048
0.7685
1.0169
0.993454
0.974726
0.840885
1.00143
0.875056
0.737985
0.935362
1.01722
1.09588
1.00579
0.584754
0.717292
0.856916
0.84321
1.00767
0.746226
0.887608
0.88255
0.943367
0.899494
0.89706
0.991924
1.08592
0.920228
1.02609
0.840146
1.01814
0.737315
1.07918
0.813996
0.776166
0.871132
0.786006
0.629639
0.629451
0.588393
0.509728
0.442844
0.462267
0.50122
0.46316
0.550018
0.501157
0.502619
0.44968
0.528994
0.480193
0.470419
0.540913
0.490716
0.560469
0.463473
0.516606
0.537828
0.562765
0.516437
0.635989
0.432155
0.626573
0.462796
0.359695
0.515847
0.507414
0.528132
0.464914
0.59904
0.580409
0.543674
0.419212
0.655117
0.393474
0.495262
0.544423
0.5773
0.542583
0.429903
0.650844
0.476213
0.529323
0.516318
0.550387
0.639736
0.501637
0.441474
0.4204
0.365836
0.336786
0.353317
0.322378
0.259787
0.301891
0.301895
0.53528
0.323401
0.325031
0.266517
0.252116
0.342068
0.302115
0.391436
0.564307
0.397159
0.308459
0.513251
0.481356
0.222435
0.323907
0.200402
0.245484
0.225647
0.311473
0.240826
0.281304
0.260572
0.266444
0.261347
0.334839
0.322424
0.230397
0.243946
0.271493
0.293766
0.267788
