0.313075
0.34495
0.331582
0.337823
0.306219
0.324748
0.330845
0.335542
0.331024
0.347643
0.400209
0.361107
0.446787
0.449487
0.445952
0.412787
0.395558
0.351476
0.395804
0.392944
0.41892
0.462249
0.415324
0.468147
0.493394
0.461269
0.450136
0.47532
0.457925
0.4662
0.521636
0.399951
0.448613
0.380468
0.381833
0.428461
0.47166
0.475173
0.473656
0.488961
0.430123
0.473795
0.415216
0.374004
0.382996
0.363737
0.405163
0.479682
0.489182
0.377942
0.362768
0.384132
0.526752
0.554915
0.578872
0.594533
0.490383
0.384894
0.476742
0.456098
0.420432
0.416258
0.42819
0.552721
0.516557
0.597113
0.628987
0.469018
0.48086
0.565367
0.507815
0.699892
0.741253
0.734184
0.425644
0.510574
0.543778
0.585928
0.560068
0.556188
0.530258
0.556897
0.751782
0.663884
0.849754
0.790074
0.673811
0.928913
0.756361
0.622119
0.724618
0.642475
0.58503
0.778228
0.699487
0.549512
0.545431
0.58002
0.63891
0.669307
0.787255
0.66696
0.556014
0.980004
0.775958
0.693751
0.567721
0.851616
0.689832
0.78132
0.762833
0.81991
0.892442
0.705617
0.965535
0.998548
0.773424
1.07121
1.04221
0.722982
0.981757
1.12903
0.912043
0.738088
0.664557
1.00384
1.06472
0.65104
0.746127
0.685683
0.807097
0.809643
0.83164
1.36818
1.17131
1.10328
1.20523
1.30218
1.09005
0.987071
1.22631
1.34412
1.43042
1.65057
1.72208
1.17687
1.0083
1.19994
1.17179
1.46607
1.87235
1.84128
1.43675
1.38017
1.34662
1.61313
1.87125
1.53075
1.9213
2.0466
1.91754
1.80242
1.45884
1.70656
1.59342
2.00534
1.36168
1.79214
1.76508
1.20761
1.67873
1.48751
1.46536
2.27183
2.2188
2.18678
1.49707
1.57299
1.53406
1.84398
2.46337
1.76975
1.85526
1.76429
2.01002
2.27404
2.29196
2.30773
1.74737
2.00253
2.19264
1.79993
1.59585
1.97233
2.0431
1.93714
1.87712
1.72867
1.77973
1.73067
1.65481
1.7519
1.52758
1.69983
1.36397
1.6895
1.61459
1.5607
1.40808
1.37028
1.43631
1.51354
1.43014
1.19051
1.45224
1.48639
1.75795
2.03975
1.88418
1.74249
1.76565
1.75214
1.75987
1.94213
1.98303
1.93045
1.72865
1.66117
1.75303
2.07629
2.0951
1.2479
1.43947
1.40725
1.06243
0.910926
