6.74177
6.38073
6.61038
6.29313
7.23795
7.08065
7.47364
7.04703
11.6384
8.68229
8.2882
8.36556
8.30582
9.07049
10.2752
9.8855
8.00808
10.3655
10.4495
9.52575
12.5722
8.98236
10.4905
10.2953
10.9149
9.61309
8.24946
10.02
9.67918
10.5928
11.3867
13.5465
11.3002
10.846
13.5615
11.0439
12.9285
12.1523
10.2836
12.5786
12.7871
13.1457
13.0006
12.0934
11.966
16.1997
14.7887
12.5074
14.0772
15.6268
15.4365
14.7113
13.8804
18.9435
16.0154
16.7791
16.7662
19.2694
17.6045
13.4905
18.3581
17.2563
16.6404
18.4528
16.3646
19.5974
16.1177
15.3491
15.8977
18.7215
15.7151
17.474
19.4533
18.4895
18.0845
18.4687
16.1916
16.9822
15.9357
20.7446
17.6134
17.8767
16.5234
21.7087
19.8588
15.9249
17.2613
18.8319
22.6587
19.5627
19.5404
19.564
20.2914
16.8201
20.907
19.4091
20.1294
16.4334
19.5988
22.4004
18.4708
18.2875
21.526
20.1994
17.8918
18.6804
21.4797
23.7576
19.6351
21.4374
18.4686
19.9053
22.8157
21.7137
22.7917
18.7749
19.1591
19.6589
20.2147
19.1823
19.716
17.1657
21.9652
18.8895
20.0737
19.4313
20.5602
17.4241
19.2967
17.0342
18.5525
22.058
17.7249
20.0657
17.0127
20.8625
17.203
17.6955
20.2269
18.7123
20.4027
17.5367
18.5138
17.0229
13.6565
13.4655
14.9579
15.9422
14.6415
15.8534
14.3247
18.5988
18.9629
20.3046
19.395
21.916
