1.66949
1.96631
1.75477
1.72483
1.59581
1.56479
1.43142
1.38514
1.41458
1.54504
1.52415
1.47466
1.4207
1.56133
1.62351
1.55185
1.47315
1.41899
1.50039
1.56011
1.48542
1.45763
1.51267
1.57293
1.56494
1.51451
1.48056
1.48525
1.47594
1.45433
1.33792
1.49404
1.55413
1.51447
1.34528
1.35923
1.39979
1.25728
1.351
1.53183
1.39572
1.43745
1.41396
1.50509
1.43854
1.43992
1.58963
1.49002
1.41302
1.32252
1.3236
1.23687
1.21088
1.18952
1.29833
1.05522
1.14744
1.17862
1.16703
1.27257
1.10352
1.26803
1.5247
1.67034
1.59427
1.53233
1.48464
1.59342
1.53903
1.43908
1.41355
1.41813
1.58058
1.52367
1.61036
1.56791
1.59944
1.65905
1.67565
1.53094
1.45801
0.962473
1.14597
1.10415
1.24574
1.22929
1.23153
1.33568
1.24876
1.2867
1.2257
1.17899
1.14659
1.21724
1.15832
1.11257
1.07273
1.12292
1.02824
0.96897
1.10194
1.19447
1.18205
1.23542
1.50431
1.37174
1.32972
1.28439
1.17977
1.12617
1.1488
1.16639
1.08599
1.15593
1.10274
1.09521
1.09961
1.11073
1.0503
0.920787
1.1057
1.03932
1.00792
0.947824
0.981725
1.00534
1.05231
1.0995
1.17312
1.04503
1.07651
1.09104
1.0988
1.0813
1.05044
1.0708
1.07141
1.0731
1.0821
1.12255
1.17681
1.16326
1.27036
1.31954
1.006
1.20863
1.16712
1.03099
1.00888
1.0213
1.21995
0.913504
0.969337
0.922016
1.11517
0.976549
0.87012
0.857305
0.8679
0.976125
0.905006
0.946325
0.981734
0.898716
0.902314
0.93892
0.901376
0.855005
0.757289
0.768437
0.721105
0.747981
0.810409
0.750999
0.749035
0.763333
0.738952
0.690687
0.693708
0.71726
0.664254
0.725984
0.692946
0.706783
0.667272
0.682059
0.690041
0.682525
0.70454
0.686947
0.701579
0.709804
0.662057
0.673791
0.673077
0.675995
0.672021
0.680362
0.68238
0.719653
0.692946
0.700739
0.722214
0.813377
0.832826
0.776207
0.744157
0.767879
0.762269
0.75558
0.782732
0.805241
0.748208
0.801803
0.748452
0.904416
0.786145
0.740138
0.737766
0.831513
0.830245
0.845072
0.876046
0.886121
0.859612
0.768145
0.868707
0.867748
0.842875
0.791581
0.81492
0.852126
0.932937
0.893331
0.9154
0.931015
0.899828
0.875757
0.916782
0.889396
0.931359
0.855119
0.837365
0.828203
0.866601
0.961092
0.835301
0.830999
0.861246
0.892336
0.835764
0.867186
0.859984
0.879423
0.82088
0.841933
0.939633
0.907233
0.84063
0.882823
0.775748
0.763835
0.798044
0.802334
0.75993
0.814841
0.786817
0.699644
0.782827
0.839451
0.88756
0.792988
0.829815
0.802839
0.842056
0.873854
0.85164
0.823635
0.825733
0.839758
0.895078
0.870339
0.819301
0.851917
0.858904
0.848012
0.719907
0.749637
0.759695
0.699704
0.705471
0.721175
0.742764
0.787627
0.803518
0.83748
0.860518
0.789845
0.810198
0.818288
0.776973
0.752518
0.787734
0.762585
0.818092
0.834103
0.809634
0.825145
0.750559
0.760805
0.749597
0.748787
0.730437
0.737625
0.772444
0.775555
0.761718
0.765879
0.788682
0.733666
0.748157
0.777488
0.793189
0.785057
0.806721
0.777181
0.713781
0.850156
0.813542
0.804005
0.797316
0.85004
0.789046
0.805574
0.787133
0.703214
0.747097
0.726564
0.809952
0.779454
0.783929
0.823431
0.802777
0.805217
0.816321
0.783752
0.713858
0.762025
0.818407
0.80955
0.811829
0.763671
0.770124
0.79375
0.768423
0.787315
0.779748
0.756584
0.762236
0.711024
0.761412
0.754164
0.756692
0.803359
0.773415
0.738565
0.736361
0.744294
0.762286
0.705885
0.71989
0.723598
0.703823
0.700125
0.681995
0.65147
0.696425
0.693281
0.697206
0.672318
0.706733
0.766785
0.782642
0.769415
0.673445
0.728164
0.72889
0.69147
0.689753
0.747034
0.70012
0.698209
0.675641
0.712039
0.72702
0.64199
0.723059
0.708386
0.668044
0.672388
0.61149
0.64496
0.644008
0.666129
0.643609
0.659109
0.654349
0.660365
0.67749
0.777927
0.812676
0.735308
0.758825
0.761105
0.727855
0.728513
0.754209
0.762979
0.701807
0.742064
0.68802
0.685353
0.66386
0.677693
0.658337
0.680923
0.65877
0.668144
0.650323
0.656513
0.674246
0.657856
0.673542
0.682413
0.663795
0.677617
0.732032
0.685604
0.767067
0.769228
0.794365
0.765525
0.724675
0.665116
0.588459
0.592073
0.553983
0.482918
0.46662
0.420262
0.569938
0.508306
0.639958
0.586051
0.567541
0.503187
0.387142
0.35278
0.318577
0.304687
0.340416
0.35663
0.313163
0.333963
0.36101
0.358812
0.323333
0.330151
0.398781
0.363964
0.334815
