2.90772
2.9982
2.89989
3.55957
3.63373
3.92799
5.21874
6.61651
13.1473
10.808
11.7269
10.3436
10.2464
8.40221
9.96129
9.64202
10.8824
8.07058
7.32451
5.37445
5.39419
6.08103
4.95082
5.00435
7.69022
6.45757
8.61382
9.32328
8.89631
9.53623
9.23954
9.11885
4.98393
6.09554
6.92657
4.03006
8.8632
7.76097
7.69049
8.49415
12.4184
10.0858
12.6079
14.5325
15.5479
15.0835
13.9128
11.6862
12.8011
12.1241
9.66533
7.41947
4.58314
8.20416
12.2569
10.2113
10.2868
8.04281
7.86632
8.24568
8.02019
8.03007
8.56277
8.20611
8.98724
8.28475
8.67539
9.6499
9.51251
8.83101
10.3042
9.92758
10.8411
8.8759
10.5989
11.2498
10.7418
12.053
9.83005
10.2059
12.8929
11.1529
8.13677
10.9026
11.197
10.4397
8.6988
10.7947
9.65253
11.4324
13.1052
8.76848
10.7514
10.8308
10.2921
10.7575
10.0849
10.585
9.98827
10.8037
12.6717
9.30183
11.6252
10.8442
8.81958
9.68784
10.2844
10.0519
9.16712
10.2354
10.3883
9.75582
9.8457
10.398
10.0717
10.2858
9.37976
9.43864
9.09193
8.14294
8.84802
9.56115
7.90857
7.86365
7.66697
6.68488
7.58028
6.90859
6.69062
5.9144
6.10901
6.39796
5.54429
6.0247
6.05862
5.06979
5.40734
5.62999
4.94022
4.19185
5.43453
5.94041
5.97659
5.53841
5.23369
5.51569
5.63676
5.65611
6.30325
6.15255
5.27237
5.06649
5.60678
5.22501
6.92967
5.95829
4.88471
5.78285
5.73086
4.78315
5.13839
4.89062
5.46822
5.3008
4.2612
4.94723
4.98098
5.66304
3.95493
4.20929
4.56597
4.60913
5.5388
4.11448
4.52208
4.49432
3.71981
4.28723
3.95003
4.91026
5.44084
3.69136
4.08819
5.14836
3.99208
4.77956
4.61073
5.31516
4.49332
5.17635
5.50247
5.14835
4.64889
4.77771
3.94636
5.6593
5.19362
4.82103
4.37608
5.96585
5.68233
6.0292
5.24854
4.47275
4.99628
4.98681
5.14895
5.76601
5.76075
6.18622
5.42837
5.63231
5.99227
6.36067
5.05682
4.78566
5.66692
5.25975
6.24006
6.89601
5.83941
7.95365
5.96907
7.13497
6.61549
6.18255
7.72472
6.44571
6.20115
6.02235
6.13156
7.05431
8.10404
8.54574
7.77974
6.55711
7.78273
5.59223
5.88637
7.92447
8.47192
6.98479
5.68975
9.36981
4.19077
8.88199
7.17368
8.25148
6.54439
6.9547
7.03935
4.57116
8.3203
7.94547
6.87447
4.58085
5.79556
7.91011
6.04577
5.90225
8.12907
5.65098
