4.466370
4.975840
11.777100
13.473300
11.568700
19.767200
10.760200
9.710410
15.183300
13.784700
14.702500
19.135400
30.582600
33.430000
15.884700
13.299300
10.749300
8.631320
9.253700
7.147610
9.448020
7.300570
5.553660
5.675790
6.575240
8.485040
8.802910
8.128880
8.935720
8.609730
9.456440
12.378900
11.854800
12.477000
9.930130
11.777700
10.982700
14.204100
13.863800
11.626400
11.346500
14.964600
14.244500
13.238600
12.437000
13.624900
16.308500
14.057600
15.766300
15.759200
15.017000
15.600900
16.480500
14.432300
14.525600
18.832300
15.934400
14.757300
16.198700
16.202500
14.381800
16.363800
15.875800
18.336700
18.647900
19.380300
18.635100
18.732900
20.058300
23.699700
25.646800
25.862200
27.124900
29.888400
25.262900
22.308700
26.288800
34.155500
35.938900
32.738500
35.066600
39.347400
39.957700
39.601000
36.612500
36.141300
35.377100
35.978800
33.461000
38.513400
35.569900
37.737600
37.108500
39.313900
37.034800
39.237900
38.882500
40.831900
32.737400
30.872700
33.558500
34.453900
33.595200
34.817100
39.134400
32.961800
32.498800
33.797300
27.687300
29.487100
29.091700
28.554700
29.513500
27.127000
26.168300
26.956100
26.329400
26.430700
26.683500
24.289000
26.462200
26.735700
25.108500
24.843700
23.751400
25.185800
23.689800
26.813000
27.867400
22.291900
27.486500
25.920300
23.506100
24.952200
27.532300
27.583700
25.220700
25.930000
23.727500
27.894500
25.925800
24.689200
28.819400
27.468000
28.825900
31.402400
27.168100
33.575000
27.731500
35.336400
39.132200
37.461900
31.435500
43.280200
55.071200
63.857200
60.239900
35.761900
27.081400
16.691200
