0.188159
0.170773
0.179043
0.165994
0.155545
0.225715
0.227881
0.243476
0.238988
0.239257
0.232993
0.242592
0.200983
0.238932
0.212809
0.378379
0.334121
0.266629
0.287001
0.32215
0.239992
0.288156
0.33711
0.342657
0.415519
0.283799
0.297584
0.225508
0.239528
0.259392
0.250667
0.237831
0.531168
0.23891
0.265899
0.225843
0.248903
0.254561
0.251062
0.258268
0.259049
0.275575
0.280838
0.239773
0.249198
0.224217
0.26113
0.239856
0.258051
0.221599
0.224413
0.227526
0.247441
0.26754
0.274018
0.273042
0.309339
0.261375
0.329149
0.288539
0.28193
0.254849
0.239615
0.27806
0.257623
0.265249
0.250766
0.260667
0.29225
0.289764
0.20785
0.256396
0.214421
0.23814
0.233048
0.242459
0.231732
0.242363
0.287865
0.273474
0.249929
0.293596
0.297425
0.250556
0.254715
0.246989
0.268772
0.229222
0.262734
0.269738
0.291306
0.292467
0.258715
0.280127
0.288852
0.293629
0.27111
0.220002
0.241655
0.265565
0.252275
0.27656
0.283685
0.245955
0.28379
0.259781
0.26744
0.313418
0.286731
0.276696
0.270307
0.334848
0.315486
0.317477
0.282012
0.299492
0.244302
0.256592
0.282957
0.324327
0.307553
0.312095
0.26195
0.303807
0.347203
0.39952
0.361412
0.402526
0.447553
0.423094
0.515979
0.545317
0.49843
0.484515
0.478474
0.509031
0.55073
0.662126
0.749656
0.692279
0.668096
0.664393
0.660358
0.684742
0.653676
0.720041
0.703259
0.820363
0.744652
0.854112
0.855809
0.785896
0.809822
0.744154
0.685454
0.830379
0.818827
0.814505
0.696395
0.737283
0.722374
0.764595
0.815007
0.797017
0.82871
0.800025
0.704025
0.730932
0.66799
0.720027
0.772497
0.781802
0.760846
0.779646
0.757441
0.767119
0.799294
0.767859
0.855895
0.83012
0.845193
0.769708
0.81881
0.841799
0.775349
0.731767
0.830688
0.828435
0.804677
0.790392
0.915067
0.864235
0.829823
0.774551
0.806314
0.811989
0.847033
0.800992
0.858096
0.855038
0.834929
0.805956
0.862179
0.864534
0.797659
0.836882
0.934252
0.799632
0.8135
0.796665
0.840587
0.885748
0.789527
0.772176
0.837152
0.735343
0.782024
0.781718
0.836357
0.886473
0.854425
0.874771
0.832921
0.832133
0.916506
0.952265
0.937187
0.929503
0.791335
0.975804
0.783133
0.824229
0.769116
0.73039
0.859291
0.870075
0.774603
0.782431
0.682302
0.822076
0.741909
0.757302
0.818034
0.932911
0.804981
0.943141
0.809171
0.794208
0.728381
0.705459
0.773193
0.639056
0.805838
0.818604
0.733031
0.683221
0.774121
0.653792
0.682545
0.678293
0.720799
0.606649
0.67669
0.701862
0.704964
0.733484
0.806062
0.697414
0.67599
0.731389
0.661387
0.611741
0.606151
0.611187
0.624383
0.637865
0.611684
0.654366
0.522855
0.636797
0.629478
0.415934
0.465432
0.34948
0.327364
0.302758
0.306001
0.292326
0.406437
0.482363
0.479977
0.514947
0.447955
0.378584
0.379146
0.383071
0.3698
0.635193
0.532304
0.421368
0.51925
0.476137
0.369238
0.368552
0.346076
0.440579
0.477888
0.4984
0.528738
0.497805
0.413699
0.381866
0.514114
0.588992
0.575116
0.682246
0.412768
0.319603
0.39512
0.409308
0.50324
0.36724
0.225874
0.326327
0.330228
0.334619
0.397062
0.303578
0.607774
0.467223
0.60714
0.627553
0.536748
0.476781
0.513476
0.318727
0.262818
0.316101
0.346914
0.396574
0.534282
0.588333
0.574076
0.450766
0.472283
0.510792
0.362732
0.487062
0.395257
0.444977
0.470626
0.386582
0.388161
0.513845
0.303286
0.278906
0.340917
0.405474
0.349541
0.462545
0.434456
0.57413
0.471116
0.512302
0.506144
0.428716
0.658798
0.664141
0.732924
0.526296
0.720451
0.515159
0.368108
0.462668
0.563285
0.468807
0.587484
0.679718
0.512122
0.499263
0.409294
0.505139
0.439628
0.78873
0.571588
0.398956
0.282831
0.408183
0.516311
0.836099
0.778788
0.810471
0.682447
0.661725
0.694937
0.714809
0.732123
0.661199
0.698391
0.731429
0.549683
0.561669
0.553536
0.557872
0.664824
0.594767
0.660711
0.713756
0.539229
0.574131
0.56042
0.627916
0.37861
0.429369
0.434534
0.542531
0.437639
0.314552
0.437271
0.40566
0.419083
0.566705
0.385546
0.399266
0.483135
0.431509
0.361232
0.380177
0.412559
0.352857
0.563865
0.527049
0.569194
0.952215
0.583155
0.776872
0.587385
0.482736
0.753306
1.01645
1.33551
1.01737
0.992764
0.753214
0.862982
0.91864
0.851495
0.872684
1.06721
0.9066
0.958203
0.997512
1.13878
0.928746
1.76791
1.68795
0.850557
0.84755
0.779893
0.803304
0.774708
0.767139
0.656707
1.09846
0.729971
0.676901
0.600614
0.936333
0.853288
0.799657
1.02149
0.845022
0.880137
0.75959
0.779693
0.849047
1.02659
1.04412
1.23683
1.11261
1.22872
1.39463
1.26357
1.27983
1.0578
1.25686
0.945962
1.12049
1.04621
1.15722
1.37121
1.28195
1.35433
1.24469
1.12769
1.06152
1.20284
1.096
1.06722
1.20214
1.22722
1.14924
1.15058
1.22067
1.24879
1.19797
1.08296
1.22358
1.60207
2.05177
2.01653
2.0465
1.53198
1.50325
1.39889
1.69896
1.48386
1.59104
1.53098
1.5533
1.26266
2.03716
1.973
1.67184
1.5969
1.76064
1.54586
1.4235
1.75514
1.73156
1.19173
1.23596
1.69142
1.3702
1.58515
1.69128
1.75222
1.48084
1.69583
1.41734
1.47772
1.27309
1.24617
1.46449
1.87539
1.42861
1.652
1.76455
1.43991
1.54222
1.54036
1.61056
1.29858
1.40221
1.77421
1.72704
1.62939
2.06416
1.89431
1.67981
1.60609
1.85142
2.20723
1.55566
1.56186
1.6961
1.63179
1.66139
2.02676
1.93536
1.67988
1.73785
1.78961
2.92138
1.86833
1.70278
1.37804
1.36652
1.31682
1.16716
1.26961
1.42855
1.04514
1.13207
2.0541
0.583297
0.474722
0.658618
0.542409
0.426072
0.380647
0.374558
0.40745
0.430556
0.461947
0.413204
0.514595
0.430852
0.548967
0.579312
1.44586
1.07878
1.62088
1.24046
1.0294
0.929366
0.966417
1.04906
1.22278
1.04536
1.32974
1.12477
1.16102
1.11549
1.41005
1.32827
1.31515
1.11585
1.04335
1.06384
1.16173
1.09156
1.01882
0.942169
1.23825
1.37383
1.22935
1.11633
0.915834
0.755729
0.945575
0.79995
1.54979
1.33737
1.48118
1.10744
1.09104
1.28027
1.10864
1.25846
1.04545
1.12825
1.09454
1.1385
1.19226
1.3429
1.51748
1.53219
1.61937
1.44558
1.37393
1.64101
1.62882
1.15057
1.1854
1.38746
1.54427
1.64943
1.37017
1.41289
1.48012
1.31237
1.08328
1.11654
0.999958
0.359255
0.322302
0.256679
0.276412
0.303815
0.265404
0.330794
0.314215
0.273156
0.221314
0.254586
0.25215
0.276367
0.966378
0.775997
1.14966
1.54007
1.0477
1.54342
1.34472
1.69728
1.49377
1.81793
1.95247
1.83799
1.34128
0.393308
1.26326
1.66809
1.85205
1.32411
1.63255
1.4689
1.06385
1.19243
1.02707
1.38684
1.20846
1.28235
1.31217
