0.20972
0.23535
0.412608
0.591969
0.314347
0.418535
0.934624
1.18877
2.1642
2.08569
2.05234
2.19595
1.64221
1.57784
0.999798
2.40624
2.13285
1.6106
1.6737
1.54259
1.79588
2.12081
2.14256
1.94138
2.30423
1.88269
1.65358
2.73558
2.42681
2.34062
1.67165
2.07441
2.80015
1.87799
2.56279
2.43311
2.45968
2.18638
1.4095
1.47044
1.15842
0.845088
0.871056
0.800452
1.11406
0.921967
0.982317
1.53724
1.45413
1.40265
1.58013
1.43568
1.37435
1.25983
1.66838
1.04182
1.02853
1.33578
1.50017
1.15818
1.24239
1.62261
1.39122
1.35122
1.01844
1.32658
1.26933
1.36091
1.59746
1.3359
1.43878
1.57894
1.42554
1.76436
1.25439
1.59589
1.36658
1.29908
1.42041
1.27306
1.04209
1.35756
1.63117
1.52163
1.26968
1.57365
1.30243
1.14056
1.46113
1.58418
1.41374
1.47396
1.49049
1.11642
1.21419
1.25369
1.53181
1.3184
1.04046
1.22745
1.28825
1.46861
1.48328
1.37096
1.46025
1.35959
1.52081
1.31613
1.22637
1.41782
1.38111
1.46994
1.2956
1.42358
1.40535
1.59574
1.13867
1.17879
1.23694
1.552
1.23438
1.13825
1.16474
1.22971
1.25345
1.0002
1.17699
1.19252
1.2104
1.44895
1.20302
0.95861
1.08452
1.03627
0.877105
1.53969
1.1658
1.01194
1.06713
1.09089
1.15146
0.957012
0.901023
0.918852
0.77052
1.07048
1.05403
0.836661
0.912297
0.836325
0.872011
0.957096
1.14171
1.02137
0.940564
1.20698
0.901593
1.0372
0.897026
0.770675
0.794167
0.956517
1.19227
1.0317
0.947013
1.09316
1.084
1.18597
0.947477
0.828247
0.664915
0.748639
0.782356
0.697115
0.9776
0.882416
1.05484
0.900245
0.883676
0.939751
0.821894
1.18573
0.957632
0.733115
0.986562
0.788568
0.748122
0.848621
0.731573
0.60969
0.713647
0.845079
0.745402
0.667305
0.527579
0.840449
0.771461
0.539944
0.989206
0.614952
0.555835
0.689229
0.9768
0.681192
0.770259
0.789459
0.985238
0.685586
0.79112
0.73231
0.81706
0.710858
0.704524
0.873949
1.00282
0.963693
0.714301
0.840474
0.75618
0.745028
0.695607
0.646614
0.594769
0.642172
0.582924
0.782248
0.837035
0.649084
0.880348
0.75679
0.810912
0.614745
0.861751
1.01865
0.922049
0.72391
0.745585
0.902225
0.874061
0.692268
0.612213
1.10258
1.03638
0.972577
0.863634
0.920728
0.852038
0.748413
0.641476
0.797265
0.805322
1.16297
1.02775
0.908913
1.12888
0.959852
0.689105
0.982601
0.777148
0.749881
0.845526
1.08428
0.817361
0.634139
0.845264
0.597952
0.605842
0.662116
0.646519
0.635907
0.627527
0.571585
0.583324
0.51416
0.564339
0.508376
0.55252
0.531597
0.538367
0.456081
0.455856
0.455227
0.385326
0.351723
0.335166
0.320912
0.294848
