0.189747
0.177697
0.191484
0.149535
0.171317
0.14281
0.14278
0.144365
0.163648
0.155005
0.135264
0.134329
0.121816
0.163441
0.178006
0.29857
0.58639
1.58799
0.49508
0.744535
0.829832
0.970003
1.04578
1.01433
1.34758
0.747356
1.05125
1.31432
1.58306
1.35749
1.25193
1.45471
1.05421
1.10489
0.839761
0.974439
1.06721
1.36695
1.50861
1.24412
1.30375
1.66108
1.88832
1.45335
1.34819
1.33147
1.47068
1.84372
1.70314
1.76211
2.1153
1.95726
1.60979
1.83832
2.01671
1.84263
2.09971
1.64766
2.03982
1.99838
2.0793
2.066
2.22257
1.62109
2.09038
2.5368
3.01346
2.29023
2.58964
2.65457
3.11099
2.76307
3.08643
2.82063
2.54282
2.17121
2.58057
2.86445
3.14966
2.49922
2.77966
2.89745
2.56722
2.53366
2.65813
2.89811
2.90098
2.81537
3.30082
2.75669
2.75452
2.99192
2.89582
3.11195
3.42519
3.47009
3.33175
3.36277
3.07047
3.34622
3.64927
3.1708
3.01394
3.10756
4.01449
3.23847
3.30811
3.40985
3.82831
3.27766
3.61724
3.48053
3.48721
3.77381
4.17456
3.54515
3.05616
3.20655
3.46693
3.18411
3.32824
3.82019
3.77338
3.74702
3.35755
3.49118
3.43183
3.66066
4.24257
3.31968
3.38527
