6.701490
11.722600
9.869190
9.687150
7.750780
8.744680
9.797210
6.851740
8.154470
9.605380
8.173960
7.064150
6.474700
8.220860
6.724440
9.814510
9.538700
7.845860
9.699160
8.435230
7.479550
7.623690
7.412380
8.728010
9.006840
8.636690
7.706960
7.520710
6.758850
6.938920
8.842170
8.270450
8.013000
6.898250
8.387860
10.132400
9.307610
9.355510
8.992710
8.728660
8.662640
7.691970
7.514600
7.007780
6.829790
6.403970
7.551190
7.852820
6.310380
6.690680
6.709370
7.023580
6.516600
6.741660
7.325320
6.171740
8.208290
7.474120
6.882550
7.324470
6.130750
6.314560
7.601770
7.056530
7.451500
6.579410
6.833910
7.582920
7.491680
6.151080
5.957120
5.957160
6.228670
6.348360
5.531210
6.031630
6.478950
6.636550
6.470350
5.766140
6.667520
5.911530
5.781800
6.145400
6.399440
6.568200
6.287700
5.972520
6.280290
5.568630
5.919930
6.079100
5.940400
5.463140
6.177810
5.640930
5.316990
5.350580
6.252040
5.768750
6.283590
6.229020
6.069630
5.662580
5.868130
5.959080
5.878720
5.782800
5.453580
5.792360
5.237140
4.639960
5.770050
5.755570
5.059560
4.759800
4.747540
4.909870
5.155170
5.290300
5.282700
6.080450
5.546080
5.726790
5.223920
5.498570
5.350470
4.637410
5.379750
5.216470
6.102240
6.156280
5.578520
6.123070
6.154180
6.736090
6.830130
6.348660
6.186600
6.919350
6.983370
7.383220
6.836930
7.231940
6.766400
6.332820
7.949600
7.506640
8.140840
7.607060
8.317710
8.677950
8.067340
8.134700
8.685120
7.673020
7.593860
7.084400
8.180410
7.350080
7.488030
8.727200
8.981760
6.755060
7.574840
7.212900
7.624580
6.908750
8.935400
8.234380
7.042430
8.134310
8.875490
8.321950
9.019040
9.535030
8.024140
10.159800
9.158390
9.998240
9.591090
9.952460
10.265100
10.339800
9.400620
8.452120
9.133850
8.929020
9.241260
9.423320
10.887400
9.308820
7.840060
11.113300
12.434400
15.297700
14.325600
13.128200
13.818700
10.550600
13.538500
12.982900
14.284500
14.472800
11.506300
11.966500
10.952900
12.686600
10.781900
8.065830
7.719050
6.801420
7.052410
7.444650
8.500260
6.968720
6.429100
6.384280
8.596280
11.661900
9.590160
7.399860
10.036700
15.596500
10.491400
10.375000
14.313700
11.478200
12.114600
14.067800
14.972200
16.354100
15.405600
15.546800
11.976600
16.302000
17.516300
14.839300
17.926500
14.650600
14.843100
13.334400
14.965200
14.840500
12.209900
11.304800
15.292400
12.177000
9.737630
9.339210
8.468440
7.809280
8.690050
9.682200
9.185110
8.875960
8.939870
9.099750
9.531160
10.420700
9.495330
8.743120
7.584600
8.367130
8.915220
9.113130
9.593810
8.932470
9.439990
7.822880
8.526370
8.854290
7.661330
7.641280
9.164300
8.076400
9.524290
8.626020
8.805850
8.750170
8.187840
8.221190
8.153690
8.266790
8.880680
8.503170
8.479120
8.332390
7.950530
8.131070
8.357380
7.854660
8.383800
8.354190
7.985000
7.099890
7.828900
7.860960
7.928650
7.665190
7.861520
7.909040
7.798420
7.899860
7.923230
7.625590
8.176980
7.803720
8.139840
7.438840
7.555870
7.782010
6.997330
7.751750
7.347750
7.566660
7.654550
7.794490
7.690680
7.518920
7.633360
7.361340
7.167500
8.078400
7.317060
7.829030
7.293700
7.009410
7.330500
7.357460
7.611160
8.015420
7.856730
7.695470
8.203910
7.945990
8.479050
8.151680
7.865530
8.276310
9.099640
8.268320
8.770050
8.946860
8.334210
7.547970
6.992900
7.676930
6.725890
6.580260
6.761310
6.082430
5.856070
6.239340
5.926850
6.270320
6.252490
5.292520
5.358160
6.968230
6.197970
5.714830
6.147120
5.680460
6.315960
5.760090
5.415780
5.539000
5.459920
5.299430
5.321700
5.758930
5.068830
5.346810
5.092510
4.593460
4.995710
4.781370
5.236810
5.694500
5.543500
5.498560
5.821430
6.191490
5.235920
6.104610
7.007950
6.465170
5.733390
6.295180
6.183290
6.021870
6.035140
5.625270
5.616600
5.394910
5.633760
5.246850
5.369630
5.046470
5.421120
5.940970
5.516310
5.460580
5.035280
5.668340
5.904260
6.211580
5.973350
5.732160
5.751270
5.449720
5.195630
5.685130
5.264080
5.683550
5.260070
5.553220
5.254570
5.262510
5.297240
5.260360
5.467160
5.026870
5.459760
5.492740
5.155260
5.346830
6.113680
5.826080
5.750890
5.712020
5.369150
4.953670
5.160140
5.743770
5.597560
5.602320
4.865210
5.284290
4.996140
5.049090
5.450240
5.513820
5.067150
5.135050
5.293330
4.962600
5.054010
5.161290
5.609970
4.965900
4.343720
5.468080
5.061050
5.058950
4.891590
5.078640
4.932730
4.376940
4.552040
4.363550
4.529120
4.396370
4.206780
4.499700
5.084560
5.003320
5.331540
5.648980
6.105350
5.592960
5.355270
5.565720
5.971880
5.695750
5.083890
5.254470
5.095690
5.944930
5.835950
5.639460
5.881840
5.776550
5.251800
5.705590
5.561660
4.169820
5.584740
4.865330
5.558280
6.479810
5.949210
6.236550
5.394460
5.609130
5.028810
5.047130
4.685290
5.446880
5.759320
5.616590
5.879220
6.530310
7.014500
5.991420
6.276150
5.734050
5.640110
5.376650
4.866570
4.790820
4.413570
4.508300
3.959430
4.295610
3.895980
3.220990
3.128730
3.868950
3.293470
3.592480
4.230390
5.125490
5.610590
5.226050
5.468460
5.262470
6.903050
5.058690
6.869580
6.509420
6.262790
5.876020
5.609830
6.079970
7.251450
6.241600
6.014210
5.669150
6.151580
6.257540
5.383740
5.728290
6.999950
5.058640
6.398130
6.818140
6.458480
8.471350
7.019210
5.926590
6.493900
6.332720
6.334150
6.482240
6.663090
6.524250
6.115310
5.410790
5.312810
5.145550
5.041320
5.286430
5.414180
5.338710
5.405990
4.769940
5.055940
4.896490
4.456940
4.907760
4.924330
4.796720
5.013370
5.259360
5.177260
4.588950
4.659730
4.550610
4.882580
4.542860
4.035530
3.842900
3.991590
4.019310
3.634610
3.872690
4.081370
4.075940
3.897090
3.815150
3.686220
3.895960
4.475230
4.195340
3.914640
4.128760
4.551630
5.007660
4.808950
4.246580
4.926130
4.627290
4.448500
5.112980
4.546210
4.517480
4.340550
4.658160
4.809790
4.349690
4.279710
4.602790
4.463220
4.933450
5.360830
4.696320
4.667410
4.877130
5.046290
4.326020
4.507710
4.392190
4.367010
4.567880
4.688330
4.915870
4.739770
4.418130
4.564200
4.697210
4.514320
4.473780
4.793020
4.779360
4.925740
4.748370
5.034350
4.255740
4.476360
4.146830
4.075340
4.228910
4.206710
4.430680
4.181480
4.505800
3.967400
3.952110
4.078010
4.165100
4.290920
4.226440
4.037820
4.812050
5.085860
4.449370
4.141860
3.856130
3.966960
4.135670
4.248430
4.030260
3.748600
4.296590
4.732420
4.569520
4.574550
5.051450
4.453030
4.458410
3.997100
4.223140
3.980300
3.931560
4.203790
4.205340
4.095750
3.975600
3.840750
3.830280
4.148890
3.780350
3.887410
3.752580
3.878710
3.721140
3.476140
3.625460
3.914140
3.724170
3.799600
3.871020
3.866730
3.715520
3.714100
3.502230
3.652800
3.571470
3.393460
3.097470
3.003360
3.268580
2.915860
2.961990
2.681070
2.745110
2.733110
2.904940
3.122270
2.748440
2.735550
2.822280
3.081110
2.921550
2.997210
2.777670
3.175210
3.042030
3.371670
3.582030
3.275030
3.863630
4.605180
3.443880
3.216190
3.196260
3.426150
3.433880
3.698930
3.965930
4.081600
3.670300
4.109430
3.736610
4.027140
4.279500
4.502560
4.613380
4.751830
4.110780
3.963030
4.110040
3.894850
3.801830
4.136950
4.109570
4.113600
3.922270
4.047750
4.232820
3.780460
3.541800
3.853420
3.930410
3.743840
3.670500
3.850720
3.435950
3.370210
3.072350
3.665290
3.798080
3.424600
3.294180
3.235790
3.116870
3.455110
3.106430
3.129930
3.672070
3.652260
3.900270
4.046680
3.641100
3.459100
3.751840
3.884040
4.353610
4.406540
4.159690
4.243810
3.772730
3.972380
3.888360
3.358800
3.319080
3.951000
3.651570
3.777550
3.307650
4.067150
3.354440
3.474870
3.438750
3.978750
3.183170
3.023130
3.218160
3.219690
2.883790
3.019410
4.120010
3.877130
3.551840
4.006240
3.727330
3.680920
3.854080
3.585290
3.321780
3.578210
3.342870
3.427090
3.054740
3.106950
2.724680
3.155520
3.595460
3.463490
4.014470
3.810370
3.829980
4.256780
4.217070
3.152360
3.049630
2.885880
3.637410
3.894970
3.851110
3.477450
3.472690
3.820470
4.287670
3.554670
4.258660
3.555250
3.900590
3.751920
3.536670
4.115320
3.615000
3.502030
3.692470
4.054020
4.526030
3.596850
3.643890
4.913380
3.902400
4.156480
3.490030
3.039340
3.693140
4.022260
4.678930
4.032770
4.372360
4.419580
3.898460
4.237410
4.213850
4.833230
3.519360
3.215370
2.677790
3.093320
4.117730
4.601900
4.471730
4.432610
5.000050
4.922990
5.145630
4.140830
4.140920
4.134780
4.049160
3.658580
3.760140
4.211890
4.108070
4.376570
3.980010
4.123840
3.570370
3.695670
3.783600
4.295240
4.155400
3.764860
4.084180
3.998480
4.239440
4.644150
4.373530
4.311560
4.082280
3.581670
3.908780
3.616030
3.933470
3.890460
3.611490
4.511930
3.651840
3.523040
3.419070
3.940000
3.858650
3.805670
3.718550
3.460110
3.750670
4.042480
3.617040
3.139470
3.418630
3.416670
4.144200
4.404450
3.647970
3.366570
3.333140
3.215960
3.325000
3.836730
4.265130
3.933090
3.539540
3.315430
3.735400
3.735400
3.611100
3.896860
3.718500
4.170050
4.144670
4.190940
4.269360
3.792930
3.467700
3.683410
3.441340
3.689890
3.466810
3.432200
3.993590
3.554350
3.982010
3.759790
3.186560
3.884300
3.716450
3.318870
3.635230
3.880920
3.802740
4.060070
3.786930
3.506530
3.864490
3.802550
3.858690
3.569300
3.772900
3.727220
3.718380
3.551830
3.827910
3.679030
3.506590
3.245570
2.967100
3.139890
3.764280
3.489670
3.328510
3.297740
3.427600
3.316430
3.629270
3.422570
3.498720
3.559220
3.005550
3.985110
3.646380
3.393160
3.421330
3.144660
3.268890
3.810270
3.178930
3.739000
3.236400
3.620540
3.431710
3.902100
3.142690
3.912790
3.229860
3.411220
3.627240
3.394780
3.134010
3.228090
3.336210
3.291930
3.199260
3.080840
3.581920
2.907220
3.419170
3.198280
2.941850
2.957970
3.181140
3.492850
3.385170
3.267210
3.569090
3.004860
3.003130
3.142690
2.764830
2.531990
2.566510
3.449730
2.976480
2.707200
2.966440
3.019380
2.545910
2.735810
3.234070
2.766690
2.981930
2.553660
2.688470
2.631560
2.881600
2.450070
2.345030
2.947140
2.798130
2.641800
2.577620
2.701000
2.809790
3.274150
2.825320
3.147300
2.924440
2.934210
2.987500
3.100970
3.146050
3.027280
3.169330
2.735250
2.711160
2.868150
3.123860
2.792230
2.588040
2.489680
2.427790
2.811110
2.677360
2.417900
2.525310
2.677390
2.991050
2.789800
2.828530
3.079540
2.970460
3.087140
2.887450
2.908530
2.652260
2.421130
2.918750
2.481910
2.545670
2.498120
2.345880
2.317980
2.482880
2.194890
2.216760
2.095290
2.372270
2.304230
2.366960
2.490350
2.497840
2.085260
1.985320
1.874460
2.657430
2.217230
2.852260
2.230980
2.386960
1.977450
1.994520
