0.21708
0.206524
0.230586
0.223393
0.229932
0.213934
0.231491
0.243449
0.2218
0.216959
0.208792
0.22271
0.213533
0.218941
0.206255
0.230555
0.221047
0.2137
0.198082
0.243469
0.219964
0.202774
0.222675
0.209425
0.208993
0.205408
0.204163
0.235758
0.214169
0.217006
0.2311
0.221166
0.223533
0.230079
0.228555
0.223043
0.194706
0.230154
0.218977
0.210454
0.216336
0.213545
0.19186
0.209654
0.212151
0.227867
0.218826
0.226333
0.217898
0.211857
0.225906
0.218023
0.225999
0.197239
0.229556
0.200156
0.188648
0.201035
0.21436
0.193189
0.192523
0.202066
0.188718
0.223674
0.221967
0.20174
0.21711
0.218937
0.187004
0.204133
0.224668
0.199381
0.215759
0.228069
0.219706
0.205404
0.237778
0.22755
0.209638
0.22573
0.222156
0.196663
0.201993
0.202048
0.195237
0.212308
0.213258
0.223158
0.221005
0.190192
0.218131
0.205752
0.208358
0.208492
0.222795
0.211932
0.213405
0.206913
0.238863
0.207874
0.21745
0.184865
0.187374
0.209596
0.211424
0.214638
0.220585
0.205584
0.19432
0.183845
0.1822
0.196791
0.199802
0.201606
0.159483
0.181758
0.184205
0.193019
0.194539
0.181573
0.202891
0.183427
0.206392
0.196808
0.192424
0.194104
0.171345
0.190921
0.185939
0.191257
0.187486
0.195519
0.237174
0.225047
0.225889
0.20912
0.222991
0.204052
0.194942
0.199393
0.220725
0.178473
0.182926
0.172295
0.180705
0.180686
0.193974
0.180183
0.169121
0.185557
0.21103
0.17194
0.18555
0.180686
0.177818
0.197179
0.184491
0.154005
0.147561
0.175838
0.152504
0.159613
0.177283
0.173211
0.223236
0.205529
0.157705
0.151428
0.161334
0.160856
0.133875
0.138498
0.192866
0.213407
0.164683
0.131074
0.15409
0.139691
0.180879
0.182838
0.196391
0.212737
0.22255
0.20251
0.218848
0.201208
0.208191
0.202125
0.198539
0.228595
0.183708
0.186902
0.18102
0.194602
0.208515
0.206405
0.213697
0.186044
0.202637
0.21324
0.195432
0.200957
0.19952
0.182176
0.18557
0.200651
0.18989
0.218266
0.189732
0.181757
0.179846
0.187006
0.181456
0.191473
0.196788
0.204617
0.215962
0.203101
0.205201
0.207973
0.199207
0.178238
0.168562
0.185017
0.201775
0.180963
0.195237
0.193386
0.198175
0.188435
0.21892
0.207182
0.202759
0.21544
0.20855
0.212704
0.217356
0.195765
0.198278
0.224106
0.207556
0.206165
0.227572
0.210085
0.213779
0.222177
0.202126
0.216585
0.193501
0.212371
0.201409
0.203034
0.220662
0.217841
0.218171
0.188102
0.200121
0.212212
0.219791
0.21264
0.214967
0.214605
0.200215
0.192088
0.192886
0.187836
0.19279
0.160041
0.203773
0.200811
0.194106
0.204501
0.199417
0.191932
0.185492
0.202167
0.198809
0.166696
0.209825
0.207014
0.181798
0.209367
0.212412
0.220399
0.223144
0.229587
0.211649
0.189685
0.217471
0.195795
0.213024
0.222443
0.211671
0.223647
0.212957
0.221644
0.235643
0.218884
0.202166
0.228398
0.197577
0.2035
0.214743
0.192149
0.239635
0.209159
0.22334
0.202861
0.213806
0.206136
0.213165
0.201007
0.197977
0.227055
0.209256
0.191301
0.197478
0.194103
0.208256
0.200631
0.199085
0.204547
0.197628
0.220438
0.217665
0.225978
0.194088
0.210206
0.199583
0.210598
0.193531
0.176372
0.17605
0.173991
0.167423
0.176959
0.184117
0.180614
0.203343
0.223554
0.200536
0.178843
0.177623
0.177382
0.16921
0.164204
0.149342
0.183618
0.178832
0.172419
0.192785
0.180632
0.183937
0.180896
0.18371
0.184776
0.202933
0.218472
0.214717
0.197043
0.187627
0.200531
0.184942
0.191901
0.183755
0.20943
0.203046
0.213104
0.186452
0.213075
0.19879
0.222369
0.212899
0.25924
0.269745
0.287282
0.305319
0.302925
0.259075
0.317872
0.23981
0.216326
0.20042
0.226418
0.270001
0.326872
0.506407
0.437568
0.420423
0.397908
0.362373
0.341288
0.330151
0.423896
0.313752
0.262694
0.321712
0.29171
0.218047
0.205374
0.185538
0.163816
0.146771
0.159015
0.171232
0.185285
0.172636
0.20401
0.251065
0.238373
0.21051
0.207064
0.209863
0.24251
0.219639
0.205673
0.241311
0.240372
0.235236
0.263506
0.247277
0.24935
0.252538
0.255012
0.247125
0.248391
0.22519
0.231394
0.231565
0.246848
0.244981
0.250971
0.252357
0.263564
0.270019
0.292449
0.277523
0.271859
0.287968
0.311568
0.319977
0.306213
0.30141
0.272172
0.290619
0.247126
0.267109
0.27041
0.25351
0.260446
0.217448
0.256169
0.285681
0.282625
0.316276
0.272416
0.247368
0.276127
0.275894
0.257071
0.256581
0.211632
0.226867
0.218042
0.261253
0.255084
0.240855
0.225552
0.226262
0.23859
0.237664
0.271962
0.242517
0.26164
0.27613
0.277605
0.279739
0.249312
0.253383
0.261562
0.255838
0.241405
0.236155
0.253237
0.272408
0.242151
0.252392
0.289784
0.279698
0.248923
0.259803
0.29148
0.271579
0.296953
0.242215
0.274479
0.268154
0.274072
0.268811
0.260121
0.256978
0.250931
0.209102
0.236067
0.23169
0.278075
0.280628
0.272949
0.261872
0.223485
0.234543
0.246793
0.255074
0.301853
0.310444
0.321428
0.30831
0.28875
0.282827
0.292919
0.288027
0.294422
0.299806
0.326092
0.294499
0.312587
0.275741
0.327395
0.317785
0.280218
0.269922
0.322842
0.311477
0.338942
0.2806
0.322512
0.27175
0.289804
0.342481
0.347618
0.285872
0.249004
0.228294
0.25877
0.207736
0.231181
0.224312
0.223688
0.234271
0.242729
0.208797
0.201416
0.20577
0.217411
0.208881
0.261301
0.231168
0.229843
0.258167
0.288348
0.283846
0.280951
0.255448
0.237759
0.238834
0.214849
0.256152
0.246152
0.285681
0.28169
0.318132
0.274752
0.262319
0.27282
0.262105
0.304665
0.291431
0.284541
0.298002
0.35992
0.367475
0.314364
0.351349
0.360802
0.32403
0.336289
0.308834
0.315015
0.35128
0.317831
0.348403
0.362798
0.349633
0.322031
0.337537
0.308565
0.271777
0.288544
0.292196
0.343847
0.354919
0.326449
0.381503
0.352058
0.39163
0.364671
0.308768
0.351182
0.38825
0.38309
0.299288
0.327056
0.271784
0.285453
0.339436
0.32131
0.299349
0.255401
0.217593
0.270846
0.274068
0.200763
0.219906
0.225293
0.221528
0.302695
0.261155
0.244487
0.276135
0.277
0.260344
0.263622
0.270614
0.266389
0.343105
0.333554
0.294845
0.289924
0.296514
0.249538
0.251575
0.289331
0.347456
0.324847
0.378388
0.465951
0.444105
0.377568
0.467872
0.496671
0.430416
0.410282
0.35192
0.367555
0.385332
0.418441
0.304094
0.367004
0.337694
0.264113
0.305565
0.31567
0.319126
0.347429
0.309212
0.316172
0.391824
0.348646
0.449965
0.399676
0.369739
0.334866
0.334392
0.324615
0.368753
0.336953
0.331563
0.35164
0.35962
0.343416
0.348378
0.375519
0.33806
0.300736
0.320283
0.274506
0.292844
0.30883
0.271893
0.282477
0.253513
0.243914
0.221811
0.199388
0.273698
0.2308
0.241794
0.19188
0.194108
0.179945
0.227859
0.289922
0.228064
0.265983
0.276289
0.277306
0.236581
0.219678
0.263952
0.24892
0.226775
0.22327
0.228452
0.272205
0.255096
0.238944
0.230871
0.256599
0.256584
0.233171
0.232544
0.231466
0.222737
0.244147
0.230043
0.24138
0.227176
0.254411
0.309021
0.25553
0.269598
0.291758
0.304815
0.223481
0.292535
0.258408
0.275702
0.26261
0.268992
0.268523
0.271778
0.251162
0.222835
0.258099
0.267819
0.263256
0.266815
0.251584
0.241833
0.276762
0.267161
0.275981
0.252703
0.302038
0.282096
0.239581
0.213352
0.257166
0.230574
0.247428
0.282939
0.294011
0.324939
0.234017
0.254326
0.294518
0.213509
0.236146
0.264226
0.273843
0.257972
0.265247
0.276906
0.233875
0.239079
0.241932
0.257154
0.245648
0.243468
0.238098
0.203188
0.154649
0.212643
0.243173
0.236188
0.270384
0.284559
0.220083
0.235766
0.258938
0.257133
0.256541
0.261313
0.24501
0.259093
0.246491
0.279649
0.295715
0.255623
0.253771
0.259862
0.259806
0.247903
0.284343
0.275659
0.305103
0.291714
0.271022
0.225474
0.231841
0.223154
0.261104
0.334533
0.253913
0.282922
0.241149
0.272659
0.32277
0.290415
0.230615
0.2664
0.214638
0.239864
0.308281
0.266313
0.245048
0.281333
0.330598
0.298059
0.276702
0.288031
0.28029
0.343801
0.262101
0.30847
0.276485
0.3143
0.298016
0.269276
0.268884
0.278502
0.401279
0.257631
0.247117
0.268244
0.321042
0.30371
0.299707
0.305631
0.236581
0.379927
0.319966
0.262668
0.252782
0.515592
0.219606
0.423172
0.30126
0.360318
0.32084
0.318904
0.339739
0.34746
0.363418
0.262987
0.296767
0.314186
0.330841
0.327027
0.324721
0.335153
0.319722
0.409531
0.382989
0.329443
0.354877
0.382341
0.305964
0.311044
0.305774
0.281418
0.357172
0.345158
0.31086
0.361355
0.401904
0.349717
0.346734
0.317906
0.328425
0.32003
0.300572
0.292751
0.280342
0.308739
0.357873
0.338114
0.319116
0.323497
0.3292
0.285838
0.356589
0.360351
0.298744
0.31503
0.328398
0.302098
0.284129
0.317491
0.305421
0.318207
0.290769
0.322263
0.318656
0.304612
0.274334
0.350897
0.325121
0.362721
0.294564
0.293782
0.282116
0.295153
0.298544
0.295527
0.321964
0.300172
0.322473
0.34835
0.305829
0.315131
0.368336
0.331593
0.342535
0.345045
0.316083
0.329957
0.341618
0.329734
0.326778
0.337251
0.358481
0.353604
0.340914
0.371379
0.355922
0.345783
0.382727
0.342625
0.352281
0.330705
0.367882
0.31524
0.425987
0.398712
0.42641
0.408065
0.367603
0.372027
0.38551
0.350283
0.368194
0.330234
0.318772
0.295923
0.292859
0.298485
0.336925
0.306106
0.333805
0.329451
0.331448
0.343854
0.359074
0.301534
0.311253
0.334649
0.352916
0.361323
0.390513
0.370569
0.350005
0.367291
0.369284
0.416102
0.363352
0.402512
0.398939
0.392986
0.365322
0.38697
0.420037
0.404356
0.397043
0.385051
0.43081
0.433133
0.401546
0.370475
0.387932
0.425875
0.362221
0.39383
0.399184
0.446811
0.394391
0.411207
0.444972
0.472071
0.418814
0.44293
0.449656
0.442936
0.457155
0.473232
0.440612
0.414002
0.439599
0.439167
0.46102
0.427867
0.442515
0.463483
0.426612
0.459892
0.44088
0.469252
0.394955
0.353761
0.479588
0.449519
0.455205
0.45823
0.438664
0.452414
0.421273
0.443241
0.426652
0.443921
0.548789
0.414738
0.45993
0.383769
0.405587
0.487274
0.458394
0.468824
0.43097
0.487962
0.501291
0.50816
0.468893
0.504579
0.552495
0.524611
0.502187
0.531066
0.380054
0.516914
0.463393
0.504174
0.456358
0.470717
0.468014
0.442827
0.494786
0.429983
0.409782
0.433099
0.434446
0.454121
0.441622
0.425476
0.40948
0.394597
0.491767
0.473124
0.44761
0.397711
0.635039
0.488917
0.521279
0.379775
0.48053
0.480508
0.481221
0.464082
0.440141
0.516088
0.440977
0.47562
0.464109
0.463555
0.457296
0.489924
0.462914
0.488128
0.423435
0.452735
0.46453
0.497942
0.523686
0.560914
0.560452
0.484286
0.571763
0.467509
0.519768
0.580994
0.522705
0.507138
0.510244
0.543839
0.500186
0.491049
0.481868
0.513048
0.516358
0.472869
0.450911
0.450835
0.43485
0.442177
0.458444
0.507933
0.438045
0.42058
0.397981
0.449375
0.40332
0.427511
0.472543
0.553956
0.421928
0.40909
0.486385
0.40648
0.499781
0.527961
0.508009
0.521365
0.509225
0.498311
0.603272
0.554841
0.522519
0.538547
0.448482
0.504308
0.482411
0.543292
0.586586
0.53431
0.668269
0.686972
0.646243
0.581937
0.604857
0.665549
0.349737
0.204951
0.288681
0.240218
0.300157
0.508128
0.357248
0.380139
0.271732
0.460223
0.381413
0.495569
0.542505
0.555962
0.540749
0.502074
