0.0802532
0.0902519
0.0835671
0.0800642
0.0797981
0.0901025
0.078796
0.0808672
0.0820649
0.0915346
0.0798422
0.0786965
0.0821855
0.0833122
0.0771559
0.105752
0.102719
0.0937784
0.0947813
0.0908563
0.0905064
0.0806849
0.110496
0.101075
0.102497
0.0977683
0.0807447
0.0854245
0.0699389
0.0892727
0.096751
0.080924
0.0809509
0.105335
0.0743784
0.0884512
0.0986138
0.0822074
0.0905431
0.112517
0.182152
0.207345
0.19552
0.347454
0.408165
0.497623
0.597212
0.39383
0.514431
0.649651
0.517978
0.434676
0.496666
0.795366
0.783949
0.58084
0.587377
0.627141
0.677131
0.655473
0.748279
0.66529
0.632366
0.693877
0.571432
0.750763
0.575464
0.803201
0.666919
0.752495
0.793738
0.711485
0.693151
0.758394
0.8707
0.872892
0.983652
0.709856
1.01263
0.72081
0.780275
0.710903
0.807327
0.776679
0.770574
0.731172
0.860235
0.882574
0.713649
1.18675
0.833745
0.925767
0.853418
0.925861
0.804778
0.875181
0.881256
0.973035
0.827699
1.01764
0.95206
0.917241
0.894893
0.925039
1.01268
0.880949
0.842913
0.881919
0.936886
1.01821
0.99578
1.00029
1.01719
1.03532
1.21848
1.24712
1.01444
1.40121
