14.3995
15.7734
16.4963
15.9404
15.9708
14.3542
14.4008
13.6423
11.6743
15.4319
15.0164
14.0963
15.1149
14.0637
16.4581
13.9686
13.4427
12.7753
13.8063
14.9894
15.0676
14.6528
14.4266
14.5512
13.754
14.2765
12.85
16.1576
13.4336
12.7708
15.9376
15.6938
15.9272
14.1099
12.6964
13.93
15.6891
15.141
15.0289
14.8047
15.6482
14.1072
13.4868
13.7237
16.0166
15.0067
14.2982
15.0163
15.453
15.4895
13.9557
14.1958
15.5504
15.3371
12.4176
14.7371
14.8235
14.2142
13.8014
13.9549
12.3693
13.3733
14.7046
14.4895
13.8384
13.8253
13.7047
11.3476
11.5619
15.204
14.1036
14.5593
12.4776
14.3351
13.5758
12.511
12.4152
15.068
11.9437
14.9612
11.863
12.6665
11.5055
13.8305
14.1455
12.6406
13.4213
12.6068
12.1779
14.4218
11.8941
12.9014
13.8213
11.2783
12.4832
11.8244
12.8994
10.2419
10.8721
13.4074
11.3399
10.7924
11.994
10.8802
11.0241
11.0596
10.1532
9.50213
9.12221
8.10803
9.63571
9.2869
8.20854
9.2219
9.20779
8.80467
10.7674
9.69255
8.42159
8.69528
9.09459
8.16549
8.71745
7.74081
7.68677
7.34803
8.63658
6.99042
6.76723
7.78002
6.78352
8.27405
7.43042
7.32193
7.93373
7.77558
5.77416
7.23443
7.31069
6.35145
5.93583
6.49939
5.78805
7.38433
6.80943
7.61494
5.80476
5.49778
5.85641
6.24197
5.63006
6.55564
4.61069
4.16702
3.65864
4.55891
5.11134
4.93703
4.07084
4.43564
4.37212
4.1938
4.18215
3.8684
5.22212
5.09239
4.38313
3.91554
3.34098
3.96658
