0.457029
0.461785
0.430983
0.453803
0.44698
0.459583
0.463128
0.487249
0.47604
0.448251
0.439013
0.429927
0.365733
0.454013
0.43441
0.436216
0.489626
0.467749
0.501761
0.470452
0.439252
0.420317
0.466103
0.481314
0.458592
0.466138
0.495975
0.533983
0.391276
0.390217
0.382699
0.441296
0.447724
0.435679
0.41428
0.432711
0.399752
0.555114
0.451844
0.394359
0.385119
0.489853
0.490079
0.509354
0.566853
0.489319
0.435226
0.493976
0.519587
0.483856
0.520906
0.4704
0.473837
0.455421
0.4691
0.485138
0.566758
0.508387
0.541119
0.50805
0.590684
0.590518
0.554207
0.607329
0.554299
0.503809
0.569496
0.5987
0.527295
0.594015
0.610025
0.662955
0.880324
0.665728
0.715878
0.657842
0.817583
0.641537
0.635959
0.871531
0.738629
0.753878
0.748532
0.555157
0.574468
0.627833
0.545555
0.451059
0.496357
0.5864
0.479193
0.536775
