0.811474
1.30163
0.800344
0.9132
1.07275
0.82228
0.923993
1.227
1.50944
1.52373
1.08301
1.00601
1.04562
1.35784
0.824575
1.08752
0.902601
0.827103
0.980998
1.33214
1.20359
0.856131
1.17661
0.914337
0.766107
0.986961
0.958832
0.969265
0.817278
1.14194
0.744606
0.823043
1.05031
0.774517
0.698434
0.768892
0.818887
0.796491
0.681112
0.654985
1.12826
1.18982
1.04572
1.02654
0.717478
1.49949
0.882272
0.753821
1.46578
0.603823
0.577778
0.651994
1.12011
1.34848
0.818851
0.802228
1.0328
0.927099
0.783291
0.846023
0.902494
0.774052
0.899724
0.855706
0.796741
0.704902
0.877121
0.73275
0.707202
0.855175
0.895968
1.03407
0.931386
0.902312
0.818981
1.149
1.01507
0.994926
1.17873
1.34498
1.56718
1.79063
1.71792
1.73092
1.43718
1.53231
1.50056
1.40288
1.44921
1.37461
1.56345
1.62201
1.39943
1.32877
1.4729
1.38892
1.59757
1.35248
1.30899
1.1334
1.06974
0.93722
1.10997
0.87891
0.950122
0.954026
1.48049
0.845183
0.913783
0.766466
0.728965
0.535011
0.592887
0.758944
0.828229
1.12142
1.70079
1.11372
1.05751
1.19466
1.12668
1.27077
1.40529
1.29089
1.19143
1.23755
1.39113
1.24335
1.62068
1.24899
1.19964
0.955619
1.14102
1.27763
1.17423
1.22644
1.1409
1.15016
1.34094
1.19436
1.00046
0.826995
1.01264
1.15391
1.08065
0.950351
1.01507
0.99823
1.41901
1.25419
1.44217
0.987013
1.01094
1.20207
1.0403
1.21437
1.33723
1.4278
1.75553
1.54037
1.08484
1.02884
1.42215
0.815764
1.1024
0.934424
0.880463
0.982236
0.995404
1.04036
1.17483
1.11161
1.18101
1.11836
1.03225
0.921724
0.952063
1.15234
1.01087
1.17406
1.11585
1.29242
1.24961
1.16161
1.18607
1.11297
1.113
1.0907
0.978904
1.18505
1.33137
1.31044
1.34707
1.27147
1.4175
1.33359
1.32023
1.35882
1.59567
1.35858
1.54536
1.34401
1.31526
1.33148
1.25897
1.17314
1.27872
1.35322
1.38706
1.19092
1.19299
1.19301
1.34598
1.32042
1.27777
1.37249
1.30778
1.33988
1.11479
1.249
1.247
1.21554
1.11493
1.31879
1.32636
1.2315
1.31692
1.26969
1.38317
1.39841
0.971259
1.24326
1.27327
1.26874
1.37605
1.12148
1.26712
1.2405
1.36221
1.15083
1.23738
1.31148
1.40231
1.14611
1.03347
1.01651
0.960067
1.07907
1.03164
1.07145
0.945104
0.944673
0.439029
0.925483
1.05321
0.748368
0.85803
1.00477
1.04247
1.00779
1.23898
1.10903
1.02036
1.3145
1.01056
1.31926
1.59832
1.44359
1.15069
1.37967
1.52711
1.64731
1.22307
1.29309
0.922085
1.09337
1.23803
1.38028
1.06094
1.4217
1.34152
1.38932
1.14408
1.08713
0.920012
1.24186
1.07323
1.05479
0.974585
0.811511
0.988577
1.05665
1.00953
0.762799
0.88722
0.895005
1.03989
0.877731
0.884213
1.13517
0.959919
0.88322
1.15245
0.856068
0.828085
0.849375
0.950411
1.10105
0.601968
0.89592
0.895217
0.657599
0.58241
0.70259
0.714561
1.01799
0.732006
0.583261
1.1546
0.730622
0.700468
0.957813
0.668342
0.66017
0.683952
0.783276
0.723784
0.697433
0.71154
0.896773
1.02463
0.86931
0.782791
0.769533
0.791539
0.68788
0.83051
0.779775
0.715234
0.794762
0.801441
0.986239
0.738964
0.707619
0.726039
0.627424
0.601482
0.590374
0.657462
0.660701
0.674473
0.675478
1.04373
1.27127
1.23413
0.98809
0.847968
0.756107
0.657852
0.688769
0.627666
0.74044
0.642805
0.567906
0.709783
0.625441
0.738174
0.703429
0.646624
0.712289
0.616354
0.615532
0.635377
0.698888
0.716852
0.71415
0.658597
0.62737
0.641327
0.677691
0.60348
0.560417
0.552292
0.57537
0.642462
0.850183
0.661004
0.486021
0.497164
0.491932
0.544259
0.571795
0.52185
0.556171
0.554872
0.545545
0.450248
0.437683
0.462125
0.42304
0.432852
0.453192
0.40446
0.524718
0.514564
0.569231
0.648957
0.591123
0.594158
0.703823
0.630526
0.627977
0.599303
0.742261
0.734107
0.715106
0.661847
0.649761
0.717376
0.624412
0.718632
0.691351
0.576188
0.642582
0.612239
0.77659
0.560754
0.845882
0.727766
0.48447
0.711578
0.639209
0.683611
0.579511
0.408429
0.62619
0.505037
0.657899
0.621478
0.709919
0.570441
0.608868
0.569055
0.581237
0.698738
0.621504
0.593645
0.614991
0.451466
0.469696
0.549274
0.554331
0.445794
0.499381
0.486677
0.500519
0.457658
0.55715
0.685482
0.60109
0.535838
0.365545
0.573337
0.446822
0.374022
0.49852
0.673523
0.514007
0.454421
0.48164
0.524408
0.544446
0.527532
0.448681
0.412898
0.429014
0.386896
0.389493
0.406464
0.448751
0.569035
0.438082
0.490419
0.486208
0.453358
0.590621
0.558526
0.727763
0.654176
0.363786
0.488686
0.689816
0.702656
0.633185
0.651768
0.588648
0.542553
0.543652
0.464075
0.535106
0.602595
0.766791
0.765468
0.521354
0.418372
0.478761
0.491005
0.453067
0.482778
0.457808
0.475572
0.43898
0.501578
0.500051
0.51335
0.451539
0.464485
0.483997
0.440244
0.417956
0.41573
0.425871
0.403062
0.459293
0.442822
0.435311
0.482533
0.466014
0.464477
0.444153
0.429255
0.46785
0.55475
0.60091
0.554446
0.674797
0.528473
0.527775
0.554663
0.38448
0.359528
0.420184
0.379959
0.384555
0.398705
0.368277
0.354382
0.331172
0.383366
0.388532
0.411734
0.520825
0.467561
0.460715
0.504625
0.432437
0.400213
0.468658
0.414245
0.383295
0.43602
0.416185
0.474844
0.501306
0.500485
0.510178
0.485964
0.485004
0.453178
0.468965
0.431011
0.382071
0.400632
0.498533
0.440222
0.472549
0.438056
0.473023
0.410462
0.389286
0.474841
0.360222
0.441154
0.415304
0.418908
0.634273
0.538255
0.52588
0.558695
0.471063
0.422596
0.450298
0.557738
0.527012
0.582914
0.686058
0.612698
0.701474
0.765937
0.7747
0.517024
0.513667
0.757757
0.486851
0.548838
0.422433
0.501874
0.456814
0.515289
0.487584
0.497476
0.668461
0.612594
0.551026
0.6547
0.437926
0.550802
0.548643
0.686198
0.543391
0.582435
0.617171
0.515832
0.525387
0.575154
0.630752
0.667923
0.662869
