0.839942
0.457069
0.482552
0.882954
0.813386
0.620995
0.993311
0.833246
0.637501
0.399475
0.575014
0.951895
0.759691
1.15598
1.04961
0.422595
1.0564
0.366548
0.511713
1.12662
0.564016
1.3571
0.579995
0.366848
0.368692
0.577902
0.697198
0.637505
0.479789
0.519633
0.830419
0.665349
0.633226
1.1234
0.78285
0.743266
0.885158
0.653275
0.608771
0.838589
0.828565
0.846382
0.486467
1.069
1.12842
1.12327
0.616904
0.766367
0.743384
0.664627
0.324707
0.779073
0.59242
1.10888
1.03472
0.705916
0.587504
1.07348
1.20596
1.7151
0.62269
1.11533
1.20621
0.899033
1.6633
0.670151
0.711395
1.0059
0.763811
0.675853
0.710022
0.947989
0.965875
0.54458
0.610254
0.754848
1.45334
0.837476
0.817382
0.598433
0.578974
0.850758
0.809184
0.562231
1.24416
1.18506
0.714821
0.932505
1.10545
0.769132
0.916348
0.79399
0.656706
0.777034
0.779076
0.943063
0.803788
0.596847
0.609721
0.618484
0.793269
0.967513
0.699026
0.704845
1.05265
1.01169
0.769672
0.825408
0.688658
0.891089
0.854356
0.802922
0.878772
1.02319
1.00324
0.715013
0.751939
0.785047
