0.523182
0.497646
0.548254
0.562609
0.517498
0.664109
0.632443
0.592708
0.651276
0.519514
0.66201
0.647363
0.591001
0.654018
0.705378
0.693777
0.708717
0.763121
0.770035
0.708431
0.761514
0.719917
0.789236
0.686588
0.786292
0.743773
0.759802
0.803495
0.8196
0.823988
0.893691
0.941727
0.816113
0.849838
0.64035
0.633557
0.751673
0.857401
0.894363
0.723617
0.854801
0.79815
0.775359
0.66713
0.680737
0.797819
0.783953
0.740141
0.918825
0.87447
0.909414
1.00389
0.86686
0.816335
1.15364
0.852549
0.821622
1.0521
0.871741
1.03436
1.0039
0.714318
0.81606
0.945951
0.963233
0.852888
0.850408
0.805466
0.774002
0.768782
0.842023
0.87616
1.04881
0.933293
0.987068
0.988652
0.888408
0.929729
1.03637
0.755702
0.784834
0.864693
1.04043
0.96226
0.734389
0.864543
1.05927
0.969238
1.02707
0.909634
0.925293
0.851991
0.796295
0.883457
0.886112
0.94136
1.05695
1.10108
1.03728
1.06666
1.01765
1.08851
0.930302
0.943764
0.911056
0.950526
0.904668
1.33042
1.12061
1.04474
1.20387
1.13072
1.16202
1.16799
1.06499
1.15728
1.13734
1.03543
1.12264
0.895841
0.88305
0.960591
0.843996
1.03431
1.16509
0.990028
1.30276
1.17319
0.93603
0.939386
1.0014
1.00376
1.10907
1.17153
1.2769
1.08302
1.20416
1.21376
1.31828
1.10013
1.18631
1.38151
1.11542
1.30649
1.28282
1.14996
1.07483
1.40936
1.25704
1.43141
1.30634
1.23645
1.14694
1.15241
1.09211
1.30858
1.21999
1.02376
1.0737
1.11036
1.31307
1.23047
1.47098
1.26279
1.24329
1.32805
1.12106
0.99718
1.06207
1.33467
1.07932
1.20907
1.15987
1.22074
1.30745
1.22719
1.41482
1.19748
1.31453
1.50277
1.2593
1.30532
1.30734
1.21954
1.33471
1.35035
1.03331
1.17589
0.959045
1.25885
1.28518
1.31277
1.22422
1.18581
1.21277
1.12
1.19835
1.22187
1.23817
1.04676
1.24517
1.15278
1.18348
1.04319
1.09616
1.15759
1.24764
1.34256
1.27387
1.16536
1.20095
1.28456
1.08996
1.33529
1.30292
1.2852
1.33156
1.2971
1.43133
1.403
1.44127
1.31562
1.3461
1.29976
1.3032
1.37957
1.33585
1.38974
1.45141
1.4025
1.44216
1.36364
1.33484
1.20364
1.45394
1.47928
1.45444
1.35488
1.54232
1.18795
1.42315
1.47732
1.07599
1.51338
1.60286
1.40468
1.51102
1.55655
1.61133
1.43666
1.69754
1.39417
1.37025
1.60039
1.48962
1.68278
1.68514
1.47119
1.59824
1.59691
1.54881
1.69441
1.40545
1.68163
1.55665
1.64058
1.53598
1.58615
1.60919
1.50258
1.47095
1.53973
1.37571
1.54116
1.39701
1.37519
1.51377
1.57041
1.70514
1.61518
1.53261
1.59349
1.71837
1.7357
1.40662
1.71139
1.49907
1.52454
1.62512
1.68703
1.68502
1.73912
1.79579
1.87219
1.73926
1.747
1.58741
1.71424
1.60803
1.62813
1.66299
1.68733
1.4354
1.74754
1.84423
1.76641
1.7413
1.65863
1.76692
1.7345
1.87443
1.65274
1.81995
1.81834
1.82854
1.73017
1.7225
1.78516
1.76369
1.72205
1.72169
1.86667
1.85874
1.61687
1.57042
1.8128
1.7911
1.5442
1.8478
1.61436
1.60649
1.71763
1.71945
1.76628
1.74463
1.90264
2.02207
1.54385
1.72592
1.61867
1.92481
1.89592
1.74506
1.85616
1.77207
1.92071
2.09702
1.90854
1.7997
1.82198
1.60689
1.95933
1.91674
1.59586
1.89154
1.67203
1.86549
1.92181
1.95584
1.91892
1.67675
2.04403
1.83606
1.84946
1.88549
1.96897
1.58154
1.9639
1.71475
2.03335
1.97308
1.67192
1.81709
1.82787
2.01294
1.9681
1.99225
1.92895
2.04825
2.07104
1.88405
1.98219
1.9785
2.21683
1.86716
1.91685
1.78409
1.67591
2.00174
1.99949
1.76694
2.0532
1.74964
1.85848
1.94281
2.15461
1.83962
1.96232
2.0333
2.23114
1.90214
2.15513
1.95723
2.12915
2.02534
2.02244
1.92279
2.19038
2.22668
1.93638
1.98482
2.48718
2.25812
2.0245
1.84533
1.7938
1.67739
1.97266
1.90115
2.03057
1.82744
2.13064
2.30193
2.04622
2.25962
2.48066
1.94108
2.14874
2.44685
2.15295
1.80072
2.208
1.87324
2.30822
2.16028
1.97563
1.92329
2.02928
2.00234
2.35338
2.2948
2.3147
2.35814
2.08511
2.41244
2.28572
2.39142
2.16269
2.6662
2.33608
2.25618
2.25523
2.39652
2.44836
2.68934
2.45199
2.57428
2.18012
2.11582
2.31192
2.28834
2.32276
2.78849
2.41712
2.02732
2.14234
2.20062
2.58389
2.01051
2.0816
2.3098
2.29926
2.53764
2.38141
2.52349
2.2337
2.15796
2.37688
2.63729
2.62692
2.90331
2.65625
3.00263
2.86721
3.42634
3.15496
3.30875
2.88416
2.77129
2.33386
2.72763
2.46237
3.00485
2.8564
2.85433
2.14302
1.79818
2.06462
1.92272
2.03238
2.30728
2.86285
2.30356
2.29662
2.1252
1.89297
2.65238
1.64008
2.06936
2.15709
2.17303
2.0589
2.2634
2.33816
2.71581
2.86845
2.84278
2.36137
2.24857
2.33203
2.51888
2.67426
2.97306
3.03112
2.37185
2.76505
2.59209
2.5157
2.65937
2.19968
2.77583
2.31095
2.41696
2.20465
2.13327
2.3988
