0.31159
0.340211
0.43963
0.400202
0.34683
0.408216
0.340954
0.362086
0.366003
0.434025
0.356437
0.491441
0.551398
0.564261
0.699688
0.650188
0.498902
0.535823
0.598857
0.621864
0.543017
0.603908
0.567958
0.663358
0.782109
0.667481
0.761905
0.727357
0.733883
0.836784
0.733202
0.757638
0.699071
0.686011
0.775159
0.759418
0.860101
0.722297
1.03477
0.940194
0.656599
0.773732
0.964728
0.875169
0.85997
1.05085
0.915531
0.867151
1.13493
0.724644
1.00562
0.729268
1.05074
0.801448
0.876859
0.888078
0.863078
1.49121
1.08778
1.21104
1.44556
1.06126
1.05198
1.42137
0.956562
1.09726
0.972532
1.08326
0.998286
1.17052
0.898443
1.26368
1.25305
0.795498
0.992507
0.854461
0.961392
1.05056
1.09494
0.979673
1.27708
0.980692
1.02877
1.21643
0.999293
1.01563
1.41141
1.07423
1.26024
1.15383
1.29733
1.34984
1.46125
1.60243
1.57564
1.36174
1.17342
1.38116
1.49027
1.54337
1.69543
1.64613
1.22484
1.62616
1.0874
1.47163
1.57049
1.47716
1.38195
1.13159
1.65758
1.55659
1.35852
1.2941
1.54969
1.64777
1.53079
1.35346
1.55067
1.60604
1.76905
1.74362
1.58439
1.65603
1.41143
1.34085
1.6703
1.62663
1.29141
1.46084
1.3952
1.92783
1.82065
1.6499
1.3808
1.58601
1.99706
1.87697
1.81633
1.3844
1.67342
1.7611
1.76782
1.87335
1.8709
2.01227
1.75594
1.60716
1.88453
1.94082
1.99195
1.75397
1.49798
1.90129
1.96211
1.72794
1.89209
2.18237
1.82812
2.20261
2.14486
2.08269
2.46005
2.61159
2.25084
2.2986
2.57878
2.20635
2.26358
2.14553
2.12562
2.25992
2.15571
2.33066
1.91809
2.08143
1.92438
1.73327
2.03707
1.83043
2.19279
1.8648
1.8381
1.95126
2.10294
2.21623
2.06669
2.37279
2.47502
2.08144
1.96647
1.92917
1.25713
1.95301
2.90377
2.62432
2.86748
2.55458
2.97048
3.0787
2.59156
2.6835
2.43167
2.25121
2.02314
2.24493
2.07538
2.05121
2.34624
2.40446
2.27401
2.71972
2.32807
2.35325
2.37053
2.09589
2.38546
2.23285
2.47571
2.52586
2.58003
2.54702
2.20927
2.27066
2.34637
2.57961
2.39107
2.40926
2.56401
2.60614
2.49261
2.02488
2.12239
2.16197
2.06707
2.36565
2.59109
2.60664
2.37167
2.52074
2.21122
2.73789
2.72556
2.37438
2.43446
2.54722
2.69503
2.42523
2.48888
2.91446
2.65766
2.5964
2.41477
2.6551
2.50022
2.64267
2.52613
2.93813
2.46882
2.90522
2.64329
2.5529
3.50124
2.90803
2.63305
2.68181
2.54437
2.69382
2.42615
2.93097
2.78552
2.66054
2.98828
3.28302
2.09203
2.20699
2.18587
2.56129
2.29267
2.27566
2.32124
2.67461
2.7091
2.77731
2.55385
2.1128
2.39866
2.49596
3.00947
2.82751
2.45965
2.68894
2.33793
2.75179
3.1786
3.2045
3.24155
3.57017
3.48453
2.97924
3.20628
3.51006
3.18972
3.15447
3.22831
3.82693
3.57311
2.8119
2.91984
2.54677
3.0062
3.20751
3.11537
3.21929
3.31928
3.21401
3.12575
3.55764
3.94463
3.68744
3.63017
3.84309
3.80258
3.61952
3.95466
4.0115
3.45652
3.5898
3.54081
3.68559
3.34522
2.94872
3.05588
3.14849
3.28568
3.26888
3.46398
3.16608
3.29677
3.77794
3.04116
3.08438
3.25397
3.15919
3.41256
3.27224
2.98733
3.18584
2.96411
3.58746
2.94604
3.1857
3.12116
3.38177
3.17795
3.09114
3.28241
3.08739
3.01353
2.81313
3.08694
2.89458
2.89584
3.28498
3.1924
2.72644
3.25397
3.1041
3.08547
3.5396
3.3691
3.44495
3.26193
3.29284
3.38034
3.51621
3.28456
3.2821
3.40515
3.39859
3.43142
3.0844
3.20705
2.5634
2.73601
3.08859
3.43597
3.10862
3.3157
2.86586
3.05329
2.92984
3.21906
3.50424
3.28871
2.25234
2.10435
2.56782
2.81584
2.27189
2.19761
2.48299
2.90712
3.36795
