0.158778
0.133776
0.139239
0.162857
0.190244
0.301017
0.276346
0.238433
0.307904
0.286875
0.328654
0.364719
0.315951
0.286875
0.310655
0.338447
0.320113
0.384009
0.416035
0.258014
0.276523
0.398183
0.314032
0.232909
0.237778
0.252091
0.224609
0.275826
0.305819
0.300355
0.302919
0.280148
0.386836
0.343642
0.36084
0.334889
0.377712
0.445079
0.456626
0.491477
0.462693
0.473851
0.464626
0.360726
0.453801
0.481388
0.426466
0.366295
0.406413
0.605235
0.390865
0.565232
0.419317
0.41142
0.565468
0.693373
0.664229
0.519194
0.649454
0.729288
0.567373
0.564089
0.597436
0.750257
0.847266
0.898289
1.04654
1.05041
0.886613
0.950001
0.993511
0.948144
0.663802
0.702804
0.727021
0.890336
0.709426
0.901612
0.715571
0.794788
0.544807
1.01003
0.736699
0.907181
0.792193
0.777563
0.619216
0.744852
0.822505
0.837038
0.72852
1.22506
0.814312
0.886578
0.912333
0.645881
0.89997
0.891174
1.14226
1.05315
0.859095
1.06
1.00731
0.998719
1.06418
0.91507
1.01855
0.954528
0.928229
0.89553
1.03253
1.00796
0.756419
0.956471
1.01331
0.877904
0.819941
0.838172
0.92444
1.1267
0.962951
1.04786
1.14133
1.08872
1.10853
0.956884
1.13568
1.08479
1.09724
1.21191
1.10762
1.10698
1.30917
1.15438
1.25686
1.07093
1.24221
1.27056
1.13287
1.28921
1.21203
1.12292
1.16213
1.27731
1.06246
1.1141
1.23564
1.1702
1.11984
1.21426
1.05295
1.21637
1.10969
1.28822
1.14275
1.16068
1.29008
1.08684
1.09528
1.11533
1.14107
1.19212
1.15927
1.33821
1.35241
1.353
1.20791
1.43443
1.16237
1.22133
1.45879
1.25266
1.28965
1.16273
1.0206
1.28949
1.27576
1.00121
1.24282
1.23934
1.18017
1.24843
1.31777
1.19259
1.18244
1.17683
1.19668
1.16743
1.19123
0.9821
1.32197
1.11205
1.44879
1.53554
1.34365
1.4033
1.26887
1.44042
1.30537
1.34639
1.5018
1.47968
1.38837
1.42261
1.24564
1.39879
1.61663
1.34519
1.3655
1.31283
1.52145
1.29909
1.7122
1.74001
1.49842
1.44567
1.46187
1.69442
1.68058
1.79625
1.5511
1.67408
1.51336
1.60202
1.62828
1.68886
1.68643
1.17494
1.69498
1.30175
1.71789
1.65679
1.59903
2.00142
1.8066
1.90105
1.95703
1.86887
1.82048
2.02097
2.24836
2.13345
1.8902
1.83726
2.4232
2.1074
2.07066
1.85029
2.03015
2.16892
1.96411
2.08914
2.22449
2.43393
2.47427
2.48264
1.8316
2.27843
2.20285
2.58884
2.59746
1.93139
2.1637
2.06218
2.52787
2.22406
1.7521
2.20087
2.33034
2.13538
2.12133
2.12896
2.31147
2.17997
1.93433
2.12546
2.35698
2.06525
1.73154
2.31334
1.89463
2.04606
2.08455
2.52756
2.41704
2.46127
2.29347
2.36828
2.10864
2.87215
2.57746
2.26113
2.88946
2.24378
1.89229
2.1368
2.45369
2.49394
2.77856
2.62645
2.81414
2.23864
2.60838
2.45848
2.38286
2.55308
2.43726
2.02231
2.12128
2.26156
2.49258
2.26731
3.47836
2.2948
2.29777
2.04848
1.71668
2.1739
2.62803
2.37812
2.39886
2.7617
2.3019
2.28254
1.81461
1.80354
1.43829
1.71028
1.38776
1.29769
1.36338
1.42857
1.4944
1.80734
1.64222
1.9017
1.86883
2.06182
2.21468
2.3261
2.06664
1.83861
2.47459
2.24582
1.59302
2.38088
2.76996
2.81192
2.75926
3.14977
3.56896
3.47294
2.67213
1.8056
1.69978
1.49542
2.05733
1.94887
1.80932
2.03552
2.179
1.99801
1.70031
1.34257
2.22626
1.257
1.80499
1.49547
1.61744
1.12973
0.939804
1.33975
1.5442
1.3318
1.31819
1.14584
0.809792
1.85776
2.22479
1.66014
0.960557
0.670899
1.95243
2.04362
1.86131
2.53892
1.21598
1.67075
1.62019
1.4004
2.06011
1.81342
1.4194
1.12553
1.73191
1.97309
1.43014
1.45525
1.68631
1.07041
1.19343
1.3496
0.631916
0.663699
0.645356
0.656315
0.828781
0.487566
1.4207
2.08735
0.822146
0.957415
0.985736
0.945305
1.44485
0.753274
0.61963
1.00377
0.720092
0.770361
0.832812
0.565549
0.593405
0.724633
0.601427
0.749824
0.578893
0.840469
0.8753
1.41525
1.18566
1.25988
1.38792
1.04908
0.891809
1.04338
0.977294
0.841358
0.744663
0.79022
0.836424
0.77429
0.608814
0.885265
0.884758
0.800277
0.8893
0.934829
0.790607
0.692892
0.739947
0.874951
1.11022
1.17321
1.13921
1.09612
0.863445
0.725431
0.853578
1.02809
0.979507
0.789691
1.27863
0.611329
0.500878
0.508969
0.497204
0.480074
0.873138
0.625095
0.719202
0.763692
0.584727
0.59262
0.969713
0.614643
0.672428
0.53176
0.47628
0.462088
0.529587
0.514696
0.852176
0.953704
1.00675
0.405349
0.437685
0.66716
0.706186
0.467399
0.790191
0.56606
0.877583
0.693812
0.660048
0.671005
0.822346
1.11061
1.16166
0.576656
0.630953
0.61704
0.640606
0.894116
0.86571
0.807106
0.605532
0.354729
0.505588
