2.59321
2.65048
2.55363
2.62594
2.6026
2.53612
2.62738
2.58372
2.74468
3.14606
3.59038
6.07037
6.03657
5.87816
11.4791
15.8558
20.8582
20.6641
12.8469
17.0732
15.8715
13.7149
17.6986
13.1522
10.9404
8.85793
9.08692
10.3291
12.4301
10.7689
11.4208
13.916
9.86614
12.1137
12.2067
13.0034
11.0583
12.9358
12.1155
11.8843
9.92431
11.3333
13.3307
13.5129
10.6245
12.2798
11.6321
13.2251
12.68
10.2111
10.8372
11.5343
10.6407
11.5544
13.0666
12.394
11.6239
10.874
9.4869
8.84075
9.81083
9.56172
9.45139
9.69475
10.2367
9.30279
10.4695
7.66883
7.72961
8.48586
8.1834
7.68898
10.6261
10.0538
9.98801
9.71548
9.83462
6.31543
8.24499
5.9614
7.63881
6.87408
6.44339
7.7687
9.10943
8.59386
9.64201
8.64593
7.6388
7.68172
8.22565
7.34301
8.01971
7.83839
8.21977
7.50076
7.22164
6.23073
8.32588
7.46057
7.39338
7.47738
7.74647
7.02924
6.22313
5.86675
6.57458
4.26399
7.63351
5.88435
6.90226
5.70017
5.51398
5.2759
5.14089
5.84398
7.04994
5.69122
4.42024
5.05343
6.25744
5.55895
5.13485
5.45831
4.28633
4.98964
4.2048
4.18748
4.7161
5.49419
5.50029
4.01802
4.78174
4.23943
4.83398
4.08991
3.96307
4.08857
3.8134
5.15404
3.66496
3.62873
4.1128
3.35288
3.46571
3.72942
3.55233
3.60177
3.27021
3.05454
2.7524
3.0138
3.10752
2.91757
2.96726
2.90409
2.68537
