0.472116
0.530114
0.541764
0.48151
0.420092
0.686861
0.514391
0.717034
0.915189
0.888419
0.874603
1.07173
1.23918
0.605931
0.806797
0.905533
1.28621
1.36703
1.27016
1.13114
0.921429
1.12028
1.44117
1.1483
0.963699
0.81051
0.707424
1.27644
1.17673
1.69101
1.67722
2.36752
1.96868
2.27776
1.75111
1.69521
1.70725
2.49059
2.22806
1.42863
1.23423
1.6656
1.73622
1.41572
1.7654
1.64501
1.62277
1.32507
1.38301
1.81827
1.26389
2.04562
1.79923
1.46774
1.73144
1.68012
1.62538
1.58003
2.16288
1.88544
2.37147
1.90899
2.72264
2.61279
2.03474
1.94472
2.09447
2.08236
2.65242
2.42048
2.22631
1.93545
1.84847
1.71918
1.97985
2.19335
1.55879
2.17823
2.23414
2.28964
1.89779
1.92455
1.35446
2.13399
2.66929
1.97333
2.37303
2.38508
2.54056
2.07741
2.16824
2.25617
2.38893
2.21532
2.26082
2.53781
2.63728
2.59352
2.07276
2.46811
2.4657
2.22088
2.60548
3.06915
3.02273
2.57704
2.62019
2.32898
2.74025
2.99399
2.98049
2.59589
2.89843
2.84785
2.87785
2.59707
2.75692
2.78262
3.51626
3.14323
3.43822
3.21231
2.83268
3.56221
2.86323
3.36022
2.79221
3.17397
3.05922
3.10634
3.11359
3.62972
3.79885
3.2596
3.65591
3.17598
3.29971
3.37638
3.33625
3.31221
3.43536
2.64455
2.74005
3.34769
3.72437
3.15607
3.38424
3.13417
3.03488
3.1799
4.19004
3.77309
4.21635
4.47828
4.37206
3.94762
3.45692
4.31666
3.61158
3.65348
3.98052
2.19194
2.18322
3.65064
4.17561
3.98282
2.90055
3.0804
3.29981
3.25406
