0.560101
0.720659
0.720121
0.692516
0.641381
0.858315
0.702217
0.683105
0.789385
0.877875
0.93446
0.952151
0.869178
0.770145
0.769396
1.05342
0.921938
1.16865
1.18586
1.1865
1.28272
1.29939
1.13651
1.16439
1.21728
0.986872
1.32815
1.28844
1.035
1.26546
1.43944
2.01482
1.56538
1.20466
1.31143
1.28203
1.51401
1.54419
1.69048
1.6119
1.30363
1.21345
1.89436
1.42543
1.7592
1.66305
1.67018
1.65484
1.70233
1.92647
1.93441
1.74539
2.05624
1.91053
2.35909
1.61286
1.77167
1.82906
2.18487
1.89305
2.41255
2.3657
2.66937
1.859
1.95812
1.9383
2.04611
2.03575
1.94686
2.11732
2.54321
2.15063
2.31722
2.07411
2.29518
2.49771
2.73825
3.0816
2.6662
2.70333
3.91148
2.85276
2.32118
2.88706
3.01628
2.68094
2.89223
2.70644
2.72391
3.05209
2.75331
3.17525
3.18601
3.20066
2.55284
3.25475
2.78515
3.115
2.94561
3.17179
3.1607
3.4191
2.77311
3.16772
2.92228
3.08871
2.95925
3.1546
3.12484
2.9145
3.0921
3.49963
3.3142
3.03475
3.52888
3.46728
3.14362
3.58323
3.06014
3.74355
3.6407
3.7033
3.58202
3.64676
3.68426
3.56599
3.11669
3.04944
3.71762
3.51016
3.54381
3.65587
3.27599
3.41551
3.63216
3.80388
4.07578
3.27069
3.63591
4.00399
3.0958
3.48095
3.95884
3.38556
3.44729
3.574
3.27574
3.55131
3.48185
3.09544
3.27342
3.81376
4.58019
3.63807
4.0987
5.07548
4.68551
4.81503
5.68506
4.87399
5.31697
5.44641
3.26537
3.05525
3.74752
4.51504
1.87926
1.64079
1.52422
