0.310915
0.402283
0.320126
0.253829
0.25817
0.320582
0.320983
0.254042
0.207457
0.22689
0.335316
0.387442
0.581888
0.422574
0.291609
0.416352
0.474587
0.629709
0.335378
0.393071
0.376074
0.380152
0.355402
0.31028
0.341255
0.371894
0.432355
0.267295
0.384499
0.279117
0.304345
0.455902
0.383219
0.367224
0.448007
0.44893
0.439224
0.449369
0.424446
0.387482
0.350826
0.407469
0.381118
0.422067
0.374259
0.416052
0.34662
0.296702
0.329827
0.446614
0.433039
0.231618
0.264327
0.215196
0.182058
0.245017
0.270364
0.21071
0.348874
0.31806
0.287607
0.280635
0.247429
0.179093
0.211005
0.317795
0.275175
0.291163
0.207188
0.298368
0.240506
0.301307
0.276914
0.386434
0.240633
0.306082
0.429849
0.213787
0.537873
0.277299
0.229855
0.250479
0.290052
0.259185
0.241492
0.196742
0.159613
0.205825
0.210477
0.246918
0.198727
0.241383
0.236197
0.216578
0.223482
0.196604
0.244594
0.223802
0.226092
0.212014
0.220869
0.222866
0.221357
0.193737
0.229249
0.214322
0.276398
0.213112
0.207779
0.245386
0.187607
0.233161
0.192713
0.160175
0.20541
0.189613
0.215684
0.164212
0.185888
0.246045
0.224361
0.193287
0.206495
0.21386
0.198072
0.18732
0.19685
0.197203
0.203567
0.255568
0.180452
0.300985
0.329077
0.30008
0.330197
0.26657
0.310882
0.350252
0.272549
0.343779
0.335994
0.32333
0.356848
0.243916
0.246595
0.219393
0.234299
0.225815
0.242135
0.245194
0.323956
0.24913
0.251809
0.239991
0.26081
0.255237
0.221881
0.210904
0.286184
0.246993
0.228913
0.299316
0.255942
0.264889
0.238265
0.212527
0.235237
0.221603
0.197655
0.238597
0.240168
0.221049
0.254964
0.234404
0.193469
0.192114
0.198027
0.207728
0.213795
0.212307
0.187881
0.187149
0.233467
0.190601
0.186215
0.197034
0.219322
0.207902
0.233433
0.198215
0.220001
0.174281
0.227623
0.221093
0.190078
0.190233
0.159127
0.20707
0.228119
0.221736
0.233328
0.202276
0.200289
0.162878
0.175673
0.186555
0.213671
0.151559
0.169221
0.155593
0.177408
0.2125
0.16767
0.169172
0.185097
0.151533
0.164484
0.146937
0.198106
0.179833
0.181208
0.153017
0.201855
0.208997
0.240025
0.236161
0.154779
0.199543
0.189845
0.184737
0.174945
0.198218
0.173889
0.185271
0.178626
0.160343
0.166535
0.171126
0.177831
0.182977
0.179188
0.17487
0.197183
0.196852
0.17854
0.195816
0.20105
0.198817
0.197417
0.167737
0.193067
0.173324
0.18151
0.198337
0.175814
0.176196
0.203152
0.175989
0.181528
0.174264
0.184369
0.176772
0.173973
0.148743
0.159134
0.172972
0.149649
0.172727
0.143515
0.103743
0.159117
0.174147
0.165641
0.160369
0.140286
0.172485
0.153601
0.154134
0.157617
0.189128
0.144863
0.151805
0.158562
0.148764
0.169579
0.136159
0.143885
0.159199
0.183414
0.16242
0.143936
0.130128
0.162571
0.155398
0.110834
0.171238
0.116283
0.186196
0.132017
0.143776
0.150505
0.139858
0.161963
0.156499
0.176294
0.169655
0.161889
0.128052
0.133177
0.143749
0.121368
0.136633
0.11433
0.081271
0.154562
0.0951454
0.102319
0.0942525
0.115446
0.106912
0.126628
0.129786
0.144973
0.122661
0.122911
0.0970947
0.10538
0.134984
0.160878
0.148897
0.0887935
0.125075
0.135453
0.122451
0.085743
0.155344
0.167989
0.144198
0.184052
0.144743
0.143335
0.128044
0.132438
0.0946738
0.136955
0.139971
0.137884
0.142836
0.14889
0.154024
0.1286
0.173567
0.17871
0.147753
0.14018
0.18076
0.155268
0.120289
0.121669
0.110476
0.117333
0.107806
0.107709
0.112484
0.134864
0.109927
0.111626
0.136251
0.124531
0.0952359
0.0895396
0.0930097
0.0822623
0.08138
0.0873096
0.139388
0.0843594
0.0845051
0.0804172
0.068198
0.0898448
0.117297
0.0807434
0.103426
0.113414
0.112062
0.0899993
0.0829168
0.12821
0.137355
0.10823
0.134676
0.124533
0.146972
0.19826
0.178602
0.156592
0.168901
0.181061
0.189512
0.204574
0.199857
0.173513
0.20544
0.185121
0.210245
0.187323
0.184853
0.186539
0.180558
0.161775
0.170179
0.143918
0.151858
0.159217
0.146971
0.139627
0.148203
0.157039
0.147105
0.160604
0.153816
0.168704
0.172524
0.172804
0.185563
0.177767
0.170166
0.193863
0.21063
0.249499
0.223766
0.211948
0.233371
0.187666
0.203498
0.226433
0.261349
0.203153
0.257507
0.270936
0.219182
0.215992
0.215712
0.197328
0.182632
0.224155
0.221852
0.205112
0.195759
0.186885
0.185592
0.212242
0.229982
0.238029
0.228409
0.20266
0.206722
0.198115
0.174814
0.224369
0.22215
0.230726
0.197681
0.193355
0.189542
0.192668
0.207485
0.21022
0.199047
0.204617
0.17833
0.165347
0.211036
0.171627
0.169305
0.172154
0.16019
0.196586
0.213033
0.208298
0.171583
0.177275
0.160575
0.188723
0.224477
0.208842
0.183641
0.180386
0.156058
0.164507
0.145323
0.145723
0.160508
0.140379
0.150719
