0.109435
0.109167
0.1057
0.110489
0.0937815
0.1376
0.116262
0.15742
0.139475
0.182965
0.198099
0.199535
0.620082
0.862494
0.835537
0.457633
0.355476
0.554879
0.421384
0.505745
0.510152
0.581072
0.611088
0.588497
0.328022
0.428422
0.391982
0.281035
0.247527
0.262782
0.538544
0.641775
1.42252
0.840443
0.563273
0.463726
0.376274
0.457426
0.53849
0.392502
0.399833
0.792807
0.70193
0.782986
0.962842
1.96516
1.25601
0.652345
0.859844
0.635968
0.740834
0.532629
0.925893
0.756932
1.0011
0.599146
0.736019
0.679818
0.488048
0.380879
0.612835
0.755631
0.642351
0.484702
0.555015
0.535988
0.979327
1.11111
0.824029
0.49598
0.709021
0.429199
0.652622
0.759307
0.717586
0.572829
0.491281
0.325762
0.581172
0.702604
0.794526
0.532534
0.777334
0.469903
0.892433
0.633442
0.479289
0.486714
0.714278
0.467987
0.640345
0.566865
0.611458
0.889172
0.442118
0.274948
0.801869
0.390654
0.537046
0.815519
0.604765
0.367925
0.657015
0.99228
0.320628
0.245725
0.242526
0.350059
0.624465
0.336024
0.329254
0.198133
0.387794
0.171753
0.286895
0.409279
0.193504
0.230781
0.378963
0.32609
0.364558
0.226745
0.236023
0.318851
0.768628
0.313985
0.300278
0.335708
0.907152
0.377421
0.32428
