6.72907
6.29122
7.1897
7.31089
6.9464
7.27227
7.805
7.81225
7.58276
7.76521
8.27155
7.60447
9.01503
7.74293
7.56415
9.01875
8.94299
8.43401
8.5881
8.66217
8.96372
8.52806
8.65817
10.0086
10.2004
9.11737
8.33428
9.6925
8.95273
10.2615
9.88001
10.8482
10.4561
10.0659
10.1433
11.324
10.2734
9.24695
10.7595
10.3089
10.5373
10.4514
9.16892
11.1537
10.9017
12.0127
11.391
10.7186
10.2566
10.5528
11.7368
12.0726
11.1556
10.4907
11.1442
10.4238
10.8846
10.6386
11.0975
11.1568
13.0962
11.8116
12.0774
11.2596
11.7553
12.7449
12.0611
11.6792
11.7107
11.7406
12.3574
13.0713
11.9173
11.5332
12.5034
12.7542
12.7516
12.8695
12.6936
12.4007
12.9546
13.5527
11.8162
12.2881
12.3787
13.8555
13.2347
12.9937
14.3068
14.0468
14.1336
12.8944
11.9085
13.1507
13.5507
14.1632
15.1718
13.8482
13.7232
13.7594
13.5278
14.3531
14.1651
14.3473
13.6931
13.2716
15.268
12.7557
14.8371
14.4146
14.5128
13.9307
14.2463
13.8451
13.411
15.4573
17.4544
13.7929
14.2951
15.5967
15.9893
12.8781
13.8364
19.8018
15.9243
16.6119
14.5726
13.1342
14.7295
15.8355
14.047
10.8848
10.4331
11.4688
12.3223
13.8091
16.0263
15.6053
18.8072
16.3143
23.5325
23.021
24.6609
