0.116885
0.185694
0.258799
0.286375
0.322415
0.323563
0.324894
0.331338
0.473562
0.484806
0.407908
0.425892
0.452795
0.513415
0.488624
0.477065
0.39161
0.436691
0.421076
0.531356
0.548685
0.577241
0.495904
0.439606
0.395719
0.494323
0.495667
0.468223
0.4648
0.469011
0.575327
0.459931
0.495695
0.542589
0.561038
0.582368
0.516381
0.535497
0.568302
0.502411
0.622961
0.682811
0.640204
0.593804
0.460535
0.663824
0.612209
0.661183
0.792223
0.685459
0.728591
0.578227
0.729302
0.562978
0.607445
0.692185
0.739036
0.686478
0.743545
0.691907
0.67176
0.599065
0.741619
0.67453
0.591536
0.708635
0.723308
0.741101
0.683975
0.694264
0.778046
0.65993
0.584318
0.768329
0.622141
0.695488
0.70715
0.53157
0.726593
0.619032
0.664389
0.835504
0.520297
0.739219
0.671095
0.735418
0.788229
0.771761
0.800775
0.838659
0.797158
0.819763
0.876513
0.862034
1.08349
0.875681
0.864222
0.737855
0.83248
0.990055
0.75335
0.585328
1.01205
0.914041
0.795149
0.880038
0.877196
1.14452
0.927872
0.778709
0.806155
0.908969
0.93329
1.07901
1.05389
0.976003
0.99593
0.863476
0.779351
1.0724
0.917885
0.961487
0.93374
0.882839
0.87491
1.01115
1.15068
0.945142
0.983993
0.935429
0.909119
0.93608
0.905328
0.980539
0.995088
1.04818
1.03891
1.01831
1.24445
1.00115
1.0996
0.857158
1.16594
1.1019
0.811848
1.08559
1.07823
0.82636
1.00887
1.14474
0.999021
1.05727
1.25657
1.2198
1.2385
1.1462
1.30512
1.07956
0.989703
1.0106
0.713974
0.831443
0.844347
0.986015
0.816452
0.988426
1.55982
1.11395
1.15018
1.48624
1.37085
1.92451
1.26146
1.841
1.31787
1.24864
1.29846
1.76289
1.36575
1.29739
1.5173
0.875784
0.729414
