2.17336
2.59927
1.94701
2.21217
3.90811
3.43388
2.1669
1.65727
2.6475
2.04552
2.26195
3.33581
5.73115
6.95648
7.87078
7.90768
8.10423
6.64628
7.96757
7.36798
9.49542
9.55187
7.41082
9.71201
7.16751
7.3446
6.59227
7.65543
6.80441
6.94378
6.33179
5.99674
6.86747
5.86846
5.64108
7.29007
6.45217
5.36972
6.92221
6.06242
8.03288
6.40443
6.56654
5.74428
6.6894
7.17607
7.35336
6.56465
7.44591
7.1726
5.59566
6.46072
5.9921
6.87808
5.83024
5.87463
5.10628
5.04951
6.54105
4.997
5.65314
6.12017
5.74014
4.37735
5.09795
5.63099
4.63923
5.77103
5.6471
5.80278
4.98077
5.9725
5.74559
4.22876
3.74129
4.88313
3.36689
5.34917
3.76646
6.30754
5.63962
4.97084
3.92956
4.01678
2.72243
3.84654
4.76619
4.35587
5.23775
3.32152
3.69849
3.22174
3.28174
3.83503
3.72567
3.75401
3.03843
3.24876
3.4609
2.62629
3.06548
2.99639
2.63935
3.20764
3.49387
3.6549
3.31603
3.59962
2.99399
2.74611
2.3011
2.39633
2.53838
2.67775
2.43827
2.55418
2.41451
2.26701
