2.4348
2.34232
3.12116
2.38969
2.09681
2.29064
2.65942
2.68786
2.93213
3.16475
2.51463
2.875
2.85789
3.05939
2.95995
2.88174
3.14247
2.76101
3.18742
2.73692
3.03662
3.77945
3.30873
3.01005
3.41384
3.75884
3.89766
3.50223
3.94136
3.4587
3.63572
3.2961
4.44652
3.37391
3.86846
4.12366
3.82072
4.30644
4.84853
3.10178
5.00395
4.37811
5.72984
3.44211
3.99873
4.05822
4.53184
4.37356
4.20134
4.67416
3.87371
4.43582
4.38393
4.68478
3.17925
4.12082
3.9489
3.59625
4.32844
4.25535
3.71255
3.97196
6.01358
4.17182
4.1408
3.95434
4.9536
5.35991
4.75773
4.25469
4.01814
4.08256
5.03215
4.59271
4.56167
4.48827
4.01803
5.63056
4.54657
4.24954
5.27527
4.39261
5.53891
4.43978
5.03735
5.69609
5.74184
5.5029
5.54334
5.56308
5.53065
5.73402
6.15084
6.89107
7.46312
6.32996
5.6183
6.72016
6.02297
6.27817
5.64472
6.28288
6.04912
6.3711
5.32648
7.34539
7.05116
6.17513
7.34997
7.63796
8.5845
7.46238
8.00333
8.14638
7.53675
6.71321
8.59465
8.96272
7.99318
10.2215
8.96305
9.90323
9.13629
8.91528
7.68349
10.1989
13.0158
9.88147
9.42688
10.4604
12.2706
9.06844
10.3439
9.11774
10.5652
10.8302
12.0569
10.8423
11.1753
13.8436
13.0032
15.4706
10.7715
10.9023
11.0856
13.6097
18.7715
16.4958
17.3054
12.589
16.0741
13.8412
11.5525
13.3518
10.5646
14.1775
17.6671
15.961
13.7861
17.7498
17.5131
19.5376
19.0107
18.4359
19.4613
20.955
20.3304
18.2018
17.6407
15.7266
19.7223
16.7255
20.4032
26.0996
21.5454
19.8576
18.5501
15.9111
14.9928
11.1485
15.8662
15.9844
17.1479
