1.62331
1.61849
1.66081
1.72738
1.6542
1.58634
1.68342
1.61398
1.53157
1.63805
1.65306
1.55138
1.78583
1.59556
1.61145
1.76366
1.58182
1.68501
1.75682
1.80553
1.67579
1.57039
1.58882
1.55683
1.52329
1.75217
1.80176
1.73694
1.87379
1.73116
1.69994
1.72074
1.62167
1.6471
1.75195
1.79521
1.84988
1.75841
1.70211
1.98672
1.85817
1.95885
1.9762
1.95963
1.95574
1.85048
1.7243
1.90577
1.88826
1.79588
1.82674
1.80376
2.01809
1.90608
1.97551
1.98749
1.9344
2.11226
1.89359
2.03024
1.8153
1.79613
1.88101
1.71258
1.91057
1.84075
1.84865
1.86996
1.94204
2.32922
1.93995
1.97198
2.00462
2.23692
2.0546
1.60742
1.82683
1.74531
1.57783
1.72504
1.81179
1.65291
1.94638
1.98417
1.80061
2.15511
1.86046
1.97453
1.74355
1.86954
1.80956
2.10082
1.95216
1.88605
1.93552
1.94841
1.89239
1.69045
1.54802
1.99571
1.85994
1.82154
2.25918
1.808
1.73343
1.8517
2.04092
2.19467
1.88914
2.08772
1.98704
1.93059
2.09577
1.92817
2.06451
1.72497
1.79386
1.86887
1.951
2.14391
1.95357
2.23424
1.91769
1.73858
1.8187
1.73958
1.9785
2.08399
1.89889
1.98421
2.04487
2.32861
2.10036
2.27291
1.92895
2.06253
2.29189
2.04673
1.83507
1.82901
2.34791
2.31909
2.24214
2.1663
2.06841
1.97249
2.05718
2.08518
2.16463
2.3177
2.08067
2.30649
2.39734
2.3408
2.10487
2.39497
2.19464
2.1308
2.31478
1.88864
2.16323
2.08318
2.17458
2.05647
2.12523
2.21974
2.35002
2.05733
2.03675
2.13599
2.28338
2.12799
2.11774
2.26995
2.25304
2.15469
2.32506
2.27808
2.11002
2.27314
2.32134
2.20087
2.10299
2.15622
2.07091
2.02496
2.16668
2.19612
1.98477
2.25444
2.13006
2.08778
2.18467
2.03929
2.29972
2.41018
2.31458
2.06761
2.47992
2.20436
2.18852
2.32174
2.04769
2.08864
2.31696
2.27043
2.37356
2.23011
2.27491
2.09902
2.39512
2.17363
2.30981
2.22899
2.2343
2.23433
2.44446
2.34204
2.44827
2.3924
2.32369
2.44316
2.4581
2.44694
2.40232
2.25199
2.19517
2.28672
2.47181
2.18398
2.2807
2.22179
2.46593
2.57165
2.22384
2.22504
2.24333
2.32356
2.50309
2.50903
2.29498
2.32986
2.39076
2.43625
2.34992
2.58338
2.63837
2.31429
2.36645
2.25085
2.24644
2.30483
2.40135
2.46503
2.47703
2.35397
2.39762
2.31034
2.37998
2.2872
2.50773
2.38148
2.15121
2.43523
2.37674
2.54506
2.65827
2.40768
2.61527
2.49992
2.36348
2.40323
2.31629
2.67906
2.60364
2.56771
2.71578
2.57802
2.52572
2.72819
2.55694
2.9482
2.8912
2.5594
2.72049
2.72849
2.51668
2.41802
2.43006
3.01574
2.53338
2.4458
2.13095
2.37172
2.45458
2.56474
2.48899
2.48035
2.69433
2.78548
2.6446
3.18035
1.94827
1.71367
1.70956
1.57555
3.3471
2.86212
2.58569
2.76719
2.80279
2.58857
2.79395
2.71677
2.56472
2.90055
2.70832
2.58598
2.95396
2.74283
2.84906
3.12162
3.06291
2.99583
2.56306
2.6653
2.08028
