0.155399
0.172951
0.159727
0.182206
0.191417
0.196179
0.16432
0.170392
0.150771
0.144486
0.154497
0.165698
0.15769
0.158267
0.17605
0.163957
0.165403
0.13827
0.144218
0.148634
0.162709
0.142033
0.139903
0.146538
0.160677
0.142157
0.1417
0.142982
0.151888
0.153758
0.143013
0.141694
0.136222
0.131209
0.113654
0.13004
0.143323
0.149178
0.158272
0.170443
0.180742
0.188575
0.214802
0.165571
0.174275
0.157524
0.158515
0.148681
0.155621
0.151896
0.135077
0.160121
0.186441
0.166772
0.208711
0.181643
0.190482
0.223947
0.217555
0.216645
0.201701
0.243486
0.186313
0.196089
0.219175
0.23347
0.210463
0.173996
0.228542
0.231228
0.209836
0.182469
0.241831
0.221741
0.27461
0.224421
0.261942
0.300656
0.277488
0.214284
0.236937
0.202889
0.201279
0.247489
0.319098
0.239476
0.211879
0.288163
0.313983
0.228267
0.218118
0.215024
0.403175
0.120334
0.209919
0.193037
0.22006
0.21764
0.215809
0.264721
0.170448
0.207345
0.237772
0.229581
0.263986
0.282385
0.180139
0.182635
0.188703
0.234436
0.214517
0.250418
0.211426
0.123465
0.251504
0.245962
0.252912
0.205442
0.224709
0.261368
0.225818
0.220917
0.140224
0.156847
0.189482
0.232697
0.19495
0.234333
0.347849
0.311877
0.212436
0.249369
0.213788
0.31373
0.175698
0.334697
0.268324
0.282832
0.276244
0.19233
0.232308
0.191672
0.284981
0.197535
0.142484
0.234852
0.266243
0.293485
0.316678
0.304624
0.258104
0.288634
0.218873
0.296676
0.301156
0.25501
0.323617
0.346747
0.2156
0.422025
0.278904
0.267568
0.259156
0.285207
0.22299
0.222856
0.215231
0.283826
0.349997
0.376673
0.481307
0.332637
0.438766
0.258791
0.23586
0.241829
0.365536
0.287226
0.271427
0.371368
0.317367
0.346928
0.271901
0.341282
0.448926
0.266411
0.3656
0.4885
0.41883
0.552498
0.402446
0.51463
0.408087
0.544531
0.469402
0.331866
0.258426
0.158909
0.165959
0.348931
0.387167
0.192976
0.195526
0.181999
0.204938
0.248682
0.211546
0.187774
0.277781
0.129324
0.146503
0.275486
0.264949
0.215836
0.330437
0.268876
0.229726
0.243879
0.291107
0.358528
0.205057
0.282686
0.357126
0.42537
0.569691
0.384257
0.217348
0.349507
0.322242
0.352135
0.317979
0.25176
0.29455
0.382476
0.374765
0.230556
0.376359
0.348295
0.513507
0.283342
0.337455
0.480835
0.514005
0.297307
0.234629
0.230286
0.456185
0.316311
0.189261
0.250729
0.307819
0.24088
0.246157
0.348964
0.482482
0.376594
0.352499
0.312589
0.338968
0.406059
0.318075
0.276876
0.196085
0.391299
0.404295
0.27216
0.270119
0.174032
0.410015
0.258184
0.21676
0.299999
0.315766
0.262761
0.19722
0.264957
0.296803
0.258886
0.166948
0.226803
0.191534
0.269563
0.271441
0.35566
0.289303
0.365194
0.283305
0.2857
0.308728
0.28518
0.367531
0.297324
0.434579
0.295694
0.265768
0.33383
0.467107
0.263547
0.28933
0.510082
0.375131
0.411178
0.295283
0.325458
0.339901
0.391518
0.311946
0.275968
0.439569
0.47334
0.284323
0.338233
0.52396
0.221405
0.188932
0.280868
0.543894
0.357205
0.385702
0.337842
0.537948
0.27432
0.193207
0.229272
0.272395
0.300631
0.330343
0.447974
0.457863
0.217597
0.263538
0.524218
0.287587
0.338825
0.24178
0.335099
0.343886
0.340016
0.23089
0.305761
0.333424
0.32319
0.298135
0.429733
0.484878
0.446882
0.233149
0.325889
0.412934
0.300079
0.561691
0.322477
0.39842
0.450089
0.238401
0.201869
0.420284
0.531768
0.219238
0.156439
0.217246
0.399611
0.256087
0.217471
0.156396
0.208015
0.126492
0.191642
0.160139
0.153514
0.472748
0.514353
0.469153
0.247544
0.171674
0.257541
0.2218
0.443992
0.386289
