5.016820
4.950920
4.185880
4.601610
5.020880
5.582730
6.132460
5.715430
6.818140
6.754150
7.730600
6.931140
11.206300
14.074300
12.534600
7.796650
12.170500
10.724600
11.210100
11.013300
6.930580
11.270500
9.605700
9.014650
7.429520
10.966000
7.542640
7.582400
8.183480
8.743130
7.291080
9.101650
7.964120
7.716820
8.201420
8.443150
9.845520
8.478090
9.630700
10.586200
9.398010
7.038880
7.843800
9.254260
8.263910
7.472020
6.703840
9.706890
7.941780
8.583280
8.353550
8.946450
8.835020
7.627580
8.329030
6.737920
7.473820
6.977380
7.808790
6.481030
8.486710
8.187200
7.735560
8.892630
7.571240
6.910830
9.386100
7.791960
7.586970
7.976060
7.215290
8.910720
7.235560
8.183960
7.778200
6.186570
8.579400
7.735230
7.105170
8.019910
6.833900
6.126860
7.595740
7.934180
6.631800
5.932730
8.502940
5.541220
7.735640
5.979430
5.923870
7.756770
7.334430
6.350990
8.599100
8.638000
6.250800
6.657830
6.458030
7.974130
8.229300
6.129660
6.352280
6.767260
6.992920
4.931300
6.844860
6.328370
5.468710
5.978200
4.634450
5.510890
5.503440
6.240930
5.486670
6.066370
4.845850
6.022850
6.372040
5.621180
5.353350
5.427520
5.628060
5.615360
5.088830
5.201940
4.318900
5.200380
5.622300
5.286320
5.453190
4.957280
4.511000
4.664110
4.185840
4.234460
4.398210
4.241090
4.134640
3.696920
3.847880
3.948410
3.391400
3.818720
3.532580
3.449220
