1.51057
1.59073
1.86471
1.82309
2.08142
1.99916
2.47908
2.1919
2.73186
3.08381
2.98302
2.39705
3.04157
4.00346
4.11693
3.96454
3.99297
4.02151
3.87744
3.78108
4.10363
4.71382
5.33426
5.30146
5.66636
4.08568
4.9699
4.97671
5.37788
5.03904
4.57173
5.59634
6.24459
6.79013
5.38454
5.17283
6.00599
5.99674
7.16929
5.84052
6.99571
7.2835
7.12633
8.10324
7.90441
8.24964
6.6216
6.22533
6.78531
7.64204
8.91579
7.10988
9.10062
8.6342
10.3437
9.36473
12.7629
10.6717
11.022
10.6286
9.81566
10.3863
10.2896
8.51344
7.81627
9.70984
10.1458
10.6417
9.11483
10.6396
10.5379
12.6746
10.6642
12.1714
11.8696
12.0982
11.3078
10.9862
11.2948
12.5367
13.0784
13.0157
12.3022
11.8058
14.0631
13.271
14.4886
14.1699
11.6312
12.8165
10.4333
13.0642
12.859
13.0058
14.188
14.5303
14.0514
13.4936
14.2039
15.0478
13.4465
12.3207
15.3179
15.1789
14.6039
14.0049
15.6678
14.0623
16.0296
14.8008
14.4931
14.4812
14.8244
14.1705
14.7126
13.8642
13.9218
17.7058
