24.326200
22.209400
25.342100
21.769000
24.384500
22.632300
21.814500
23.091700
16.823200
27.474600
29.896400
50.300000
43.503200
45.781500
45.726600
43.772900
50.166700
47.801200
39.938300
48.456900
44.753300
34.246900
28.015900
30.338100
30.936300
27.970300
32.867300
34.120000
27.309500
30.714000
27.713400
26.264500
26.548900
26.974800
29.256800
28.558700
26.112600
30.791900
25.630500
21.343800
31.682000
31.615700
32.796600
30.245600
33.477600
28.651400
27.792200
27.845300
29.580900
29.070600
27.711300
30.462300
35.820200
33.773600
26.485100
23.827000
26.105200
29.317600
27.489500
27.623700
27.854500
29.570900
28.585100
25.648200
27.629700
26.025300
28.853100
25.377800
29.264900
28.045600
28.280300
29.604100
29.030200
27.844400
28.491400
28.341500
30.058700
30.851700
30.009700
28.390400
30.380900
29.164200
26.842000
30.784700
31.350800
29.594500
31.792600
28.846300
31.167000
28.525300
32.327900
33.064200
33.053400
32.149000
31.083500
31.786100
29.825300
31.286600
34.189000
35.809800
36.381700
34.457000
38.216700
33.585500
34.683500
32.755500
35.234800
30.654800
27.273600
33.408300
40.649300
42.657700
40.451200
43.177800
42.876800
39.822200
40.954300
34.044600
23.815600
20.291600
21.046100
20.535900
