0.352105
0.322949
0.385942
0.372922
0.404606
0.488703
0.968239
0.797126
0.812772
0.821325
0.752747
0.752799
0.786647
0.807258
0.68198
0.688422
0.630095
0.73257
0.686289
0.715548
0.696757
0.737279
0.720165
0.664268
0.727583
0.768087
0.711233
0.680524
0.721667
0.670354
0.676381
0.723951
0.759268
0.696001
0.692764
0.681206
0.681977
0.696883
0.736147
0.727688
0.689252
0.704281
0.719783
0.741023
0.766714
0.705873
0.772788
0.769779
0.748175
0.724352
0.668347
0.741463
0.713718
0.74501
0.68484
0.716863
0.723395
0.727409
0.750651
0.778109
0.809839
0.780335
0.76363
0.830348
0.739793
0.857376
0.681072
0.702676
0.834797
0.905203
0.869096
0.916125
0.723282
0.853585
0.847209
0.806547
0.815468
0.891619
0.874147
0.835176
0.789793
0.765557
0.808828
0.783708
0.728875
0.734309
0.699363
0.745687
0.785009
1.07969
0.733048
0.659464
0.733753
0.809451
0.955943
0.917691
0.783607
0.703081
0.681933
0.740103
0.790491
0.879062
0.816747
0.726209
0.787852
0.705382
0.762841
0.743646
0.859845
0.970199
0.891952
0.811425
0.869162
0.631046
0.938875
1.08868
0.886702
0.935106
0.776972
0.744023
1.26229
0.900927
0.915759
0.847356
1.05443
0.963027
0.84149
1.09012
0.888515
0.951984
1.02578
1.19911
0.922034
0.910714
1.00418
0.930995
0.884259
1.03221
0.997419
0.863387
0.800503
0.835773
0.947904
0.771142
0.949386
0.809654
0.795674
0.750589
0.940001
0.967533
0.752323
0.804188
0.897744
0.766855
0.710842
0.746033
0.83964
1.03024
0.778381
0.891041
0.937526
1.01065
0.808055
0.886925
0.947337
0.901591
0.736621
0.883875
0.854872
0.762848
0.972683
0.698655
0.847789
0.902542
0.926259
0.837753
0.898626
0.814596
0.795909
0.714478
0.591557
0.709884
0.663809
0.602524
0.615212
0.619491
0.423828
0.432197
0.565314
0.407443
0.355854
0.40727
0.39142
0.400166
0.375704
0.348346
0.409906
0.401645
0.3633
0.399824
0.363862
0.402239
0.340801
0.348531
0.40643
0.41039
0.407159
0.432939
0.440827
