3.47695
3.58176
3.60078
2.82606
3.03387
3.22651
4.39214
3.29697
3.52447
3.41266
3.33843
4.56895
4.01675
4.251
3.65418
4.07414
3.20565
3.65862
3.67692
3.5174
3.23551
3.41264
3.45705
3.53583
3.1759
3.27999
3.68361
3.55961
4.24698
3.88965
4.73648
3.75766
4.53081
3.59158
3.93009
4.30817
4.20503
4.14656
4.06987
4.00664
5.0477
4.71316
4.76628
5.05238
5.12263
5.42889
4.53226
4.11007
4.93922
4.2811
4.28679
4.16727
4.87105
5.25012
4.10439
4.94948
4.37497
4.46132
4.36762
4.44594
3.03281
4.08814
3.81144
3.62499
3.91898
4.15219
3.91536
3.88161
3.75111
4.11654
4.37925
4.90572
4.54669
4.30047
4.12236
4.7774
4.38893
4.10934
3.90257
3.78817
3.93286
4.42138
4.0409
3.6461
4.0865
3.68174
4.02248
4.24589
3.91272
4.17766
4.08269
3.8072
3.95414
3.73113
4.34364
4.51888
3.66861
3.59786
4.42415
4.55166
3.57449
4.19795
4.47616
4.89051
5.31266
4.69713
4.58625
5.26607
5.25894
4.52283
4.37873
3.7908
4.53989
3.89923
3.85672
4.39039
4.54689
3.48211
5.04218
4.16203
4.06732
3.92983
4.48689
5.30988
4.04224
3.13357
4.01827
5.1071
4.15398
4.1237
5.43363
6.5883
4.98014
5.23116
4.61541
3.47503
3.26377
3.03879
4.71765
5.12819
4.39404
4.46551
3.55392
3.9396
5.37154
4.02601
5.33046
4.47609
4.44658
5.54402
5.34701
4.5146
4.04326
4.09961
4.14904
4.51425
4.01985
4.53414
4.49039
3.7333
3.65331
4.75774
4.94707
6.01238
5.2568
5.16752
4.79285
5.38515
4.21177
5.0712
5.25107
5.14489
5.6968
5.71312
5.69936
6.17724
6.19081
5.44235
5.48597
5.76403
4.92013
5.33756
4.87706
