6.67445
5.83631
6.78042
7.30967
7.48929
7.62267
6.44309
8.4505
10.5574
10.7425
10.4073
16.4576
13.0653
23.1407
32.6256
33.3792
26.0811
21.3134
22.1208
21.1548
18.1209
20.2998
19.0408
14.3473
18.6743
16.9415
18.2831
13.5817
15.6895
14.0036
13.5799
14.449
12.3295
12.0284
13.8054
14.2904
12.2668
11.6875
10.363
12.328
9.89427
8.78655
8.58487
14.2123
11.5169
9.95471
9.79312
12.6062
8.91579
16.3019
18.1167
12.5655
21.604
23.0217
15.5698
15.3874
10.4048
4.08541
8.84363
5.8604
5.41238
7.62478
9.24062
10.8523
11.5886
6.87201
6.19743
6.78951
5.67962
5.46821
6.94884
6.90292
8.14154
7.67986
5.34487
4.65695
4.37998
4.90897
6.16948
6.79996
5.45174
5.48911
4.00576
4.02241
3.83755
4.00728
4.26188
3.01536
3.4565
3.8763
3.69215
3.57552
