2.64734
3.74534
4.2262
6.80887
6.05228
6.05304
7.78592
14.601
12.6953
15.3612
13.4611
12.0691
12.7948
15.2368
13.2427
15.0502
11.9408
10.6854
12.9978
6.9295
7.77867
7.15438
9.37742
7.91965
6.58724
7.441
11.6271
11.1723
7.99714
5.39141
7.97572
6.96881
6.96968
7.7901
9.78864
11.6043
11.0887
9.9359
9.47131
7.92386
7.8461
9.33408
9.47932
8.14127
8.03648
7.99697
9.07566
7.94477
9.50833
8.5841
9.02569
7.49979
8.55408
8.55146
9.1773
9.41899
8.77347
8.8947
9.75433
9.09376
10.6229
8.46397
9.20419
7.65742
8.53689
8.21568
9.51319
7.96231
9.06603
9.74834
7.12515
9.07819
9.70817
8.12545
8.56026
8.32241
8.93989
8.3318
8.01109
9.9295
8.5554
7.92742
8.81871
8.45307
9.06905
8.75526
9.00173
9.17792
8.62108
9.01978
8.31268
7.47376
7.23261
7.54726
8.76213
8.15614
7.15683
10.288
8.3112
7.84594
8.5403
7.88564
8.39679
9.15703
7.89393
8.81936
8.256
8.57278
8.43242
6.54251
8.23813
9.56584
8.3487
7.84087
8.47226
7.05748
5.91922
6.95537
8.40141
9.63067
8.86139
6.70741
6.94171
7.6941
8.67512
6.99393
6.89127
6.26142
7.61747
8.4218
7.96001
8.05955
7.85444
6.95516
6.33349
7.68496
6.59827
8.09895
8.8426
7.81308
6.61303
8.04747
7.87335
7.61109
5.29918
7.61814
7.07225
6.23066
4.35994
6.94963
5.44184
5.88853
5.8265
5.39218
5.15277
6.20102
5.40078
4.38079
4.55378
3.78825
4.56111
5.44434
4.39483
5.32702
4.48073
3.76033
3.74004
5.1588
3.70588
2.78694
4.08262
3.2118
3.80277
4.53913
3.80362
4.48508
5.16924
5.22719
4.13217
4.30106
5.77237
5.43854
