6.78822
6.92196
7.62448
7.25884
6.90938
7.2141
7.94535
8.73022
10.3213
10.8337
10.8961
12.0459
20.8448
30.88
29.9514
44.0952
48.9813
50.4487
42.3369
48.2116
39.0848
40.1825
32.6414
29.8615
22.1076
25.9018
25.8113
27.1188
24.4544
24.646
24.2344
23.5977
26.9269
23.9872
29.6762
27.398
31.7954
22.7593
32.6464
26.8217
29.7722
35.2539
28.8121
29.2931
27.0775
36.0675
31.3418
28.6857
33.4188
29.2035
29.8726
30.2326
29.7841
30.0627
29.5164
32.672
29.4939
30.2842
30.2279
29.7675
32.9851
29.0245
27.6833
28.0848
29.4975
30.4887
28.4941
28.2061
30.4337
28.3456
24.1042
31.7126
33.5968
29.507
28.9754
26.583
25.3699
23.3202
24.7309
27.7324
25.092
25.239
27.9283
25.3147
26.0971
24.9065
24.0839
22.3009
30.5757
24.6458
24.4517
25.8144
26.0697
22.4358
25.0293
25.0921
20.4852
26.4656
29.1442
25.5514
20.2345
19.6174
22.2664
18.5806
22.0055
23.0543
20.8159
18.7573
19.5525
16.5175
22.6408
18.6411
17.5043
19.9275
19.5666
17.4227
17.4683
17.7313
17.4919
16.846
15.6457
14.895
14.2735
13.9439
14.8881
14.6582
14.4898
11.5792
11.4442
10.6449
11.6198
