0.300693
0.339807
0.250066
0.289728
0.263541
0.294194
0.241652
0.297244
0.25757
0.2725
0.270102
0.252024
0.269384
0.222273
0.240825
0.265023
0.266631
0.307883
0.331593
0.316829
0.245582
0.225849
0.245141
0.2985
0.307777
0.29647
0.294423
0.289671
0.300128
0.295841
0.307231
0.315387
0.275808
0.289389
0.275139
0.262252
0.270711
0.273009
0.268412
0.246019
0.266026
0.282129
0.301101
0.294209
0.282474
0.318052
0.281767
0.279903
0.298149
0.264488
0.291983
0.273145
0.301862
0.261618
0.313014
0.280339
0.26703
0.281381
0.276767
0.279805
0.291057
0.302363
0.285149
0.28067
0.284805
0.338938
0.32209
0.321689
0.37366
0.324662
0.296915
0.319606
0.316516
0.313448
0.313589
0.290018
0.287254
0.301225
0.345665
0.356657
0.360549
0.324098
0.32689
0.335449
0.373756
0.348619
0.305831
0.26647
0.326679
0.280279
0.311122
0.295919
0.320016
0.2743
0.280827
0.308583
0.260464
0.250522
0.246509
0.296591
0.274099
0.269599
0.242858
0.304659
0.285844
0.322378
0.328712
0.27425
0.236189
0.27659
0.277366
0.26626
0.285237
0.279331
0.285595
0.277342
0.291307
0.310921
0.311308
0.297274
0.313409
0.294022
0.305901
0.283188
0.300372
0.272897
0.318633
0.299264
0.328566
0.349535
0.297504
0.306538
0.331015
0.321484
0.330696
0.330174
0.326936
0.337791
0.310114
0.338794
0.315993
0.341257
0.332631
0.289461
0.285781
0.341667
0.336967
0.324648
0.339668
0.2837
0.319967
0.330363
0.353388
0.305055
0.324427
0.34943
0.307688
0.326697
0.336571
0.373812
0.323634
0.329396
0.339739
0.352917
0.368667
0.336493
0.336428
0.365639
0.393143
0.307328
0.316038
0.302879
0.323268
0.327389
0.291705
0.337621
0.32043
0.322517
0.344433
0.313527
0.330578
0.359786
0.357861
0.335767
0.362536
0.353357
0.328978
0.338985
0.390724
0.303287
0.333283
0.302187
0.354223
0.298727
0.308644
0.285763
0.328261
0.329071
0.318861
0.327379
0.333944
0.336678
0.321761
0.287717
0.344485
0.284696
0.38103
0.349176
0.377328
0.337853
0.347866
0.333629
0.396878
0.340669
0.36611
0.356752
0.436408
0.419939
0.338294
0.346098
0.394494
0.384979
0.37481
0.410915
0.357615
0.316883
0.345661
0.310064
0.385613
0.39758
0.376467
0.38272
0.432671
0.408911
0.364835
0.398191
0.375943
0.351375
0.394967
0.373
0.324595
0.373037
0.356527
0.365714
0.377808
0.357904
0.422738
0.473549
0.38838
0.396834
0.401539
0.42377
0.415386
0.393157
0.367718
0.34938
0.373722
0.403869
0.401486
0.348032
0.474336
0.362554
0.362065
0.338075
0.364284
0.355327
0.363501
0.440432
0.424881
0.387769
0.384296
0.354737
0.404757
0.402839
0.412014
0.404699
0.372418
0.419682
0.384401
0.44414
0.414561
0.347641
0.401756
0.416932
0.411003
0.43546
0.399216
0.383271
0.398171
0.326053
0.365471
0.396405
0.365947
0.466974
0.487551
0.407745
0.449848
0.438936
0.382626
0.366267
0.414232
0.448783
0.436243
0.406448
0.349087
0.442135
0.440789
0.391642
0.409878
0.460583
0.41211
0.441171
0.416087
0.432312
0.47461
0.460267
0.422745
0.402258
0.454813
0.435162
0.480876
0.390999
0.45286
0.444329
0.391694
0.45178
0.464009
0.407864
0.405501
0.429084
0.438778
0.504463
0.420906
0.435487
0.408059
0.405784
0.436394
0.449493
0.407586
0.357838
0.426365
0.41214
0.439648
0.424857
0.418237
0.450172
0.443645
0.433837
0.438404
0.383424
0.401948
0.474399
0.446709
0.467303
0.463858
0.392101
0.469641
0.461874
0.481993
0.434011
0.362943
0.41378
0.451232
0.421046
0.466977
0.444739
0.491036
0.418452
0.500382
0.510378
0.453341
0.46599
0.466541
0.415953
0.434122
0.434374
0.485285
0.492756
0.471709
0.46907
0.446923
0.452815
0.406393
0.439606
0.490533
0.556565
0.454223
0.493266
0.509721
0.467581
0.447129
0.485321
0.567641
0.493552
0.520686
0.525743
0.498415
0.480316
0.50893
0.530129
0.477196
0.537844
0.501376
0.601202
0.503888
0.505897
0.517313
0.503789
0.515829
0.491133
0.473077
0.490805
0.400945
0.441846
0.497927
0.451936
0.499096
0.553569
0.489837
0.537028
0.561658
0.472115
0.464174
0.494971
0.488486
0.57525
0.554901
0.486251
0.46826
0.57443
0.597063
0.525684
0.562969
0.579711
0.495158
0.57073
0.557564
0.547988
0.562673
0.488342
0.473693
0.424905
0.476667
0.511698
0.559532
0.442335
0.452367
0.579373
0.579355
0.535419
0.509188
0.483244
0.4721
0.430419
0.459016
0.477528
0.546016
0.52384
0.560522
0.474801
0.554307
0.587965
0.473691
0.541785
0.44754
0.609226
0.469877
0.573179
0.517332
0.582776
0.493515
0.528715
0.567416
0.537267
0.461592
0.539343
0.486723
0.53254
0.607941
0.557989
0.503296
0.605048
0.527644
0.592099
0.449329
0.53495
0.55678
0.55038
0.613323
0.632318
0.633595
0.570228
0.562229
0.648193
0.555637
0.514094
0.604064
0.571089
0.62412
0.516388
0.641523
0.634351
0.606207
0.534629
0.564294
0.574494
0.639146
0.55597
0.577926
0.674072
0.647766
0.565635
0.513808
0.667993
0.596382
0.595934
0.538382
0.614298
0.667914
0.593501
0.615336
0.598851
0.595042
0.587969
0.534281
0.565257
0.583485
0.560868
0.637438
0.673045
0.523885
0.628008
0.580186
0.636134
0.607921
0.672867
0.621283
0.54159
0.574343
0.580649
0.649977
0.588842
0.611179
0.704786
0.653441
0.649694
0.571974
0.647901
0.657464
0.693155
0.685632
0.672776
0.530909
0.703815
0.646873
0.584219
0.590052
0.562521
0.610718
0.660037
0.664551
0.700658
0.552092
0.576433
0.55136
0.547678
0.585369
0.56477
0.666072
0.593754
0.61991
0.608974
0.584601
0.584181
0.562971
0.541274
0.639705
0.553683
0.566952
0.542837
0.549636
0.604244
0.58213
0.583238
0.646245
0.53251
0.692898
0.598365
0.644651
0.580318
0.573733
0.576782
0.608605
0.61163
0.568105
0.572436
0.579051
0.55423
0.622333
0.627451
0.557999
0.691803
0.632065
0.717159
0.721974
0.731064
0.639261
0.695727
0.632896
0.578021
0.593606
0.702097
0.630136
0.583716
0.603092
0.643818
0.732688
0.665902
0.644589
0.679246
0.566803
0.566424
0.609041
0.632267
0.623363
0.641747
0.586646
0.583937
0.590929
0.633682
0.592743
0.565663
0.612097
0.650435
0.648214
0.619489
0.60748
0.615935
0.62246
0.589048
0.622131
0.732726
0.695692
0.579691
0.567336
0.565139
0.604583
0.614029
0.594109
0.647447
0.605264
0.710831
0.657854
0.623101
0.594363
0.652328
0.607407
0.56361
0.614999
0.595774
0.678585
0.56738
0.610973
0.763398
0.623418
0.749604
0.641135
0.632345
0.637862
0.589009
0.621179
0.53534
0.58759
0.623484
0.569344
0.527946
0.699766
0.618623
0.569704
0.569835
0.51812
0.724853
0.674481
0.604539
0.630588
0.666295
0.588541
0.696421
0.652181
0.613131
0.503154
0.658821
0.6294
0.668761
0.649165
0.668738
0.702805
0.5372
0.692722
0.599564
0.691069
0.61854
0.613185
0.686169
0.663026
0.583654
0.598912
0.764238
0.699503
0.81331
0.654894
0.784494
0.719184
0.739485
0.740179
0.837493
0.673459
0.845351
0.808222
0.706617
0.774055
0.740682
0.735936
0.599564
0.654224
0.64717
0.559341
0.599297
0.573653
0.60682
0.572474
0.562058
0.560081
0.702511
0.712164
0.604128
0.676661
0.646383
0.578448
0.675576
0.639366
0.581437
0.622713
0.549778
0.569613
0.583312
0.596424
0.547186
0.689464
0.6544
0.805962
0.397442
0.33817
0.308275
0.31341
0.354197
0.333539
0.344385
0.384114
0.35038
0.412533
0.33294
0.40686
0.404909
0.403789
0.413806
0.481037
0.929502
0.875007
0.474804
0.446145
0.507513
0.439248
0.534567
0.556341
0.58923
0.516992
0.532179
0.56702
0.547681
0.511685
0.495079
0.55572
0.680086
0.617029
0.622177
0.469763
0.473036
0.633197
0.691076
0.523231
0.459654
0.470155
0.508636
0.512329
0.465749
0.516764
0.327482
0.352043
0.508962
0.815084
0.965355
1.27155
0.651989
1.32503
1.38509
1.1795
1.05875
1.11477
1.30428
1.38305
1.28063
1.41263
1.43115
1.50541
1.67024
1.8146
1.62994
0.761982
0.705003
0.557169
0.581093
0.646313
0.619899
