3.32792
5.70003
6.31997
7.81657
11.2729
33.2016
26.2671
35.4739
27.2126
40.2469
21.1309
20.1721
12.2424
12.0966
8.39609
8.4199
6.20151
4.85466
6.22605
8.40806
6.95501
7.63953
5.57339
5.81111
4.06088
6.97777
9.89702
8.11873
9.84732
8.74347
10.1411
7.67544
9.6083
11.3393
9.42676
8.39386
7.89797
8.17307
8.22299
7.84956
8.27751
8.66216
7.31205
8.40368
6.97029
6.58632
5.43032
6.8966
6.62834
7.62616
5.32584
7.93951
7.27893
6.26346
7.04167
7.10219
6.56034
8.86612
8.03795
6.64779
7.13608
7.65407
6.22328
6.54994
6.3767
6.55873
6.68134
7.36613
6.5178
7.22386
6.56619
4.95163
4.10916
5.65684
5.13537
5.09458
4.13567
6.64961
5.18212
5.99506
7.09712
4.96308
5.17938
5.90639
6.16949
5.58563
5.57938
5.71876
4.67388
4.39426
5.66831
4.58428
4.8277
5.46288
5.19118
4.60141
3.88823
5.02322
5.48217
5.93442
5.10176
3.81962
4.55938
4.25478
5.41587
5.06849
4.71601
3.80182
3.55014
4.25905
4.79798
3.55663
4.73999
4.50392
3.98125
3.43044
3.21688
3.51866
4.09129
3.29434
3.42355
4.31055
3.272
3.04026
2.99045
3.98297
3.58198
3.46234
4.40376
3.40346
4.58209
3.78491
3.36678
3.5163
2.93792
2.70426
2.15895
2.90338
2.55175
2.70728
2.55042
3.06721
2.53687
3.72402
2.96207
3.15986
2.46349
2.66612
2.72909
3.07273
3.07839
3.81225
3.51217
3.3031
3.32245
3.06381
2.81992
2.85529
2.5576
2.74099
2.56947
2.21121
2.45414
2.37753
2.38493
3.16026
3.40212
2.6821
2.56794
3.37315
