4.26021
3.70199
3.67315
2.81863
3.78369
4.09033
3.74543
4.17595
4.56971
4.70866
3.21542
3.64141
4.23246
3.95061
3.19297
3.71871
3.53023
4.8522
4.84631
2.92402
4.05094
4.02585
3.96359
4.20722
4.28271
4.25623
5.38209
5.22569
4.72381
4.59126
5.25044
5.01236
4.59652
5.19704
5.53002
5.46251
5.02171
4.05543
4.55145
5.142
4.97427
4.36178
5.52015
4.39444
4.50782
4.49955
4.58546
4.29361
4.45741
4.79038
4.21402
4.22656
4.44719
4.51953
4.46669
4.7502
4.93687
4.77412
4.26827
4.34969
4.28836
3.88873
4.32576
4.36295
4.23837
3.80679
4.13201
3.83394
4.13627
3.72434
3.96419
3.76429
3.99338
3.86624
3.73418
3.99519
3.85688
3.99047
3.66157
3.65211
3.67613
3.74831
4.1368
3.83839
3.62119
3.83109
3.82527
3.60072
3.5964
3.3033
3.83736
3.68702
3.7654
3.80838
3.73595
3.90582
3.46914
3.6668
3.36373
3.64716
3.51992
3.03271
3.27002
3.58021
3.46578
3.59924
3.73648
3.41254
3.67136
3.80318
3.50618
3.53067
3.53661
3.68488
3.38386
3.67333
3.39444
3.2584
3.42514
3.12338
3.06602
3.02903
2.88252
2.85347
2.54212
3.03498
2.96954
2.84682
3.2858
2.85649
3.25932
3.23991
2.74761
2.91212
3.06676
2.65701
2.58584
3.04848
2.90372
3.02314
2.56014
2.68196
2.90563
2.78429
2.76329
2.90552
2.98983
2.85323
2.79379
2.82135
2.62481
2.77658
2.60443
2.47453
2.14236
2.1016
2.09705
