1.86268
1.60413
1.82386
2.92884
4.05908
6.03782
5.50359
5.60408
5.95736
6.00694
5.82574
5.46945
5.53958
5.73706
5.40981
5.27171
4.51305
3.87175
4.31033
3.00821
3.2901
3.18271
4.25221
4.81731
3.65803
3.84554
3.97179
4.32596
3.26432
3.06389
4.00898
3.55208
3.94231
4.87772
3.6474
3.40588
2.93556
4.07944
3.36458
3.9855
3.45739
3.42725
3.28934
3.1003
3.12172
2.99584
3.33402
4.52722
5.42348
3.95572
4.93791
4.99391
6.50432
5.41019
4.26451
4.64985
4.05881
4.42298
4.80402
5.60801
4.7112
4.35491
4.18926
4.5363
5.7164
4.64047
4.48606
4.11038
3.8222
4.0486
3.30876
3.69153
3.97805
3.84175
4.11302
3.61951
4.25142
4.22646
5.00858
4.2178
4.21091
3.94151
4.04039
3.64868
3.53803
3.8889
4.21369
3.93876
3.74594
4.14839
4.36402
3.85223
4.11988
3.91442
4.26148
4.06306
3.43179
3.75568
3.28612
3.57771
3.46546
3.12367
3.51891
3.85597
3.58283
3.75575
2.97494
3.26275
3.14716
3.3168
2.83668
3.7001
3.3859
3.79771
3.91049
3.63789
3.98212
3.43086
3.46324
3.70603
3.777
2.91663
2.92281
3.26323
3.03393
3.01669
3.90707
3.87061
3.65137
3.85411
3.37227
4.06876
3.00548
3.29823
2.94104
2.96001
2.63339
2.588
2.56232
2.46732
3.16986
2.70371
2.60325
2.65112
2.52901
2.40065
2.67578
3.26606
2.62168
2.64167
2.91363
2.54324
2.72314
3.33178
2.60001
2.4653
3.34437
2.69233
2.76389
2.85446
2.46221
2.36843
2.90406
2.82015
3.13173
3.16896
3.0515
2.77959
2.83265
2.71967
2.90547
2.96223
2.39019
2.27461
2.02988
3.24126
2.08012
2.82365
1.87881
1.91388
1.93363
1.63234
2.10637
2.0426
2.04111
2.31268
2.21125
2.2332
2.14874
2.00291
2.11523
2.05664
2.01849
1.65701
1.90821
1.72838
1.97122
2.16566
2.03115
1.97998
2.03332
2.16378
1.65106
1.80918
1.78994
1.79113
1.70903
1.69998
1.95674
1.68054
1.70778
1.40266
1.65298
1.56113
1.72528
1.42948
1.74174
1.77001
1.51728
1.55971
1.60975
1.25373
1.48803
1.41613
1.54304
1.4212
1.59617
1.51498
1.72328
1.68031
1.48023
1.44442
1.47356
1.26403
1.29635
1.26735
