0.273113
0.37371
0.335926
0.380829
0.317109
0.441204
0.570502
0.367633
0.35056
0.279078
0.310438
0.23414
0.187738
0.229092
0.204315
0.205068
0.175795
0.204697
0.318876
0.223101
0.674716
0.416939
0.284677
0.180959
0.448001
0.259746
0.299917
0.297461
0.449241
0.311785
0.375508
0.404884
1.50363
1.61788
1.88719
1.04621
0.730461
0.809083
0.724015
1.05878
0.657988
0.599329
0.665428
0.848684
0.756418
0.733905
0.674661
0.616808
0.791828
0.820648
1.06441
0.922595
0.695811
0.709254
0.761084
0.8793
0.796932
0.810982
0.770636
0.690871
0.547113
0.544903
0.609533
0.752518
0.894371
0.564574
0.615929
0.724003
0.679769
0.898284
0.782341
0.806399
0.748035
0.834206
0.903222
0.775088
0.67891
0.629263
0.796111
0.673174
0.733125
0.826655
0.72238
0.928596
0.623874
0.617169
0.743253
0.575443
0.721509
0.63919
0.710903
0.805129
0.568575
0.752518
0.816413
0.763534
0.677291
0.628706
0.737892
0.79968
0.644801
0.627438
0.612599
0.635356
0.656051
0.694134
0.698219
0.533766
0.732908
0.791894
0.690957
0.615702
0.633115
0.723824
0.569175
0.596609
0.677503
0.705814
0.64664
0.531913
0.576621
0.77369
0.659544
0.670386
0.644631
0.628159
0.727075
0.842095
0.702831
0.784958
0.704212
0.639763
0.732513
0.736627
0.712276
0.662115
0.702597
0.715548
0.625507
0.678381
0.616327
0.645403
0.774135
0.67395
0.666218
0.616093
0.742732
0.871396
0.672016
0.782635
0.777016
0.731569
0.777296
0.742915
0.815518
0.857746
0.72387
0.728681
0.805574
0.778604
0.928429
0.733561
0.73796
0.626299
0.796372
0.703584
0.693718
0.869886
0.749114
0.683802
0.716499
0.735028
0.678707
0.65823
0.731139
0.648959
0.651649
0.726987
0.776809
0.708022
0.71316
0.758227
0.74094
0.766709
0.694048
0.705654
0.820153
0.92058
0.590688
0.695636
0.752753
0.573995
0.820729
0.923154
0.530677
0.619094
0.608743
0.663237
0.804267
0.646119
0.646616
0.630184
0.692105
0.650741
0.733348
0.777175
0.642116
0.524153
0.615874
0.614363
0.661971
0.649332
0.681897
0.859647
0.615956
0.588461
0.677117
0.589435
0.676972
0.745351
0.690367
0.667053
0.6747
0.624841
0.609
0.709396
0.707855
0.768522
0.572254
0.556068
0.630563
0.630761
0.760495
0.676386
0.73606
0.852774
0.725289
0.734579
0.698476
0.576584
0.591071
0.688401
0.730259
0.631056
0.636898
0.578107
0.523805
0.57039
0.488774
0.540969
0.495413
0.60831
0.683019
0.504671
0.529936
0.536491
0.485048
0.579589
0.64319
0.573917
0.624085
0.615228
0.675807
0.661328
0.649752
0.514031
0.536846
0.458225
0.594635
0.573597
0.472366
0.451758
0.602013
0.515634
0.510418
0.525774
0.637676
0.594358
0.605226
0.520413
0.610468
0.551682
0.563739
0.567558
0.605398
0.530822
0.657789
0.512463
0.561291
0.598977
0.488695
0.516827
0.545615
0.489815
0.345948
0.477351
0.517353
0.493202
0.459169
0.480521
0.423276
0.502692
0.519406
0.370521
0.410565
0.381136
0.447878
0.602864
0.458263
0.422371
0.295642
0.401154
0.373344
0.385467
0.370072
0.414498
0.378192
0.472754
0.377238
0.465071
0.324593
0.38788
0.466307
0.502985
0.422106
0.405509
0.307113
0.362015
0.35066
0.375807
0.347282
0.326082
0.315068
0.348922
0.391468
0.337535
0.363371
0.275214
0.299924
0.293624
0.292286
0.275511
0.342812
0.278733
0.308056
0.296667
0.282849
0.341861
0.332988
0.228828
0.249714
0.274085
0.355463
0.327668
0.335421
0.417613
0.378182
0.290423
0.197228
0.20019
0.222319
0.327079
0.273842
0.213301
0.225661
0.252132
0.262531
0.231469
0.222906
0.243273
0.247417
0.283412
0.238834
0.240401
0.270162
0.257509
0.284263
0.31288
0.262269
