7.71516
6.93364
6.58474
7.05408
6.18458
6.92529
8.18046
8.82856
8.11584
9.03662
7.77444
10.0513
9.62035
8.99564
8.2707
8.70538
9.36633
8.086
8.77696
6.74941
8.1796
6.43365
6.55495
7.05817
7.21921
9.3625
9.42469
9.39843
7.93915
8.13835
7.99051
8.28059
8.3569
7.10561
8.94738
9.76233
8.34995
8.08643
8.92129
8.73528
9.31482
9.46821
12.2061
12.2836
11.8933
10.0847
9.24558
10.2673
9.35958
11.5074
9.81993
9.41857
10.7946
10.7425
10.5235
10.3032
10.1851
10.5869
9.9031
8.99876
8.93813
8.91041
10.2601
9.9499
8.21975
10.7396
9.84534
10.1979
9.30749
11.0827
11.801
13.6667
11.277
11.9003
9.53113
9.28019
10.6347
10.6086
10.6836
10.5669
10.566
15.8243
13.2649
13.5415
14.8601
14.896
13.4666
13.7049
14.579
14.2829
13.3433
12.5913
11.3878
18.3086
15.2001
10.7117
16.8437
14.7906
15.5408
13.7938
17.6903
14.0965
11.8001
16.2557
12.8934
14.6349
12.0462
14.1986
12.2131
11.8107
11.0373
9.21667
17.2517
17.5007
13.3468
8.7416
7.64639
8.01061
7.80063
8.94018
7.65651
14.4895
10.1096
7.22199
7.35223
8.26971
9.24829
7.8979
11.9667
16.8647
15.6119
14.8069
13.9608
13.5792
14.5271
16.289
16.9965
16.2336
15.4881
13.7946
16.8192
16.1714
18.818
18.3698
18.3295
17.5411
17.8878
18.9029
19.3922
17.4721
18.4304
16.9043
20.0863
17.4469
16.7994
17.5183
19.0147
18.85
18.3502
16.7103
16.9341
17.7491
15.6802
16.3533
14.9686
15.1235
15.3197
12.2344
12.3618
12.4602
12.3616
13.8944
11.8048
15.7334
11.2452
12.654
12.3553
13.1095
13.1513
11.8723
11.7095
11.376
10.3634
11.1332
11.2269
10.3883
12.0503
10.4689
10.5025
10.6708
10.3687
10.6048
8.74412
11.1685
8.43461
9.80618
8.87802
9.27728
9.58594
9.67742
8.53732
9.81391
9.89019
10.4008
9.70063
9.11535
10.4314
9.19037
10.0376
9.43359
8.99829
8.97243
9.17858
9.7686
7.75287
9.23685
13.8807
12.9828
13.7407
12.5629
13.6376
15.1254
13.8656
14.485
12.5734
10.5948
12.4129
9.97318
8.8929
8.76822
8.46393
7.41666
8.9259
8.78949
7.39768
9.81591
10.1029
8.53338
11.2955
10.413
9.72763
10.6263
17.4915
17.7574
16.4302
20.6675
22.2818
19.6835
18.2211
17.6388
18.0217
19.3146
15.7529
14.0795
14.9888
12.746
12.7121
12.5979
11.484
13.3595
11.9178
18.1906
12.6562
12.7461
10.6922
14.9975
16.7175
20.1844
14.5621
11.3008
16.5156
13.8437
14.9756
14.7113
11.0321
11.8528
15.1995
15.7135
13.3876
13.912
13.7406
16.3611
12.7608
15.5638
14.5882
16.8395
17.0535
14.0401
