0.313683
0.260583
0.229719
0.409626
0.334296
0.216612
0.170975
0.134644
0.122722
0.159112
0.13486
0.134824
0.157817
0.184927
0.196773
0.193951
0.164611
0.174778
0.188513
0.178065
0.206424
0.194534
0.187338
0.210045
0.215754
0.191343
0.196607
0.195161
0.176668
0.17592
0.200056
0.218657
0.205599
0.241798
0.256879
0.243497
0.254644
0.242202
0.241288
0.280659
0.2709
0.264084
0.330489
0.305964
0.3697
0.352876
0.307966
0.298345
0.343444
0.387457
0.355127
0.377865
0.289572
0.424608
0.35814
0.35061
0.451163
0.49594
0.527057
0.379134
0.469151
0.600112
0.40869
0.410498
0.461394
0.406049
0.541273
0.50953
0.564258
0.424444
0.372942
0.47367
0.591579
0.402217
0.453896
0.683672
0.539963
0.450436
0.588702
0.526616
0.5963
0.491872
0.503035
0.604477
0.500992
0.562631
0.524649
0.640114
0.727415
0.648486
0.608343
0.657968
0.745835
0.498549
0.687871
0.709459
0.686717
0.559046
0.689657
0.73975
0.744194
0.575625
0.626277
0.590611
0.658513
0.595792
0.644269
0.606005
0.639526
0.567509
0.622324
0.617226
0.574248
0.871428
0.648559
0.609956
0.771925
0.514858
0.63026
0.698396
0.605344
0.616366
0.637472
0.812869
0.645187
0.764866
0.603963
0.709051
0.71133
0.671665
0.682602
0.736441
0.619935
0.688463
0.709555
0.693271
0.697703
0.656379
0.693512
0.671571
0.686361
0.588485
0.669371
0.707428
0.686901
0.639383
0.786678
0.517173
0.783064
0.586998
0.650165
0.513341
0.49085
0.674153
0.765982
0.478462
