0.442299
0.43225
0.427728
0.421969
0.425648
0.461299
0.50615
0.429978
0.451144
0.462998
0.475501
0.473566
0.390694
0.444955
0.445306
0.44093
0.455833
0.433869
0.435347
0.466314
0.48996
0.458978
0.421679
0.454597
0.438416
0.400712
0.420711
0.421527
0.442649
0.437651
0.47794
0.462953
0.529269
0.483531
0.516917
0.490252
0.459901
0.492633
0.550996
0.508145
0.436407
0.533883
0.540656
0.460917
0.471096
0.44599
0.553511
0.416054
0.518794
0.493326
0.577265
0.547881
0.475545
0.538682
0.482274
0.474346
0.488325
0.476577
0.510304
0.546168
0.509211
0.443648
0.443258
0.436893
0.424514
0.430988
0.439555
0.46183
0.495106
0.474271
0.448403
0.449084
0.477536
0.468606
0.411211
0.416925
0.475827
0.477618
0.454776
0.439731
0.397071
0.414811
0.500886
0.389835
0.428844
0.395241
0.413104
0.440259
0.428807
0.413796
0.366601
0.324632
0.36037
0.411341
0.352277
0.422431
0.381062
0.474199
0.472121
0.507289
0.526744
0.530233
0.532752
0.50072
0.547051
0.439352
0.45057
0.400983
0.48237
0.501169
0.533185
0.426769
0.48929
0.44299
0.47299
0.45499
0.447317
0.433316
0.458695
0.451048
0.460607
0.424939
0.41184
0.474633
0.45441
0.401455
0.468294
0.432282
0.432674
0.438441
0.427995
0.402885
0.388679
0.360472
0.355113
0.364062
0.388535
0.368135
0.424958
0.446731
0.435232
0.410256
0.396996
0.464537
0.482979
0.392378
0.465446
0.450592
0.416805
0.461977
0.500002
0.415292
0.402198
0.405923
0.440517
0.367692
0.4171
0.437278
0.437448
0.386242
0.387646
0.388429
0.360381
0.370899
0.370959
0.350255
0.36909
0.316331
0.381972
0.351605
0.344644
0.340029
0.350661
0.378748
0.419362
0.4413
0.451812
0.483627
0.352892
0.372619
0.334989
0.242634
0.300513
0.305536
0.336861
0.364699
0.314859
0.266225
0.361596
0.356682
0.303785
0.279346
0.363342
0.357023
0.275746
0.387036
0.343898
0.355221
0.366004
0.371036
0.427092
0.506621
0.414513
0.456447
0.496848
0.554294
0.527637
0.609503
0.580125
0.573977
0.515061
0.456469
0.463192
0.468836
0.49719
0.595097
0.544322
0.585447
0.452398
0.528923
0.447204
0.552167
0.594326
0.400469
0.585013
0.616442
0.653635
0.565622
0.480017
0.427711
0.343279
0.312882
0.340177
0.307672
0.359898
0.365457
0.393411
0.329171
0.304436
0.329737
0.349371
0.329816
0.364018
0.368423
0.38177
0.380448
0.309803
0.324952
0.272243
0.369203
0.325834
0.300779
0.292117
0.283934
0.305388
0.320847
0.344415
0.430669
0.359227
0.354907
0.396036
0.403259
0.360217
0.390638
0.371768
0.340853
0.393617
0.462123
0.385213
0.380484
0.377752
0.3677
0.33843
0.359929
0.330095
0.318722
0.29968
0.305967
0.338539
0.273559
0.29536
0.368588
0.336932
0.273362
0.341597
0.468137
0.371149
0.385645
0.366854
0.390505
0.377991
0.328612
0.380096
0.363638
0.363134
0.466653
0.544885
0.44886
0.523626
0.483041
0.449256
0.329233
0.366976
0.376235
0.421025
0.428457
0.39838
0.392939
0.410082
0.499589
0.488868
0.376376
0.405891
0.337286
0.307563
0.347317
0.500978
0.616903
0.56302
0.444027
0.513586
0.539918
0.536478
0.538581
0.468271
0.374618
0.367376
0.355712
0.311807
0.334184
0.321231
0.323041
0.332321
0.318824
0.350944
0.372513
0.357258
0.418024
0.450705
0.325122
0.293869
0.32397
0.372799
0.397015
0.406176
0.369913
0.374917
0.371027
0.351362
0.358857
0.359754
0.362314
0.380175
0.373523
0.346553
0.342167
0.358881
0.35117
0.345628
0.348535
0.367945
0.379367
0.320186
0.298685
0.361665
0.354875
0.357028
0.348704
0.357038
0.367541
0.370713
0.375561
0.350707
0.334873
0.337697
0.329816
0.352709
0.258432
0.250554
0.339426
0.343978
0.380155
0.417096
0.354681
0.404586
0.323057
0.393064
0.398364
0.410369
0.448439
0.409654
0.492316
0.468461
0.551663
0.415841
0.436103
0.400233
0.389221
0.372409
0.39327
0.425931
0.391315
0.409428
0.367442
0.395048
0.550055
0.467233
0.384106
0.387601
0.457222
0.406341
0.406843
0.378758
0.631826
0.558486
0.58424
0.528016
0.46496
0.494541
0.488651
0.478452
0.511582
0.490125
0.422546
0.495626
0.47411
0.471351
0.530079
0.524248
0.531034
0.589327
0.506495
0.484345
0.446723
0.477217
0.498016
0.495794
0.502028
0.461933
0.463985
0.507225
0.539564
0.564755
0.554137
0.56791
0.562841
0.548889
0.497473
0.50096
0.476581
0.580278
0.551774
0.486202
0.587136
0.571887
0.609794
0.533777
0.564621
0.589039
0.552769
0.555806
0.550751
0.552953
0.49724
0.435361
0.607589
0.676057
0.506154
0.559027
0.478036
0.62369
0.594444
0.632494
0.577892
0.551088
0.571453
0.532708
0.549231
0.583836
0.555221
0.606298
0.653133
0.618275
0.593732
0.613152
0.556028
0.620109
0.589581
0.647488
0.663114
0.690537
0.697767
0.728119
0.715998
0.712413
0.692771
0.778739
0.862308
0.857274
0.848706
0.771942
0.852268
0.900915
1.0051
0.982012
1.00461
0.934253
0.921439
0.994815
1.08924
1.0559
1.05091
1.02477
1.09671
1.03856
1.13017
1.01728
1.08674
0.981081
1.16879
1.14003
1.03815
1.15905
1.14629
1.05193
1.06483
0.98261
1.04461
1.18877
1.01814
1.10476
1.00648
1.11123
1.08188
1.09655
1.14658
1.04939
1.13667
1.16654
1.12662
1.01209
1.04994
1.09108
0.934789
1.06345
1.03649
1.18819
1.08656
1.03107
1.10791
1.00159
1.12971
1.12754
1.14395
1.22483
1.18126
1.20841
1.10271
1.05238
1.25794
1.22336
1.10034
1.2108
1.35604
1.19896
1.27054
1.20132
1.07749
1.1328
1.22938
1.14784
1.2275
1.27546
1.17519
1.34746
1.29035
1.23353
1.38423
1.23114
1.18621
1.46269
1.34982
1.30201
1.41044
1.26139
1.40048
1.44887
1.37265
1.22088
1.21851
1.31068
1.08702
1.24905
1.1609
1.09943
1.24367
1.26494
1.27385
1.33313
1.24798
1.27438
1.37134
1.14201
1.24184
1.32345
1.30401
1.20511
1.29294
1.21498
1.30524
1.22604
1.40151
1.46889
1.42766
1.32868
1.35424
1.45886
1.25018
1.2557
1.293
1.48955
1.34707
1.2027
1.30755
1.35194
1.26142
1.29026
1.43185
1.40087
1.34418
1.31072
1.22028
1.4139
1.3098
1.33591
1.32986
1.55087
1.39855
1.33322
1.53591
1.37671
1.39587
1.37535
1.50354
1.61373
1.33931
1.51493
1.37865
1.37538
1.38096
1.47243
1.40131
1.5946
1.50721
1.37002
1.54957
1.45226
1.44844
1.4564
1.49966
1.37096
1.45339
1.41284
1.47354
1.33666
1.46769
1.36799
1.49258
1.54047
1.40929
1.5409
1.53404
1.46918
1.25011
1.34951
1.34864
1.43442
1.43654
1.40528
1.45047
1.43994
1.40187
1.43614
1.34102
1.34775
1.59483
1.50561
1.26876
1.44015
1.3852
1.47968
1.32676
1.26421
1.39226
1.42314
1.39939
1.4734
1.3609
1.45812
1.37687
1.38911
1.41418
1.35042
1.36346
1.3902
1.44412
1.36472
1.46618
1.43905
1.56452
1.42769
1.43519
1.46955
1.56461
1.34924
1.41882
1.49228
1.406
1.49382
1.50838
1.45189
1.2204
1.46092
1.48566
1.53666
1.43107
1.45284
1.39381
1.43092
1.55985
1.46159
1.42104
1.48522
1.42026
1.54455
1.62362
1.46749
1.51452
1.56395
1.5692
1.53256
1.56807
1.45958
1.44031
1.50983
1.54296
1.52915
1.62003
1.5788
1.44171
1.52754
1.50002
1.51398
1.5629
1.563
1.61674
1.63843
1.48525
1.66672
1.48137
1.46549
1.52349
1.51031
1.53917
1.5098
1.56859
1.53024
1.50829
1.67174
1.51753
1.67422
1.54608
1.47562
1.55627
1.49608
1.5764
1.36572
1.62861
1.57092
1.47123
1.55805
1.68019
1.55148
1.6443
1.75067
1.60645
1.55555
1.50385
1.58083
1.45638
1.36551
1.54331
1.4085
1.58126
1.49761
1.54366
1.45462
1.5318
1.57536
1.67668
1.66684
1.58372
1.73998
1.58611
1.56159
1.71186
1.56536
1.63058
1.58831
1.62319
1.61383
1.67835
1.70563
1.60371
1.68123
1.72907
1.88754
1.63018
1.53737
1.69256
1.61284
1.71775
1.7742
1.64756
1.62017
1.77721
1.6014
1.69431
1.65408
1.6735
1.66558
1.61796
1.75579
1.80812
1.84869
1.94991
1.69567
1.77005
1.66826
1.92525
1.78691
1.90082
1.90872
1.7853
1.97033
1.79779
1.83122
1.93089
1.88164
1.75938
1.82839
1.77339
1.85137
1.85628
1.88026
1.85559
1.85672
1.82656
1.8039
1.88259
1.80371
1.83125
1.71533
1.93654
1.80551
1.84455
1.91351
1.86017
1.86922
1.93532
1.89016
1.8101
1.74972
1.88226
1.81645
1.92328
1.84163
1.86932
1.94298
1.86842
1.84383
1.83156
1.70382
1.73118
1.90719
1.89787
1.82048
1.68274
1.90498
1.98322
1.91517
1.8648
1.86925
1.99743
2.05279
1.94801
1.85037
1.88111
1.86839
1.84168
2.03997
2.06641
1.72748
1.89019
1.89898
1.92244
1.89591
1.8381
1.7734
1.98354
1.98632
1.89393
1.92377
1.91383
1.94486
1.97887
1.97911
1.86121
1.73187
1.85278
1.96038
1.81542
1.92696
1.77114
1.71995
1.89411
1.81128
1.98971
1.70572
1.66601
1.80317
1.75695
1.76814
1.7547
1.80652
1.80366
1.80762
1.79296
1.80169
1.8412
1.79825
1.93957
1.68679
1.82718
1.91446
1.82094
1.80818
1.88072
1.8396
1.90075
1.99296
2.00997
1.90472
1.96087
1.87872
1.85377
1.95335
1.89189
2.04281
1.9271
1.92282
1.93164
1.98466
2.15218
2.11942
2.04945
2.03731
2.14231
2.05712
2.0208
2.10645
2.09134
1.79013
1.91919
1.85044
2.01891
1.91678
1.96653
1.93477
1.99143
2.08546
2.04934
2.08678
2.04146
1.95073
2.08788
2.07807
1.9531
2.01475
1.85688
2.02706
2.07365
1.87761
1.99821
2.0447
2.01433
1.90867
1.96018
2.14603
1.95275
1.9394
2.01608
1.94924
1.6971
1.91821
2.00541
1.96075
2.24495
2.2487
2.02354
1.99612
2.00971
1.88282
2.12296
2.15068
2.12381
2.19382
1.99347
2.0292
1.99966
1.89201
1.96614
2.21148
2.08849
1.96825
2.12669
2.14342
2.12454
2.05619
2.06255
2.08883
2.05688
2.02474
2.13873
2.17691
2.10185
2.29019
2.12646
2.25439
2.06458
2.33953
2.40297
2.44949
2.52461
2.18952
2.42862
2.56016
2.40531
2.21396
2.36876
2.49762
2.3905
2.06911
2.36581
2.42753
2.44248
2.50776
2.31117
2.3435
2.09415
2.29726
2.33502
2.2779
2.51202
2.36067
2.48376
2.54894
2.33449
2.51951
2.56946
2.75875
2.7342
2.48568
2.45201
2.3535
2.59284
2.42958
2.23426
2.33185
2.19477
1.92646
2.15921
2.08478
2.13637
2.14399
1.8886
1.96245
1.95998
1.98584
1.88058
2.03056
2.38117
2.39457
2.33122
2.29893
2.2061
2.28204
2.39596
2.38659
2.48477
2.17901
2.24566
2.37779
2.40286
2.42003
2.48684
2.79431
2.75758
2.64988
2.70336
2.83445
2.73449
3.05888
2.82299
1.86939
0.969775
0.96524
0.959565
0.983232
0.989633
0.948454
1.00299
1.15407
1.03973
1.27727
1.81669
2.50717
2.31329
2.22559
2.40377
2.34331
2.37954
2.45142
2.81994
2.66499
2.4343
2.5225
2.58645
2.0642
1.49404
1.14594
1.09605
1.04741
1.00448
1.13829
1.10324
1.25777
2.89326
2.73215
2.79385
2.86467
2.65307
2.45171
2.63094
2.08181
2.27459
2.26826
2.21428
2.02642
2.18471
2.05871
2.34896
2.36702
1.9979
2.02546
2.31273
2.12001
2.35157
2.46783
2.62116
2.45411
2.45466
2.6007
2.3193
2.11515
1.31684
