0.313589
0.305793
0.260188
0.308049
0.276838
0.313898
0.311181
0.336408
0.314252
0.51117
0.431871
0.37625
0.351662
0.438831
0.637389
0.82969
1.80998
1.93543
1.76239
2.25765
1.72002
1.78863
1.55574
1.56239
1.09121
1.22095
1.14914
1.4124
1.58499
1.48268
1.36627
1.58601
1.40888
1.46505
1.45517
1.27922
1.67956
1.26457
0.980534
1.24402
1.07658
1.02285
0.808141
0.862864
1.07795
1.49879
1.32157
1.47031
1.0851
0.840874
1.00134
0.957096
0.718908
1.16388
1.08294
1.19135
0.987336
0.942575
0.710708
0.776323
0.724873
0.562645
0.691212
0.598658
0.676108
0.66826
0.745214
0.662388
0.754653
0.607814
0.570715
0.531608
0.486408
0.596054
0.511788
0.543806
0.36527
0.592956
0.621991
0.559397
0.482301
0.473032
0.469684
0.450465
0.469381
0.474914
0.580282
0.445064
0.508738
0.41192
0.433663
0.425106
0.442345
0.320224
0.417536
0.388532
0.388665
0.391336
0.411108
0.407669
0.358458
0.338936
0.394734
0.288962
0.319859
0.288543
0.364946
0.390138
0.379311
0.346835
0.368492
0.359374
0.325119
0.311808
0.377984
0.444847
0.376684
0.381259
0.387467
0.349086
0.259961
0.305033
0.383423
0.277795
0.279328
0.335892
0.325105
0.274327
0.334093
0.278506
0.221412
0.385535
0.3018
0.312198
0.277877
0.327719
0.387881
0.272364
0.353645
0.22769
0.239608
0.23713
0.310896
0.279318
0.342451
0.310833
0.288909
0.359557
0.310666
0.305414
0.324316
0.415387
0.265931
0.191993
0.30085
0.282866
0.273148
0.322485
0.253253
0.283389
0.282529
0.209257
0.254759
0.324942
0.318739
0.228457
0.187452
0.306211
0.222511
0.167018
0.192886
0.230216
0.308729
0.253989
0.185923
0.21884
0.275258
0.254048
0.210774
0.210054
0.214264
0.224517
0.272066
0.272102
0.205908
0.204964
0.249709
0.210423
0.209443
0.20531
0.253652
0.165953
0.202348
0.244435
0.244468
0.316588
0.196955
0.212363
0.218514
0.204599
0.286726
0.187114
0.215423
0.311776
0.248125
0.172506
0.207333
0.232247
0.28864
0.248441
0.232759
0.267724
0.183367
0.240534
0.209622
0.256681
0.173185
0.303776
0.213236
0.192978
0.189651
0.230834
0.133771
0.202539
0.157423
0.177769
0.136559
0.255313
0.219187
0.199317
0.266478
0.196071
0.231184
0.151802
0.146758
0.276476
0.154487
0.176112
0.174501
0.160171
0.219622
0.162461
0.205275
0.134006
0.155111
0.177428
0.126715
0.100454
0.119241
0.151766
0.122192
0.150353
0.130108
0.131687
0.128325
0.128562
0.12152
0.146747
0.0865061
0.094382
0.11806
0.126895
0.0963208
0.0981391
0.124105
0.139007
0.0849106
0.0857787
0.103957
0.0804922
0.107305
0.0887361
0.0724693
0.0898778
0.087213
0.0827952
0.078039
0.0941934
0.0909619
0.0933846
0.0873994
0.0998621
0.0856734
0.093816
0.0984479
0.0893217
0.083078
0.0946972
