0.504022
0.523895
0.476806
0.464077
0.529489
0.511302
0.516217
0.53637
0.569805
0.529471
0.580314
0.535097
0.609768
0.512609
0.52164
0.532991
0.637827
0.594485
0.656693
0.565691
0.695075
0.509864
0.56774
0.603235
0.567371
0.559543
0.54923
0.532186
0.631502
0.574075
0.547459
0.55141
0.631429
0.534049
0.565742
0.533213
0.681207
0.645662
0.525103
0.713656
0.52429
0.544847
0.721631
0.689586
0.546883
0.729089
0.66964
0.623269
0.694528
0.587554
0.637553
0.611356
0.59669
0.59526
0.694716
0.772887
0.699164
0.756029
0.868298
0.750054
0.658073
0.627322
0.660961
0.74256
0.673471
0.883527
0.513702
0.5829
0.620095
0.718277
0.61861
0.58914
0.753757
0.665876
0.722053
0.831942
0.640808
0.66868
0.576699
0.623437
0.853719
0.741457
0.789842
0.762516
0.692426
0.835848
0.712458
0.639862
0.719273
0.797269
0.673861
0.648924
0.640534
0.720859
0.718911
0.663613
0.695924
0.917995
0.710177
0.72709
0.620337
0.73144
0.610188
0.58157
0.717904
0.832604
0.66605
0.644344
0.841581
0.811134
0.92586
0.62473
0.584766
0.623582
0.4925
0.653451
0.848854
0.63203
0.72488
0.538443
0.692629
0.591934
0.711333
0.704961
0.817034
0.925544
0.758852
1.01453
0.981618
0.869044
0.708399
0.721259
1.00673
0.876739
0.761886
0.996269
0.740915
0.677539
0.780018
0.65289
0.766238
0.983124
0.683086
0.81289
0.76949
0.646552
0.789565
0.760661
0.738786
0.840537
0.896955
0.990233
0.832702
0.845039
0.79451
0.82103
0.715042
0.713211
0.730921
0.608517
0.793532
0.725514
0.688479
0.705612
0.937447
0.72899
0.646552
0.778554
0.893602
0.725548
0.72638
0.799886
1.04209
0.903659
0.973595
0.972865
0.851901
0.9841
0.798235
0.678144
0.857225
0.813923
0.751014
1.05161
0.953894
0.642934
1.00705
0.767201
0.882051
0.924508
0.628011
0.757772
0.795836
0.687196
0.945403
0.892515
0.834051
0.956647
1.07507
0.603851
0.855851
0.946046
0.957848
0.864733
0.981739
0.919134
0.914293
1.13496
0.96948
0.826424
0.861521
0.859646
0.915988
1.03031
0.975739
0.762923
0.819541
0.852107
0.777345
0.852775
0.889448
0.709372
0.878258
0.811475
0.788647
0.777484
0.844401
0.788482
0.912466
0.862238
0.789147
0.851866
0.786112
0.862018
0.891147
1.05342
0.869869
0.777067
0.816987
0.927897
0.846868
0.832037
0.788635
0.906522
0.889637
1.05279
1.125
0.88156
1.25205
1.07992
0.972851
0.82655
0.984192
1.02164
1.25383
1.25686
0.938344
0.907855
1.00172
1.15741
0.974638
0.937107
0.83958
1.03567
1.1573
1.26692
0.960394
0.968979
1.1394
0.812421
0.911867
0.944965
0.97397
0.964236
1.05799
0.950818
0.894995
0.831582
1.08806
0.846067
0.773586
1.13088
0.875208
1.08336
0.894745
0.877845
1.00135
0.95985
0.93716
0.864862
0.91096
0.879699
1.10621
0.884636
0.931676
1.06475
0.991465
1.03019
1.05234
1.02102
0.951885
1.19747
1.14882
1.01182
0.912339
1.07565
0.871823
1.15002
1.17156
1.02842
1.25993
0.95536
1.08682
1.19377
0.94925
0.872365
1.11835
1.07306
0.831664
1.08108
1.13292
1.22316
1.05116
1.07431
1.32368
1.10711
1.21911
1.00939
1.10423
1.04576
0.912107
1.50613
1.27108
0.956782
1.19785
1.37357
1.25988
1.07579
1.1192
1.26702
1.27484
1.15643
1.22993
1.10926
1.14
1.16247
1.07768
1.1145
1.12628
1.15675
1.19105
1.4034
1.40359
1.03706
1.15146
1.2382
1.05305
1.01612
1.32995
1.11867
1.16257
1.46706
1.14731
1.17063
1.4408
1.30333
1.38686
1.15508
1.31107
1.23742
1.04676
1.21444
1.17516
1.31545
1.17498
1.01461
1.18163
1.18179
0.978167
1.17717
1.27039
1.13659
1.3111
0.964271
1.14549
1.20102
1.25804
1.4046
1.40304
1.5103
0.957418
1.19678
1.1168
1.35955
1.4181
1.28206
1.19456
1.26809
1.21542
1.56891
1.2762
1.36441
1.15433
1.46995
1.38553
1.46876
1.43437
1.27345
1.14574
1.15932
1.44468
1.48173
1.38192
1.45501
1.4364
1.31274
1.40885
1.59134
1.38472
1.27993
1.23809
1.51973
1.43492
1.19599
1.29761
1.03957
1.43218
1.1395
1.16291
1.49014
1.44519
1.40392
1.23486
1.34375
1.68427
1.3231
1.35199
1.36439
1.16059
1.25026
1.49137
1.17968
1.56723
1.26067
1.31443
1.4885
1.33249
1.35918
1.4458
1.25796
1.59356
1.21813
1.41787
1.32684
1.56802
1.52361
1.45579
1.52072
1.4836
1.40338
1.20855
1.43287
1.43658
1.37836
1.81154
1.41185
1.57973
1.46026
1.51408
1.44201
1.45085
1.27028
1.3053
1.47621
1.31337
1.44646
1.6488
1.46006
1.59151
1.73103
2.09
1.8986
1.95725
1.78659
2.08076
2.55794
1.78746
2.21494
2.01267
1.97134
2.79755
1.98995
2.22799
2.25054
2.30554
2.13107
2.52354
1.68817
2.35175
2.15336
2.42497
2.18707
2.47453
2.22644
1.80407
2.48903
2.26449
2.76372
2.8408
1.8897
2.22178
2.44548
2.03262
2.22006
1.80015
1.95677
2.04838
2.26452
1.63722
1.52507
2.1368
1.94676
2.11114
1.76058
1.83349
2.02714
2.16756
2.15429
2.02353
2.14447
2.1875
2.13234
2.03888
2.03272
2.08588
1.77934
1.7756
1.62722
2.0428
1.82968
1.90541
1.71447
1.96145
1.67757
1.68539
1.94175
1.90855
1.72477
1.54073
2.0835
1.84945
1.85842
1.00984
0.868466
0.657121
0.892228
0.968099
1.05979
0.891395
1.00198
1.47611
2.21467
2.23115
1.73899
1.82374
1.51517
1.46863
1.71068
1.89915
1.5277
1.96885
1.69764
1.85512
1.37922
1.57983
1.61066
1.60906
1.45186
1.62549
1.51604
1.775
1.75656
1.96712
1.93338
2.20745
2.06506
2.02029
1.83682
1.78048
2.13435
2.16672
2.20035
2.06917
2.4185
2.1918
3.70903
3.4137
2.77995
2.26675
2.04917
2.31628
