1.37724
1.24257
1.2362
1.19012
1.39077
1.33832
1.26939
1.3785
1.44879
1.53747
1.65379
1.90498
1.47604
2.04836
1.94807
1.78725
2.27584
2.29306
1.94216
1.91885
2.20926
1.9838
1.96141
2.26743
2.39129
2.14024
2.26427
1.9933
2.25327
2.01857
1.81374
1.98399
1.97128
2.10794
2.37415
2.7783
2.6209
2.31662
2.28333
2.08712
2.13866
1.85771
2.57761
2.19011
2.52012
1.93147
2.14366
2.29074
2.43517
2.35046
2.29006
2.76251
2.60475
2.28964
2.54212
2.80858
2.90606
2.70291
3.42125
2.23688
2.65719
2.9007
2.42323
2.97125
3.09857
4.09482
3.09108
2.70902
3.94098
3.98628
3.55293
2.67463
2.29894
2.70743
2.35571
3.53593
3.31821
2.87227
4.70592
2.38503
2.73068
3.65071
3.06581
3.51973
3.29654
3.50912
3.78166
4.00455
3.28988
2.59723
4.00172
4.14603
2.88785
3.07274
4.26678
3.77006
1.89208
3.00979
2.93905
1.89963
2.7809
3.25867
2.16307
1.73299
2.13564
2.98998
2.89799
2.71501
3.75472
2.95134
1.99325
1.39465
2.10953
2.8978
2.17826
3.83662
3.57446
2.01
2.91755
2.43131
2.21542
2.73899
3.5597
2.90616
3.44356
3.94393
2.06885
2.68038
3.02095
1.38007
4.14843
3.22865
2.47495
4.03786
2.43873
2.00473
3.97489
2.65673
3.17538
2.18952
1.23126
3.28569
3.15506
2.10907
2.98296
2.45009
4.8136
3.30265
3.44761
2.68557
2.9799
3.83215
3.40009
2.42199
2.83447
3.26431
1.18233
2.23863
2.79071
4.26824
3.39336
5.43497
2.67207
4.60942
3.83811
2.80949
1.94345
3.55859
3.79023
2.26378
