0.595273
0.867935
1.51624
0.669537
0.752786
0.556051
1.9608
0.854728
0.706249
0.635808
1.20568
0.841504
0.791127
0.849379
0.743401
0.99865
1.20729
1.33304
1.19852
0.547107
0.694682
0.742148
1.19367
1.69122
1.11941
1.26983
2.00353
1.38943
2.19332
2.12997
1.9614
1.92564
0.628385
1.13073
0.953707
0.783841
1.1574
1.02026
1.09755
1.78608
2.45708
1.0412
1.29133
1.82119
0.984927
1.33365
1.15215
2.65022
1.15566
1.42384
1.86275
1.97413
1.623
1.66392
1.46846
2.11864
1.89636
1.81874
2.25191
1.80504
1.30526
1.13615
2.06108
0.927567
2.136
1.9256
2.12602
1.07168
0.897475
0.980149
1.52096
1.22338
1.20105
1.33389
1.9783
1.86865
2.62029
1.98362
1.94281
1.90619
1.52324
1.29457
1.18511
1.50718
2.57401
1.79112
1.32639
1.47001
1.73254
2.64967
2.25831
1.66686
1.38031
1.84019
1.56083
1.45798
1.85707
1.19489
1.37549
2.29151
1.29117
1.55459
2.48687
1.38941
1.7695
0.894499
0.872004
1.78626
1.74353
1.22045
0.978504
1.32424
1.38109
1.58249
1.03661
1.24284
1.35723
1.2976
1.06718
1.54437
1.66227
1.86653
0.959713
0.831929
1.39918
2.08705
1.24461
1.0278
0.967882
0.951929
0.826098
0.60419
0.762448
0.965749
1.1181
1.51115
1.40097
1.04532
1.25572
0.831936
0.592209
0.611999
0.676122
0.886616
0.724812
0.866841
0.791733
0.856054
0.768554
0.851644
1.34276
0.821541
0.829011
0.708107
0.64313
0.658203
0.779125
0.415521
0.667189
0.613324
0.920109
1.04141
0.581524
0.575039
0.855226
0.527354
0.366204
0.428937
0.401245
0.545997
