0.341614
0.345646
0.3238
0.237001
0.222462
0.214017
0.198077
0.208733
0.243964
0.295524
0.316537
0.319087
0.306766
0.297733
0.322931
0.289508
0.30228
0.339345
0.315801
0.333291
0.330229
0.327527
0.347208
0.363144
0.349929
0.312727
0.29102
0.263278
0.349616
0.493353
0.450081
0.405293
0.594972
0.697805
0.544535
0.528
0.621726
0.57506
0.656826
0.599918
0.684444
0.638382
0.773419
0.682349
0.683954
0.623776
0.568825
0.640311
0.601576
0.674586
0.651978
0.642493
0.68129
0.620174
0.627054
0.643181
0.587297
0.559216
0.784533
0.687731
0.703891
0.700489
0.810727
0.815817
0.86665
0.821432
0.67497
0.731104
0.846914
0.671439
0.899406
0.771905
0.686749
0.84373
0.95515
0.90146
0.942896
1.25569
0.876966
0.928973
0.804278
1.0468
1.01153
1.17014
0.975965
1.04233
1.05582
1.03129
1.05655
1.06175
0.760342
0.948258
0.939613
1.03166
1.02737
0.964862
0.968247
1.09482
1.17922
0.978155
0.891037
1.0054
1.13669
1.13292
0.892952
1.09448
1.20626
0.909316
1.14608
1.08257
1.20036
0.974314
1.06631
0.988098
0.875162
1.05618
1.32539
1.26658
0.674626
0.703437
1.02561
1.22473
0.995962
1.04335
1.01073
1.33527
1.0917
1.14808
1.43958
0.832737
1.1889
0.666766
1.70798
0.787096
0.486888
0.668609
0.72606
0.880303
0.491563
0.591783
0.42448
0.739689
0.415145
