0.546401
0.668838
0.824892
1.42545
1.12123
1.27676
1.37794
1.2082
1.14763
0.657898
0.854903
0.744408
0.806342
0.998796
0.868291
1.00507
1.17876
1.22525
1.07733
0.99261
0.820851
1.0525
0.746556
1.20597
0.830888
1.04443
1.08038
0.997682
0.916921
1.02912
0.966936
0.770633
0.995348
0.824951
0.90416
1.08902
0.878579
0.996243
0.917197
0.888492
0.868889
1.04777
0.92557
0.961464
0.895523
0.894985
1.24136
1.06476
1.04221
0.832453
1.09735
0.936448
0.933686
0.524278
0.649233
0.898843
0.42466
0.540143
0.44198
0.709395
0.459654
0.626119
0.859167
1.10141
1.55341
1.22668
1.17211
1.08924
1.14841
1.19452
1.21867
0.990512
0.490147
0.85491
0.747666
0.565836
0.493934
0.657967
0.827353
0.742564
0.630634
0.863876
1.07034
0.612319
0.849911
0.766118
0.756906
0.471343
0.594806
0.474289
0.665918
0.684541
1.07892
0.917018
0.604549
1.12823
0.902608
0.785791
1.12822
0.740735
0.875288
0.828753
0.665904
1.04058
0.862713
0.996682
1.05643
1.0627
1.06109
1.01162
1.03093
1.08137
1.01832
1.23426
1.21343
0.963256
1.31028
1.01158
1.03505
0.980071
1.07518
1.02521
1.03894
1.26067
1.01735
1.08317
1.06917
1.00981
1.1996
1.04436
1.04185
1.02369
1.33603
1.14529
1.01324
1.12305
0.994175
0.960337
0.9601
0.931744
1.05251
1.06955
1.09358
1.05786
0.935737
0.891469
1.04772
0.987253
1.02306
1.06883
0.984273
1.11188
0.928924
0.921656
1.02438
0.924256
0.962633
1.06951
0.990077
1.0515
1.1001
0.898856
1.01287
0.949544
0.921113
0.909597
1.00344
1.03553
0.966304
0.979559
0.952042
0.972569
0.990763
1.04062
0.976594
0.936613
1.07165
0.96524
0.948817
1.21992
0.969873
1.07858
1.01474
1.01604
1.11266
1.08639
1.08614
1.15544
0.849642
1.07389
1.10729
1.0974
1.14743
0.999865
1.21047
1.22162
1.41889
1.21345
1.0934
0.88871
1.15135
0.99885
0.937207
0.955067
0.961525
1.08524
1.33444
1.15537
1.13955
1.14152
1.25827
0.998921
0.992035
0.911372
0.727791
0.77954
0.656462
0.801283
0.707391
0.727108
0.55089
0.719432
1.15328
0.860961
0.629557
0.796729
0.849245
0.877294
0.885589
0.529771
1.07008
1.0941
1.29046
1.32747
0.471342
0.567814
0.638389
0.585904
0.607729
0.665064
0.907516
0.703238
0.574051
0.463715
0.596651
1.04346
0.72705
1.26904
1.04406
0.784061
0.863458
1.25391
1.56475
1.56739
1.08143
1.04497
1.01934
1.11112
0.601605
0.618367
0.551342
1.45297
0.811716
0.937916
0.698418
0.578982
0.791091
0.542493
0.499011
1.10721
0.686538
1.01935
0.65911
0.662623
0.621382
0.59155
0.608455
0.816554
0.71263
0.842125
0.573653
0.509092
0.421232
0.771454
0.862888
0.603508
0.710453
0.714519
0.616228
0.715275
0.83224
0.548488
0.548921
0.569464
0.727113
0.556924
0.662163
0.733124
0.801072
0.571662
0.788399
0.903817
0.630824
0.644326
0.867484
0.816179
0.749318
0.680404
0.674738
0.696541
0.704849
0.89534
1.10521
0.518144
0.933438
0.997867
0.690573
0.640758
0.716455
0.750845
0.795545
0.826982
0.800078
0.50437
0.309759
0.647611
0.661861
0.644394
0.678313
0.5545
0.635431
0.737351
0.884872
0.766823
1.24035
1.15203
0.749962
0.711327
0.722195
0.627275
0.600088
0.814309
0.76811
0.824415
0.682429
0.828058
0.580941
0.583149
0.642676
0.582878
0.56795
0.794798
0.772922
0.528559
0.741392
0.670608
0.763801
0.668876
0.70744
0.715459
0.738517
0.717707
0.794217
0.653177
0.658732
0.656497
0.657372
0.619801
0.554372
0.674644
0.599853
0.600727
0.656347
0.712949
0.610238
0.595417
0.669224
0.62894
0.578279
0.58666
0.67744
0.583599
0.606519
0.542149
0.589249
0.650142
0.691502
0.571462
0.542691
0.711119
0.440015
0.423655
0.513927
0.535532
0.705752
0.466201
0.471741
0.451955
0.572537
0.447887
0.540601
0.556106
0.443068
0.410522
0.580239
0.585207
0.534957
0.591376
0.582518
0.601221
0.56042
0.563469
0.6227
0.610363
0.643837
0.576445
0.577248
0.537122
0.51588
0.466217
0.484521
0.527815
0.506547
0.515522
0.530041
0.483746
0.461422
0.538545
0.484167
0.479892
0.526484
0.505325
0.383815
0.369961
0.470106
0.327911
0.338291
0.351245
0.336131
0.4034
0.296637
0.326685
0.510367
0.432931
0.409683
0.335214
0.417106
0.378488
0.411909
0.379704
0.393182
0.402584
0.33284
0.493748
0.430596
0.510093
0.464217
0.377548
0.450355
0.360605
0.408878
0.603953
0.491862
0.442822
0.545402
0.359313
0.351716
0.383763
0.359187
0.383752
0.426984
0.457899
0.422766
0.403247
0.414038
0.372311
0.439188
0.421916
0.408349
0.376652
0.375513
0.403201
0.417772
0.403689
0.384331
0.376706
0.350582
0.384304
0.388985
0.363127
0.416266
0.442597
0.460954
0.473244
0.38337
0.384134
0.412809
0.417061
0.336968
0.351114
0.405555
0.439212
0.416354
0.351033
0.353343
0.387041
0.390116
0.377668
0.446936
0.393017
0.335425
0.381938
0.308278
0.353409
0.403177
0.335025
0.343012
0.350279
0.37459
0.324343
0.348497
0.300731
0.378775
0.348593
0.320827
0.382254
0.356414
0.368081
0.341795
0.324997
0.390132
0.321843
0.313476
0.345553
0.359342
0.37701
0.306558
0.388492
0.425714
0.354614
0.35197
0.333418
0.30934
0.27855
0.279316
0.259494
0.248116
0.273466
0.28839
0.277703
0.348036
0.38191
0.314511
0.311532
0.263654
0.32345
0.313872
0.347349
0.286665
0.412636
0.454916
0.432914
0.36361
0.410494
0.342999
0.366268
0.347257
0.30536
0.353642
0.431263
0.348141
0.279789
0.387049
0.37505
0.365763
0.336942
0.326107
0.297272
0.284985
0.341552
0.342647
0.263859
0.251119
0.311608
0.275495
0.34258
0.43038
0.275513
0.303791
0.289465
0.264394
0.288333
0.280087
0.261568
0.260708
0.225958
0.180203
0.207868
0.226331
0.263095
0.314744
0.3057
0.300321
0.352406
0.391863
0.412708
0.391508
0.355518
0.389628
0.354968
0.369852
0.414109
0.338741
0.420054
0.466782
0.453583
0.441367
0.569241
0.526484
0.404448
0.457877
0.494118
0.391207
0.488133
0.535546
0.439256
0.4748
0.559032
0.675175
0.741692
0.362806
0.349557
0.343017
0.406495
0.365654
0.29159
0.338385
0.596094
0.468933
0.551201
0.397129
0.36271
0.339387
0.36609
0.344386
0.320025
0.329643
0.313191
0.362136
0.401261
0.647851
0.342169
0.447539
0.542965
0.541427
0.595327
0.344678
0.400498
0.356368
0.349409
0.524237
0.976452
0.69443
0.490852
0.373041
0.256976
