0.89992
0.729141
0.972458
1.03608
0.889083
0.970485
0.788621
0.779646
1.16323
1.23857
1.04666
1.52655
2.04471
2.78478
2.29731
3.28945
3.31395
3.10277
3.88355
3.64454
3.2705
4.06214
3.87015
3.1753
3.32371
3.62983
3.78766
3.40847
5.71451
4.29438
6.50527
4.95246
4.73208
3.76222
4.68671
6.07609
5.57509
4.61456
5.45993
5.82091
6.0282
6.66493
5.82706
5.5955
6.07867
6.23408
5.42167
6.72218
6.73303
7.23996
4.96902
8.3374
6.73754
6.89879
6.50864
7.63253
7.21819
7.25725
6.9704
7.96455
6.62887
6.76977
11.2726
9.82193
7.78947
8.97055
8.51792
9.80635
8.68857
10.5294
9.87785
7.79955
10.5765
8.63249
11.0902
9.94238
9.78298
9.74417
11.4289
8.52874
11.9024
9.68421
10.4776
9.5446
8.14981
7.80785
8.29172
11.3628
15.3937
11.4085
15.1799
12.1691
13.0885
11.5081
11.2992
11.5586
12.5611
13.524
10.657
14.7662
12.9943
17.7365
12.6738
16.5206
19.1292
