1.34712
1.37931
1.38987
1.42431
1.37852
1.24933
1.32753
1.4243
1.49331
1.90745
2.56534
1.66336
1.59385
1.39826
1.57239
2.12583
3.14384
4.87608
5.34159
6.07511
3.86038
2.0894
2.4326
5.87214
4.69859
4.78063
7.57663
4.04222
6.26087
7.10929
8.72192
4.65391
4.26583
4.67136
5.58858
6.1277
5.46157
6.61278
7.0599
6.95667
6.06697
6.32476
7.34169
7.71317
8.03004
8.14114
4.74925
5.29847
5.98261
5.24609
5.49886
6.74169
7.34068
6.27151
5.85157
6.60553
6.45152
7.7404
6.71576
7.09355
5.57689
3.98756
4.54124
5.496
5.22779
5.01867
7.45776
6.01497
4.03058
3.14058
3.80494
4.50762
4.81681
4.96629
4.56215
3.65298
3.24422
2.99674
3.09192
3.10538
5.28835
5.41975
4.37853
4.35477
4.32168
4.16391
4.45935
4.15339
3.76595
3.03903
3.08989
3.76616
3.6221
3.98888
3.56316
4.19836
3.69234
3.24916
3.22407
2.84246
3.07946
3.02067
2.67484
2.41109
2.57813
2.32332
2.14183
2.09627
2.09401
1.79104
2.16
2.13151
1.75775
1.93328
1.69065
1.25817
1.00485
