0.525959
0.515317
0.545601
0.551864
0.555381
0.580708
0.597049
0.771307
1.16318
1.04719
2.86337
2.64633
2.64696
2.81395
2.62115
2.27397
2.80963
2.12917
2.46218
1.88738
2.4272
2.15478
2.22802
2.16098
1.79592
1.46944
1.5687
1.41525
2.07198
1.8506
1.69876
1.65542
1.66402
1.4041
1.26514
1.71485
1.55729
1.95968
1.81193
2.11738
2.24863
2.22425
2.15384
2.26926
1.79449
1.66557
1.48393
1.76218
1.94523
1.82556
2.013
1.83612
1.85652
1.90283
1.69401
1.80352
1.7134
1.99626
1.77232
1.83379
1.85678
1.8329
1.65596
1.62262
1.78951
1.91491
1.74821
1.70122
1.58039
1.79448
1.7777
1.62403
1.60599
1.61039
1.37625
1.65523
1.63679
1.91222
1.56854
1.68837
1.41531
1.46629
1.46821
1.44861
1.57447
1.7618
1.52368
1.45734
1.70372
1.4249
1.38802
1.60669
1.40361
1.29802
1.41652
1.54265
1.45748
1.63774
1.53243
1.32514
1.46736
1.27984
1.55108
1.61725
1.30569
1.21468
1.56663
1.66359
1.84769
1.62956
1.48813
1.50369
1.48097
1.69256
1.53896
1.66053
1.70741
1.3589
1.33698
1.58658
1.61936
1.53372
1.83088
1.4387
1.77057
1.60565
1.8106
1.74545
1.44324
1.41914
1.58062
1.57437
1.46753
1.51416
1.59399
1.54114
1.73244
1.64491
1.93116
1.559
1.96443
1.70923
1.46382
1.81977
1.51211
1.5247
1.55112
1.48464
1.89721
1.73369
2.19192
1.88704
2.15363
1.35644
1.81007
1.8446
1.96558
1.86544
1.25
1.42305
1.44722
1.92964
2.05211
1.28816
1.54789
1.83499
1.63744
1.51593
1.85471
1.62826
1.8203
1.76037
2.03787
1.59257
1.64908
1.42693
1.50228
1.34636
1.59075
1.61366
1.31354
1.71645
1.72095
1.59244
1.42285
1.51354
1.56784
1.23833
1.17911
1.40294
1.17688
1.28269
1.10058
1.21501
1.5802
1.42053
1.27337
1.15226
1.27629
1.48927
1.44279
1.4329
1.63752
1.25904
1.07603
1.0591
1.61726
1.02866
1.02918
1.14381
1.15375
1.42576
1.03687
1.22405
1.05805
1.02921
1.15421
0.778393
1.21677
1.03887
1.0147
1.12002
1.06298
0.772494
1.03959
0.896077
0.95858
0.70238
0.869743
0.671271
0.661091
0.708678
0.588284
0.485825
0.692067
0.72001
0.775665
0.523264
0.561376
0.730794
0.747111
0.52867
0.535801
0.794609
0.492635
0.630412
0.575041
0.528857
0.512788
0.673349
0.681768
0.532653
0.457534
0.594892
0.580932
0.528912
0.442978
0.502187
0.520989
0.579398
0.431618
0.603744
0.374885
0.385187
0.479471
0.478109
0.411819
0.419582
0.351416
0.443506
0.440599
0.402384
0.45604
0.400565
0.415144
0.373344
0.281248
0.262092
0.25978
0.228297
0.261174
0.211344
0.236124
0.171174
0.206999
0.332837
0.450599
0.191134
0.15338
0.137051
0.18874
0.179692
0.276544
0.342627
0.211578
0.315461
0.199868
0.226773
0.256275
0.206816
