4.926220
5.703520
5.350780
5.017210
5.713170
6.029450
12.286000
6.261010
6.921530
4.835370
7.070230
7.251710
8.210040
5.842090
6.143900
5.517980
5.973320
5.968920
6.268960
7.128190
6.246340
4.732050
8.920910
8.042590
9.094470
9.541860
6.384870
7.067490
7.750410
7.756170
6.845760
6.752170
6.708840
9.936750
7.512010
9.371210
8.032720
6.415530
6.669090
6.005170
7.187140
6.380720
6.294030
7.245900
8.516720
6.799400
7.100510
6.881500
7.563580
6.604270
6.517430
7.118760
8.418450
8.524470
7.512470
6.335900
7.616240
7.743290
7.632230
9.529990
7.626440
6.510610
7.688830
8.830180
7.962010
6.524100
7.377500
7.093950
7.996860
8.183630
7.129150
8.049200
7.806450
8.572390
8.000150
11.777200
8.829240
8.321480
9.222890
7.222710
10.397700
8.944550
8.951820
8.712520
7.193890
7.490020
8.633950
9.318850
8.013320
7.695810
7.719120
9.752760
10.150700
10.115500
13.324100
11.151800
10.042200
9.322100
9.622580
9.481150
9.940250
10.147500
9.095610
8.252720
9.061740
9.012640
8.381960
8.823330
8.912590
9.013840
9.321980
9.612990
9.112750
9.766370
8.975770
8.762830
8.930880
9.075490
8.382730
8.860200
8.939330
8.398980
8.314780
8.031190
8.379560
8.751570
8.415890
7.677730
9.041350
8.214940
8.459330
8.615550
7.923080
8.586110
9.334720
9.360710
9.120430
9.772120
9.534590
9.705270
9.006310
8.652460
9.939050
10.864000
9.744880
9.478800
9.107350
8.791660
9.063480
8.491290
9.298980
10.104800
9.588060
8.740900
9.175520
8.688000
9.847320
9.353920
10.205700
9.819280
10.306000
10.092200
9.283810
8.828140
8.592820
8.359870
9.027360
8.202130
9.064910
10.385600
9.269900
9.255170
11.699200
11.709700
11.932700
13.704700
11.765400
10.004700
9.428630
9.441690
9.145640
9.601830
