3.58336
3.29526
3.56508
3.64705
3.80025
3.72923
3.83414
2.99525
2.53881
2.42516
2.38509
2.42374
2.39108
2.34844
2.41662
2.48392
2.47291
2.45121
2.72984
4.56537
7.45048
7.85212
8.98893
7.3014
7.17929
7.21279
5.9536
6.38365
6.07159
5.95825
5.65998
6.3452
4.40002
4.51266
5.04447
4.5817
5.11711
4.50962
4.5618
4.69689
4.95224
4.53224
3.99042
4.21356
4.74667
4.36889
4.70776
4.54832
4.2484
3.89113
3.8301
4.13987
4.52834
4.36951
3.99625
3.66052
3.57203
4.51374
4.35619
4.02758
4.14283
4.24834
3.86444
4.59098
5.22345
4.08243
4.94573
4.00847
4.41487
4.36098
5.40298
4.77035
4.54026
4.7541
4.81194
4.29983
4.45274
4.2323
4.87264
4.7589
4.60047
4.59774
4.33445
3.97207
4.73524
4.80775
4.81551
3.87582
4.81268
4.9362
5.79482
4.36265
4.79505
4.51368
4.07564
5.07292
4.81833
5.05085
5.15901
4.68634
4.62307
5.4963
3.89811
4.04684
4.41295
5.28973
6.09639
5.10113
5.68054
4.0396
4.59939
5.31767
4.93655
5.40404
5.02762
4.78867
5.10327
4.80965
4.36277
6.70079
5.95994
5.27741
4.78102
4.89221
4.6162
5.11982
4.53316
5.09854
6.56491
4.47574
3.98091
4.82461
3.93633
5.36218
5.22071
4.74738
4.76051
4.43762
4.13738
4.50015
4.55419
4.54972
5.26172
5.51218
5.92489
6.28312
7.49746
4.78104
3.94639
3.744
3.38002
3.21751
3.03638
2.8932
2.66065
2.99875
3.37768
3.17524
3.08972
3.0096
2.99009
3.19718
3.28102
3.06672
3.62413
3.92731
4.03127
4.28749
6.32424
7.72779
6.80994
6.43202
5.69236
5.58554
5.9547
5.30271
6.27881
6.54202
5.69085
5.76041
4.98133
4.86891
4.88758
5.37343
4.93931
4.65948
6.23546
4.64158
5.45835
5.63165
7.3604
5.63934
5.61793
5.88909
6.20452
6.32694
5.40905
7.0197
6.60655
5.80859
6.2552
7.41979
6.90555
5.9472
4.94593
6.97531
6.26693
7.04444
4.80992
2.87121
4.00927
4.00266
4.31501
5.24376
3.96419
4.11857
4.54067
4.73032
6.19296
5.80793
5.84091
7.11521
6.75279
6.55819
6.5159
6.21235
6.01437
5.47242
5.62165
5.57194
6.42774
5.91173
6.38348
6.56122
6.81362
5.86278
5.75363
6.43091
6.44669
7.0241
6.11034
6.1353
5.67092
5.67352
8.29128
4.70876
5.98537
5.372
5.47177
6.23853
5.88
5.84233
5.52025
6.13489
5.45798
5.31462
5.23811
5.7233
5.48698
5.10229
5.41376
5.43874
5.34164
5.78271
5.7561
5.72328
5.79791
5.46219
5.19115
5.79801
5.62129
5.61016
5.38026
5.51391
7.69817
9.37007
7.855
7.97767
7.34902
7.59401
7.43056
7.55002
7.0344
7.27202
6.66655
6.81123
6.76966
6.46751
6.61548
6.32042
5.80961
6.75407
6.14954
5.75915
5.826
5.68839
6.06604
5.45895
5.25737
5.45765
5.24357
5.69738
5.50248
5.99545
5.63609
6.31997
5.75677
5.67135
5.36615
4.99878
5.33254
5.53166
5.88136
5.86439
5.2181
5.59648
5.62345
5.44186
4.83422
5.57397
5.22024
5.2533
5.40994
5.52789
4.87978
5.87293
5.84211
5.37135
5.5675
5.40633
5.16302
5.39696
5.03116
5.58024
5.48721
5.4263
5.38592
5.35954
5.54102
5.30166
5.63849
5.31678
5.59901
5.6042
5.40547
5.76434
5.73532
5.77922
5.78573
5.8793
5.25233
5.48487
5.47269
5.68621
5.19397
5.28467
5.27058
5.16821
5.39811
5.15597
5.22171
4.968
5.22928
5.41458
5.30623
5.00687
5.1493
4.74976
5.02096
5.28551
5.19411
4.7405
4.83464
5.00766
4.83881
4.7816
4.68376
4.87448
4.4045
4.7417
4.50707
4.69243
4.54617
4.63437
4.55419
4.1058
4.28554
4.88231
4.43299
4.46359
4.50524
4.67772
4.24428
4.55372
4.30488
4.73533
4.49534
5.35555
4.40071
4.85018
5.05128
4.71043
4.46159
4.34269
4.25446
4.33986
4.53799
4.58152
4.84013
4.6564
4.66216
4.6559
4.5327
4.30979
4.7087
3.74454
4.3237
4.05921
4.11557
3.56556
3.56973
3.56486
3.50883
3.41341
3.5048
3.41212
3.35634
3.37515
3.40324
3.65813
3.61587
3.82995
3.66973
3.54292
3.32956
3.31547
3.17376
3.44796
3.19434
3.2838
3.18958
3.3822
3.08816
2.94128
3.17688
3.47362
3.16046
3.38563
3.30907
3.12137
3.37505
3.26543
3.06284
3.11037
3.14935
3.06535
2.98147
3.04599
3.0385
2.73582
3.13966
2.82745
3.01446
2.73723
2.82117
2.88145
2.94156
3.00032
3.21025
3.20494
3.59846
3.1751
3.28167
3.14099
3.14085
3.14039
3.18201
3.4194
3.00717
2.84788
2.8993
2.73314
2.829
2.95474
2.8606
3.09135
2.96179
2.91699
3.11405
2.92603
3.03688
2.80004
3.0505
3.12469
2.96211
3.067
3.14949
3.19565
3.04422
3.15053
3.06072
3.0092
3.26355
3.32189
3.0351
3.01763
3.28361
3.1519
3.13604
3.21109
3.15357
2.95421
3.09864
3.13014
2.92454
3.00319
3.3502
3.28036
3.04513
3.13787
3.08632
3.02925
3.01788
3.02484
2.99687
2.85152
2.97755
3.18607
3.03185
3.13474
3.12236
3.2294
3.06559
3.20604
2.84004
3.06929
2.45524
2.88983
2.50528
2.94694
2.51832
2.84704
2.77115
2.78937
2.9995
2.76703
2.82231
2.73032
2.63206
2.81055
2.61838
3.29651
2.97569
2.71519
2.4141
2.44862
2.38656
2.61706
2.56115
3.05988
2.88515
2.77328
2.42118
2.48446
2.29693
2.42765
2.80564
2.31801
2.47258
2.18594
2.55029
2.39053
2.3625
2.20596
2.28477
2.36435
2.44976
2.13302
2.41824
2.14737
2.3547
2.67694
2.51336
2.72813
2.72037
2.40042
2.36096
2.33
2.59114
2.2297
2.12983
2.30344
2.36509
2.20098
2.24978
2.22207
2.25506
2.40506
1.88836
1.90864
1.95965
2.36603
2.0127
2.06937
1.99106
2.17978
2.26815
2.02017
2.02398
1.9523
2.02479
1.8915
1.9852
1.97467
1.99256
1.97141
1.89792
1.76415
1.84846
1.74148
1.65678
1.7166
1.72909
1.73384
1.69551
1.70068
1.6603
1.50691
1.49705
1.77867
1.80455
1.59269
1.63806
1.77958
1.42177
1.36534
1.31212
1.65411
1.33664
1.5075
1.4584
1.22221
1.6541
1.09497
1.30906
1.31605
1.38604
1.24566
1.17824
1.11202
0.94295
1.09664
1.03026
0.922369
1.00757
0.921689
0.78591
0.849316
0.902713
0.81515
0.938839
0.904693
0.956825
0.951315
0.859787
1.01643
0.97709
0.932168
0.815644
0.913007
0.87185
0.84562
0.815562
0.848768
0.828953
0.805058
0.727009
0.737857
0.897982
1.00747
0.862771
0.857365
0.766466
0.930741
0.724042
0.788805
0.777584
0.741537
0.877828
0.794402
0.74264
0.770102
0.890366
0.750913
0.73471
0.715476
0.674446
0.75538
0.73059
0.743315
0.681543
0.761447
0.782007
0.763446
0.742194
0.838347
0.752298
0.759023
0.767469
0.802033
0.810966
0.62367
0.598571
0.706591
0.676799
0.653982
0.663472
0.704147
0.677099
0.890865
0.77532
0.767276
0.738669
0.738863
0.728212
0.729892
0.879729
0.800336
0.654494
0.654932
0.704035
0.749511
0.709588
0.663297
0.740843
0.686956
0.703023
0.771786
0.694139
0.775131
0.719187
0.783773
0.683503
0.786975
0.733417
0.680694
0.682416
0.726197
0.709561
0.670793
0.745563
0.766645
0.774541
0.711043
0.728796
0.738451
0.766276
0.744427
0.796674
0.757515
0.799974
0.785639
0.78754
0.794077
0.85755
0.835158
0.822244
0.791198
0.854839
0.775275
0.832706
0.850437
0.817308
0.814975
0.843916
0.832011
0.854443
0.929191
0.878926
0.847515
0.859427
0.857823
0.795225
0.774886
0.845623
0.8769
0.842497
0.787075
0.802777
0.815507
0.729736
0.83207
0.856656
0.816999
0.795652
0.808403
0.780473
0.768968
0.770745
0.748341
0.766033
0.679902
0.732331
0.74025
0.71461
0.75493
0.755279
0.805251
0.733083
0.745406
0.75035
0.744211
0.710413
0.654073
0.720441
0.705662
0.746919
0.730969
0.864217
0.896415
0.962379
0.96225
0.950763
0.916355
0.893716
0.884754
0.819749
0.870194
0.909968
0.858142
0.774321
0.764725
0.786544
0.76138
0.811055
0.81461
0.800824
0.874907
0.914093
0.878773
0.899714
0.939773
0.958393
0.897807
0.829635
0.762222
0.698824
0.648162
0.704125
0.692185
0.700786
0.781377
0.761518
0.84523
0.830584
0.87078
0.833921
0.748482
0.704579
0.769024
0.781261
0.821157
0.755002
0.739331
0.726796
0.712133
0.756389
0.717709
0.743036
0.67547
0.719319
0.786629
0.779622
0.804985
0.878159
