1.9083
4.67993
4.57261
4.50921
4.23781
4.82011
5.65537
5.07451
5.25182
4.43384
3.80475
3.90303
4.23043
4.88002
4.84424
4.78866
4.88988
4.19888
4.90212
4.4813
4.97918
5.55897
4.96978
5.62631
4.88594
5.94325
5.6302
4.29707
5.23524
5.17751
5.42299
5.83362
6.22853
6.27269
6.09969
5.37413
5.23142
5.62415
5.98791
7.01542
5.65044
6.79733
5.58559
6.23501
7.37163
6.48986
6.83801
5.72129
6.52094
6.72411
7.35633
6.75707
6.46879
5.94072
5.65012
6.96347
6.17721
7.75038
7.84271
7.06347
6.80166
5.77176
6.32105
4.96095
5.53829
6.36404
5.69322
6.56178
6.30956
6.86468
6.43656
6.00324
4.31475
4.90426
5.30176
4.91657
4.28581
4.69452
3.62577
3.3983
3.9667
3.45184
3.41704
3.41954
2.83192
2.7731
3.05061
3.16817
2.68658
2.7463
2.66185
2.47871
3.23346
2.80635
2.73925
2.28891
2.47516
2.21213
2.7296
2.78186
2.29511
2.59324
2.42022
1.82046
1.96047
1.76886
1.54437
1.98185
1.59046
1.37822
1.60662
2.02691
2.18043
1.59029
1.96897
1.78928
1.57008
1.37538
1.85901
1.73814
2.03333
1.94552
1.49011
1.07675
1.29816
1.3268
1.38337
1.28031
1.3306
1.21559
0.892377
0.997259
1.09663
0.933175
0.64138
0.551392
0.519111
0.554495
0.388193
0.41832
0.359191
0.382555
0.414103
0.378273
0.313418
0.238608
0.2407
0.197217
0.149332
0.12244
0.151012
0.169546
0.155826
0.158846
0.158588
0.15015
0.155732
