7.75216
7.31646
10.3191
8.65119
9.1748
8.33913
12.6355
16.0657
12.7085
10.526
12.0386
8.56844
6.06985
9.96816
8.60672
7.57772
6.37284
6.43775
6.04811
8.20278
6.74834
6.56542
7.88032
7.83787
7.82764
7.52116
6.69979
7.65065
5.83496
6.89296
8.9148
8.09916
7.68786
6.90055
7.05971
8.53488
6.39082
8.34077
7.33757
6.87061
6.62313
8.90606
7.07288
7.47746
7.25059
7.89856
6.83035
6.59427
8.734
6.56367
8.44146
7.86529
6.87821
6.74455
5.23945
5.76569
6.73754
5.01935
5.26497
6.00252
5.68113
7.29535
6.2358
7.12275
5.63251
5.91673
6.23802
4.80379
6.23337
5.48934
6.14967
7.1046
6.03254
6.27736
5.77722
5.50266
6.55248
5.44043
5.09919
4.2191
4.86897
5.6657
6.56064
5.45392
5.42379
5.30361
5.66903
5.11486
4.44465
5.15183
5.81221
6.1139
5.20395
4.35881
4.95605
5.14113
5.71162
5.52219
5.59767
5.43899
4.6663
3.25854
3.80882
5.56881
4.84156
5.66889
4.34676
4.11476
4.16443
4.50301
4.46493
4.22468
3.72
4.24018
4.16411
4.82248
4.33238
