1.787140
1.844320
1.584120
1.860100
1.821770
1.771840
1.752850
1.729350
1.747910
1.824500
1.863310
2.117780
1.845250
1.874300
1.922200
1.770490
1.774780
1.876880
1.735280
1.898280
1.951830
1.987640
2.105370
1.899010
1.903860
1.846950
1.990340
1.904420
1.988960
2.109200
1.999990
2.413190
2.331160
1.884570
1.532640
1.741150
1.619040
1.915360
2.066070
2.059710
1.774840
1.730930
2.028350
1.907430
1.979190
2.149700
2.136540
2.115500
2.160850
2.137940
2.038860
2.152440
2.077930
2.089340
2.748480
2.070990
1.985490
2.105360
2.298760
2.113500
2.201040
2.194950
2.291580
2.209220
2.218020
1.928210
2.093060
2.283500
2.241670
2.412000
2.492890
2.197510
2.158020
2.545850
2.523960
2.483270
2.460620
2.493520
2.496640
2.568770
2.378160
2.484570
2.474390
2.284000
2.140220
2.675350
2.664970
2.653700
2.870930
2.500450
2.904200
2.884470
2.884660
2.793680
3.063430
3.305500
2.413820
3.124190
2.840680
3.060530
2.711670
2.336400
2.813070
2.762930
2.847890
3.526250
2.807120
2.975860
3.056900
2.544520
3.031180
3.231480
2.944030
2.371930
2.967720
3.307580
3.046400
3.015910
2.884400
3.014680
3.094880
3.040160
2.397600
3.349540
3.563280
2.869810
3.053090
3.187770
2.603320
2.916830
2.943330
3.085560
3.094770
3.276600
3.343840
3.776370
3.228710
3.282840
3.739090
2.798520
3.221690
3.855130
3.066380
3.933830
3.219880
3.076030
3.734070
3.537620
4.329490
3.556650
2.941330
3.825660
3.234910
3.492650
3.970620
3.635000
3.643670
3.236490
2.861010
3.749890
3.407320
3.714410
3.626640
4.810420
3.263790
4.347250
3.548550
3.873870
3.935220
3.953820
4.042790
3.953490
4.734550
3.600490
3.486900
4.277030
4.067590
3.555780
3.918810
4.130700
3.575060
3.720520
3.865420
4.146540
3.607320
4.356410
3.860340
3.987210
4.020900
3.976620
3.724940
4.411030
3.968680
5.223600
3.870090
4.264230
4.408030
3.761460
3.833060
4.175410
4.473900
4.549590
5.126690
4.527410
4.666620
3.745330
4.768290
4.948080
4.684370
3.994520
4.537790
5.060480
4.884220
4.310250
4.179250
4.129520
3.921890
4.525350
4.586370
4.560500
4.332300
4.437980
4.545270
4.286800
5.508840
4.731750
5.859860
5.400750
5.113950
5.150650
4.238820
4.377640
4.544880
5.053760
4.598590
4.914300
5.127580
5.855690
4.926190
5.383120
5.248150
3.982050
5.066190
4.328640
5.185760
4.791660
5.522400
4.803490
4.783760
5.684340
5.306470
5.993920
5.095310
5.585830
4.980250
4.718300
5.691070
5.142440
6.054090
4.696300
5.575530
5.245650
5.415730
6.001260
5.763770
5.633070
5.126290
4.695490
5.016370
5.882470
4.835410
4.915730
5.872510
4.887020
4.890910
5.869840
5.141460
5.289040
6.331730
4.486540
4.780660
6.531590
6.215600
5.889480
6.906740
5.620200
5.995140
6.091230
5.043540
6.134650
5.640120
5.146590
7.274700
5.521420
7.452990
6.467350
5.591270
5.073450
5.666610
5.252620
6.286800
6.266830
6.448100
6.528060
6.557400
5.742630
6.646040
6.578280
7.285590
9.101800
7.302590
7.665220
7.443670
8.304230
7.441950
8.128700
8.311470
7.901740
7.983710
8.054060
8.825920
7.501640
6.697190
7.528390
7.918600
7.655300
8.000560
7.862140
7.575190
7.400460
7.365960
8.174950
7.160970
8.622720
8.740180
9.193150
7.785230
7.062620
8.272070
7.282000
9.018320
7.576100
7.862590
7.926550
8.957810
8.106500
6.322260
6.400370
6.412630
6.690350
6.684620
5.985790
6.270600
7.258490
6.719230
6.781580
5.692000
6.979000
7.592850
7.851570
7.490600
7.634770
6.342810
6.104040
6.276500
6.769650
6.801860
6.595640
5.772350
6.102530
6.313790
6.638170
6.300050
6.302950
5.962760
5.873220
6.520210
6.333310
6.022480
5.732300
5.942320
5.712640
6.951880
5.907130
6.510050
7.687100
6.193820
6.311140
7.917790
7.951810
8.911130
8.275120
7.921290
7.017090
7.945490
8.601380
7.853920
7.163470
7.653130
6.450630
8.151350
8.282410
7.988830
9.031730
8.323470
6.952360
8.362610
8.687900
7.990400
6.645670
7.137760
7.792200
7.908640
7.441610
8.653430
6.903710
7.168860
7.538670
8.943790
7.135660
8.007530
8.244680
8.007900
8.885640
8.122260
8.308000
6.495240
8.074290
8.800030
9.280500
7.119810
8.011520
9.044440
9.445400
7.021940
9.297750
8.494410
7.848880
7.596910
7.515740
7.322970
7.276130
6.542180
6.152630
5.372790
6.360440
5.633170
5.525280
5.316210
6.211020
6.389840
6.421870
5.937060
6.335150
7.638700
6.374360
7.428740
8.303690
9.260530
8.045030
7.876290
6.504520
7.160580
4.795700
5.988050
7.985700
7.569140
4.884870
6.486730
6.942510
6.494670
6.133460
4.300090
7.041810
6.656710
9.051610
10.451100
9.533380
9.928250
16.321300
9.518070
10.406900
10.552600
7.513350
8.986140
10.567000
9.268400
8.671080
7.105530
9.900750
7.807000
7.386610
7.941240
7.838550
7.384260
8.198280
7.600740
8.222000
5.815840
7.388640
6.230770
7.288420
9.812740
6.162890
4.169430
7.929410
9.890310
3.267860
3.616050
2.918590
2.877360
2.823270
2.820080
3.077980
3.113560
3.135950
3.094510
3.306600
2.923390
3.452010
3.982460
6.515700
12.795300
13.667800
15.376000
12.081700
12.892300
14.098900
12.222000
7.952510
9.755990
7.504420
12.196600
11.030400
12.019300
9.241150
10.794100
8.663050
5.889700
8.795450
8.563280
9.443450
8.782970
10.255900
12.863200
12.460000
12.983700
12.122600
14.321900
12.440300
12.172300
10.187900
12.895000
12.647600
11.967400
13.556600
12.677900
14.164200
13.018300
11.579400
11.987200
11.436000
12.387700
15.540400
15.180500
16.101500
17.510400
12.922800
14.766800
4.890510
4.085370
3.867520
3.476720
2.854040
3.092320
3.007460
3.566680
3.235070
3.085200
