0.13002
0.291944
0.223123
0.305831
0.329281
0.369354
0.358302
0.287081
0.328287
0.309802
0.471105
0.302088
0.362244
0.355232
0.412439
0.325326
0.268985
0.269064
0.367123
0.395985
0.396756
0.405798
0.432688
0.406489
0.48281
0.442501
0.416
0.455243
0.491798
0.489041
0.456852
0.615407
0.641341
0.543604
0.64636
0.550152
0.5937
0.691297
0.675199
0.768682
0.642565
0.77754
0.933471
0.833203
0.784869
1.11606
0.832829
0.990276
1.18314
0.697859
0.8343
0.835732
0.976545
0.787124
0.79189
0.862026
0.676731
0.889375
0.822438
0.804897
0.754924
0.878922
0.893096
1.01226
1.28253
1.01404
1.29952
1.41598
1.48654
1.34867
0.994749
1.44508
1.56336
1.3715
1.3853
2.4186
1.67529
2.30232
1.5019
1.6646
1.0589
1.94544
1.66358
1.41466
2.08759
1.90077
1.53135
2.03302
2.05812
2.67136
2.42389
2.37731
2.12873
2.09052
2.01496
1.84407
2.52341
2.17085
2.35462
2.45132
2.19231
2.13657
2.73385
2.18323
2.5839
2.10575
2.58579
2.06817
1.96135
2.41975
2.95136
2.32931
3.10431
3.19479
2.3316
4.02222
2.66066
3.21108
2.7878
2.62058
2.72092
3.74101
3.01168
2.64622
3.31271
2.90397
3.77194
4.1371
4.59921
4.11361
4.04699
3.85405
4.35627
3.51483
4.85773
4.07582
3.29388
3.68483
4.93147
5.11604
4.6354
3.701
4.8759
3.46762
4.19614
4.04477
3.30462
5.00377
4.01175
4.12738
3.77039
3.35294
2.99616
4.22825
3.86549
3.46899
3.75865
4.39759
3.8643
3.42478
2.97402
3.3343
3.66814
3.3033
3.20729
2.897
4.13041
3.76691
3.79763
4.05207
3.54576
3.34332
3.89065
3.16528
3.60031
3.85485
3.75372
4.04391
3.77914
3.34498
3.28718
3.66034
3.6845
