5.44479
5.46966
6.46871
5.92986
8.52648
8.6904
10.1491
19.7276
9.84503
14.4837
21.3112
32.7493
29.3709
18.2471
19.5131
20.7819
24.37
20.4786
12.712
16.3829
14.872
13.6486
15.1669
9.53904
11.3074
10.8654
7.84029
9.69033
9.64226
8.39227
10.1467
10.0678
10.1405
11.0162
9.43864
10.1793
8.15981
14.3023
11.2202
12.8599
9.79674
10.3812
8.30886
11.986
9.8076
10.3055
14.214
9.33028
9.61549
8.75541
6.64029
6.43567
5.47734
5.37095
6.84851
5.34378
5.67799
4.82115
4.25952
3.71196
3.74569
3.8689
3.87789
4.49506
4.4692
3.51819
3.71773
5.29551
3.14447
3.74835
3.4642
3.7419
2.82452
3.03117
3.09992
2.86358
2.48038
2.77989
2.95302
3.27956
3.28239
3.17502
3.2104
3.79325
4.31626
3.0491
3.54384
3.00587
2.66099
2.85964
2.80409
2.50589
3.1614
2.89525
3.69553
3.218
3.13854
2.61329
2.50883
2.31347
2.18348
2.06911
1.74143
3.2523
4.05653
2.80902
3.32456
3.87376
4.02235
4.35667
2.45934
2.46888
2.6283
2.62165
2.63646
2.85573
2.37799
3.23474
2.81437
2.90373
2.43512
2.68938
2.27909
2.85633
2.5537
2.84073
1.9052
2.01269
2.51534
2.63776
2.01807
