1.68057
1.70064
1.51969
1.72262
1.81294
2.11027
2.01705
1.76762
1.94236
1.83601
1.78171
1.89869
2.02095
2.2064
2.27055
1.95094
2.26582
1.86837
1.75015
1.54251
2.04696
1.88992
2.10214
1.96989
2.07424
1.90616
2.06136
2.40235
2.39828
2.09826
2.29034
2.13377
2.16653
2.31128
2.18444
2.29154
2.50586
2.2148
2.64192
2.39548
2.45172
1.93019
2.24464
2.27209
2.28402
2.22415
2.17116
2.43075
2.39526
2.74801
2.26911
2.40819
2.57603
2.77593
2.53966
2.28727
2.55785
2.42062
2.43959
2.48889
2.61885
2.7966
3.06447
2.60177
2.97049
2.52042
2.56334
2.67695
2.94305
3.45533
2.68703
2.42018
2.15948
2.64402
2.21166
2.889
2.969
2.82183
2.54049
2.64544
2.68375
2.60372
2.55764
3.07634
2.77702
2.54317
2.60306
3.03496
2.93961
3.00614
2.91479
3.27146
3.4121
3.41743
3.02348
2.60139
3.6082
3.05853
3.17189
3.3656
3.38328
3.24383
2.90038
3.12686
3.16237
3.21504
2.81942
3.28886
3.8346
3.3558
3.19858
2.85623
3.22595
2.76405
3.06786
3.38683
3.56284
4.02453
4.13154
4.06909
4.17194
4.01841
3.7371
4.1777
3.74305
4.35829
4.5036
4.65511
4.82948
4.50524
4.15869
4.53481
4.5981
5.48861
4.99256
5.12034
5.09957
5.56308
4.9799
5.00422
4.28853
5.42328
5.4293
4.82313
5.29682
5.53082
5.82109
4.79527
5.95139
6.47067
4.57566
5.61573
6.34466
6.11962
5.79862
5.37251
5.78819
6.20362
5.7202
5.28473
5.61043
5.33741
5.65048
5.85482
5.98177
5.58938
5.54908
6.36861
5.43384
4.58898
5.5529
5.37584
5.80021
5.94007
4.8851
5.22247
4.88416
5.01008
4.8895
5.46295
5.37235
5.62385
5.46646
4.65835
4.96776
4.8652
4.56509
4.46756
5.27373
4.85044
5.10142
4.68435
4.96468
4.98932
4.84326
5.12886
5.04914
4.75229
5.02683
4.89334
4.755
5.13568
5.18038
5.47806
5.26502
4.83351
5.67586
5.0986
4.99982
4.86776
5.05209
5.61648
5.80783
5.07246
4.69816
5.75587
5.12884
5.32474
5.11388
5.30793
5.11428
5.07621
4.95971
4.62774
4.96531
5.14043
4.76127
5.00797
4.83162
4.17589
4.13941
5.19839
6.19328
4.43709
6.0391
4.38274
4.41469
3.84255
4.29055
4.90729
5.09589
5.72697
5.33543
4.76208
4.75043
4.38714
4.49691
4.63577
6.64699
4.15847
3.6284
4.1197
5.41658
3.12647
4.45747
3.3324
3.70596
3.93247
4.95878
6.12318
7.41717
8.40282
7.46735
5.70064
4.87869
4.17052
2.90243
6.32814
7.29726
7.19019
6.03617
4.31776
5.74844
5.93044
5.08194
3.61565
7.0285
7.33345
4.24421
4.24476
4.81074
4.62334
5.03925
4.8831
5.11557
4.96148
5.28525
5.25603
5.06409
3.76316
4.55618
4.38581
3.57605
4.57029
4.95343
4.17375
4.37691
4.64201
3.91696
3.98119
4.62632
