0.235694
0.247127
0.240846
0.265923
0.307745
0.293677
0.310648
0.264354
0.235864
0.191292
0.18627
0.187191
0.175499
0.18185
0.200683
0.165819
0.236073
0.249705
0.280943
0.311477
0.307215
0.338812
0.335916
0.328346
0.450164
0.3743
0.34703
0.345695
0.418197
0.419425
0.60597
0.507676
0.412106
0.506931
0.54361
0.603525
0.688512
0.675706
0.774644
0.922268
0.772292
0.704577
0.570227
0.559257
0.881135
0.87074
1.01058
1.01472
1.06334
0.793867
0.807292
1.06967
0.610996
1.19499
1.37463
0.700819
0.98837
1.17545
1.35977
1.32144
1.10056
1.4899
1.46878
0.937005
1.10199
1.03071
1.14568
1.23223
1.3698
1.34447
1.63213
1.41014
1.9499
1.84981
1.67572
1.24434
1.44407
1.21203
1.1466
2.1539
1.38364
1.07758
0.891027
1.5515
1.35164
1.22423
1.71825
1.58282
1.56201
1.46002
2.38139
1.56247
1.49806
2.90153
1.17874
1.4873
1.53063
1.9546
1.06717
1.20311
1.37021
1.31538
1.84263
2.35567
1.74166
1.32795
1.87577
1.44081
2.88144
2.82198
1.70333
1.78317
2.33918
2.3099
2.84077
3.0099
2.81486
2.11843
2.21162
1.16783
1.7851
1.55143
1.57185
1.76109
1.43165
1.66889
1.63235
1.86182
1.98107
1.36194
1.87889
2.32999
2.19115
2.65489
2.52106
2.20968
1.53187
2.48472
2.1733
2.2116
2.12684
2.44674
2.092
1.88471
2.04074
2.5626
1.82813
2.36093
1.81082
2.07979
1.66028
1.88278
1.68239
1.5869
1.79101
1.45912
1.35893
1.66012
1.37143
1.18032
1.4774
1.21695
1.02557
1.85647
1.3056
1.74081
1.90156
2.94117
1.30699
1.82911
1.68944
1.73868
1.52007
1.46995
0.899604
1.40322
1.5333
1.60718
1.54617
1.66594
1.63448
1.6307
1.18158
1.14405
0.808318
0.952715
0.904076
1.69239
1.25296
0.901207
0.808684
0.728343
0.737146
0.605649
0.66771
0.828185
0.799976
0.653465
0.820956
0.59283
0.495594
0.842612
1.01551
0.633277
0.619348
0.992012
0.843918
0.878365
0.726921
0.455599
