0.623854
0.595283
0.601339
0.581971
0.628382
0.718005
0.591315
0.650378
0.695941
0.70788
0.685552
0.751064
0.778477
0.956164
1.01599
0.719021
0.612714
0.72313
0.4321
0.52266
0.831183
0.803043
1.10813
0.739879
1.12954
1.67868
1.4675
1.35884
1.02772
0.828862
0.909303
1.09239
0.914308
0.882658
1.37244
1.17512
0.953078
0.962103
0.603424
0.932471
1.1829
1.23224
0.773327
0.738684
0.715052
0.549309
0.762131
1.02618
0.961394
0.891074
1.08244
1.00805
1.11518
1.03607
1.0236
0.89022
0.971141
1.42979
1.36249
1.1096
1.57705
1.10529
1.13575
1.30648
1.43517
1.35654
1.37781
1.56127
1.13073
1.72434
0.941954
0.93571
1.10798
1.32624
1.74903
1.68896
1.51526
1.27823
1.46229
2.41453
1.71691
1.0124
1.10483
1.54083
2.84939
0.978086
1.40415
1.59091
2.02742
1.21519
1.78417
1.92041
1.75191
2.18138
1.70039
1.0141
1.22067
1.65989
1.17883
0.934351
1.50118
1.72535
2.72408
1.7962
1.79194
2.06913
1.15422
1.75301
0.716322
1.66909
1.07546
0.962798
2.19956
1.61485
1.94166
2.0634
1.61018
1.91832
2.9541
1.86495
1.04262
1.20232
0.935839
0.798591
1.54034
1.78672
0.953026
1.74026
2.0892
1.41794
1.09768
0.982838
0.698132
1.71819
1.39361
1.51772
1.14501
1.29054
0.982132
1.2454
0.947142
1.42316
1.11569
1.22034
1.06664
1.49093
0.81206
1.20648
1.62222
1.47392
1.11009
1.31468
1.88036
2.05258
0.86904
0.662579
0.742101
0.619101
1.1926
1.48563
1.69916
2.05323
1.92473
1.64935
3.09873
1.03777
0.859029
1.44911
3.61305
