0.141719
0.142484
0.137773
0.140507
0.1453
0.138368
0.150197
0.144241
0.146097
0.156611
0.146269
0.134556
0.153909
0.152255
0.142147
0.142644
0.141234
0.167375
0.170508
0.152278
0.175991
0.294285
0.252715
0.180336
0.449776
0.294509
0.69505
0.445382
0.36873
0.227474
0.372757
0.410781
0.21616
0.57306
0.672165
0.753725
0.592249
0.642742
0.678386
0.643712
0.71899
0.522485
0.496984
0.568925
0.464436
0.558321
0.483524
0.55845
0.468966
0.401939
0.451741
0.441292
0.509417
0.524571
0.472928
0.35407
0.434592
0.405996
0.480635
0.494687
0.340447
0.361336
0.474276
0.355617
0.446242
0.443838
0.454596
0.532172
0.578229
0.424191
0.508164
0.501183
0.540122
0.634065
0.460061
0.505437
0.585071
0.548566
0.571457
0.468127
0.43706
0.401298
0.476226
0.425156
0.385444
0.407105
0.425167
0.410797
0.45718
0.369851
0.357539
0.426796
0.388495
0.43713
0.419685
0.424664
0.43455
0.421356
0.423723
0.486761
0.495292
0.374697
0.477843
0.527076
0.492156
0.544566
0.398475
0.442004
0.455965
0.460484
0.396186
0.406641
0.459809
0.494477
0.471536
0.477656
0.554028
0.470159
0.53217
0.313639
0.47239
0.570789
0.471379
0.487054
0.432039
0.47854
0.440217
0.370257
0.445977
0.507681
0.394126
0.508026
0.363425
0.56119
0.443507
0.538847
0.395261
0.280611
0.394581
0.470103
0.375037
0.389483
0.359858
0.429462
0.430059
0.352251
0.402786
0.458493
0.360826
0.337529
0.374392
0.457905
0.463217
0.393268
0.46875
0.464438
0.400481
0.380204
0.345588
0.491565
0.481546
0.341201
0.351867
0.414641
0.406364
0.416733
0.507474
0.42157
0.386933
0.345958
0.283897
0.453413
0.323708
0.329999
0.294822
0.290507
0.41059
0.314552
0.37477
0.30746
0.273826
0.406175
0.415939
0.431688
0.343437
0.306779
0.438509
0.414077
0.347009
0.292477
0.358927
0.320834
0.350679
0.267943
0.29228
0.327239
0.251909
0.307641
0.304317
0.289626
0.372429
0.29641
0.304092
0.265448
0.267554
0.274547
0.250603
0.246771
0.267053
0.290944
0.311186
0.279652
0.216369
0.257317
0.269635
0.258777
0.250826
0.24416
0.240277
0.247503
0.243538
0.258855
0.24047
