0.812092
0.584505
0.684078
1.80632
2.62342
2.70754
2.37436
2.43393
2.47928
2.21449
2.29136
2.69827
2.23944
2.28152
1.72284
0.98533
1.37966
2.03312
2.19734
1.51
1.94778
1.33946
0.984084
0.745036
0.414676
0.35411
0.281966
0.23179
0.407352
0.464514
0.627612
2.71241
2.04942
1.85957
1.59913
1.81962
1.8212
1.56172
1.73328
1.70291
2.06325
1.76004
1.49452
1.45618
1.40877
1.6216
1.73134
1.60516
1.48324
1.61961
1.59901
1.54963
1.97364
1.40932
1.33496
1.38867
1.28767
1.46298
1.28465
1.48207
1.54983
1.41864
1.22209
1.24903
1.55186
1.97371
1.55071
1.42113
1.54457
1.57588
1.42616
1.36512
1.24471
1.35791
1.75328
1.92619
1.50252
1.46908
1.77266
1.7047
1.38881
1.71487
1.42771
1.95973
1.56445
1.36806
1.56694
1.21386
1.88932
1.68937
1.27401
1.41166
1.71427
1.7085
1.82972
1.46246
1.379
1.38735
1.52565
1.20856
1.72616
1.41904
1.5326
1.0512
1.35302
1.34551
1.23806
1.60794
1.52379
1.36854
1.57942
1.49886
1.61248
1.34355
1.18436
1.20664
1.1421
1.1651
1.25322
1.29167
1.2584
1.37132
1.14636
1.2936
1.32914
1.12226
1.44411
1.3044
1.15756
1.20156
1.07977
1.34628
1.13698
1.15832
1.21961
1.25543
1.16175
1.07568
1.05716
1.00835
1.14532
1.26161
1.19328
0.863029
1.11434
1.40171
1.01657
1.06977
0.871742
0.867222
1.24625
1.27316
0.94203
1.11402
1.0127
1.1011
0.98092
0.9402
0.855572
0.688064
0.820147
0.997765
0.825287
0.97212
0.795876
0.823602
1.21115
0.803598
0.753094
0.812289
0.806954
0.660469
0.686905
0.709833
0.736206
0.793582
0.766029
0.755331
0.608566
0.656631
0.534591
0.696458
0.941128
0.616441
0.611835
0.745971
0.513012
0.572991
0.644546
0.64309
0.579271
0.552303
0.543736
0.650724
0.528278
0.502046
0.447219
0.451429
0.47545
0.381346
0.349938
0.345919
0.423631
0.329847
0.369995
0.37607
0.303741
0.326035
0.318771
0.338037
0.316854
0.319856
0.30691
0.259024
0.257138
0.271277
0.247975
0.209238
0.19753
0.203057
0.164136
0.145272
