4.623910
4.188970
3.965580
4.591010
3.606070
4.247170
5.804300
4.711950
4.843090
5.487700
5.484690
4.701550
10.358600
6.126820
6.046180
6.458340
6.937580
7.554010
10.655300
10.184100
8.175360
7.745190
7.873870
8.501510
8.075580
11.395300
8.426100
7.573330
8.526670
8.566170
14.131100
15.028600
17.043500
14.378400
17.251600
14.527200
19.762500
13.495800
14.041800
14.930900
18.006000
18.364300
20.391300
19.538200
16.731600
22.023200
16.097700
20.196100
16.862600
18.228700
18.085900
21.907700
15.145100
22.717300
21.050300
21.856800
22.362400
20.351300
24.828700
22.211200
19.515400
20.645100
21.674800
20.982700
20.973400
20.267000
22.196500
18.889500
18.287200
20.638000
23.574400
23.272600
25.531400
25.245300
26.715900
21.027900
22.404900
24.554000
23.515800
23.110600
27.391600
23.422400
24.520600
29.333000
27.690600
25.786900
24.066100
28.205800
27.130300
23.691600
25.819300
28.034600
25.991700
24.808600
22.335000
24.967200
29.467900
26.808500
29.008300
26.049200
25.039200
26.112300
25.789800
26.946800
24.512800
22.739600
24.765000
25.341300
21.520900
22.560600
25.610700
26.741800
34.477800
13.971700
