0.623085
0.624733
0.589038
0.561118
0.730752
2.47049
2.48998
2.32819
1.49969
1.14304
1.17444
0.642944
0.828085
0.879478
1.3413
1.63849
2.59177
3.79771
2.43016
2.13419
2.24825
2.81023
2.17934
2.17938
1.96656
2.43772
2.7145
2.39304
2.61418
2.71101
2.74942
2.61016
2.71529
3.00445
2.77316
3.39009
3.1723
2.93431
2.68512
3.14596
3.14365
3.24798
3.62466
2.6054
2.37663
2.3951
2.01656
1.69134
1.9493
1.97589
3.93489
3.85186
3.67366
3.22515
3.1016
2.28033
2.69132
1.9875
2.14114
2.06107
1.47522
1.66636
2.6053
1.78869
2.04472
2.70253
2.4341
1.30904
1.53474
1.96765
1.32416
1.68772
1.97401
1.32585
1.72258
1.94764
1.80616
2.98
2.2176
2.79126
2.45042
4.30954
2.7409
2.96938
3.07434
3.81625
3.26996
3.16213
3.45412
3.41593
3.41029
3.9414
3.25931
3.06573
3.07658
3.25545
3.59787
3.05416
3.53727
3.28025
3.20643
2.25122
1.97783
2.23507
2.2636
2.59677
2.15161
2.29881
2.04165
1.91195
1.82319
1.46452
2.44425
2.63772
2.99115
2.6937
1.20005
1.3306
0.997178
1.2604
0.878578
0.85007
0.971864
0.732222
0.594966
0.464116
0.781991
0.726781
1.14828
1.31321
1.05588
1.10382
1.12133
1.1038
1.11333
0.804763
0.855479
0.756178
0.800619
0.747646
1.14627
0.925939
0.663793
0.682947
