0.970848
0.851068
0.607772
0.680851
0.743252
0.618467
0.486981
0.658984
0.837871
1.13675
0.88306
0.769975
1.01775
0.980846
0.939231
0.942188
0.507375
1.03973
0.943141
0.869324
0.685342
0.884106
0.831943
1.24404
0.892124
0.64768
0.829974
1.04896
1.03133
1.05243
1.0614
0.944196
1.38504
1.22082
1.09257
0.694622
0.966621
1.67836
0.925584
1.21078
1.38205
1.16633
1.27968
1.45804
1.08463
1.80655
1.519
1.32189
1.21624
0.850161
0.974351
1.40853
1.49843
1.38604
1.0565
1.41777
1.92676
1.50089
1.29025
1.54485
1.2387
1.58964
1.10889
1.02981
1.20909
1.44243
1.64784
1.57056
1.49626
1.49503
1.26969
1.22918
1.54275
1.50147
1.81651
1.72228
1.88472
1.86414
1.91067
1.75649
1.79677
1.66369
1.94478
1.93291
2.11631
2.41277
1.74915
1.37688
2.52648
2.08281
2.05134
2.16559
2.13036
1.81525
1.7726
1.71955
1.7377
2.14767
1.78463
2.10612
2.02331
2.02423
1.87578
1.86738
2.1585
1.84938
1.64117
1.37767
1.74882
2.30057
2.52575
2.1412
2.15433
2.01895
2.21517
2.04459
2.29923
2.16456
2.04901
2.3225
2.19589
2.64712
2.83092
2.71882
2.84138
2.69601
2.45299
2.20163
2.43564
2.38917
2.48338
2.10405
2.39496
2.68596
2.34153
2.61628
2.56083
2.73291
2.55444
2.83067
2.57736
2.32379
3.10369
2.85313
3.67164
2.97884
2.89568
2.53678
2.32224
2.38808
2.4809
2.47869
2.53398
2.37571
2.43316
2.5927
2.98705
1.74739
1.80027
1.78575
1.93351
2.34236
2.83095
2.26883
2.70007
1.3946
2.95753
2.62659
1.99031
2.09221
2.58044
2.60414
2.15901
2.59211
2.19347
1.79319
2.35886
2.31475
2.29734
2.78741
3.09019
2.74643
2.35616
2.82412
3.45791
2.89679
2.65921
2.31341
2.40574
3.32992
2.59125
3.14848
3.36686
3.87676
3.06453
2.89726
2.13714
2.92861
3.78316
2.83737
2.82689
2.19499
2.55497
1.49041
0.833465
0.979807
0.687829
0.883449
0.798555
0.86401
0.753828
0.593686
0.646294
0.978233
0.666858
1.1277
2.60636
2.51904
1.61911
2.40517
2.23975
2.20257
2.34831
2.59682
2.31689
2.17297
1.74394
2.74413
2.10021
2.97882
2.84195
1.94696
1.94823
1.42507
1.59189
1.82658
2.5521
2.42442
2.63327
1.67467
1.15352
1.33463
2.55395
3.41045
3.77716
3.21957
3.35309
3.02398
2.93075
