0.125302
0.105286
0.101809
0.0800657
0.102708
0.100032
0.128055
0.155193
0.195106
0.256017
0.193277
0.178912
0.126406
0.117541
0.196873
0.249995
0.160604
0.208722
0.223796
0.465493
0.401717
0.450592
0.409963
0.366483
0.428303
0.521094
0.503999
0.568086
0.915769
0.762239
0.728371
0.807389
0.837545
0.946739
0.650994
0.865086
0.871971
0.909384
1.14105
1.04153
0.842938
0.832388
0.737155
0.967021
0.996007
1.34015
0.63252
1.14937
0.764178
1.11465
0.928689
1.14972
0.981875
1.05812
0.929544
1.30644
1.42809
1.26918
1.3402
1.04514
1.40337
1.2892
1.3842
1.51608
1.32934
1.98116
1.35225
1.45105
1.71268
1.94275
1.49684
1.76009
1.78241
1.60862
1.63925
1.92753
1.92546
1.98212
1.6859
1.42155
1.64103
1.79245
1.49583
1.61281
2.19088
2.00313
1.82154
1.85313
1.83761
1.8952
1.87095
1.54074
1.84512
1.8573
1.98217
1.89721
1.92291
1.73601
2.02303
2.04875
2.07535
2.27435
2.1369
2.01115
1.90996
