0.43486
0.389071
0.445686
0.360268
0.267663
0.394697
0.510344
0.415696
0.367779
0.391105
0.370368
0.38647
0.32406
0.384276
0.320706
0.229435
0.270325
0.288648
0.257036
0.263384
0.245176
0.263622
0.297622
0.304039
0.269072
0.298386
0.269548
0.234595
0.234011
0.245914
0.224495
0.260634
0.230051
0.303239
0.279705
0.278112
0.316052
0.34432
0.264124
0.317386
0.31606
0.309503
0.33833
0.370916
0.30215
0.292547
0.283739
0.256083
0.3164
0.234211
0.341045
0.454204
0.192361
0.300488
0.46308
0.305929
0.318742
0.266584
0.257944
0.221156
0.247048
0.206304
0.243234
0.265803
0.21881
0.228012
0.204742
0.242203
0.243776
0.197813
0.239648
0.232082
0.224693
0.265575
0.282043
0.269613
0.274467
0.283607
0.278093
0.309729
0.257767
0.248298
0.241609
0.268456
0.257916
0.289397
0.279421
0.291086
0.272653
0.266654
0.284458
0.239932
0.272657
0.327099
0.293225
0.29131
0.244628
0.263485
0.321126
0.30422
0.238138
0.20093
0.186615
0.252304
0.208966
0.260396
0.265781
0.219367
0.179966
0.185688
0.160862
0.192154
0.209238
0.22861
0.182502
0.188653
0.170073
0.194203
0.206848
0.175679
0.181724
0.204976
0.180093
0.199276
0.223226
0.235641
0.193381
0.203005
0.213423
0.181409
0.190161
0.181414
0.162276
0.177232
0.180193
0.190061
0.225181
0.1853
0.213496
0.226539
0.193434
0.168036
0.190692
0.175725
0.209101
0.200356
0.161443
0.190276
0.190005
0.168885
0.198479
0.175476
0.192192
0.191609
0.201922
0.199443
0.206268
0.201014
0.223873
0.163808
0.183648
0.183472
0.18347
0.198103
0.218945
0.220579
0.222473
0.192741
0.196712
0.206427
0.184616
0.215294
0.179928
0.190105
0.193642
0.164448
0.176965
0.191695
0.177347
0.226471
0.173445
0.186312
0.163778
0.1887
0.194707
0.186211
0.213717
0.195612
0.207633
0.182968
0.206258
0.216742
0.205539
0.210321
0.184812
0.222325
0.183221
0.191237
0.204628
0.204555
0.206367
0.204724
0.203465
0.21203
0.215325
0.207361
0.230517
0.220823
0.205529
0.178468
0.186362
0.199872
0.18451
0.205687
0.189542
0.21864
0.227074
0.234746
0.227586
0.213755
0.218417
0.200504
0.197865
0.204294
0.198125
0.213629
0.188311
0.216534
0.213348
0.212406
0.214251
0.217671
0.207092
0.220002
0.193102
0.191851
0.196542
0.209388
0.199834
0.22144
0.226506
0.209309
0.189978
0.218159
0.204155
0.238941
0.227307
0.23022
0.194046
0.233317
0.189119
0.226016
0.210528
0.207846
0.203269
0.25497
0.254085
0.245126
0.165377
0.170217
0.214979
0.218503
0.230859
0.192829
0.201161
0.206919
0.211976
0.198058
0.200428
0.197169
0.190602
0.210748
0.178852
0.209254
0.181708
