0.348834
0.339135
0.181448
0.221305
0.233612
0.203435
0.202301
0.218953
0.271981
0.281563
0.326345
0.254007
0.353311
0.380597
0.329177
0.337583
0.286128
0.387559
0.434215
0.368545
0.330233
0.375115
0.373225
0.415382
0.479805
0.318597
0.485753
0.39149
0.314371
0.367549
0.339679
0.381736
0.385063
0.456289
0.269186
0.712718
0.526548
0.311857
0.456316
0.445403
0.64848
0.602426
0.451218
0.617179
0.583459
0.550246
0.739379
0.560053
0.672273
0.801448
0.671337
0.902171
0.974952
0.687749
0.898181
0.65971
0.991284
0.808034
0.816091
0.874499
0.756463
0.771039
0.886519
0.845408
0.825641
0.809362
0.722326
0.512893
0.696808
0.859513
0.548936
0.917541
0.503361
0.880296
0.858066
0.665354
1.40962
0.763639
1.1576
1.15681
0.875348
0.763318
0.761277
1.21593
1.29284
0.800698
0.845868
0.957607
1.12518
1.28578
1.19594
1.26533
0.946539
1.08871
1.02461
1.33542
1.24189
1.29224
1.21192
1.22812
1.03528
0.889107
1.21436
0.880469
0.725249
0.48485
0.721252
1.37277
1.11591
1.55616
1.3446
1.06824
1.25218
1.1799
1.53097
1.38455
0.798344
1.3467
1.18149
1.54291
1.37573
1.4937
1.31149
1.43954
1.19088
1.39618
1.59348
1.65862
1.73028
1.4266
1.49583
1.05837
1.59727
1.46353
1.40824
1.49851
1.46356
1.59623
1.69089
1.21622
1.93264
1.6499
1.37879
1.3087
1.71306
1.77731
1.2964
1.63687
2.35245
1.59626
1.29586
1.42336
1.81899
2.05303
1.25967
1.9107
2.05065
1.42614
1.25067
2.10464
1.93448
1.49541
1.34884
1.60966
1.53629
1.71005
1.84743
1.79721
1.40256
1.42664
1.73313
1.66594
1.73355
1.90381
1.51108
1.60831
1.73558
1.76686
1.74471
1.77299
1.65065
1.80953
2.02346
1.7133
1.76918
1.46118
1.60186
1.6042
1.85772
1.79118
1.40329
1.69577
1.55609
1.75361
1.9402
1.588
1.54052
1.57424
1.49701
1.57547
1.81834
1.68263
1.37479
1.67083
1.6758
2.0215
1.76721
1.6577
1.55912
1.599
1.81794
1.3081
1.63684
1.92908
1.87169
1.69713
1.75018
1.7519
1.43273
1.68288
2.40209
2.04209
2.03413
1.67182
2.05401
1.81227
2.23015
2.26967
2.29763
1.71876
1.99553
2.68672
2.65874
2.39956
2.73692
2.05395
2.09061
1.54463
2.07993
2.11296
2.53071
2.21704
2.03198
2.61244
1.81217
2.23236
2.21087
2.23359
2.68141
2.9351
2.43575
2.89474
2.37525
2.71314
1.96423
1.92176
2.50199
2.2705
2.02793
2.34956
2.32872
2.34998
2.49833
2.74359
2.49261
3.28372
3.92049
3.57801
3.3408
3.07909
2.58823
3.94151
3.61186
1.99087
1.72944
1.87696
1.82191
2.42149
2.30608
2.16532
3.0308
3.04961
4.04847
4.65958
4.50683
4.49429
3.47354
4.02142
4.59653
4.32846
3.50668
4.75379
3.83875
3.44365
3.50544
4.51454
4.08363
3.6165
5.64385
3.89376
4.28184
