0.0889322
0.0812895
0.221165
0.335712
0.326912
0.271103
0.296663
0.303522
0.293184
0.269874
0.240404
0.24892
0.228284
0.22831
0.265449
0.269682
0.233686
0.409036
0.351068
0.473477
0.342949
0.429679
0.481719
0.517501
0.555691
0.609608
0.637814
0.541251
0.506488
0.498511
0.374457
0.445449
0.563566
0.515534
0.398077
0.379044
0.523842
0.523603
0.438267
0.602757
0.672289
0.696756
0.525189
0.637891
0.496884
0.477255
0.486846
0.610821
0.521104
0.547453
0.542322
0.641417
0.677441
0.696395
0.699193
0.915306
0.925992
0.6416
0.608665
0.589381
0.558131
0.588384
0.636089
0.605349
0.557668
0.626466
1.46206
1.29567
0.89619
0.782156
0.801612
0.630185
0.992631
1.05749
0.639555
0.966317
0.751231
0.641162
0.61554
0.741722
0.924855
0.884302
0.661639
0.645315
0.532072
0.716708
0.779111
0.707537
0.788124
0.906117
0.587393
0.59269
0.437144
0.657832
0.948952
1.16171
0.374581
0.521484
1.56389
0.763197
0.698919
0.443377
0.315079
0.716955
