2.1122
2.66351
2.09534
2.30145
1.79969
1.65892
1.27468
1.53267
1.46106
1.64893
1.38361
1.87794
2.16818
1.73669
2.12394
1.97951
2.15631
2.01999
1.4045
1.51773
1.43648
1.89754
1.70317
1.70137
1.84934
1.94221
1.7049
1.51941
1.83777
1.67366
1.93725
1.81504
1.55164
1.62011
1.87305
1.45176
1.5907
1.45247
1.70021
1.64277
1.62147
1.67676
1.74248
1.67464
1.81032
1.67816
1.82416
1.60574
1.73936
1.66717
1.58898
1.74388
1.61564
1.60562
1.31782
1.81
1.46462
1.85192
1.66594
1.63723
1.48393
1.68358
1.77859
1.60385
1.57001
1.89306
1.58894
1.83055
2.00768
1.88137
1.54162
1.64039
1.72295
1.72897
1.54657
1.82972
1.76082
1.89841
1.71872
1.38283
1.5239
1.62183
1.95067
2.45542
2.00086
1.42741
1.39468
1.65049
2.2297
1.91729
1.54685
1.97987
1.60248
1.75813
1.63583
1.60947
1.97627
1.70642
1.40292
1.86703
1.39299
1.55489
1.60609
1.61895
1.90851
1.74741
1.61495
1.63822
1.34069
1.55566
1.92564
1.79458
1.93559
1.60241
1.7271
1.61138
1.42079
1.63745
1.72044
1.57857
1.72561
1.49075
1.52223
1.36769
1.46821
1.26288
1.58176
1.56351
1.59927
1.77963
1.6974
1.74725
1.46693
1.50933
1.47782
1.85712
1.60518
1.55007
1.70756
1.71407
1.78049
1.92146
1.69763
1.89399
1.72691
1.8763
1.85569
1.65136
1.4158
1.21973
1.30021
1.55261
1.48995
1.92515
1.48628
1.66792
1.73487
1.2659
1.31729
1.27284
1.05623
1.24933
1.41874
1.62309
1.45853
1.36525
1.49252
1.49149
1.16082
1.34905
1.38719
1.42595
1.25814
1.40467
1.17231
1.2243
1.20915
1.2397
1.32369
1.29115
1.25199
1.11262
1.14573
1.25787
1.00051
1.10377
1.02079
1.09556
1.19057
1.3306
1.18314
0.980429
1.09892
1.42883
1.09661
0.916225
1.00329
1.19513
1.38686
1.95892
1.19835
1.15612
1.13789
1.1506
1.15705
1.76261
1.83441
0.885552
0.923977
1.19341
1.08625
1.74857
1.82605
1.65986
1.47842
1.38709
1.34132
1.15289
0.764482
0.953955
0.830898
0.9248
1.92152
0.993378
0.875381
0.991587
1.90055
1.50425
1.13818
1.01165
1.40175
1.49767
1.2999
1.12401
1.37387
1.41404
1.40887
1.60158
1.45904
1.43162
1.21582
1.47862
1.75874
1.19842
1.45892
1.23609
1.22168
1.05816
1.16721
1.26092
1.11881
0.961593
1.07095
1.29484
1.44284
1.56698
1.44658
1.16464
1.50726
1.14369
1.16529
0.918765
1.18048
1.29924
1.04195
1.31249
1.00885
0.966667
0.991848
0.992226
1.03013
0.888462
0.997392
0.960863
1.03826
1.10055
1.1577
1.12126
1.38663
1.07826
1.06394
1.10337
1.09101
1.01658
0.997085
1.0171
0.802288
1.03123
1.02498
0.844991
0.891858
1.1651
1.09239
1.47086
1.30752
0.989913
1.2754
1.24703
1.21509
1.12211
1.09082
1.20039
1.15685
0.983756
1.22757
1.0872
1.29141
1.05014
1.06851
0.920506
1.09252
0.924191
1.207
0.985848
1.40457
1.24507
0.872196
1.10498
0.98007
1.08849
1.07569
1.06219
0.889985
0.951511
1.18221
1.09136
1.27258
1.11723
1.02442
0.921374
1.12383
0.926674
0.905869
1.03869
0.851283
0.720138
1.03306
0.870382
0.635718
0.981361
0.667277
0.735356
0.697779
0.655813
0.669504
0.683156
0.75444
0.824034
0.712504
0.989826
0.818521
0.659253
0.715479
0.778716
0.776026
0.71963
0.67904
0.719735
0.664033
0.667128
0.703158
0.473467
0.553671
0.725338
0.614587
0.489742
0.646843
0.571807
0.597032
0.59766
0.523015
0.447604
0.39009
0.407445
0.490383
0.387674
0.503044
0.574767
0.343158
0.398836
0.40657
0.455596
0.411166
0.452381
0.50343
0.520033
0.611359
0.540916
0.595041
0.468271
0.561096
0.560942
0.582527
0.549219
0.528212
0.534721
0.601646
0.602122
0.506887
0.53062
0.480406
0.415322
0.458006
0.409275
0.340589
0.376466
0.380837
0.44014
0.502265
0.457223
0.349411
0.398558
0.344278
0.409551
0.349782
0.348691
0.383191
0.406127
0.41105
0.382504
0.37613
0.362126
0.349824
0.327523
0.296229
0.28377
0.320438
0.321678
0.339542
0.344478
0.337827
