0.129334
0.127907
0.144689
0.133081
0.128839
0.124545
0.134318
0.137019
0.130288
0.113469
0.0960816
0.138985
0.109537
0.135711
0.141677
0.17009
0.206939
0.167237
0.241399
0.249524
0.293887
0.295195
0.371162
0.412307
0.523785
0.47784
0.499963
0.670365
0.637938
0.680024
0.653995
0.575753
0.798482
0.83178
0.835492
0.929219
0.894192
0.907007
1.01758
1.29294
1.0065
1.21375
1.18253
1.17911
0.869105
1.14823
1.33189
0.934708
1.08733
1.436
1.45409
1.7872
1.87582
1.83546
1.90163
2.00421
1.85819
2.37346
2.11784
2.06458
1.78204
1.67916
2.14989
2.40962
1.71646
2.51074
2.59387
1.99921
2.16388
2.28978
1.75612
2.54956
2.45818
2.81444
3.01959
2.08064
2.36942
2.34572
1.98408
2.39117
2.44177
2.81708
2.54593
2.81445
2.35211
2.4591
2.74834
2.4221
2.85181
3.27213
2.89657
3.75909
3.93551
3.84452
4.04237
3.35893
3.13744
3.30895
3.39195
2.80362
3.63482
3.46669
2.57579
3.22657
3.14141
3.9971
3.54989
3.55193
4.03107
4.07471
3.76674
3.43848
3.94675
3.49288
4.08195
3.67149
3.66061
4.01207
4.26721
3.68848
4.93932
3.61918
4.05662
4.25469
3.97789
4.7532
4.85284
5.29391
3.87691
4.70967
3.9052
5.35317
4.86883
4.87545
4.44494
4.68366
4.56629
4.12393
4.12766
4.02344
5.64055
4.39532
4.12623
4.68427
4.05308
4.20877
5.03534
5.24564
5.12437
5.39592
4.77038
3.94566
4.99078
3.83952
4.54241
4.45843
4.52173
