2.06047
5.43645
13.3021
21.1359
29.4759
23.7419
11.3919
13.6981
14.4382
14.1325
10.5457
12.5467
10.2798
10.9961
11.2768
14.7003
11.296
8.98256
9.39546
9.72097
8.82938
6.02059
7.96894
10.4425
13.8837
12.2521
10.4869
10.7099
11.1226
11.6794
14.6759
11.9581
12.78
13.915
12.8738
11.4979
11.2424
10.8344
10.5393
10.3522
11.6651
10.9544
10.7381
10.882
10.374
11.7037
11.7751
12.1494
11.947
10.3037
10.8855
10.435
10.6855
10.0984
10.5957
10.5426
9.50401
9.8643
11.0359
10.7127
11.2554
10.3198
11.3485
10.3072
9.98698
10.3562
9.61611
9.53028
10.6275
9.7392
9.13015
11.6901
10.2076
9.29745
10.5504
9.86151
9.02339
10.0394
10.0521
9.83378
9.67824
9.81542
9.04342
9.84439
9.49574
9.70269
10.3246
9.43723
9.54395
9.07738
8.59923
9.63366
9.67972
9.9278
9.58651
9.10708
9.6512
8.18042
9.14019
9.69258
9.23297
9.39105
9.32505
10.169
9.49763
8.59294
11.0065
8.8687
9.90217
9.67765
9.62578
8.98866
8.61133
9.43209
8.57884
9.16244
8.2702
8.56325
8.6551
8.9943
9.0241
9.6133
9.13723
9.23183
8.77834
8.94088
8.10095
8.22105
9.27068
9.32211
8.65981
8.23086
8.72261
8.22343
8.43007
7.533
8.55279
8.66815
8.18293
8.50627
8.26626
9.30919
9.77635
8.8063
9.56003
8.91379
9.3031
8.10534
8.68871
7.81965
7.94678
8.5547
8.61589
8.15376
8.82268
8.43875
7.62433
8.5419
8.24883
7.71727
7.64577
7.61358
8.07621
8.2106
7.33262
7.35837
7.73033
8.79052
8.22908
7.72354
7.67988
6.78736
6.86619
7.01293
6.82113
7.1434
7.34445
7.08516
7.06295
7.02458
7.081
6.62058
6.37776
6.45732
5.54164
6.21696
6.63888
6.21729
7.08676
5.51309
5.67158
5.81163
6.12252
6.58636
6.38128
7.29622
6.71413
6.83275
7.43927
7.00591
6.81041
6.78938
6.62261
5.60407
5.99233
6.1619
6.27088
5.52818
5.03447
5.06739
4.90144
4.88288
4.29999
4.44913
5.04413
4.22212
4.64373
5.00762
4.3492
6.46602
4.05155
4.03037
