1.26179
1.31131
1.31145
1.31413
1.31884
1.43429
1.32836
1.3513
1.23698
1.33927
1.27287
1.35974
1.39471
1.299
1.27724
1.37517
1.37327
1.27234
1.29773
1.27661
1.33824
1.35111
1.39693
1.39619
1.21978
1.31232
1.41212
1.43854
1.39186
1.36223
1.31284
1.27737
1.39596
1.49831
1.30212
1.33117
1.3764
1.28905
1.25468
1.40217
1.38216
1.30418
1.42509
1.31582
1.34587
1.49196
1.28307
1.31712
1.24432
1.25194
1.29132
1.42202
1.41697
1.28804
1.41326
1.38503
1.37075
1.33851
1.37088
1.3446
1.38737
1.26615
1.26685
1.32421
1.26083
1.3051
1.27021
1.36881
1.31142
1.31389
1.37483
1.44892
1.35314
1.36064
1.30652
1.34941
1.37167
1.34169
1.35996
1.31158
1.35408
1.43296
1.38301
1.5097
1.41896
1.37846
1.43193
1.42994
1.57605
1.63405
1.59123
1.48385
1.53312
1.57929
1.455
1.54471
1.48697
1.52914
1.41299
1.49251
1.53118
1.51706
1.52721
1.45278
1.55657
1.50745
1.49655
1.42406
1.42729
1.65477
1.5965
1.57249
1.66358
1.6731
1.64753
1.56215
1.51962
1.57835
1.58114
1.54437
1.55285
1.60357
1.57347
1.66993
1.65206
1.70912
1.66315
1.65509
1.57772
1.69167
1.70791
1.69219
1.66477
1.70505
1.58517
1.63863
1.66792
1.58995
1.663
1.66936
1.6557
1.64579
1.55301
1.57225
1.64553
1.61101
1.59246
1.533
1.45906
1.57898
1.52303
1.58619
1.62347
1.51944
1.5912
1.52241
1.52739
1.66679
1.68718
1.63049
1.59739
1.59635
1.56252
1.52129
1.50421
1.66538
1.61146
1.62387
1.57976
1.64731
1.58375
1.67616
1.56989
1.66914
1.68235
1.62309
1.60486
1.66765
1.52767
1.56224
1.53898
1.62306
1.67373
1.72045
1.69558
1.68195
1.53992
1.66895
1.67225
1.60666
1.74931
1.64528
1.68269
1.66357
1.57398
1.53602
1.58067
1.49001
1.42964
1.5828
1.46804
1.58032
1.57085
1.49611
1.49521
1.56232
1.51457
1.57257
1.59999
1.5646
1.55377
1.67719
1.50793
1.54972
1.55158
1.68419
1.62726
1.66832
1.59405
1.68544
1.65479
1.64082
1.7283
1.71978
1.5792
1.73043
1.63342
1.67126
1.85017
1.69392
1.89687
1.76551
1.68565
1.76604
1.7219
1.79205
1.80974
1.82011
1.7701
1.75685
1.73639
1.73523
1.79059
1.82381
1.78771
1.81432
1.78252
1.82506
1.91599
1.92607
1.97682
1.97031
2.03916
1.98385
1.84067
1.86956
2.47007
2.07992
1.95923
1.99959
1.94909
2.19062
2.05117
1.96076
2.1203
2.19895
2.3671
2.13495
2.1039
2.23065
2.12791
1.94837
2.36883
2.08966
2.26014
2.28847
2.47823
2.45554
2.54325
2.26848
2.27047
1.99215
2.07834
2.13485
1.89649
1.99129
2.27194
2.06179
2.36487
1.93689
1.93416
1.95103
1.92471
2.07944
1.96099
1.91131
1.99212
1.96353
1.96404
2.09622
2.08491
1.93312
2.05255
1.86416
2.01822
2.05785
2.15408
2.04185
2.08315
2.42814
2.03049
1.99597
1.98296
1.9668
1.72873
1.82842
2.03808
1.96086
1.99558
2.00896
1.92818
2.04644
1.95954
1.95547
2.07041
2.05884
1.94549
2.09725
2.11357
2.02221
2.09561
1.99533
1.96498
2.01125
2.46978
1.88107
1.63683
1.62678
2.40999
1.95088
1.98678
1.81961
2.29688
1.69938
1.70755
2.74985
2.27142
2.18794
2.25557
2.14511
2.05501
1.96049
2.07665
2.26244
2.18446
2.27577
2.07153
2.37715
2.08773
2.11293
2.20562
2.18315
2.07626
2.14847
2.11666
2.27973
2.33473
2.25551
2.23008
2.16229
2.16383
2.05261
2.34026
2.07171
2.33985
2.01155
2.0473
2.22177
2.21335
2.12383
2.16983
2.20957
2.53236
2.51422
2.46044
2.47376
2.39259
2.49923
2.34229
2.78536
2.71414
2.57432
2.25724
2.38378
2.60956
2.41292
2.49684
2.26314
2.4729
2.461
2.56382
2.10671
2.35206
2.55134
2.57758
2.25529
2.48495
2.43938
2.42789
2.5822
2.44771
2.53272
2.32012
2.56053
2.40118
2.57787
2.45367
2.42653
2.58714
2.62266
2.37595
2.71399
2.34026
2.69629
2.77921
2.23105
2.5225
2.60974
2.44684
2.55552
2.72287
2.64949
2.60642
2.35811
2.42927
2.32862
2.24626
2.43865
2.51017
2.71788
2.6606
2.72493
2.62881
2.71393
2.92139
2.48969
2.86033
2.68261
2.52517
2.53199
2.59667
2.53537
2.72891
2.53461
2.69972
2.47681
2.52133
2.8072
