3.99052
7.48864
18.618
31.2059
19.1693
17.7419
15.2318
13.6613
16.0155
10.8925
10.2464
14.0378
15.2658
10.6295
12.2227
13.0961
14.2114
13.2061
11.1034
18.1923
12.8991
13.7729
15.0103
14.8437
15.3812
13.6437
14.7047
14.0782
14.8774
13.1952
13.94
10.7631
9.43189
10.3146
9.10231
11.7987
15.2913
15.7296
15.2018
15.6948
14.3687
13.996
11.6923
11.8051
12.0253
13.3074
12.8901
13.8962
12.3058
11.4943
10.6064
10.5436
11.2256
10.3461
10.5361
10.7464
12.2745
12.6398
13.2925
11.3703
12.2357
11.4395
11.4761
11.7364
11.1541
11.1625
10.7713
10.254
11.5181
11.2338
10.8989
10.7876
9.01907
9.72879
8.65975
9.97053
9.09974
9.10978
11.9328
10.9767
10.7002
11.5409
13.2877
12.1155
12.1128
9.76465
10.6727
9.32462
7.47662
5.58481
4.77484
