0.414502
0.406559
0.446096
0.464219
0.524385
0.710478
0.581746
0.899233
1.02036
1.45573
1.17647
1.47222
1.33176
1.29879
1.2367
1.42325
1.06563
1.14597
1.32336
1.0067
1.17029
1.32444
1.09779
1.11592
1.35568
1.05661
0.907698
0.978753
0.880903
0.786647
1.01772
0.982992
1.01927
1.2068
1.38443
1.14173
1.25566
1.05153
0.983462
1.27631
1.08177
0.962722
1.16574
1.06177
0.973494
1.31735
0.968281
1.03452
1.16067
0.927904
1.34651
0.869455
1.24936
0.854941
0.969971
1.13517
0.793329
1.23863
0.90139
1.29314
1.0951
1.06123
1.02862
0.980862
0.973881
1.20051
1.183
0.949479
1.11399
1.14246
1.35535
1.05326
1.02507
1.09407
1.1017
1.16772
1.16167
0.962709
1.09268
0.956801
0.972813
1.18533
1.18903
1.20828
0.888792
0.892326
1.17558
0.910108
1.0577
1.26044
0.934742
1.04681
0.864813
0.851467
1.15191
0.726899
0.828056
1.11817
0.88925
0.763214
0.953193
1.26008
0.724139
0.918779
0.890827
0.828426
0.968073
1.05923
0.887773
0.72455
0.980308
0.982839
0.996662
0.90504
0.800166
0.810329
0.808927
0.879625
0.854026
0.914066
0.832936
0.934932
0.818792
0.670104
0.877106
0.740021
0.540323
0.833672
0.640069
0.872498
0.873811
0.661006
0.684837
0.708193
0.529813
0.748177
0.650134
0.657003
0.675417
0.72363
0.60419
0.641161
0.588561
0.553183
0.691476
0.59208
0.527596
0.50852
0.465676
0.484123
0.497032
0.47651
0.543072
0.465481
0.449117
0.495221
0.393763
