0.997493
1.03963
1.05135
1.06956
1.27472
1.38252
1.82105
17.5118
12.7862
13.3979
15.6098
13.0051
13.0964
14.7654
12.2443
10.1315
8.81687
6.80131
6.69164
7.60158
7.63954
11.6708
8.7965
12.5437
11.9721
9.97387
9.40463
10.1165
6.93589
9.47898
7.97213
10.6356
11.6682
9.21434
13.5887
6.5623
7.73071
13.642
8.12757
7.59047
8.79226
10.8986
9.49502
9.08069
7.99452
7.12162
6.14619
8.54006
8.16448
9.53608
6.86458
7.05238
7.31137
8.53722
9.43662
7.35019
8.08842
7.18812
8.42857
9.0155
8.26698
7.81735
8.19679
8.04089
8.78432
9.25306
10.873
10.6995
9.35054
8.44058
7.51789
7.3685
6.57568
7.43623
8.27296
7.7338
7.37823
8.47499
4.86174
6.66564
6.10361
5.7382
9.98806
10.9351
6.83887
6.95747
7.83868
10.0449
7.85437
7.57224
7.42049
7.08111
6.36607
7.35653
5.87365
7.21466
7.042
7.0343
5.50218
6.35268
4.64536
5.2825
8.12049
5.36862
7.28766
7.0841
6.73395
6.93434
6.5085
5.26281
5.66395
6.23812
4.45518
4.77625
6.14457
5.55307
5.79867
9.71108
4.8854
6.12944
4.19157
6.02865
4.14003
4.8781
6.88353
4.83338
5.40772
5.1108
5.8082
3.92054
3.71093
4.69009
4.19725
4.55506
6.20899
4.72906
3.66488
4.45926
5.37201
4.97965
3.6053
3.56191
3.7602
3.1706
4.37244
3.5898
4.45807
3.88507
4.00496
3.67355
3.48868
5.46637
2.98191
4.46767
3.30212
3.45185
2.86484
3.85427
2.93795
4.13328
3.16182
3.79378
2.80771
3.69786
4.52142
2.86624
3.905
3.4586
2.78954
2.74194
3.92925
3.40277
3.16431
3.55494
3.5176
2.03982
2.26592
2.03708
3.24529
1.74533
2.77699
2.35669
2.14376
3.26083
2.07737
1.96473
2.43974
2.07113
2.20621
2.16126
1.77702
2.42855
2.16169
1.57623
2.07696
2.05781
