1.01552
0.831512
0.637536
0.737368
1.08802
1.21538
0.950637
1.45509
0.799767
0.828637
0.72023
1.18589
0.641524
0.708463
0.708454
0.946305
0.949548
0.676896
0.795811
0.562751
0.697866
0.678494
0.589546
0.675867
1.02185
0.7814
0.722482
0.796529
1.05826
1.02935
0.707116
0.8708
0.913933
0.741672
0.619237
0.540009
0.666775
0.729977
0.724429
0.958854
0.693066
0.854485
0.890446
0.995216
1.12175
1.42893
1.23754
0.97922
0.807264
1.73538
1.34915
0.719964
1.53083
0.882735
0.990509
1.17591
1.55197
1.43185
0.786166
0.651702
0.611898
0.745
0.724767
1.65414
1.45714
1.75285
1.44915
1.24737
1.29004
1.36182
1.86398
1.43986
0.918265
1.67977
1.24544
0.705832
1.36145
1.33481
1.27712
0.919279
1.02086
1.15228
0.752927
0.743514
1.05902
0.909085
0.623851
1.81273
1.0601
1.76787
1.02904
1.13369
1.02154
0.913899
0.643508
1.0887
1.21065
1.59666
1.00777
1.15814
1.67306
1.72519
1.36972
1.49233
0.725832
0.915833
1.21364
1.17076
1.11586
0.612224
1.04306
1.38621
1.56116
0.80696
1.73521
1.36791
0.976733
1.14397
1.32639
1.55665
1.46733
1.7789
1.40497
1.26152
1.24892
1.37371
1.64281
1.25626
1.88357
1.83928
1.03415
1.53262
1.51877
1.1261
1.83986
0.954849
0.899043
1.14742
1.8777
1.77066
1.95825
2.23525
2.08039
1.55244
1.55712
1.7276
1.60364
0.920856
1.8004
2.29722
1.62131
1.94275
1.46375
1.52258
1.34785
1.6005
1.2153
1.41963
1.99179
1.54742
1.83191
1.96461
1.38443
1.52231
1.65381
1.595
1.95797
2.24498
2.22995
1.75902
2.1792
2.24291
1.81747
1.47724
1.49304
1.28654
0.946194
1.00582
0.971434
1.03889
0.824702
1.1186
1.1083
0.990959
0.974436
0.925982
1.04637
1.12371
1.42465
1.7353
1.61931
1.36405
1.67535
1.92494
1.95913
2.17032
1.8713
2.11266
1.55393
2.39659
2.30269
1.62398
1.82213
2.41557
2.73493
2.09222
1.85842
1.77312
1.57153
1.32688
1.683
1.97466
2.18194
1.8488
1.52063
1.61328
1.81214
1.96087
1.917
1.84511
1.99118
2.38792
2.13385
2.8783
2.85866
2.58327
2.47325
2.41594
2.16214
2.31099
2.28678
2.07471
2.42518
2.51534
2.01495
2.49258
2.38759
1.98348
2.15949
2.16828
2.61422
1.8905
1.96721
1.71417
2.39851
2.12153
1.98259
2.07688
1.99256
2.11163
2.40491
1.88404
1.99062
2.0967
1.90258
1.65984
1.59289
2.24324
2.00507
1.71032
1.83544
2.14208
2.12116
2.19715
1.72192
1.96158
2.09832
1.70751
2.02562
2.25022
2.02224
2.01732
2.04514
1.79173
1.94842
2.00997
1.44716
1.81248
1.72672
2.17433
1.85048
2.25601
2.27814
1.92288
1.99544
1.78486
1.87109
1.48543
1.84413
1.93029
1.88013
2.00793
1.87747
2.04697
1.71922
1.30507
1.68886
1.76213
1.52301
1.07688
0.73461
1.19234
1.09283
1.11952
1.0296
0.71935
0.776095
0.936692
1.47526
0.915507
0.894885
0.843531
0.876594
1.05343
1.75559
1.11358
1.42139
1.11158
0.938025
1.00798
1.14664
1.13888
1.1762
1.54717
1.02956
1.22968
