1.81372
2.15757
1.84978
1.94486
1.8955
2.06055
2.10884
2.90398
2.37828
1.86437
1.74902
2.67735
3.10802
3.18455
2.3749
2.57449
3.69463
4.78584
4.15236
3.94785
2.24975
3.616
3.13166
2.24531
2.06164
2.3815
2.14422
2.20423
2.14924
1.99203
1.94788
2.86972
3.06689
4.07373
3.47065
3.24777
3.43289
3.24129
3.42622
3.57105
3.65098
3.78533
3.95933
3.75655
4.03165
3.72469
3.18917
3.56148
3.84814
4.07554
3.9772
4.10022
3.51524
3.6298
3.5636
3.53888
3.21575
3.15441
3.30596
3.53068
3.34666
3.68469
3.3476
3.88108
3.97233
3.88242
3.36099
3.70639
3.52804
4.12994
3.65273
3.19272
3.28779
3.09328
3.52618
3.53598
3.01381
2.68094
3.38121
3.85009
3.58049
3.06229
2.87103
3.03114
3.49039
3.36263
2.67338
2.50588
3.1531
2.87107
2.38616
3.3725
3.14239
2.76194
2.9909
3.28798
3.90331
3.07955
3.00857
3.13021
3.47404
2.89294
3.26101
2.9513
2.83381
4.24334
3.57058
3.32909
2.87396
3.19267
3.77807
3.37878
3.4684
3.36102
2.8978
3.92522
3.14843
2.98372
2.93798
3.05278
3.64286
2.88623
2.40606
2.64632
2.79009
3.18987
3.16051
2.8967
2.93013
3.08492
2.78901
3.48365
2.83914
2.46283
2.5964
2.37195
2.66311
2.80919
3.00407
2.36378
2.62265
2.98889
3.25968
3.00809
2.77373
3.29105
3.08758
2.42818
2.55723
2.11746
2.42026
3.1495
2.85674
2.86414
3.00844
3.47837
3.40697
2.96379
2.7374
3.02544
3.07595
3.00507
2.94949
2.49198
2.69474
2.75441
3.06024
3.35771
2.82013
2.86062
2.6746
2.66255
2.73322
2.65261
2.74077
3.05472
2.88509
3.10426
2.88585
2.45512
2.49413
2.659
3.17914
2.95287
3.0156
2.93006
2.86582
2.95434
2.78085
2.87251
2.76743
2.71522
2.69095
2.63557
2.53859
2.76528
2.54326
2.78794
2.67601
2.98342
2.79435
2.44197
2.63033
2.42822
2.87041
3.05307
3.02815
2.68356
2.57061
2.68744
2.54461
2.91849
3.05669
2.95984
2.81173
2.6496
2.76536
2.50264
2.78363
2.65758
2.38052
2.45273
2.44956
2.59521
2.76299
3.31262
2.65755
2.76717
2.59319
2.4695
2.55348
2.65966
2.72349
2.83236
2.87894
2.57054
2.53721
2.58398
2.63831
3.03478
2.60083
2.62087
2.56689
2.70133
2.81642
2.80074
2.5717
2.66563
2.77131
2.78504
2.75084
2.44776
2.33123
2.53506
2.23122
1.98431
1.97323
1.99001
2.2207
2.54512
2.27452
2.19152
2.16394
2.1845
2.37293
2.15985
2.32016
2.24953
2.37171
2.3225
2.63439
2.17195
2.37265
2.14882
2.01963
2.20479
2.327
2.27268
2.81825
2.14891
2.02923
1.8952
1.92612
1.90248
1.91603
1.65975
1.71848
2.03696
2.11934
2.11481
1.84545
1.80551
1.94587
2.13251
1.70955
1.46942
2.2695
1.92871
1.88301
1.61446
1.95927
1.97378
1.60467
1.33052
1.4657
1.46604
1.60657
1.42492
1.41586
1.39218
1.2187
1.421
1.61698
1.74024
2.05747
1.62317
1.53791
1.40368
1.31587
1.94195
1.40568
1.75963
1.50223
1.64431
1.59332
1.43089
1.63672
1.77131
1.5519
1.68253
1.91811
1.66546
1.68833
1.79149
1.66947
1.77078
1.6527
1.62641
1.53793
1.9951
1.64525
1.51082
1.58231
1.55642
1.81269
1.72611
1.61159
1.47477
1.38723
1.40298
1.22344
1.53907
2.0861
1.81033
1.95316
1.96488
1.65096
1.97481
1.93995
2.26412
2.0644
2.06931
1.91522
1.8562
1.70806
1.63469
1.80401
1.88376
1.6741
1.96396
1.92923
1.88852
2.22575
2.00509
1.79236
1.61434
1.91823
2.0635
1.51545
1.75667
1.32923
1.32317
1.39741
1.58803
1.3502
1.4238
1.20418
1.27752
1.24298
1.44546
1.40306
1.42613
1.22784
1.19443
1.18982
1.29338
1.49105
1.22529
1.2414
1.13577
1.29023
1.44204
1.14561
0.989291
1.14396
1.13301
1.27516
1.29526
1.74487
1.63268
1.31319
1.19437
1.13157
1.28805
1.24531
1.3084
1.24142
1.22454
1.08006
1.04555
1.31959
1.13122
1.00249
1.01738
1.27636
1.1215
0.938317
0.810547
0.899483
0.995307
0.901472
0.908987
0.94742
1.02356
0.750182
0.808437
0.793974
0.840119
0.888216
0.890105
0.881617
0.863622
0.944668
0.936009
0.713097
0.75421
0.70291
0.700366
0.841601
0.733733
0.675155
0.802282
0.9193
0.882837
1.00438
1.09776
0.861346
0.732336
0.957228
0.965189
1.13765
1.14462
0.680222
0.710545
0.673895
0.804726
0.830403
0.827053
0.74648
0.705275
0.839865
0.690209
0.744006
0.858113
0.922764
0.809735
0.836489
0.8726
0.699859
0.871185
0.849078
0.953745
0.646367
0.763462
0.943581
0.965228
0.816455
1.04433
0.922854
1.06528
0.830324
0.729278
0.772851
0.75194
0.919946
1.09007
0.959336
0.833063
0.982973
1.00888
1.41003
1.16713
1.03188
1.12254
0.781498
0.797802
0.80287
0.814077
0.796804
0.866179
0.760115
0.763207
0.785211
0.954966
0.716941
0.779857
0.885024
0.817279
0.921883
0.736383
0.71197
0.727963
0.684241
0.56784
0.744756
1.02872
0.875025
0.764732
0.685279
0.714129
0.708068
0.618136
0.659148
0.714104
0.625524
0.709757
0.617896
0.560436
0.806301
0.908208
0.709904
0.722012
0.616617
0.753668
0.935885
0.824396
0.760166
0.689653
0.718611
0.651116
0.649429
0.594101
0.649733
0.562138
0.511807
0.629364
0.688894
0.609743
0.598926
0.714817
0.633529
0.557449
0.662421
0.626192
0.58316
0.654825
0.574455
0.477204
0.518613
0.695045
0.604284
0.593725
0.595413
0.540221
0.664347
0.745148
0.68163
0.597399
0.562318
0.625036
0.593095
0.500577
0.567432
0.552642
0.576143
0.525766
0.506596
0.559057
