12.0134
19.0714
19.4398
17.2348
24.0343
19.3752
26.6541
21.6052
17.1339
17.7841
21.8763
19.903
19.6656
16.5369
14.1538
13.9266
16.5489
11.641
17.4137
18.8221
16.4142
18.2592
17.0349
17.0832
19.9434
17.5731
15.6943
18.3272
19.2338
17.2044
18.3966
16.1131
21.7511
17.4721
16.6261
17.5622
17.0051
18.98
18.7126
17.0746
16.8284
17.0129
15.1419
16.9269
17.6201
17.4386
18.9743
18.9981
19.5811
17.1953
16.1103
18.0541
17.1673
16.2305
17.0058
17.3753
18.0028
17.1137
16.4009
16.8242
15.9577
17.3569
17.7207
17.8902
16.0265
18.7932
17.9225
16.2548
13.729
17.9474
16.4869
15.0105
17.1852
17.3495
17.576
16.1028
17.9003
15.8967
17.8442
16.0762
16.1595
16.8628
16.1099
17.194
15.1665
14.3628
13.7068
15.738
14.4754
15.6619
13.6668
14.815
13.9626
16.1373
15.7102
14.572
15.9055
13.5922
14.7217
14.699
14.55
12.5116
11.0294
12.604
13.5406
13.8833
13.2674
13.9539
13.9965
12.3956
12.1408
12.2042
11.6153
12.5175
10.7851
13.2936
13.0983
14.5111
14.685
12.8868
9.61761
11.8047
14.0032
13.2
11.9021
10.0901
15.0625
11.4114
11.7095
14.9228
