0.325962
0.355621
0.329428
0.303709
0.305694
0.308745
0.311399
0.312534
0.376908
0.440675
0.646847
1.2602
0.834469
0.755169
0.725056
0.631823
0.562936
0.63631
0.651525
0.690748
0.764727
0.436009
0.433123
0.442908
0.472343
0.518882
1.22554
0.976239
0.868019
0.91082
0.745425
0.724908
0.868889
0.937328
0.903557
0.828211
0.870254
0.793685
0.82714
0.85386
0.875247
0.815829
0.89371
0.709963
0.822013
0.933244
0.883775
0.88607
0.860088
0.914125
0.910326
1.02479
0.913328
0.788779
0.845171
0.906902
0.773835
0.951807
0.894082
1.0102
1.05896
1.08341
0.880157
0.998769
1.02906
1.02565
0.890348
1.06941
0.99718
0.9679
0.891552
0.990254
0.979664
1.02108
1.02366
1.03769
0.971746
0.895488
0.971027
0.988085
0.997182
0.895189
0.857493
1.19914
1.2081
1.16648
0.983421
1.01813
1.19423
1.11471
1.01373
1.05165
1.41327
1.16255
1.45763
0.982431
1.25618
1.16815
1.22111
1.25841
1.35618
1.31229
1.2219
1.2054
1.34781
1.91405
0.77104
2.10255
1.36362
1.15862
1.10792
1.41262
1.37829
1.37114
1.78617
1.49182
1.45935
1.54425
1.49889
1.49399
1.42815
1.32872
1.02731
1.2245
1.32519
1.23939
1.21183
1.16205
1.1546
1.2615
1.19669
1.2238
0.968123
1.22892
1.31163
1.0147
1.38143
1.32629
1.25235
1.37019
1.19201
1.33051
1.54552
1.51782
1.4429
1.08539
1.19423
1.19609
1.29962
1.16068
1.39537
1.46436
1.21181
2.13575
1.88545
2.56084
2.26655
1.67115
1.88344
1.67937
1.96276
2.00463
1.80019
1.8938
1.83501
1.78977
1.86439
1.70213
2.42727
1.74138
1.97863
2.46573
2.0387
1.96911
2.08172
1.92444
1.91627
1.72984
2.35033
2.48943
2.26712
2.28918
2.6636
2.50475
2.44027
2.63403
2.44025
2.28416
2.79242
3.04977
2.3851
2.50273
2.33134
2.40021
2.54698
2.29175
2.30146
2.46639
2.05357
2.03668
2.32757
2.23668
2.49106
2.13974
2.02934
1.99909
2.11356
2.28796
2.15369
2.06225
1.9139
1.94613
2.12301
1.871
2.10776
2.30703
2.02672
2.15028
2.10111
2.06224
1.97653
2.03857
2.08868
1.99857
2.10295
1.92091
2.2408
2.09092
2.12763
2.10987
2.05396
2.15836
2.15825
2.12739
2.09989
2.06178
1.95544
1.93157
2.02173
2.03624
2.02463
2.04432
2.0415
2.02903
2.06554
1.88603
2.11807
2.02604
2.01252
2.2062
1.96751
2.09316
2.1131
2.20796
2.23151
2.13777
2.14902
2.08793
2.08942
1.96898
1.92111
1.96461
2.00546
2.0386
1.91055
2.05114
2.06185
1.98076
1.89239
1.95466
1.86217
2.07085
2.00743
2.10383
1.99017
1.89559
2.07309
1.89684
1.93029
2.00239
1.91782
1.91249
1.80625
1.94541
1.93928
1.58949
1.89156
1.79045
1.82436
1.93841
1.88085
1.82639
1.86046
1.80966
1.80992
1.79553
1.86658
1.84303
1.76027
1.80174
1.78809
1.8746
1.85108
1.90355
1.78815
1.71635
1.90313
1.74501
1.84101
1.70237
1.81015
1.80189
1.78169
1.76607
1.86667
1.69672
1.69153
1.73895
1.73678
1.73152
1.77508
1.77439
1.82134
1.69198
1.77458
1.68306
1.71219
1.76207
1.68563
1.68859
1.7502
1.79549
1.68999
1.66634
1.70244
1.63754
1.66529
1.65928
1.75854
1.72686
1.68892
1.70976
1.69527
1.70361
1.75516
1.76977
1.63383
1.75207
1.64656
1.65469
1.65333
1.63237
1.73604
1.60068
1.5607
1.69044
1.61909
1.61366
1.6369
1.64504
1.72047
1.63314
1.76324
1.62563
1.65677
1.65626
1.64221
1.56137
1.55324
1.68622
1.50413
1.63106
1.52965
1.57899
1.45667
1.35354
1.46779
1.64016
1.72704
1.61326
1.68573
1.4208
1.52153
1.53326
1.61584
1.60539
1.5251
1.45956
1.48926
1.60182
1.44894
1.48334
1.40299
1.57109
1.45846
1.50444
1.45417
1.58778
1.59354
1.48453
1.64412
1.55319
1.64833
1.53901
1.64936
1.55602
1.63898
1.63149
1.68497
1.75722
1.45176
1.51228
1.58342
1.53388
1.48409
1.53777
1.59712
1.59389
1.53771
1.53302
1.57672
1.58939
1.56764
1.5735
1.47631
1.45107
1.47558
1.565
1.51964
1.52976
1.52436
1.62388
1.52774
1.58818
1.56889
1.64613
1.61936
1.61026
1.48637
1.51398
1.50564
1.6051
1.54063
1.38149
1.51244
1.49223
1.53322
1.40267
1.41394
1.41977
1.3817
1.58943
1.33147
1.41824
1.35314
1.44755
1.3725
1.33268
1.38562
1.35467
1.34511
1.34195
1.33766
1.32646
1.33052
1.21593
1.29472
1.28716
1.30715
1.33102
1.33501
1.4271
1.34964
1.37991
1.38135
1.43753
1.45786
1.44703
1.42185
1.42883
1.46783
1.43127
1.43141
1.44563
1.46465
1.40188
1.41168
1.44215
1.46483
1.45049
1.50983
1.4267
1.42154
1.4766
1.48011
1.34414
1.47261
1.40343
1.46814
1.48365
1.46608
1.3579
1.45627
1.44441
1.44325
1.45603
1.45019
1.44056
1.47249
1.45957
1.41105
1.40493
1.43439
1.45254
1.44146
1.47045
1.46679
1.50303
1.43355
1.42196
1.4048
1.45508
1.44415
1.45798
1.33292
1.50099
1.43473
1.54799
1.50024
1.50553
1.42759
1.47746
1.53202
1.44535
1.4471
1.4941
1.46682
1.48489
1.48167
1.48465
1.47382
1.44897
1.49362
1.51414
1.47485
1.58581
1.479
1.46841
1.50053
1.47466
1.53572
1.47095
1.4899
1.5348
1.45458
1.45189
1.50258
1.46612
1.49097
1.48721
1.51518
1.46927
1.48509
1.55183
1.37841
1.50366
1.46558
1.4378
1.45564
1.46574
1.45735
1.50407
1.55856
1.50672
1.47538
1.47257
1.49021
1.44268
1.48001
1.5019
1.42978
1.44437
1.47424
1.54733
1.40934
1.58458
1.59017
1.4724
1.49041
1.42266
1.55177
1.48607
1.47085
1.45205
1.5057
1.39753
1.44452
1.46647
1.503
1.42327
1.4202
1.52651
1.43387
1.51618
1.3884
1.3737
1.38657
1.46066
1.45324
1.45406
1.43576
1.4717
1.45225
1.41956
1.26141
1.58331
1.44975
1.47182
1.41846
1.46375
1.39377
1.41325
1.47621
1.46415
1.39367
1.50548
1.45106
1.4598
1.44126
1.50084
1.45115
1.40241
1.39352
1.40982
1.33358
1.40912
1.43013
1.41344
1.42333
1.42821
