1.66472
1.15469
1.12425
1.66948
1.77756
1.9154
1.42733
1.49802
1.46963
1.48108
1.44787
1.29268
1.4247
1.44155
1.44945
1.19328
1.26534
1.14881
1.01162
0.934201
1.10881
1.43692
1.35899
1.27685
1.49248
1.62937
1.18608
1.46146
1.70426
1.15583
1.33919
1.43418
1.22156
1.4392
1.3004
1.38222
1.31931
1.55845
1.97195
1.04463
1.29468
1.40506
1.68333
1.35686
1.53613
1.22669
1.3834
1.36037
1.25216
1.61558
1.2788
1.29361
1.10568
1.27528
1.4802
1.32064
1.52635
1.37847
1.50912
1.27454
1.11613
1.57503
1.45259
1.16657
1.23009
1.23915
1.32305
1.09518
1.14516
1.27468
1.06384
1.33092
1.30949
0.656729
0.90478
1.25703
1.26267
1.5369
1.19431
1.37482
1.13027
0.956194
1.19338
1.01054
1.01044
1.25485
1.30571
1.14702
1.2806
1.29151
1.06299
1.1703
1.1835
0.885331
0.870885
0.925402
1.06465
1.0772
1.03741
1.03265
1.14466
1.13472
0.979593
1.2713
0.907674
0.975516
0.759206
1.11423
1.28918
1.04624
1.15979
0.862759
0.767105
0.932756
0.921126
0.993997
0.831402
0.990454
0.870042
1.05809
0.955253
0.898229
0.885496
1.03749
1.10038
0.70509
0.781597
1.19433
0.895731
0.751899
1.01852
0.851258
0.915543
0.851344
0.581228
0.790198
0.66631
0.75308
0.687457
0.662168
0.67546
0.67153
0.855873
0.684079
