3.82689
4.36849
2.93138
3.50486
3.01109
3.18331
3.55395
3.62427
3.27544
3.24822
3.50726
4.8478
4.92941
4.43833
4.73229
4.43696
4.17834
5.65056
5.51747
4.41266
5.29776
6.02948
7.04032
6.90305
5.84394
6.24549
6.94789
6.9564
6.25832
7.33257
7.55603
5.45691
7.87491
9.49595
7.22984
7.17195
8.33443
7.8162
8.96126
8.12565
8.10655
7.70062
8.0816
8.1292
9.46801
11.4785
8.57591
8.14575
8.83255
10.3857
9.30107
10.4988
9.61954
10.9916
8.55139
11.0038
9.55684
10.3972
12.8158
10.7971
10.9647
10.5368
9.96844
12.3483
9.52971
8.51824
9.64373
8.31663
9.11551
8.52482
6.1388
8.25031
6.3501
7.47637
6.90763
7.62295
8.17652
7.67842
7.963
6.97265
6.02946
6.7369
7.4719
6.1252
7.8932
5.65504
5.71937
5.13624
11.9169
8.29402
5.02742
3.86955
4.70059
4.38246
3.72337
3.39141
2.84834
3.88649
5.47835
5.36567
5.81042
8.34983
8.53268
10.0903
9.79178
