5.33992
5.04068
5.06675
5.80995
6.29197
6.81394
8.59938
8.8204
8.8524
8.24538
8.79442
9.24425
10.085
10.4835
10.5273
10.3936
10.5786
10.4423
9.99015
10.2425
10.483
10.0599
10.5749
11.0968
10.7257
11.0349
11.7269
11.5207
12.2769
11.4284
11.6059
11.2657
12.1778
11.8984
12.0287
12.6253
13.3472
12.0257
10.891
11.0136
12.0322
12.4136
11.6612
12.3866
14.5471
13.5948
13.1432
13.0736
13.2901
13.1785
13.6644
16.5631
16.0559
16.5709
18.459
15.6663
17.2855
17.8406
14.1773
13.5357
13.9483
16.1808
15.6263
14.6645
13.1845
17.1033
18.1757
14.4227
14.468
13.3281
16.7026
18.0414
16.3332
16.4463
17.4628
16.2885
16.1044
15.0558
17.3635
16.1809
17.749
15.562
16.6806
17.4834
16.197
15.6357
15.3678
16.203
15.0123
15.7757
17.2205
17.6423
14.3067
20.8787
18.3698
18.4182
22.0331
18.7066
15.5962
17.2004
17.844
16.5915
14.9057
19.0833
16.3722
18.1812
19.1486
16.4064
17.7185
18.9
18.8798
15.9176
16.1503
17.092
18.7514
16.0144
17.4021
17.9479
21.2008
18.2395
18.2372
17.2414
18.9688
19.9866
18.8603
17.5035
17.02
17.2835
19.8876
18.8248
16.5734
22.7272
19.5294
18.1722
20.0064
19.6499
17.2431
21.0927
17.9564
19.6888
17.6319
18.9915
19.2524
19.1986
22.7856
20.444
21.5447
18.5444
20.1627
20.7714
19.5328
20.653
16.4011
16.9933
16.9428
17.3887
18.2514
18.6678
15.6728
18.0667
21.1076
21.7914
23.2687
19.8798
20.9004
20.8278
19.0126
15.7531
16.378
15.6248
13.8452
13.8263
16.1161
13.3761
14.1402
18.3372
19.2676
17.808
22.7913
21.0193
18.2303
17.5477
18.7546
