0.154725
0.147727
0.137053
0.145244
0.136465
0.150906
0.136806
0.114743
0.0961039
0.0834126
0.138611
0.138977
0.173698
0.142561
0.196781
0.180622
0.188372
0.215645
0.311893
0.218549
0.167621
0.153474
0.236184
0.291812
0.231043
0.226336
0.306915
0.399277
0.407046
0.421135
0.412698
0.423011
0.431866
0.424272
0.397677
0.391841
0.483899
0.386595
0.405488
0.41145
0.434492
0.39522
0.512751
0.356838
0.500426
0.466135
0.36187
0.409248
0.446946
0.43748
0.493587
0.428479
0.583929
0.468421
0.481587
0.51699
0.509038
0.616327
0.493326
0.514318
0.353869
0.490435
0.589039
0.591434
0.473924
0.503838
0.684199
0.556683
0.62477
0.729906
0.451734
0.668493
0.485135
0.570328
0.564528
0.533625
0.708664
0.565827
0.538342
0.570908
0.714616
0.416565
0.440263
0.615024
0.715017
0.811811
0.93448
0.718847
0.367948
0.449342
0.266017
0.283354
0.897037
0.851355
0.771589
0.534543
0.802575
0.614527
0.412127
0.262509
0.271267
0.318413
0.465831
0.496754
0.973786
0.374026
0.396516
0.303943
0.408229
0.307357
0.527082
0.645846
0.583066
0.613684
0.649094
0.727858
0.697394
0.75896
0.841859
0.715622
0.925714
0.950742
0.547561
0.281148
0.299512
0.248378
0.20468
0.303442
0.339386
0.52537
1.1072
0.364531
0.259081
0.421411
0.817582
1.82038
0.389708
0.274465
0.310329
0.214446
0.473798
0.337312
0.288505
0.205248
0.252393
0.311418
0.283452
0.894455
0.510193
0.341439
0.372497
0.518246
0.473925
0.260361
0.24346
0.254902
0.272231
0.280078
0.270816
0.247044
0.24049
0.234062
0.207863
0.20168
0.205001
0.20942
0.226037
0.676057
0.608055
0.499101
0.360298
0.388276
0.375451
0.360696
0.333258
0.295645
0.278193
0.247287
0.318568
0.340358
0.252144
0.251088
0.34162
0.196718
0.31778
0.2049
0.213332
0.259262
0.474183
0.336011
0.254772
0.343748
0.511489
0.324181
0.272672
0.211468
