1.262550
1.200230
1.085740
1.189550
1.156360
1.142630
1.051310
1.171860
1.089870
1.162910
1.070160
1.344670
1.095240
1.250580
1.207000
1.160140
1.128970
1.184700
1.155250
1.200660
1.289490
1.292580
1.203860
1.179740
1.262010
1.263940
1.283330
1.360980
1.357540
1.220530
1.290490
1.310650
1.352850
1.257520
1.275250
1.407730
1.275370
1.504390
1.440410
1.454280
1.496360
1.352170
1.509860
1.374750
1.522770
1.560780
1.579370
1.645990
1.498270
1.461550
1.556240
1.469910
1.618520
1.412430
1.658250
1.295470
1.372960
1.308470
1.469820
1.416730
1.404510
1.435030
1.421140
1.365370
1.334090
1.441270
1.388800
1.421100
1.480050
1.468750
1.398740
1.417920
1.492730
1.395440
1.396380
1.378490
1.542540
1.359650
1.386690
1.307330
1.397480
1.411560
1.263520
1.344750
1.382370
1.292570
1.565640
1.349170
1.486710
1.470450
1.454040
1.551460
1.526670
1.439340
1.571230
1.557760
1.599400
1.502030
1.713070
1.599670
1.557970
1.540910
1.440250
1.598030
1.579200
1.472120
1.663140
1.718200
1.726690
1.820050
1.726900
1.666090
1.698940
1.586060
1.694530
1.637630
1.655980
1.683170
1.525070
1.773270
1.661240
1.850180
1.747780
1.859060
1.657270
1.756960
1.792210
1.898440
1.898410
2.166020
2.266970
1.926810
2.226970
2.349720
2.125000
2.090550
2.107180
1.925310
1.845250
1.923790
1.734320
2.007190
1.778950
1.791150
1.733650
1.808610
1.946000
1.934870
1.880120
1.794950
1.953320
1.811660
1.930240
1.761260
1.841230
1.561610
1.700840
1.967180
1.900210
1.922510
1.964450
1.536220
1.580480
1.772340
1.723110
1.693730
1.722300
1.948620
1.754990
2.120330
1.967370
1.935880
2.094090
2.036900
1.896890
1.932550
2.007100
2.077420
1.991970
1.906650
2.124330
1.679150
2.155590
1.889610
2.123360
2.119560
2.088330
2.072670
2.471910
2.203680
2.072230
2.101720
2.140890
2.234270
2.197880
2.217440
2.006700
2.049580
2.241280
1.957090
2.233090
2.270170
2.151670
2.097620
2.061530
1.855230
2.028550
2.325320
2.398240
1.846900
2.100810
2.036840
1.971370
2.282900
1.874050
2.115790
2.233630
2.151180
2.288260
2.321020
1.919860
2.325510
2.028520
2.104580
2.026730
2.210220
2.231820
2.334390
2.276680
2.138250
2.282470
2.284460
2.695180
2.423400
2.542450
2.616660
2.797260
2.613670
2.749140
3.068400
3.431900
2.298690
2.621240
3.088590
3.062100
2.910390
2.783750
2.578230
2.767620
2.356440
2.399040
2.772540
2.535870
2.442940
2.681270
2.769270
2.637240
2.355070
2.570690
2.539490
2.595930
2.810990
3.157510
3.288740
2.705980
2.734810
2.547340
2.783170
2.539840
2.656280
2.401620
2.524250
2.602470
2.624780
2.678590
2.485430
2.719890
2.325630
2.743000
3.069230
3.130870
2.950860
3.152120
3.052050
3.209690
2.624930
2.947100
2.839120
3.022130
2.963390
3.131220
2.921670
2.996410
3.219930
3.082700
3.006490
3.637170
3.565890
3.638510
3.527300
3.697410
3.888170
3.592420
3.572260
3.801550
3.387860
3.542770
3.630620
3.701130
3.760810
3.578240
3.820740
3.625130
3.635090
4.071270
3.770750
3.748100
3.522730
3.446940
3.228220
2.959360
2.918310
3.152990
3.305600
3.495020
3.343300
3.803750
3.374110
4.468230
3.780440
3.879590
3.744920
3.890230
3.955510
3.739250
3.717850
3.663830
3.634620
3.451920
4.139770
3.751260
3.646980
3.616860
3.865540
3.499900
3.827810
3.624990
3.904140
4.193630
4.711750
4.958550
4.789730
4.862960
4.843450
4.496680
5.014250
4.691600
4.015070
4.706680
4.872600
4.778480
5.307020
4.799880
5.020880
4.574560
4.231290
4.251360
4.516680
4.395460
4.155420
4.879810
4.323750
4.197090
4.120860
4.252660
4.573180
4.392840
4.655180
4.232790
4.889680
4.818330
4.797110
4.721840
4.821050
4.686780
5.048260
4.620800
4.573250
4.332850
4.895760
4.415150
4.491830
4.761470
4.542970
4.794680
4.769000
5.035040
5.053700
4.957960
4.633910
4.866050
5.133430
5.133910
4.986590
5.095720
5.023540
5.134910
4.796720
4.734150
5.237980
5.078530
5.191920
5.475650
5.199970
4.995260
5.305650
5.500880
5.588680
5.298100
5.589560
5.359780
5.436900
5.851950
5.975640
5.530780
5.899470
5.618630
5.391810
5.356020
5.460180
5.793110
5.860490
5.925920
5.483280
5.725100
5.648590
5.975120
5.156460
5.191680
5.877210
5.508290
5.447760
5.686810
5.066880
5.649940
5.696010
5.122540
5.403110
5.009310
5.008400
5.099320
4.931330
5.103190
5.088660
5.281980
5.222710
5.295650
4.826690
5.520510
5.240600
5.564940
5.369040
5.164760
5.733090
5.095440
5.666070
5.873850
5.438290
5.048140
4.550800
4.662990
4.784480
4.911020
4.066030
4.524170
4.689320
3.846750
4.147810
4.068640
4.052550
4.039340
4.086080
4.312830
4.292270
4.152410
4.638530
4.363510
4.437280
4.380290
4.524460
4.618340
4.396530
4.282170
4.872250
4.619970
4.468660
4.174250
5.123530
5.490290
5.325550
4.754660
5.017690
5.193670
4.928330
5.053460
5.077570
6.055160
6.322690
5.753770
5.547320
5.681850
6.171390
6.327250
6.688150
5.970750
5.539350
5.604330
5.784810
5.634670
6.101240
6.520810
6.127770
5.329250
5.797330
5.944770
6.100510
5.922640
5.882230
5.870500
6.412810
6.197090
6.077960
5.811940
6.593480
6.289340
6.490630
6.086110
5.925180
5.979020
5.893850
5.754190
6.261320
7.626660
6.804140
7.548740
7.185350
6.835760
5.979520
5.829050
6.577750
5.791070
6.869140
6.771680
6.895760
7.276400
7.305030
7.280010
7.197150
7.063560
6.630450
6.740100
7.315800
7.347100
6.979930
7.181290
7.895080
9.007910
8.402470
8.442220
7.906180
6.543320
6.803100
5.830970
5.536280
5.636190
6.906790
5.163200
7.077230
6.189370
6.505830
5.444850
6.961130
8.096510
7.796720
7.589970
7.456680
6.719130
6.346500
5.730220
4.796000
5.433980
4.850190
5.339990
4.963070
4.548250
5.415370
5.154870
4.563810
4.729040
5.537580
5.947240
6.593330
7.626160
7.956560
7.884360
8.014370
8.318620
8.112110
8.488140
7.595890
9.084730
9.851000
9.504690
9.612400
8.101910
7.933940
