0.955511
0.878876
0.948138
0.910957
0.872623
0.911283
0.838969
0.881987
0.975156
0.922004
0.948622
0.815481
0.903278
0.816809
0.976405
1.03323
1.02453
0.930705
1.00259
0.945889
1.02631
0.961015
0.892901
0.957262
1.01644
1.01791
1.04058
0.976538
1.02889
1.0462
0.964958
0.98237
1.0492
0.996814
1.02703
1.07723
1.16818
1.08014
1.08697
1.12511
1.06489
1.11688
1.13045
1.11836
1.01641
1.18962
0.823015
0.767592
0.780295
0.874106
0.87757
0.812598
0.858023
0.83867
1.39398
1.32852
1.20321
1.0703
1.22117
1.29544
1.27099
1.21433
1.24901
1.12864
1.13154
0.999325
1.05991
1.09359
1.00265
0.996036
1.14317
1.05674
1.0365
1.12163
1.19226
1.14035
1.0293
1.34357
1.076
1.21117
1.34723
1.27742
1.2511
1.31391
1.1507
1.25398
1.39807
1.24528
1.22654
1.23558
1.33448
1.34804
1.34268
1.30325
1.34338
1.4471
1.35322
1.22865
1.27266
1.35698
1.46277
1.37693
1.34692
1.37215
1.25301
1.41936
1.26128
1.38553
1.35721
1.22914
1.29749
1.1862
1.26767
1.2212
1.22669
1.14806
1.22675
1.1688
1.24857
1.31182
1.29305
1.16561
1.27482
1.37668
1.23566
1.31156
1.20367
1.22171
1.26602
1.21733
1.11575
1.25587
1.09812
1.09147
1.12978
1.19838
1.14543
1.32039
1.39872
1.24939
1.18994
1.34584
1.1903
1.29892
1.15426
1.21937
1.26351
1.19275
1.28948
1.3128
1.22205
1.3068
1.16431
1.34348
1.23568
1.36862
1.30421
1.17428
1.31411
1.33093
1.22969
1.17244
1.2751
1.47037
1.3991
1.32825
1.41855
1.14823
1.28891
1.29013
1.39734
1.27627
1.31203
1.26515
1.30743
1.28037
1.16365
1.32311
1.49488
1.30047
1.24642
1.34776
1.31783
1.19005
1.33275
1.18792
1.32204
1.18396
1.32603
1.42474
1.43109
1.36718
1.18598
1.22931
1.34789
1.35937
1.29528
1.30011
1.2374
1.38677
1.3539
1.46194
1.34814
1.23535
1.24502
1.21385
1.22268
1.39522
1.16411
1.27468
1.38002
1.34955
1.23202
1.35213
1.33578
1.162
1.06132
1.43581
1.28017
1.34905
1.27889
1.25548
1.27388
1.29147
1.32565
1.30437
1.41822
1.28663
1.18723
1.37495
1.16047
1.37515
1.17481
1.39229
1.30602
1.24213
1.24862
1.15763
1.32567
1.24114
1.14866
1.11471
1.08495
1.48473
1.21753
1.28609
1.24481
1.25833
1.19763
1.20787
1.2391
1.21433
1.2978
1.22474
1.27253
1.29684
1.22482
1.1422
1.20693
1.37285
1.20224
1.23435
1.20936
1.38354
1.21002
1.2855
1.18634
1.18822
1.38099
1.19862
1.23786
1.09345
1.33485
1.29739
1.19344
1.26215
1.37432
1.20187
1.14432
1.33859
1.13769
1.0994
1.20413
1.21231
1.20642
1.12629
1.15276
1.25483
1.19645
1.22144
1.19802
1.27058
1.20171
1.1076
1.24377
1.26698
1.17564
1.194
1.30343
1.22455
1.19279
1.3321
1.13267
1.07813
1.2041
1.10134
1.2638
1.04726
1.24976
1.12853
1.19916
1.27501
1.2336
1.18156
1.04794
1.17822
1.20444
1.1334
1.23307
1.26638
1.26993
1.14876
1.18767
1.10548
1.072
1.17014
1.10497
1.232
1.20535
1.42597
1.18278
1.04963
1.26043
1.10173
1.16075
1.24239
1.40269
1.27895
1.05529
1.25791
1.11782
1.16742
1.20939
1.14498
1.26722
1.16112
1.21105
1.24418
1.0716
1.08863
1.14519
1.26395
1.17552
1.02359
1.14174
1.10429
1.0066
1.3009
1.2977
1.2769
1.24017
1.10364
1.06567
1.13729
1.09418
1.19531
1.20613
1.11784
1.0816
1.10176
1.13422
1.21685
1.11979
1.02455
1.14046
1.25441
1.19734
1.23128
1.08633
1.14366
1.0061
0.978121
0.944302
1.00628
1.02326
0.955164
0.984999
1.00946
0.871847
0.897859
0.984392
0.87427
0.933447
0.799129
0.79891
0.838529
0.741509
0.79854
0.699818
0.778899
0.668989
0.782648
0.638799
0.674046
0.600598
0.592202
0.625892
0.618781
0.58084
0.52595
0.596058
0.556993
0.537738
0.503036
0.541174
0.502413
0.470459
0.457071
0.479768
0.441036
0.401622
0.416996
0.42127
0.370741
0.391199
0.366414
0.330207
0.388736
0.315626
0.33097
0.325643
0.303121
0.289263
0.300314
0.287383
0.240924
0.246827
0.289052
0.268472
0.252597
0.28293
0.270943
0.279743
0.292084
0.248831
0.269433
0.230888
0.265297
0.265638
0.209832
0.233908
0.220344
0.212097
0.228571
0.228349
0.252362
0.278334
0.234508
0.258074
0.246101
0.223203
0.261858
0.200177
0.204151
0.217437
0.196092
0.206832
0.191678
0.21691
0.221906
0.230771
0.181379
0.185034
0.187378
0.175334
0.190147
0.195076
0.214964
0.171274
0.176473
0.242476
0.191993
0.222495
0.180368
0.185123
0.192474
0.224588
0.208419
0.173625
0.202719
0.220756
0.238964
0.248605
0.2119
0.206912
0.204726
0.229256
0.204124
0.188888
0.203365
0.195458
0.199471
0.18971
0.178034
0.186738
0.201983
0.207993
0.203679
0.205118
0.213238
0.182409
0.202753
0.192769
0.203162
0.202034
0.210657
0.196436
0.186862
0.195309
0.159322
0.18697
0.203855
0.193013
0.198912
0.196519
0.199164
0.195463
0.198981
0.202483
0.195115
0.210482
0.21559
0.201385
0.20542
0.219558
0.22459
0.231489
0.232476
0.226982
0.236914
0.240544
0.226348
0.240019
0.250266
0.273558
0.234442
0.271688
0.288723
0.286976
