7.905370
7.425350
7.163570
7.812400
7.546240
7.868810
7.774550
9.741980
9.447380
8.678650
8.704920
8.683830
8.524220
10.495400
9.251960
8.600850
9.568550
9.789050
8.387110
8.850290
9.444240
8.216310
10.496500
10.315600
10.014900
10.149600
10.585600
8.847680
9.062030
10.406500
11.059300
10.623500
10.012000
11.086400
10.146100
12.642900
11.721500
10.626300
11.890500
13.905200
14.103100
13.253300
12.032900
12.165700
13.396200
13.470300
14.162600
13.170400
13.463500
14.592200
13.261700
15.531700
14.036100
15.611000
15.095300
13.212800
14.729200
15.385800
14.493700
15.773300
16.122300
16.455900
15.708900
16.964100
17.339000
18.242700
16.295000
15.385200
16.419200
18.777900
17.309200
16.475000
16.997400
18.601700
17.197900
17.392700
17.427900
16.662500
17.826600
16.857600
18.809800
18.983600
18.152300
17.920500
19.235900
18.333200
16.273500
17.503400
17.843700
17.986500
17.264100
17.609200
17.966300
18.234100
17.547200
20.122500
16.642800
17.164800
17.004800
17.128100
18.841900
19.885900
18.143800
18.473100
18.281600
18.570500
16.626900
19.657100
18.383100
17.170400
17.725000
16.771800
18.145800
19.506400
17.916400
19.950900
17.316000
19.364500
18.153500
18.548300
20.529100
19.658800
21.271100
19.771600
20.099100
18.157200
20.917400
19.058400
21.125600
19.050100
19.322300
20.184100
19.115000
20.265900
21.266600
20.848000
19.283500
22.129100
21.468900
19.860200
20.721100
21.496600
21.524200
24.246700
24.196000
20.717700
19.922300
18.469200
15.206100
18.191300
28.348200
24.331200
33.712300
26.843000
34.867200
41.036300
30.018800
37.968700
34.862400
34.851300
21.917300
19.628100
15.263800
12.956300
16.493600
13.208100
11.243300
