0.29148
0.356364
0.378522
0.376597
0.410221
0.343171
0.396521
0.51972
0.350436
0.415791
0.51008
0.424838
0.448743
0.51394
0.698584
0.39211
0.504874
0.625824
0.735729
0.855111
0.847849
0.928805
0.709293
0.692105
0.641559
0.633779
0.617552
0.661266
0.552818
0.640963
0.768211
0.869506
0.676789
0.670419
0.712526
0.749222
0.650296
0.689536
0.720943
0.585754
0.660945
0.786267
0.846996
0.59279
0.867483
0.827155
0.808327
0.791242
0.756807
0.928228
0.818848
0.672053
0.870452
0.94112
0.942729
0.863254
0.782995
0.848943
1.04897
0.853922
1.02894
0.837108
1.1378
0.933989
1.07365
0.882567
0.895902
1.04305
0.747555
0.956502
1.14795
1.02521
1.08934
1.1449
1.11264
0.968459
1.08913
1.15196
1.3055
0.908096
1.33573
1.38061
1.10309
1.23892
1.3986
1.39574
0.959031
1.28722
1.13933
1.10148
1.23632
1.12827
1.08239
1.15523
1.44006
1.24929
1.00029
1.15905
1.18337
1.32772
1.22051
1.1222
1.27402
1.07625
1.27838
1.3167
1.16682
1.2224
1.18374
1.35346
1.14426
1.44904
1.232
1.21052
1.07902
1.22049
1.07913
1.10004
