0.152869
0.186659
0.144494
0.212679
0.280815
0.392074
0.435838
0.306635
0.341758
0.385359
0.345658
0.391438
0.484937
0.438165
0.663754
0.509998
0.709087
0.835825
0.834866
0.959462
0.91103
0.65445
0.735675
0.753942
0.555966
0.448993
0.517712
0.419228
0.51688
0.625649
0.763874
0.811689
0.898597
0.857964
1.01778
1.3771
0.965324
0.781167
0.817485
0.840191
0.824397
1.07887
1.01138
1.26232
1.34552
1.35427
1.20646
1.18608
0.835462
0.950643
1.3639
1.61421
1.7918
1.98824
1.45225
1.17653
0.562312
0.567283
0.76748
1.51843
1.03962
1.28619
1.3908
0.41664
0.546213
1.09805
0.956979
1.05219
1.42498
1.38331
1.14394
0.944505
0.923954
0.73924
0.754508
1.21641
0.843046
1.42877
1.73932
2.13623
2.7742
1.79364
0.998491
1.09335
1.02631
1.27722
1.22305
1.11667
1.46496
1.49101
1.66358
1.12055
0.764312
1.6552
1.08603
1.24156
1.45684
1.80098
1.63031
1.21163
1.32928
1.02034
1.37458
1.28658
1.45407
