2.47796
2.98244
2.94715
3.12565
3.79738
4.13746
7.32036
10.2552
15.2662
11.9558
12.5029
7.5121
6.58248
10.1968
7.81278
6.48347
4.69001
10.3873
7.06636
7.53557
7.52248
6.52608
5.91084
6.3124
6.56182
7.82702
6.90743
6.95606
7.66784
6.85748
10.0009
6.22484
7.2292
6.45842
7.25181
7.22206
6.9126
8.22948
8.55959
8.91037
8.53174
8.88288
7.06367
8.16882
4.9701
6.35962
6.05158
5.89132
6.45693
6.01669
4.89476
4.53788
4.89755
5.06053
4.42401
3.88527
5.26669
3.87512
5.17393
4.58754
5.50065
5.32238
4.73889
4.34088
3.73948
4.11508
4.22542
3.92368
3.53033
3.9621
3.93719
3.65353
3.78646
3.7065
4.26874
3.93623
4.62215
4.34239
3.78034
4.17242
3.68322
3.48342
3.43428
4.24339
2.96202
2.90091
3.08293
3.1366
3.35774
4.54363
3.34637
3.56978
4.53283
5.76279
3.20934
3.6435
3.11513
3.23779
3.10662
3.14323
3.09699
2.79752
3.11713
2.04165
3.02144
2.61319
2.9112
3.15969
3.48989
3.12645
2.51866
2.43627
2.47142
2.87768
2.37028
2.42211
2.62838
2.63297
