0.467824
0.67707
0.455673
0.464787
0.38272
0.454953
0.487945
0.631885
0.498439
0.529483
0.599729
1.18402
0.712603
1.04917
0.980482
0.813404
0.438638
0.671966
1.46789
0.444203
1.06107
1.27259
0.877136
0.887327
1.16484
1.3116
1.07432
0.7726
0.932038
0.912793
0.652978
1.13724
1.03747
1.27417
1.14351
0.98796
1.03415
0.950896
1.01288
1.01282
1.00703
1.10474
1.13566
0.983095
1.04654
1.0679
1.11662
0.963859
1.04297
0.939301
0.992263
1.05623
0.962777
1.02714
0.811176
0.762093
0.894146
0.795663
0.860126
0.89515
0.848985
0.855443
0.876001
0.901236
0.85649
0.882184
0.869712
0.836871
0.84344
0.695263
0.832871
0.785441
0.393378
0.567518
0.591085
0.634171
0.639905
0.728669
0.455444
0.576469
0.484401
0.46693
0.561175
0.786978
0.469005
0.4426
0.472639
0.520409
0.526365
0.607995
0.470962
0.977325
0.884161
0.916446
0.715721
0.843612
0.957291
0.80242
1.12438
0.870627
0.961713
0.799355
0.818218
0.739459
0.708416
0.775805
0.908673
0.77319
0.887199
0.878351
0.89817
0.734793
0.669799
0.667367
0.637851
0.650633
0.765306
0.750628
0.769477
0.795707
0.756562
0.693519
0.734472
0.768583
0.816207
0.864571
0.768987
0.809403
0.80903
0.825369
0.786896
0.763772
0.83854
0.833153
0.765722
0.767956
0.816169
0.818981
0.89009
0.904221
0.728658
0.815345
0.814301
0.782544
0.735354
0.789691
0.704183
0.846284
0.722417
0.721272
0.822133
0.830027
0.921408
0.674052
0.896206
0.862074
0.762208
0.80349
0.827785
0.746517
0.733574
0.717606
0.735103
0.680897
0.708779
0.721958
0.720508
0.694146
0.722084
0.670023
0.700675
0.761874
0.739306
0.703438
0.68857
0.730543
0.693116
0.652922
0.676207
0.541928
0.703077
0.674371
0.666538
0.613005
0.717479
0.774785
0.693016
0.625424
0.607844
0.670178
0.741665
0.775753
0.605407
0.630385
0.64278
0.656386
0.773635
0.668498
0.641482
0.650951
0.614715
0.631361
0.649319
0.610073
0.613218
0.617483
0.674817
0.620038
0.664902
0.600039
0.637873
0.604387
0.606033
0.608862
0.555826
0.624657
0.654361
0.650127
0.680079
0.632503
0.611069
0.62578
0.634409
0.615078
0.59365
0.564054
0.571236
0.603034
0.590709
0.556881
0.629601
0.63498
0.622824
0.63173
0.676413
0.601384
0.594676
0.580445
0.607521
0.608395
0.611697
0.60258
0.620736
0.587841
0.562971
0.586732
0.640368
0.636143
0.543182
0.593894
0.597253
0.561644
0.600082
0.579837
0.555826
0.546691
0.510424
0.630567
0.603424
0.537283
0.581157
0.59272
0.531717
0.508518
0.579664
0.593752
0.55675
0.58454
0.60629
0.57357
0.515854
0.547274
0.56219
0.576487
0.617924
0.517566
0.56286
0.573116
0.539222
0.577474
0.572417
0.567985
0.564962
0.545265
0.571967
0.530371
0.579812
0.554428
0.559267
0.55812
0.530056
0.55272
0.562458
0.484194
0.524891
0.504157
0.500703
0.471196
0.501786
0.528694
0.473194
0.538347
0.501997
0.492062
0.538933
0.583598
0.518831
0.476592
0.483844
0.512614
0.519258
0.518695
0.566113
0.537076
0.49959
0.503032
0.54399
0.550945
0.476967
0.529799
0.540082
0.504956
0.549346
0.486018
0.507295
0.515745
0.510627
0.544719
0.456346
0.563671
0.560233
0.559706
0.541316
0.514162
0.54049
0.489987
0.492636
0.47267
0.450936
0.445051
0.479258
0.493996
0.503808
0.487115
0.366117
0.451791
0.434268
0.408608
0.484859
0.443825
0.428873
0.374902
0.421218
0.388399
0.427863
0.409459
0.385741
0.374771
0.412998
0.41141
0.421038
0.416001
0.407485
0.391405
0.379887
0.415635
0.405201
0.435824
0.42116
0.433278
0.413055
0.424212
0.425924
0.438234
0.440265
0.441888
0.41371
0.458554
0.422185
0.404407
0.445464
0.433302
0.449816
0.392454
0.414506
0.422331
0.436436
0.402374
0.399426
0.419734
0.41471
0.429205
0.421498
0.370211
0.431006
0.426538
0.530087
0.431965
0.452177
0.51352
0.417417
0.408356
0.429828
0.42124
0.41551
0.430306
0.419096
0.409068
0.432696
0.415744
0.440427
0.417567
0.41956
0.395611
0.379431
0.382306
0.388711
0.430064
0.34776
0.41471
0.375864
0.378169
0.359122
0.392062
0.373932
0.33069
0.371308
0.360056
0.400981
0.361164
0.374956
0.327541
0.396089
0.399206
0.346065
0.367277
0.348853
0.370493
0.415701
0.402348
0.369477
0.444618
0.397222
0.390071
0.365935
0.399507
0.439033
0.436622
0.407303
0.402206
0.396502
0.368018
0.350892
0.370402
0.328891
0.381214
0.36695
0.413971
0.351024
0.390806
0.377715
0.377001
0.379477
0.390329
0.340789
0.3867
0.338299
0.387312
0.392925
0.354523
0.34241
0.367594
0.346555
0.392549
0.326839
0.328587
0.3499
0.365165
0.358196
0.359546
0.337619
0.342046
0.34733
0.305719
0.315562
0.388402
0.304446
0.296028
0.353417
0.342538
0.337819
0.270114
0.347931
0.286377
0.277253
0.290032
0.352582
0.280685
0.287991
0.308553
0.309131
0.276995
0.270349
0.282705
0.300723
0.31128
0.2911
0.291088
0.315185
0.270897
0.277171
0.293425
0.285947
0.260029
0.265209
0.25858
0.266751
0.26191
0.285227
0.271211
0.271576
0.304342
0.290078
0.280937
0.265701
0.272552
0.268328
0.269323
0.294203
0.265604
0.284228
0.268195
0.28089
0.27449
0.272243
0.26696
0.262466
0.261872
0.244529
0.275356
0.295342
0.246795
0.243433
0.234487
0.236612
0.241611
0.265577
0.242712
0.235466
0.262064
0.295689
0.266744
0.273808
0.283424
0.270453
0.237978
0.267024
0.232065
0.226466
0.228107
0.240104
0.257957
0.219866
0.231423
0.244418
0.229816
0.259406
0.241549
0.26492
0.250908
0.23912
0.268384
0.238287
0.219015
0.249008
0.217746
0.211371
0.215946
0.218665
0.211431
0.200857
0.217923
0.204085
0.197554
0.249881
0.235706
0.219764
0.201818
0.22625
0.24726
0.221666
0.205988
0.230248
0.220453
0.218446
0.234244
0.192424
0.188397
0.183056
0.204155
0.197403
0.196886
0.217845
0.199524
0.223351
0.212766
0.210467
0.18685
0.220044
0.210632
0.209431
0.21622
0.189992
0.223586
0.210279
0.191433
0.200834
0.194613
0.208919
0.203775
0.230414
0.215597
0.199877
0.191782
0.202687
0.184502
0.188197
0.194255
0.195285
0.18367
0.237873
0.223466
0.213848
0.209365
0.232967
0.236663
0.230705
0.232655
0.266449
0.259045
0.272262
0.251744
0.268339
0.285684
0.269979
0.283788
0.310684
0.317886
0.286637
0.294567
0.284819
0.261254
0.264049
0.275383
0.293407
0.294165
0.279851
0.310206
0.290697
0.311308
0.323116
0.323002
0.310439
0.292403
0.292197
0.298022
0.308767
0.288089
0.30068
0.273457
0.316063
0.290903
0.285339
0.316597
0.307372
0.292265
0.308245
0.336954
0.295079
0.309971
0.285973
0.295569
0.304891
0.294751
0.299807
0.297677
0.320971
0.293416
0.315277
0.302793
0.273189
0.290639
0.292934
0.307856
0.266014
0.279392
0.273929
0.294678
0.249867
0.286732
0.278846
0.266675
0.279573
0.292793
0.288649
0.276383
0.273875
0.279
0.283681
0.287808
0.282569
0.270397
0.281256
0.286528
0.289352
0.275273
0.268244
0.26462
0.260893
0.270839
0.294058
0.283688
0.283501
0.259827
0.276285
0.258305
0.277288
0.25092
0.300936
0.293091
0.274245
0.273478
0.27089
0.260566
0.259568
0.26603
0.281944
0.264787
0.25789
0.27917
0.256482
0.272477
0.285016
0.281961
0.281058
0.273292
0.278984
0.255768
0.260585
0.275147
0.268211
0.249745
0.265458
0.259685
0.25611
0.258688
0.268181
0.250545
0.273057
0.253302
0.255379
0.261177
0.257576
0.253206
0.234201
0.250531
0.280961
0.268134
0.275442
0.273714
