0.88388
0.649305
0.767181
1.3329
0.864368
1.08976
0.883543
1.40681
0.797968
1.15148
0.858874
0.720086
0.774634
1.67779
0.953364
1.00912
1.16509
1.91816
0.885478
0.889511
0.892108
0.938589
1.31707
1.21323
1.24924
0.905496
1.11103
1.32152
1.28917
1.47018
1.29886
0.837218
0.817718
0.882589
1.09018
0.704643
0.823536
0.971194
1.04075
0.759037
1.28666
1.02748
1.379
1.27611
1.67435
1.62035
1.52018
1.75246
1.28595
1.38306
1.4336
0.871004
0.88159
1.47468
1.30823
1.54735
0.82549
1.09978
1.23434
1.32219
1.26266
1.34665
1.21651
1.21932
1.22114
1.71141
1.05613
2.09591
1.38432
1.20748
1.45888
1.548
0.968792
0.830414
1.46248
1.14815
1.03015
0.810524
0.998515
1.12755
1.37049
1.13389
1.22494
1.05095
0.82545
1.07345
1.01174
1.21273
1.10462
1.2657
1.14756
1.23666
1.86012
1.30693
1.2767
1.12665
1.56274
1.10425
1.1062
1.05486
1.93579
1.77667
1.53724
1.25918
1.95145
1.88223
1.37772
0.992811
0.996492
0.99518
1.69255
1.32229
0.885023
1.02097
0.99006
0.88161
0.943524
1.26315
1.21135
1.08469
1.15148
1.16687
1.66759
0.884813
0.873489
0.808017
0.977684
0.769543
1.11865
1.25408
0.78227
1.07728
1.13521
0.974745
0.887797
0.803111
0.753419
1.13708
1.221
1.05331
1.27213
0.652712
0.914984
0.844731
0.791885
0.997405
0.829073
0.914431
0.912836
0.768865
0.668448
0.910903
0.685859
0.95916
0.787824
0.837345
0.680943
0.775494
0.753206
0.657117
0.554864
0.738703
0.565595
0.625526
0.833246
0.893334
0.799993
0.760176
0.659701
0.557386
0.584926
0.576162
0.591781
0.654767
0.763858
0.693945
0.588488
0.61996
0.658777
0.59128
0.520342
0.596646
0.586153
0.619249
0.431762
0.462611
0.419741
0.463647
0.451466
0.413249
0.402679
0.39137
0.369973
0.392224
0.37723
0.294504
