0.75315
0.717718
0.41182
0.654452
0.862089
0.767236
0.791039
0.995487
0.868258
0.89668
0.879247
0.752275
0.678191
0.634992
0.747335
0.499679
0.351527
0.443808
0.502379
0.569637
0.567248
0.542726
0.530956
0.564613
0.584858
0.474099
0.617506
0.621552
0.53264
0.517013
0.54402
0.65187
0.582586
0.63782
0.610725
0.578928
0.573187
0.516754
0.472244
0.46155
0.414046
0.496891
0.536945
0.423567
0.49785
0.53027
0.559091
0.523919
0.479923
0.428946
0.448346
0.429052
0.396119
0.444782
0.466856
0.425881
0.406272
0.483944
0.464009
0.492281
0.468865
0.477317
0.457317
0.437177
0.446001
0.441992
0.43221
0.509887
0.45038
0.438497
0.456355
0.396246
0.442525
0.458216
0.406586
0.466619
0.427249
0.462415
0.414217
0.40747
0.451603
0.357177
0.37089
0.396551
0.425693
0.43983
0.394961
0.412407
0.387498
0.405474
0.349543
0.376998
0.386014
0.326481
0.411412
0.361445
0.392937
0.346222
0.296926
0.333025
0.316179
0.297733
0.29822
0.324143
0.321956
0.292928
0.294183
0.302056
0.335432
0.292279
0.283596
0.320263
0.281846
0.316763
0.272618
0.333791
0.278084
0.308653
0.320839
0.288133
0.33005
0.395283
0.418851
0.443055
0.408214
0.408279
0.380333
0.399595
0.339022
0.460785
0.46037
0.42298
0.395601
0.486425
0.461428
0.478232
0.434259
0.445172
0.465136
0.365998
0.380566
0.356352
0.325619
0.311478
0.386949
0.326779
0.385319
0.393414
0.354036
0.32201
0.351398
0.333959
0.3193
0.35518
0.277239
0.399748
0.359438
0.414433
0.375531
0.329168
0.325463
0.376683
0.396472
0.357665
0.43986
0.38542
0.329593
0.333879
0.270179
0.272238
0.323047
0.297803
0.36193
0.385123
0.396375
0.355514
0.282101
0.296864
0.230864
0.233531
0.23723
0.233712
0.261752
0.238718
0.230679
0.257408
0.270402
0.232945
0.254762
0.245798
0.221577
0.245479
0.243504
0.229315
0.198254
0.19521
0.212611
0.185247
0.225816
0.234591
0.255751
0.217359
0.223547
0.226088
0.230466
0.175887
0.200308
0.185265
0.208107
0.200975
0.210625
0.187647
0.171529
0.239576
0.23751
0.2514
0.278097
0.230197
0.263381
0.185225
0.196091
0.187333
0.173687
0.184651
0.171927
0.18408
0.192119
0.208325
0.23143
0.249599
0.246613
0.223174
0.21612
0.198245
0.229035
0.228076
0.249173
0.231164
0.196606
0.213293
0.193274
0.196716
0.19004
0.261061
0.259049
0.252158
0.202213
0.240045
0.220736
0.229004
0.238505
0.279146
0.2828
0.23096
0.200762
0.241634
0.229314
0.199061
0.16865
0.148919
0.176304
0.202978
0.208545
0.200706
0.172615
0.18165
0.199363
0.184681
0.167004
0.158184
0.164483
0.182692
0.185243
0.17727
0.170847
0.178405
0.161107
0.146697
0.179437
0.164221
0.151779
0.151319
0.14316
0.137667
0.141353
0.150043
0.152957
0.126805
0.140871
0.140398
0.14643
0.111697
0.128389
0.13526
0.121466
0.149113
0.134233
0.169956
0.174003
0.146012
0.167943
0.15633
0.146955
0.160413
0.13273
0.123824
0.0948319
0.117729
0.143762
0.133492
0.134455
0.117627
0.114588
0.12341
0.128752
0.12308
0.127039
0.140473
0.137957
0.136092
0.121089
0.110938
0.118216
0.0994406
0.110934
0.126705
0.150592
0.1258
0.119946
0.117581
0.121756
0.117669
0.124003
0.144956
0.12625
0.127297
0.131789
0.130707
0.144559
0.145638
0.145487
0.144596
0.116609
0.128499
0.129456
0.156614
0.13829
0.132783
0.131306
0.119335
0.144559
0.151941
0.140268
0.14001
0.126049
0.133279
0.125847
0.142511
0.15187
0.170558
0.153538
0.178763
0.171513
0.170067
0.183928
0.225584
0.165781
0.242212
0.230054
0.245664
0.207064
0.176422
0.224185
0.16326
0.271072
0.274058
0.19768
0.167059
0.184894
0.208066
0.219365
0.203515
0.201165
0.271155
0.268451
0.201811
0.210286
0.231508
0.204615
0.180189
0.169097
0.176962
0.163543
0.171764
0.163007
0.155422
0.196978
0.180314
0.174483
0.198892
0.205528
0.154313
0.154689
0.157798
0.159642
0.148311
0.194495
0.152628
0.149777
0.172629
0.143699
0.159714
0.141899
0.152059
0.155541
0.142372
0.162344
0.15914
0.184709
0.181544
0.131593
0.156068
0.170035
0.171829
0.176209
0.161977
0.176585
0.179218
0.15834
0.168987
0.162072
0.16595
0.139078
0.14703
0.149515
0.15612
0.172291
0.14977
0.159236
0.136154
0.161339
0.148371
0.154356
0.163137
0.146933
0.109902
0.138249
0.143977
0.140904
0.12919
0.138872
0.141999
0.115479
0.107784
0.148441
0.140528
0.129458
0.129429
0.109758
0.126939
0.110051
0.102551
0.114467
0.127851
0.12354
0.125107
0.121987
0.128738
0.133471
0.0824054
0.123806
0.132758
0.104184
0.0921342
0.0995548
0.111192
0.111948
0.116864
0.133979
0.115207
0.10595
0.105641
0.123594
0.156796
0.115004
0.107932
0.136351
0.145006
0.156277
0.132887
0.122535
0.135117
0.134481
0.130894
0.131304
0.147299
0.181316
0.168447
0.204632
0.183926
0.201471
0.18404
0.184767
0.174385
0.192315
0.186782
0.170918
0.18743
0.183784
0.177963
0.155583
0.216585
0.161454
0.172233
0.167053
0.147682
0.170149
0.143885
0.174118
0.137174
0.121373
0.131929
0.161613
0.136692
0.143031
0.09803
0.129432
0.122649
0.118349
0.133645
0.143269
0.128133
0.170637
0.164776
0.126995
0.136491
0.132888
0.174042
0.149639
0.13598
0.115109
0.115663
0.152431
0.154644
0.116778
0.127141
0.131211
0.165824
0.165499
0.134622
0.116592
0.122475
0.142849
0.160555
0.129712
0.130064
0.125748
0.132271
0.120648
0.112575
0.13457
0.125296
0.153829
0.132583
0.141255
0.121143
0.121038
0.120303
0.11609
0.114278
0.103984
0.117239
0.135465
0.121127
0.111235
0.120768
0.111904
0.0962366
0.0908277
0.101185
0.10031
0.104661
0.0975374
0.10192
0.159838
0.12247
0.101184
0.120654
0.105341
0.116754
0.121368
0.0863058
0.0961785
0.113887
0.102857
0.117546
0.0852803
0.0936562
0.0888597
0.100858
0.0857729
0.0858114
0.0924508
0.0857589
0.0931315
0.0925638
0.0960233
0.0946966
0.114794
0.112463
0.100813
0.101374
0.0851527
0.0973512
0.116399
0.135616
0.132771
0.134013
0.165636
0.227939
0.266728
0.361947
0.241273
0.248198
0.203035
0.208918
