0.12274
0.132966
0.1308
0.122847
0.128553
0.123443
0.160426
0.172782
0.174023
0.555723
0.736409
0.701097
0.711817
0.802441
0.766899
0.886289
0.659867
1.00541
1.09321
0.890746
1.00472
1.07027
1.51564
1.07512
0.891541
0.525565
0.532107
0.729175
0.564462
0.787788
0.937061
0.739578
0.802156
0.761161
0.898549
0.860743
0.926245
1.06107
0.660762
0.932034
0.524361
0.783205
0.886623
0.81038
0.684099
0.719651
0.436908
0.681069
0.481721
0.86569
0.525888
0.566317
0.73776
0.633693
0.829779
0.52987
0.595839
0.452804
0.735156
0.86157
0.575676
0.505793
0.527084
0.689371
0.562859
0.505069
0.602277
0.70714
0.515315
0.6755
0.660776
0.578282
0.714078
0.489528
0.617042
0.587345
0.550655
0.48479
0.580236
0.34549
0.617568
0.815666
0.201091
0.175125
0.261198
0.391017
0.358637
0.223264
0.224385
0.394684
0.900087
0.678651
0.568806
0.523939
0.621044
0.662768
0.603076
0.56832
0.507178
0.688817
0.506376
0.62622
0.554792
0.620365
0.569007
0.636054
0.262703
0.184218
0.15935
0.166977
0.175589
0.16362
0.128812
0.136833
0.13846
0.146452
0.136616
0.135521
0.153398
0.200872
0.143151
0.154549
0.174719
0.172148
0.13037
0.124807
0.155967
0.177801
0.21981
0.220884
0.216002
0.164966
0.205605
0.221073
0.186837
0.171928
0.165182
0.176093
0.206403
0.248816
0.569609
0.275739
0.422475
0.546408
0.463118
0.430212
0.240481
0.330524
0.27249
0.260118
0.325317
0.312204
0.284663
0.289202
0.367201
0.319196
0.340244
0.344355
0.327877
0.428577
0.363186
0.290714
0.28397
0.37963
0.376289
0.337028
0.402568
0.372046
0.406261
0.414856
0.413533
0.436343
0.481466
0.393021
0.455881
0.420456
0.412228
0.349349
0.476053
0.395068
0.390843
0.392083
0.404713
0.405466
0.429939
0.434596
0.419619
0.367509
0.387625
0.423961
0.350104
0.336673
0.37247
0.349412
0.308785
0.331678
0.34185
0.325411
0.344976
0.360655
0.300018
0.286852
0.309872
0.397297
0.40618
0.347954
0.340856
0.316388
0.334877
0.342005
0.309836
0.290679
0.318605
0.299807
0.33647
0.44415
0.395101
0.385504
0.453394
0.505906
0.541332
0.592761
0.637139
0.564576
0.366103
0.636386
0.671679
0.456565
0.570243
0.554804
0.495515
0.557225
0.46879
0.538951
0.525723
0.431689
0.42722
0.354746
0.379406
0.375583
0.450173
0.365038
0.3908
0.448239
0.367995
0.411433
0.424401
0.460022
0.513556
0.457814
0.418978
0.397872
0.356294
0.346683
0.321014
0.320186
0.384264
0.327202
0.331127
0.297582
0.355394
0.331616
0.363395
0.40426
0.413616
0.403598
0.359948
0.426964
0.372275
0.475054
0.364915
0.433406
0.487609
0.355792
0.336128
0.359116
0.407738
0.449217
0.355965
0.449208
0.25311
0.218526
0.214947
0.239177
0.321313
0.224565
0.19898
0.179497
0.185328
0.0951855
0.180083
0.17082
0.162051
0.154292
0.111722
0.0946253
0.138495
0.291525
0.140216
0.129296
0.104204
0.181112
0.10326
0.25894
0.157738
0.248097
0.146383
0.146222
0.138601
0.188084
0.185267
0.205515
0.230369
0.201024
0.220574
0.265798
0.221021
0.277676
0.187364
0.273535
0.156971
0.185398
0.205654
0.24372
0.212343
0.215658
0.208684
0.233484
0.211194
0.210686
0.178262
0.226246
0.194133
0.208069
0.20483
0.176888
0.243219
0.212143
0.17481
0.162658
0.1847
0.213581
0.207262
0.222702
0.182214
0.22545
0.199176
0.191062
0.214967
0.222531
0.185116
0.191851
0.197875
0.20491
0.211789
0.251455
0.227917
0.205139
0.147974
0.185566
0.154007
0.186139
0.169224
0.163586
0.197525
0.135954
0.163705
0.156591
0.199292
0.164226
0.189721
0.164749
0.130351
0.179028
0.179045
0.226426
0.180903
0.152895
0.180426
0.15814
0.153008
0.16199
0.148961
0.158723
0.160727
0.158914
0.152812
0.170308
0.161583
0.175768
0.208904
0.165872
0.184762
0.206099
0.225034
0.164692
0.207642
0.19185
0.221843
0.156255
0.154826
0.164644
0.146988
0.1673
0.166271
0.172473
0.17441
0.176034
0.185398
0.149682
0.151185
0.185646
0.163658
0.156374
0.139681
0.131807
0.148348
0.162394
0.150875
0.165107
0.151056
0.135563
0.137886
0.133384
0.147217
0.160036
0.155884
0.145008
0.113873
0.11355
0.130732
0.206864
0.175008
0.13467
0.145166
0.227007
0.193766
0.179542
0.177449
0.169457
0.17872
0.145202
0.165024
0.129278
0.197685
0.13572
0.133008
0.164404
0.107884
0.122729
0.139621
0.18243
0.150262
0.18909
0.156947
0.161438
0.172489
0.161668
0.172304
0.183277
0.136626
0.145125
0.17173
0.166498
0.161266
0.184095
0.16478
0.18153
0.2502
0.143143
0.185213
0.169815
0.14153
0.187757
0.168065
0.143745
0.231817
0.16321
0.174578
0.170251
0.127087
0.120217
0.101956
0.108781
0.120439
0.164408
0.152799
0.154382
0.12934
0.0798738
0.0901223
0.119192
0.122645
0.0986857
0.123437
0.131475
0.0767178
0.109173
0.110053
0.120472
0.0958997
0.128041
0.164271
0.153897
0.14681
0.113935
0.125248
0.148776
0.124243
0.134698
0.129629
0.144877
0.129383
0.122096
0.150363
0.185184
0.177886
0.166056
0.180879
0.132565
0.115959
0.120058
0.117054
0.122753
0.126216
0.144365
0.125903
0.154218
0.141601
0.144937
0.164942
0.137192
0.15446
0.15233
0.135754
0.16131
0.173546
0.165806
0.1637
0.166033
0.215589
0.22227
0.207904
0.204938
0.169311
0.19948
0.198802
0.174143
0.158766
0.187102
0.155128
0.135639
0.126318
0.123615
0.129704
0.115985
0.13342
0.129933
0.113152
0.140414
0.127067
0.142984
0.191423
0.189736
0.138059
0.15149
0.17617
0.155749
0.127881
0.0908901
0.100472
0.113036
0.102626
0.102178
0.117836
0.0996526
0.096288
0.0923578
0.112568
0.114067
0.146382
0.179885
0.231554
0.215176
0.217556
0.21723
0.277397
0.235662
0.242908
0.252829
0.260966
0.266607
0.254323
0.258276
0.259701
0.258328
0.246405
0.248832
0.266663
0.268286
0.294486
0.265202
0.270812
0.280541
0.285157
0.253533
0.252975
0.266106
0.26218
0.235981
0.31034
0.312537
0.329881
0.275378
0.273474
0.321698
0.365687
0.329722
0.328844
0.353209
0.329822
0.330244
0.323557
0.324148
0.284516
0.256428
0.261145
