1.2555
1.20809
2.34194
1.41227
1.35684
0.954931
1.32762
0.933284
1.08127
1.42338
1.37708
0.96215
1.17742
2.00138
1.81237
1.65947
1.61124
0.909325
2.46398
1.93765
0.781199
0.769682
2.10472
2.49618
0.790157
1.26639
1.72865
1.01028
1.21774
1.18043
1.02684
1.50109
1.88532
1.55672
1.26019
1.69988
1.49759
1.36117
1.45666
1.08639
1.78235
1.10949
2.07393
2.94616
1.32498
1.78586
1.7917
0.959592
1.56156
1.94329
2.04918
1.43584
1.82434
1.86247
1.31483
2.06348
1.70029
2.44835
2.48193
2.20937
2.12455
1.99134
2.67195
2.31594
2.15051
3.59601
2.21745
2.48015
1.83157
2.25939
2.00938
2.42745
1.90541
2.07922
1.34755
1.06924
0.959774
1.5707
1.65888
2.38955
2.08397
2.28767
1.40738
1.7134
1.64967
2.81559
2.31412
1.21467
1.67618
1.27133
1.74483
1.40106
1.24883
1.55552
2.26938
1.48822
1.12055
1.97562
1.99336
1.32407
1.07562
1.06554
1.04825
0.960912
1.29683
1.20168
1.21648
1.06374
2.09199
2.01345
2.45316
0.933484
0.848854
0.764594
0.938266
1.05381
1.17678
0.802261
0.784707
1.82582
1.19056
1.2795
0.9595
1.07232
1.11446
1.34558
1.83995
1.43334
1.73794
1.55424
1.01848
1.01838
1.45324
1.23537
1.00208
1.01232
0.955169
0.902231
0.881139
1.004
0.705391
1.08002
0.882946
1.16662
1.18724
0.928946
1.01756
0.768982
0.868845
0.938897
0.819108
1.27788
1.72777
1.57514
0.652414
1.02142
1.24057
1.34554
1.22366
1.23377
0.979969
0.834318
0.72342
0.61848
1.17591
0.969461
0.974324
0.838443
0.811795
0.831671
0.961319
0.890894
1.07153
1.00177
0.71901
0.566509
1.04201
0.980747
1.02544
0.867009
0.751216
0.68414
0.637351
0.73453
0.803372
0.763512
0.784278
0.58395
0.911671
0.909845
0.786738
0.984859
0.692628
0.737104
0.706843
0.597481
0.625313
0.69515
0.678813
0.65168
0.638322
0.706932
0.745969
0.742064
1.00978
1.03486
0.804221
0.691533
0.862268
1.1379
0.923015
0.831699
1.29285
0.973086
1.04102
1.36333
1.56743
1.32024
1.29243
1.21222
1.81451
1.49874
1.82829
1.73946
1.50464
1.186
1.10277
1.11055
1.30796
1.18198
0.894628
0.619109
0.420937
0.570848
