7.37273
9.80881
21.2689
14.4623
22.1102
15.8514
30.3885
33.3418
23.9117
30.6198
23.0927
29.1721
24.0792
21.3969
20.2347
23.2114
12.6061
22.6715
27.3689
14.8277
13.1919
16.1263
13.3084
12.6894
12.2524
8.76419
9.63475
11.3802
11.8091
8.51617
7.39482
10.0963
9.13445
9.31471
9.04333
11.6924
14.7546
18.0514
15.9567
14.6377
16.4608
18.4832
13.5273
10.7186
12.7373
11.7659
14.2984
11.2902
11.9981
10.9419
12.9805
13.6747
15.1005
12.9046
11.3282
12.1926
13.2151
10.1568
14.0818
12.8098
11.7907
12.1364
11.9441
13.5083
12.5796
10.873
12.3804
12.8976
14.8107
11.7179
10.8597
12.2226
13.1529
13.0634
11.2416
9.89677
10.8398
10.3918
9.34113
9.43756
10.8056
9.11707
11.223
9.94071
10.5509
9.79769
9.40055
7.99699
8.24785
10.077
10.0437
8.57441
9.82506
8.8781
9.23384
7.48767
8.99696
8.87473
7.80104
7.77449
9.15059
8.51756
9.22208
8.6621
8.05228
8.10386
8.41033
8.07223
7.34746
7.983
8.98257
8.01744
6.78217
7.17043
7.88199
7.59064
6.79597
6.68162
7.71837
7.05132
6.76409
7.22618
6.72035
7.41235
6.7755
6.38161
6.28378
6.51574
6.10482
6.20723
6.70553
6.98746
6.08146
6.35295
6.45336
5.72391
5.13479
6.08452
5.07316
5.74977
6.54593
5.7716
4.79504
5.97858
5.97212
5.91514
5.93864
4.79314
6.25791
3.65978
4.3997
4.92896
3.97692
5.41324
4.26646
4.8297
4.49104
5.31347
5.38474
5.16657
3.90098
4.58479
4.44156
5.2973
4.68055
4.54221
4.55042
4.76191
3.76923
4.26017
4.76153
5.11552
4.81281
4.16045
4.4513
3.97028
3.75501
4.29136
4.26417
3.69644
3.85183
4.13684
3.24692
4.80349
4.34781
3.88299
4.02528
3.05903
4.64346
3.96911
4.53387
2.96972
3.70568
4.03961
3.93037
3.6432
3.24004
3.84465
3.10845
3.27941
3.39039
4.10149
3.1348
3.81392
3.32205
3.39684
4.07276
2.85499
3.18943
3.36613
3.31712
2.8805
3.41251
3.81269
3.50838
2.96606
2.70232
2.55417
2.31799
2.47911
2.46688
2.43854
3.70537
