0.0866576
0.113128
0.111602
0.0987928
0.0713599
0.1313
0.221233
0.240155
0.276765
0.256001
0.225713
0.19448
0.177581
0.223818
0.244472
0.268674
0.26013
0.28875
0.443549
0.370514
0.313587
0.420768
0.395305
0.392579
0.458609
0.348682
0.461569
0.325225
0.305266
0.401963
0.391452
0.589642
0.622736
0.656296
0.690666
0.800031
0.707937
0.537042
0.577052
0.711209
0.724076
0.84934
0.831851
0.712137
0.777448
0.875711
0.83194
0.875568
0.699152
0.853536
0.78112
0.792376
0.898213
0.803259
0.902855
0.841854
1.01798
1.12352
1.17333
0.810448
0.96399
1.01922
1.01433
0.84705
0.97096
0.979237
1.18762
1.20908
0.973397
0.876411
0.878043
1.04185
0.913524
1.00041
1.1025
1.11702
1.1361
0.988606
1.26394
1.0726
1.14402
1.22842
1.10532
1.01087
1.1316
1.0826
1.21426
1.22751
1.21841
1.42503
1.09471
1.31606
1.01704
1.17893
1.06181
1.2384
1.18699
1.25432
1.29534
1.25648
1.3814
1.17262
1.24976
1.23564
1.40114
1.22773
1.15384
1.37268
1.18864
1.33062
1.24273
1.34483
1.16871
1.31141
1.36052
1.57523
1.40778
1.07603
1.32453
1.07958
1.30781
1.35208
1.3473
1.2805
1.24491
1.58927
1.40316
1.5619
1.40683
1.37839
1.08921
1.38381
1.11615
1.24563
1.26309
1.4267
1.45757
1.3687
1.44229
1.5815
1.54357
1.60698
1.82747
2.00084
