8.643910
12.749100
21.231400
22.074500
24.230000
23.707400
17.152900
18.372800
14.000000
18.066300
11.996700
16.322300
17.615500
16.772400
12.213200
13.699900
10.413100
11.940300
12.144800
15.744900
12.736700
9.341780
13.570100
12.962000
12.522300
10.618900
13.541500
14.252200
13.961900
13.574200
13.589900
11.807400
13.712800
13.790500
12.343500
14.547700
11.606200
13.826700
10.361600
12.979600
13.696800
13.681300
10.521000
11.901200
12.326100
12.227700
12.354100
13.063300
11.417000
13.277500
12.322300
12.613200
12.415800
12.205500
11.764200
11.645800
11.313200
11.710400
11.094100
12.625300
11.800700
14.041400
11.693500
12.765400
10.971200
12.289900
11.466200
10.653300
12.629700
13.608500
12.997800
10.965600
12.436800
11.687700
13.323100
12.532600
15.945900
14.606700
9.673030
10.006700
11.423800
10.870600
11.107100
12.039800
9.871700
12.497700
10.907600
10.706300
11.071200
10.446800
13.360800
8.929410
11.606900
11.232600
12.709600
12.408600
13.726800
12.643500
12.195000
12.496000
11.902300
15.040800
12.859300
11.273000
12.643600
14.622200
12.918900
12.797600
15.015900
15.135900
7.884170
14.459000
15.170800
16.609300
11.525100
14.515700
16.235300
9.080830
9.260110
10.826700
16.483200
14.768800
10.775700
9.644090
14.137300
10.491500
11.999300
13.970300
8.343150
13.097500
9.285990
7.899470
9.392430
8.864770
8.287740
8.131240
7.953460
7.427960
6.200630
10.844600
11.898900
11.795900
9.268220
7.027220
10.025400
9.114600
14.708000
11.359300
15.492000
12.446200
13.690800
11.003300
15.651300
12.337500
13.223800
10.439400
11.787700
6.504000
11.974000
12.082500
9.285500
8.373390
9.712190
9.427020
11.204600
10.262100
11.103600
10.181800
11.506800
13.066400
8.866080
8.156150
7.197680
8.633950
7.530760
7.934390
8.133100
9.951920
7.640910
6.269990
8.583940
8.268080
6.672440
7.566400
8.840380
10.524700
9.099160
8.399740
8.225820
8.586410
8.188270
8.649140
7.743430
7.060500
5.485490
5.393970
6.621950
7.284390
