26.950300
20.605600
16.500400
14.598600
13.466000
15.101800
13.463200
14.578800
17.786300
19.725900
22.996100
15.369000
12.247400
14.370300
16.878000
15.642900
17.518300
19.077500
16.857100
19.002600
17.000600
18.773600
14.355500
16.735700
19.061700
18.906500
20.429100
20.138200
21.629400
16.264500
11.331300
16.600500
17.320600
18.894300
16.696300
18.362800
21.601300
17.823000
18.922500
15.970800
16.714300
21.645200
18.660100
17.021400
18.424600
16.840100
19.318600
17.378400
18.044300
13.455900
18.723000
16.639300
16.909800
18.376900
16.777600
14.124900
12.793000
8.943460
8.902260
11.328400
12.000100
16.439100
19.447100
15.932300
10.436200
9.835950
10.305100
11.736600
13.038300
15.009700
14.532100
15.277800
17.703400
12.616700
10.121400
11.280600
9.665780
12.882700
10.902400
11.669700
9.232350
7.544690
7.941040
9.806210
9.117210
12.146000
14.343200
14.952300
13.129700
12.075900
11.422700
11.580800
11.685100
11.773900
11.701600
12.463600
12.335800
9.936090
9.031790
7.183140
7.837010
6.942860
7.056220
8.892860
10.174700
9.913230
7.614390
9.292080
10.128200
10.145300
7.938930
7.773310
7.556630
7.919160
