0.92255
0.878072
0.95044
0.839158
0.748592
0.799704
1.20073
1.47489
1.51533
2.02664
1.53585
1.56951
1.32527
1.15816
1.24003
1.36363
1.39966
1.18382
1.48363
1.86221
1.71838
1.53497
1.56855
1.88976
1.8835
1.62936
1.51802
1.66009
1.73305
1.81816
1.59489
1.7145
1.83562
2.09861
1.63476
1.76509
2.07519
1.79592
1.9278
2.38254
2.03831
2.32789
2.41052
2.42248
2.35935
2.32202
2.70653
2.61486
2.70047
2.23069
2.60594
2.18264
2.32477
2.14302
2.17124
2.3992
2.10389
2.5855
2.37894
2.73678
2.29117
2.61447
2.51324
2.52529
2.59233
2.52681
2.49688
2.6963
2.68196
2.74866
2.31143
2.27355
2.47567
2.53949
2.53275
2.74492
2.43813
2.71855
3.22049
2.7241
2.93347
2.87256
2.47652
2.8391
2.42897
2.56491
2.47118
2.52564
2.68076
2.83264
3.14682
2.85029
2.83185
2.69222
2.48579
2.70294
3.0734
2.88969
3.313
2.9117
2.91887
3.02731
3.00678
2.92657
2.65516
2.78938
2.96092
3.53642
3.05918
3.05308
2.98426
3.20658
3.23016
3.2052
3.86924
3.10557
2.95087
3.55033
3.26496
3.15665
3.03047
3.20029
3.08607
3.25422
3.12492
2.87767
3.09518
3.43218
3.31495
3.98825
3.37549
3.88981
3.31295
3.02193
3.4391
3.62112
3.07665
3.0651
3.39883
3.48697
3.58185
2.74795
3.44228
2.94619
3.36023
2.92183
3.25187
3.54004
3.24842
3.4762
3.23042
3.69183
3.91007
4.15681
3.44126
3.72537
3.99269
4.12736
3.85146
3.56746
3.1707
3.35052
4.09633
3.86791
3.95137
3.54796
3.4306
3.75214
3.43684
3.88826
3.36686
3.39317
3.84039
3.61904
4.20867
3.15635
4.01487
3.92597
4.82185
4.56718
4.48304
4.4748
4.69043
5.90201
5.04157
5.45734
4.77014
4.69744
4.091
2.11627
4.58857
3.05789
3.9365
3.30541
3.26351
3.23877
2.78054
3.43424
3.52163
3.05879
3.74577
3.9088
3.10567
3.61145
2.66752
3.36706
3.00181
2.72811
3.89105
2.88596
3.87068
4.69949
3.10413
4.04782
3.68433
4.16213
4.68906
3.97837
3.99753
6.93711
5.05991
4.97622
6.72583
4.31222
6.87809
5.7313
6.80542
6.48922
6.778
8.42937
4.84202
8.4381
8.56898
8.92143
7.82254
10.3917
