0.170631
0.173658
0.192724
0.174099
0.168181
0.169097
0.194288
0.223676
0.208899
0.214059
0.209115
0.229328
0.225528
0.228076
0.219271
0.211938
0.218824
0.234269
0.218891
0.245561
0.239497
0.252517
0.23363
0.215951
0.245
0.253652
0.21182
0.244543
0.222092
0.254862
0.287662
0.290578
0.29416
0.225758
0.254179
0.203495
0.194859
0.221968
0.207231
0.197276
0.198735
0.17661
0.181342
0.202686
0.21407
0.203223
0.193058
0.180999
0.187711
0.178446
0.184406
0.183387
0.186606
0.224871
0.249536
0.435922
0.448334
0.337057
0.297224
0.28869
0.464595
0.677104
0.445199
0.465573
0.424103
0.371328
0.412116
0.389409
0.333684
0.256436
0.255914
0.243286
0.406389
0.389252
0.354702
0.321193
0.308052
0.307642
0.400395
0.334273
0.373666
0.372369
0.447259
0.416202
0.483138
0.448855
0.473367
0.481658
0.290631
0.312759
0.272243
0.303627
0.313569
0.238925
0.225017
0.212759
0.176664
0.224135
0.277766
0.261625
0.24578
0.221732
0.202338
0.240266
0.21855
0.228303
0.288794
0.660302
0.335903
0.385404
0.303428
0.371806
0.758944
0.696968
0.310198
0.409174
0.536714
0.64657
0.647167
0.50362
0.362739
0.498538
0.660506
0.435933
0.475925
0.47732
0.556724
0.597043
0.455994
0.412473
0.47371
0.46858
0.459753
0.404619
0.480564
0.530805
0.642226
0.537304
0.550797
0.46905
0.630387
0.705509
0.222893
0.27813
0.600013
0.459546
0.272038
0.371447
0.31591
0.34392
0.37198
0.868023
0.489136
0.578309
0.523973
0.53038
0.473829
0.514129
0.463961
0.54179
0.357692
0.277229
0.281908
0.334176
0.305544
0.434046
0.35889
0.331549
0.361587
0.267321
0.42
0.401608
0.4526
0.678224
0.52494
0.543783
0.402296
0.421507
0.391577
0.490924
0.56053
0.530796
0.525187
0.765939
0.590413
0.638747
0.693093
0.918411
0.813779
0.666065
0.831554
0.793255
0.923686
1.03941
0.872412
1.17708
0.678484
0.47023
0.561801
1.06589
1.11092
1.15406
0.765912
0.533495
1.06333
0.50908
0.799098
0.460584
0.835877
0.371127
0.574531
0.51798
0.594694
0.321945
0.659984
0.548398
0.659199
0.801143
0.298446
0.581986
0.657424
