0.389575
0.331194
0.712966
0.4552
0.34834
0.520198
0.453496
0.442376
0.614193
0.528965
0.47648
0.568827
0.571112
0.742984
0.60417
0.501706
0.535158
0.528953
0.514462
0.54299
0.55041
0.559191
0.552687
0.576735
0.660285
0.549305
0.644243
0.71154
0.591676
0.623645
0.617173
0.58169
0.54175
0.615629
0.663166
0.686697
0.614038
0.583444
0.60321
0.588644
0.69175
0.537269
0.59626
0.426972
0.481712
0.469485
0.585615
0.475226
0.355613
0.23854
0.254201
0.259496
0.370186
0.282592
0.261216
0.249277
0.345189
0.416175
0.481008
0.306225
0.423525
0.424697
0.320429
0.47342
0.362854
0.369581
0.265745
0.324413
0.313511
0.27757
0.343422
0.32905
0.359845
0.436993
0.399496
0.237078
0.383215
0.343882
0.294717
0.321718
0.293405
0.336993
0.27301
0.461469
0.356976
0.415956
0.373626
0.409854
0.369237
0.438773
0.565948
0.647708
0.69936
0.385147
0.378048
0.444674
0.468879
0.472276
0.49829
0.711091
0.649425
0.53327
0.490466
0.42335
0.625458
0.527644
0.469634
0.421061
0.450685
0.581875
0.48136
0.45145
0.459913
0.464114
0.390166
0.387453
0.424465
0.416674
0.485691
0.58187
0.545261
0.347598
0.379218
0.448712
0.462278
0.55083
0.42152
0.548864
0.530382
0.474705
0.378732
0.413075
0.345041
0.398464
0.388729
0.344003
0.377999
0.358544
0.344412
0.382282
0.41162
0.380145
0.323383
0.355983
0.453085
0.467883
0.403341
0.477575
0.359885
0.361548
0.333968
0.382725
0.414681
0.367428
0.365081
0.381248
0.363958
0.358024
0.418837
0.430405
0.35162
0.40402
0.384698
0.363249
0.385818
0.408589
0.394241
0.356286
0.395085
0.360417
0.356509
0.358044
0.343968
0.358283
0.349471
0.339441
0.360821
0.407312
0.52998
0.428226
0.437429
0.41399
0.338831
0.360589
0.375364
0.377333
0.373788
0.363158
0.400594
0.399515
0.384996
0.373895
0.408634
0.34948
0.455183
0.392726
0.430051
0.351585
0.436531
0.37836
0.367897
0.354348
0.395089
0.349525
0.33916
0.384515
0.363047
0.331934
0.363633
0.373902
0.361776
0.360805
0.361162
0.383025
0.377069
0.361791
0.343649
0.394291
0.370394
0.404754
0.421678
0.405818
0.398457
0.446653
0.39378
0.387241
0.425177
0.417523
0.411619
0.426502
0.385461
0.44922
0.431603
0.417547
0.419078
0.449252
0.493578
0.460854
0.434623
0.478081
0.426081
0.462395
0.447669
0.421457
0.42917
0.468917
0.451022
0.425309
0.445144
0.440749
0.471547
0.451597
0.464706
0.488811
0.43365
0.459859
0.414848
0.442
0.453482
0.492187
0.422774
0.448279
0.459376
0.453503
0.451605
0.473098
0.425908
0.461693
0.462261
0.491422
0.472771
0.439662
0.43592
0.483137
0.46782
0.480606
0.459685
0.484886
0.501913
0.472343
0.480481
0.524615
0.493969
0.463496
0.478452
0.467746
0.496887
0.468177
0.509327
0.518329
0.479081
0.471928
0.501569
0.509259
0.486885
0.482416
0.52576
0.469317
0.468012
0.500388
0.532655
0.496742
0.525984
0.519641
0.48331
0.500768
0.454219
0.490365
0.508155
0.525616
0.485369
0.538678
0.515183
0.520321
0.550533
0.470014
0.500059
0.505497
0.49397
0.515906
0.502287
0.530725
0.5093
0.520472
0.480819
0.518013
0.511021
0.514361
0.541096
0.4704
0.510378
0.533844
0.511546
0.572383
0.568439
0.519976
0.518716
0.521028
0.505445
0.497038
0.562726
0.523309
0.542964
0.524442
0.506053
0.485555
0.492948
0.515109
0.483241
0.543205
0.537436
0.53602
0.495203
0.573236
0.51966
0.446465
0.50756
0.570646
0.548841
0.573215
0.545639
0.517776
0.511618
0.543303
0.563375
0.556671
0.565238
0.580999
0.559202
0.530422
0.577252
0.539193
0.523386
0.556509
0.531288
0.481486
0.530703
0.515474
0.523963
0.518133
0.523928
0.50058
0.535156
0.533101
0.481636
0.520303
0.519041
0.537241
0.551459
0.526446
0.571934
0.538104
0.55254
0.564506
0.576414
0.534739
0.548302
0.498574
0.544258
0.520641
0.522493
0.559412
0.56594
0.572724
0.61334
0.562054
0.585211
0.564517
0.603009
0.60408
0.575188
0.562511
0.56564
0.57478
0.557501
0.626699
0.633603
0.618975
0.641026
0.662258
0.657351
0.70806
0.739096
0.691663
0.68496
0.666301
0.676549
0.680124
0.712635
0.677764
0.727957
0.716687
0.712618
0.636933
0.716556
0.691917
0.754593
0.701916
0.672373
0.653443
0.730766
0.688968
0.712301
0.692912
0.669433
0.722774
0.704157
0.762676
0.73915
0.738366
0.694582
0.658673
0.665749
0.664486
0.752819
0.715089
0.711643
0.72608
0.709679
0.643533
0.687221
0.682227
0.693511
0.774054
0.722116
0.707815
0.728421
0.746192
0.696016
0.747465
0.671562
0.696956
0.755261
0.714295
0.723076
0.708719
0.730331
0.732037
0.682173
0.698071
0.686966
0.726518
0.732805
0.704274
0.745663
0.718276
0.734783
0.767692
0.74107
0.731916
0.772602
0.677327
0.733203
0.713635
0.695969
0.733158
0.723498
0.701974
0.710802
0.70907
0.73323
0.73064
0.68037
0.691888
0.697315
0.732563
0.705341
0.714667
0.707217
0.716227
0.766638
0.731516
0.739288
0.693876
0.731927
0.72386
0.748979
0.762924
0.767622
0.768555
0.763371
0.748839
0.705503
0.708989
0.738964
0.737517
0.807348
0.736356
0.774382
0.70211
0.729017
0.73848
0.712047
0.775813
0.78467
0.750293
0.750858
0.762796
0.744609
0.738296
0.783626
0.772004
0.698814
0.734729
0.729643
0.714159
0.733237
0.74696
0.752142
0.693736
0.70333
0.738504
0.770726
0.735832
0.74409
0.736873
0.704113
0.746794
0.723055
0.781439
0.727083
0.7323
0.687221
0.717501
0.749884
0.730896
0.836971
0.795748
0.774701
0.767816
0.760772
0.783138
0.770496
0.734748
0.781207
