1.61817
1.54595
2.1539
1.95011
2.23171
2.52014
2.82455
3.56337
3.9043
3.51162
5.18465
5.99342
6.94594
6.71442
13.086
11.6214
9.16236
9.47968
7.50327
5.8778
7.52369
6.21593
6.28872
6.07422
6.2981
5.6497
6.14389
4.97072
7.11833
5.63249
5.61894
5.72944
6.45242
5.15614
4.72232
5.6077
4.85318
6.41064
5.62852
5.31116
5.9245
5.9645
6.70489
5.96733
5.28658
5.53933
5.41269
5.499
6.475
5.3696
5.74352
5.65453
5.76468
5.32943
6.73722
6.02213
6.0562
6.04108
5.5206
6.36819
5.93187
6.4471
5.48548
5.7207
5.00881
5.27853
5.07464
5.10664
4.23792
5.70221
5.24439
5.75313
5.04556
5.04786
5.90989
4.34068
4.3805
5.37869
4.97827
4.37415
5.01837
4.77308
5.3634
6.67892
4.40638
4.56025
3.44833
4.67408
4.67046
4.46686
3.70718
3.41242
3.61171
3.07604
4.13335
2.94025
3.06434
4.14487
3.90552
3.6406
2.8005
2.79366
3.2205
3.19516
2.81714
2.51919
2.80817
2.05536
2.64946
2.1865
2.19153
1.98047
1.62813
1.85472
1.87097
1.90536
1.22499
1.44617
0.990936
1.1882
1.47464
1.15649
0.905735
1.1262
1.05913
0.784907
0.606378
0.625711
0.576408
0.473301
