0.108061
0.108087
0.113949
0.107516
0.119606
0.126103
0.124265
0.126148
0.115607
0.10786
0.090008
0.0946078
0.110995
0.071719
0.0976971
0.0893148
0.0924003
0.0681367
0.091717
0.0952016
0.0889969
0.097963
0.127784
0.116101
0.140737
0.112345
0.176105
0.208014
0.22686
0.367479
0.211021
0.210133
0.153596
0.165818
0.287341
0.307294
0.186187
0.168048
0.180262
0.155511
0.16847
0.220915
0.241251
0.255788
0.316034
0.316707
0.357519
0.417832
0.397213
0.468397
0.341995
0.3442
0.300173
0.356201
0.368742
0.421393
0.44532
0.385291
0.455271
0.464653
0.491542
0.362593
0.499642
0.54202
0.608589
0.470369
0.358221
0.382403
0.366805
0.53576
0.477549
0.39915
0.465531
0.590379
0.756185
0.875936
0.626824
0.706717
0.661723
0.729605
0.656169
0.682119
0.606842
0.708165
0.651851
0.792512
0.850639
0.742052
0.798387
0.865055
0.942089
0.909802
0.627357
0.805936
0.76771
0.860228
0.880598
0.834424
0.743792
0.64375
0.831307
0.793691
0.513712
0.636348
0.580477
0.860814
0.471797
0.745925
0.647601
0.735684
0.743214
0.605097
0.755688
0.748092
0.714473
0.707193
0.714152
0.98471
0.475156
0.564637
0.550189
0.519019
0.602243
0.654601
0.478119
0.479037
0.613857
0.769418
0.945997
0.779057
0.584378
0.915991
0.375107
0.535239
0.832337
0.471126
0.357751
0.460536
0.446254
0.482262
0.468761
0.549944
0.822675
0.456867
0.482713
0.432935
0.909191
0.723633
0.571388
0.502851
0.531612
0.522207
0.494274
0.546474
0.482213
0.437726
0.433813
0.47545
0.494652
0.459173
0.567502
0.58162
0.404456
0.514869
0.443543
0.448439
0.517618
0.747829
0.65744
0.685691
0.524379
0.68053
0.508045
0.488363
0.474774
0.586056
0.623064
0.773846
0.567425
0.477017
0.550722
0.617852
0.579327
0.47436
0.468628
0.515576
0.591194
0.554829
0.439554
0.569515
0.488227
0.572877
0.736734
0.703238
0.581008
0.632021
0.48527
0.489797
0.520273
0.675858
0.589632
0.531238
0.497596
0.456833
0.475366
0.614022
0.615485
0.538425
0.566612
