0.752348
0.874099
1.04531
1.17189
1.37348
3.06526
4.40059
3.99682
4.09672
3.39311
3.36986
3.00477
2.77955
2.91242
3.37068
2.97504
2.89686
3.03139
2.59821
2.20629
2.11409
1.87003
1.69251
1.61078
1.46961
1.96436
2.16382
2.07477
1.9492
1.91815
1.79849
2.13218
2.40714
2.44665
2.42535
1.8577
1.77942
1.85414
2.14752
2.26128
2.06931
1.92538
2.52507
2.61492
2.55385
2.29417
2.16446
2.39711
2.0391
1.55549
1.66661
2.22075
1.76052
1.48101
1.88142
1.98022
1.56559
1.72195
1.85294
1.68076
1.86574
1.88223
1.80294
1.872
1.29316
1.53582
1.64396
1.54403
1.89546
1.58568
1.66529
1.93578
1.65344
1.67068
1.44923
1.57082
1.5932
1.69469
1.36478
1.65414
1.78641
1.65014
1.48435
1.43688
1.66583
1.38231
1.40384
1.64626
1.51586
1.55521
1.64525
1.48069
1.53222
1.57189
1.5917
1.51261
1.3609
1.41815
1.45719
1.39546
1.26282
1.28814
1.35561
1.43103
1.59246
1.24557
1.39976
1.36707
1.27504
1.32238
1.21864
1.36228
1.34838
1.30553
1.4067
1.20451
1.30977
1.10371
1.3804
1.15428
1.16237
1.26875
1.04624
1.19079
1.13673
1.08091
1.2117
1.39393
1.06448
1.23409
1.25312
1.05
1.07308
1.13741
1.01044
1.16518
1.02742
1.35096
1.18442
1.06246
1.17241
1.17717
1.12806
1.07444
1.17827
0.985821
1.06702
1.01006
1.02964
1.02158
1.07209
1.06178
1.08349
0.970932
1.1
0.959413
0.999847
1.01157
0.944038
0.949457
0.949704
1.0196
0.901096
0.926602
0.89411
1.07335
0.905118
1.01409
1.07431
0.956359
0.879995
0.93461
0.978806
0.972222
1.00387
1.01194
0.971362
0.932423
0.884927
1.02019
0.793123
0.950605
0.803409
0.924553
0.807241
0.854314
0.929323
0.989456
0.857034
0.861245
0.903938
0.923048
0.751985
0.844395
0.956805
0.799659
0.868323
0.986546
0.85876
0.838653
0.816267
0.902695
0.8312
0.752759
0.837831
0.806609
0.735153
0.742427
0.801305
0.757408
0.832565
0.703867
0.72238
0.784046
0.722709
0.812653
0.710555
0.871168
0.790263
0.830541
0.867947
0.808164
0.84215
0.90441
0.783435
0.762634
0.784839
0.790234
0.826667
0.852894
0.768767
0.794357
0.801822
0.757203
0.758134
0.770036
0.766586
0.719736
0.800157
0.78709
0.729429
0.878851
0.750099
0.764751
0.728908
0.749657
0.668731
0.769309
0.786839
0.657249
0.75673
0.766682
0.780716
0.691668
0.715808
0.701455
0.679163
0.673011
0.729141
0.659466
0.749102
0.694622
0.720473
0.669889
0.588028
0.696211
0.70442
0.623702
0.575056
0.559103
0.629695
0.539579
0.622293
0.613008
0.62621
0.637239
0.669296
0.634524
0.728485
0.6488
0.767164
0.679652
0.607242
0.627468
0.652269
0.663612
0.568868
0.699105
0.675031
0.64385
0.583296
0.773743
0.63484
0.635517
0.588037
0.560546
0.544341
0.561845
0.583384
0.579123
0.67176
0.516274
0.535566
0.552074
0.524794
0.562432
0.514559
0.524242
0.508837
0.49839
0.509624
0.49356
0.482541
0.509875
0.497727
0.497321
0.494752
0.458949
0.490894
0.490134
0.448422
0.503131
0.476342
0.429982
0.468427
0.468217
0.495942
0.478405
0.446219
0.458333
0.476989
0.486662
0.457781
0.48929
0.497113
0.472759
0.432808
0.423457
0.445503
0.434286
0.426977
0.431044
0.457902
0.39831
0.403497
0.414307
0.415433
0.393143
0.413055
0.469703
0.388208
0.365037
0.417656
0.418941
0.449289
0.418901
0.407929
0.392359
0.383549
0.403568
0.419713
0.413959
0.415049
0.407948
0.412351
0.398784
0.416243
0.376038
0.365295
0.395959
0.382822
0.354551
0.371403
0.356609
0.365288
0.327058
0.359079
0.354148
0.307208
0.294299
0.356252
0.351387
0.339227
0.375404
0.32172
0.417878
0.44314
0.433265
0.439427
0.406075
0.393127
0.372457
0.323626
0.362123
0.381578
0.334319
0.351897
0.39825
0.357846
0.397817
0.367096
0.358203
0.332345
0.309525
0.311797
0.401737
0.360221
0.351795
0.357263
0.292197
0.319144
0.330204
0.31582
0.341092
0.254663
0.254629
0.25356
0.253917
0.2304
0.265951
0.275351
0.262645
0.278471
0.239344
0.27674
0.228653
0.273558
0.261079
0.281664
0.286714
0.30778
0.278295
0.28117
0.281575
0.2783
0.26748
0.24382
0.229962
0.23137
0.257021
0.249122
0.227376
0.261207
0.23723
0.283734
0.242501
0.22902
0.16614
0.258779
0.271185
0.242789
0.235977
0.256185
0.261918
0.271421
0.269766
0.273648
0.255248
0.270848
0.270741
0.296497
0.268915
0.28404
0.279553
0.302908
0.282382
0.299275
0.293688
0.326519
0.27986
0.295959
0.278088
0.304797
0.285202
0.239068
0.202526
0.292169
0.280394
0.298819
0.248334
0.26917
0.282048
0.279983
0.245047
0.260165
0.311108
0.236235
0.251839
0.283498
0.270118
0.286926
0.265119
0.281699
0.278047
0.259053
0.284505
0.265909
0.302522
0.291143
0.288515
0.296391
0.303636
0.284847
0.307498
0.321687
0.309026
0.341669
0.356203
0.350409
0.3667
0.400216
0.400769
0.434478
0.40922
0.406179
0.393246
0.416263
0.431078
0.466961
0.425687
0.419154
0.455079
0.434218
0.382243
0.383406
0.371366
0.334028
0.315207
0.330816
0.320741
0.322061
0.325975
0.335137
0.313493
0.290392
0.297903
