3.32693
3.51913
3.58445
3.67288
4.65622
5.23708
4.46432
4.38465
6.82841
9.4101
9.90232
12.6974
11.3631
11.6423
12.1866
12.5238
13.3586
12.5172
10.0953
9.1034
12.347
12.23
6.84213
11.8747
9.39438
13.5752
8.78193
10.727
11.9253
13.4819
8.15606
9.77592
10.6035
10.8029
12.5869
11.9595
10.922
10.0872
11.5926
12.1759
9.98887
9.71247
8.76162
8.57184
10.2834
9.64912
9.12666
10.2003
8.29115
8.75238
8.33049
9.85546
8.8762
9.14378
7.80408
8.44171
7.72296
7.45175
9.2807
7.35883
7.08037
7.178
10.0122
5.55432
5.80124
5.41048
6.6521
7.51403
10.0473
7.50356
8.73686
9.16544
7.48405
8.29847
9.31143
7.7724
7.75944
6.08204
9.11394
8.44451
6.87579
5.38537
5.39307
6.38517
7.28002
7.88037
7.82003
7.72408
6.65827
6.07865
5.56943
