0.49769
0.573596
0.57657
0.488308
0.482618
0.466266
0.524452
0.651562
0.650421
0.660602
0.558682
0.534812
0.699571
0.766741
0.635124
0.62073
0.62492
0.650383
0.594972
0.480067
0.612135
0.722164
0.836171
0.924237
0.801853
0.94526
0.964304
0.953769
0.813385
0.821795
1.04939
1.00472
0.990468
0.792648
0.822826
0.822636
0.887056
0.874828
0.981934
1.28135
1.06073
1.11628
1.19799
1.10108
0.972977
0.795564
0.79656
0.950343
0.984658
1.10938
1.23306
1.05623
1.14559
1.07789
1.09929
1.05251
1.21135
1.44236
1.20261
1.2809
1.1977
1.17236
1.03457
1.08877
0.9968
0.893162
1.11433
1.22704
1.07328
0.997775
0.961569
0.977755
0.998308
1.03437
1.015
1.22658
1.21727
1.29568
1.36791
1.35982
1.31163
1.10154
1.03948
1.08159
1.8788
2.22094
1.74825
1.9462
1.37982
1.41712
1.6822
1.6198
1.72855
1.68405
1.69106
2.1447
1.67622
1.0311
1.52229
1.79116
1.5536
1.71036
1.59996
2.24282
1.99424
1.26016
1.9263
2.93406
2.48575
3.29398
3.7263
3.45261
3.9963
2.93825
2.11932
2.56064
1.88999
1.63914
1.82417
1.71571
3.78069
2.38204
2.32291
1.34915
1.18908
1.09301
1.07628
1.25251
1.03078
1.16575
1.59101
1.19892
1.78457
1.93594
2.40003
2.73425
2.13526
2.67961
1.83843
2.20488
2.79071
3.15595
2.93716
2.8459
3.46394
3.39879
2.97179
2.75323
3.20565
3.10523
3.52549
3.8563
4.05569
4.09752
3.71261
3.7003
3.15291
2.81427
3.67305
4.0037
5.4175
3.80797
1.42104
1.21984
1.20697
1.75421
1.45652
1.34925
1.10493
1.30829
1.18051
1.37093
1.39792
1.39021
1.4214
1.55154
3.33704
2.73326
2.25972
2.50089
3.08512
2.73507
2.25525
2.82297
2.44888
3.71575
3.58059
3.79174
3.72146
3.99665
4.09719
4.94599
4.91931
4.95074
3.64177
2.41491
3.78852
4.23104
4.90055
5.4164
5.1339
4.16682
2.30569
1.89154
1.45509
1.34877
1.26616
1.19188
1.07644
