0.294292
0.298872
0.391045
0.448372
0.387337
0.415104
0.402455
0.395416
0.39486
0.380228
0.395007
0.418497
0.420429
0.479412
0.496303
0.526935
0.520806
0.48097
0.508632
0.455063
0.467189
0.483947
0.44942
0.452517
0.334816
0.312982
0.278612
0.21724
0.135588
0.172448
0.192018
0.152734
0.163073
0.164097
0.168471
0.134407
0.120327
0.138583
0.146064
0.15353
0.056655
0.0551111
0.0453481
0.0637418
0.0660775
0.054084
0.0589756
0.0660828
0.0817483
0.0800993
0.0808489
0.0928098
0.114568
0.121519
0.136942
0.122945
0.13252
0.133696
0.134838
0.15541
0.141999
0.151514
0.145156
0.150182
0.155101
0.180194
0.192658
0.171867
0.18084
0.16384
0.166472
0.195787
0.218482
0.225424
0.206861
0.23231
0.242153
0.304428
0.267491
0.238531
0.240596
0.198161
0.208163
0.240297
0.229764
0.225313
0.197739
0.244439
0.224031
0.355763
0.450409
0.374031
0.252104
0.378691
0.40114
0.554563
0.559421
0.612359
0.496327
0.784141
1.0138
1.12168
1.38331
0.884992
0.823284
1.06864
1.24992
1.54322
1.80368
1.06647
1.05351
1.27047
1.35159
1.73521
1.57785
1.6499
1.72297
1.26983
1.86233
1.91046
1.86224
2.05385
2.06571
1.81698
1.48435
1.68609
1.89247
1.85528
1.69825
1.89609
2.38375
2.30969
2.94456
2.3761
2.05069
2.38347
2.81768
2.40686
3.2052
2.85161
2.60861
2.61782
2.78218
3.23228
3.81504
2.71643
2.27381
2.52851
3.26859
2.66886
2.30407
3.34367
2.8894
2.82654
2.80408
3.49944
2.91398
