7.31208
8.83301
10.1215
10.1929
9.87257
11.0309
14.6171
20.2704
24.5238
34.2164
32.1077
40.4385
44.2756
36.7995
38.6811
38.1511
41.617
49.7949
48.8579
50.0192
42.5032
42.1765
34.7992
36.2242
51.4989
32.8142
29.8295
27.0445
30.6182
30.5798
30.7312
31.4276
29.8395
29.2782
31.9812
30.6285
32.5729
31.5699
28.8469
31.4565
35.7504
46.1082
39.1852
36.7103
28.5152
40.7293
45.6295
38.9631
41.7704
40.6854
40.5818
40.8283
35.5778
40.084
45.0518
44.1348
45.2947
43.8547
44.1938
43.2398
53.4569
53.4419
44.638
46.4593
44.3136
43.4862
44.0072
45.9335
54.3586
38.6174
56.5103
41.2638
38.9226
37.3596
39.4731
39.2505
42.3739
38.1938
43.6412
40.8657
46.4523
46.7127
40.6594
40.5499
41.5712
42.3561
41.4044
40.0917
37.7964
34.8231
39.1408
38.4821
38.7491
39.0325
37.9847
37.938
36.9833
32.7404
31.2134
38.5957
37.9158
33.9016
29.65
34.9401
38.4916
36.9959
32.7532
30.727
34.5065
33.7563
31.9207
35.7423
36.445
33.2193
31.2394
32.6163
28.6057
33.9456
27.4479
30.3504
30.9485
34.6131
37.0503
28.0518
24.4338
29.8003
31.8273
29.1598
27.5296
25.445
26.7683
24.7662
26.3352
28.9657
26.3034
23.2415
21.9854
20.962
21.2065
20.6229
20.3889
20.7231
21.1414
20.7866
