10.211200
27.881500
41.885900
29.403700
28.585100
26.715700
30.649400
20.223700
15.374000
26.862600
26.266100
18.699700
25.271800
24.841800
25.593500
25.095400
25.688100
24.945800
26.748700
25.249900
21.874100
24.209200
25.385800
23.649300
25.900100
31.307700
23.530600
22.586200
25.604500
18.688300
21.659900
19.492900
20.348300
25.847400
19.501700
22.697700
19.027700
22.453100
23.596200
22.403100
26.077500
27.196500
21.386300
22.704600
28.339200
28.532600
27.505800
24.729700
23.834400
23.864100
22.600300
22.674400
26.344300
24.719000
24.041400
20.795600
23.002700
23.151800
22.699500
20.795700
22.980600
18.271900
20.216400
19.007700
19.668600
21.936500
19.662600
20.449300
21.300700
19.015900
20.155700
19.756100
18.458300
16.831900
18.968400
21.298000
24.449500
19.412400
17.149000
18.554500
18.943100
19.317300
20.374900
19.150300
18.498500
23.492400
18.857800
19.142600
15.504100
16.522200
19.586400
18.160000
15.988100
13.883800
16.143700
16.635600
14.854100
16.091800
14.867100
14.497400
14.185700
16.961900
15.950100
13.947800
17.170300
14.758400
17.255500
16.946400
17.094900
18.830300
15.558300
17.693900
18.958000
17.798500
18.400300
18.649800
18.795900
20.277800
17.698400
18.303200
18.590200
18.742000
18.434100
19.428700
16.261700
18.798200
18.379700
18.591500
18.335400
17.222600
19.499100
19.705400
18.204100
19.178200
18.269400
16.649700
17.151800
16.944400
16.051700
17.063300
16.221200
17.614100
16.104900
16.307000
17.030800
16.941200
17.228000
17.474100
15.273600
16.385900
17.996500
17.832200
18.365600
17.522400
16.584700
19.848300
18.703800
18.406900
17.474700
16.891000
16.757000
17.121300
16.546700
16.393800
18.483500
16.810600
16.484500
17.677300
19.106100
19.625700
17.204900
17.480300
16.970400
18.416400
17.725500
17.139200
18.336500
16.625600
18.131800
20.213800
18.840500
17.306700
18.442500
16.909700
18.132500
17.238700
16.721800
17.692000
16.821700
16.288800
18.288300
18.194100
18.246400
18.573700
18.538900
18.893200
16.597300
19.746500
18.676000
17.075300
17.469700
17.317700
16.384300
18.242400
17.091000
19.039000
18.199700
18.913000
18.146100
19.037000
18.021800
18.532800
18.730300
19.800800
17.745100
18.450000
20.025400
17.624400
17.944900
18.530200
18.736900
18.637500
18.147600
18.770800
17.992400
18.679600
18.824000
18.001100
18.569600
18.959200
18.741600
17.628200
17.335700
16.970400
16.235600
17.675700
15.646900
17.808600
15.400000
17.276600
16.747100
16.581800
17.190900
17.475000
16.379400
18.295700
16.166800
17.237300
17.430900
17.138100
17.068400
16.329400
16.643600
17.133900
17.275200
17.229700
16.679800
17.027800
16.907300
16.553100
16.245400
16.792700
16.974500
16.054300
17.985000
17.347500
15.257700
16.713300
15.764100
16.011800
16.562400
16.643600
16.042400
15.091100
15.588100
16.679700
16.659300
15.092200
15.631600
16.054700
14.501800
16.074100
15.373000
16.279100
15.398900
15.036000
14.624100
15.674300
15.313200
15.552800
14.961600
15.951400
16.199900
13.809800
16.168600
16.257800
13.492100
15.103600
15.957000
15.137900
14.651200
15.320900
15.055100
14.204100
13.607900
15.185800
15.378700
15.529700
14.719000
14.833300
15.685200
14.614100
15.444400
15.017800
15.002400
13.602800
14.704000
15.474500
14.716900
14.988600
14.121300
15.744500
14.689900
13.784700
13.776200
14.504200
14.827100
14.366200
14.936700
14.198300
14.400100
13.689700
12.691200
13.220000
14.294800
12.371100
13.675300
14.198100
13.814400
12.505600
13.070000
14.176900
14.731300
13.223000
14.360800
12.759000
12.737400
12.826300
12.506900
12.969500
13.988600
13.555000
13.751900
13.757800
11.789500
12.406000
12.468000
13.360700
13.465000
13.329600
12.675800
12.747000
12.894700
12.696100
11.851600
12.856500
11.606000
12.615500
12.702000
12.917600
12.737600
13.788700
12.601500
12.936500
10.732400
12.003600
12.068800
12.035900
13.303600
12.704400
12.354900
13.554000
12.412200
12.474600
12.647500
11.140900
11.805000
12.409300
11.030300
11.647500
11.175300
11.612400
11.186100
11.452600
10.673300
11.364900
11.015200
10.870000
10.926300
10.633100
10.202600
10.316100
10.528300
10.979300
11.695500
9.429980
11.472300
11.572500
11.121000
11.379700
11.134900
10.299400
11.034900
10.640400
10.707100
11.034200
11.068400
10.850000
11.271500
10.130900
10.670000
10.294200
10.646100
10.794700
10.867100
10.629100
10.435400
10.846500
11.386000
10.872900
10.211800
11.066800
10.583900
9.915840
10.017800
10.476100
11.542400
10.595200
9.850260
9.719000
10.091000
10.392300
9.662900
9.682300
9.490260
10.104300
10.029700
9.495870
10.188300
9.937610
10.069000
9.857420
9.509040
9.804950
8.718680
9.278800
8.859690
9.174230
8.914380
9.586980
8.407290
8.349730
8.987240
11.371100
9.794000
9.495960
9.281370
9.750400
9.272990
9.043530
9.177540
10.036900
9.842850
9.560850
9.112630
8.289870
9.141930
9.818690
9.664210
9.530860
9.105700
9.217280
9.213970
9.048750
8.817790
9.323290
9.227510
8.488930
8.701890
9.420250
9.460800
9.610070
9.570600
8.600140
10.471800
9.261840
8.887640
8.999270
9.504810
8.693150
8.613770
8.698030
8.844960
8.252510
9.125430
8.662810
8.773310
8.465210
8.827490
9.331950
9.957490
9.410910
9.103560
8.869550
8.973080
9.569780
9.557970
8.915850
9.288020
9.142770
8.828500
8.536370
8.617110
8.316720
7.609090
8.773080
8.473200
7.791160
8.896260
8.747490
9.301060
8.254060
9.054310
8.368030
8.145990
8.778990
8.967120
8.612160
9.240060
8.920230
8.594780
8.418630
8.715280
7.922100
8.778260
9.042450
8.519950
9.527000
9.170840
8.597370
8.910910
8.702680
8.959050
7.828870
7.838800
8.463200
8.610460
9.076930
8.754770
9.692220
8.466800
9.332790
11.759500
9.400760
10.840200
9.342510
8.199200
8.626090
8.187480
8.888200
8.002810
8.048510
7.559920
8.400090
8.731160
9.342440
8.471420
8.782040
8.760070
8.643300
7.957470
8.790140
9.201450
8.451250
8.705200
8.390100
9.381040
8.443900
8.988700
8.936980
9.309260
8.822210
8.089090
8.736310
8.481480
8.563240
8.450350
8.527200
8.546900
8.275460
8.727860
8.490880
9.221840
8.544070
8.814870
8.091020
7.253170
7.741370
7.509010
7.378460
8.298930
7.877400
7.974830
8.727780
8.567620
9.085040
8.689130
8.478190
8.541450
8.558920
8.157400
8.568960
8.028720
6.964530
7.505560
7.231780
7.731240
7.355790
8.724310
7.973710
7.687510
7.020320
8.791800
7.321130
7.748030
7.341250
7.140930
7.709250
7.518650
7.883920
8.306650
7.609330
8.165990
8.306030
8.288710
8.717330
8.115780
8.435160
7.944640
8.251070
8.320370
7.673800
8.157180
7.705420
8.082630
7.748840
8.040230
8.155960
8.487990
8.277000
8.410760
8.169700
7.948650
8.167050
8.278580
8.627760
8.425650
8.663970
8.035200
8.057870
8.563250
8.333040
8.375950
9.364310
8.688280
7.801140
8.233780
8.225910
8.027810
7.929220
7.508160
7.361500
7.542550
7.318640
7.472320
6.862420
6.858980
6.160780
7.116360
5.581190
6.072000
7.106500
5.965020
6.960460
5.719690
6.391500
6.261130
6.323810
6.752660
6.866790
5.960480
6.224150
5.811600
7.053090
7.381750
6.631910
7.330960
7.699760
6.455650
8.197290
5.974180
6.535190
5.751740
5.360000
5.827160
6.894040
6.945610
7.690660
5.768940
7.588020
7.645230
4.977120
5.377410
7.636870
6.288360
5.045550
5.678200
