0.43035
0.415066
0.374807
0.414979
0.384762
0.38248
0.439033
0.402565
0.381782
0.436348
0.371173
0.357791
0.590422
0.375497
0.33815
0.354613
0.432362
0.485316
0.447808
0.39397
0.407024
0.375018
0.687057
0.532878
0.401178
0.429323
0.413895
0.304254
0.344174
1.56016
1.76298
0.549541
0.327008
0.424793
0.516432
0.727193
0.484968
0.392683
0.330645
0.372246
0.447248
1.60857
1.36891
0.436436
0.486228
0.371983
0.405569
1.07061
0.997687
1.30387
0.515685
0.50985
0.557711
0.829219
1.1445
0.484902
0.544328
1.12968
1.40812
0.936057
0.536879
0.425345
0.641509
0.842899
0.707181
0.734146
0.793832
0.618538
0.893289
0.638618
1.05815
1.14116
0.868116
0.86798
0.724384
0.768853
0.847234
0.901072
0.93563
1.22087
0.99953
1.05609
0.998157
1.13341
1.28242
0.883044
0.825657
1.00783
0.948276
0.993543
1.04322
0.719538
1.24894
1.08483
1.51831
1.17691
1.47717
0.919976
1.03919
1.13881
0.901266
1.06658
0.84211
0.861035
1.0371
0.830637
0.948109
0.836971
0.998774
0.905604
0.867493
0.995778
0.774812
0.71222
0.839027
1.09933
1.2299
1.10621
1.27916
1.76544
1.10398
1.04192
0.912422
0.661466
1.01037
1.16872
0.726897
0.927631
0.853087
0.766388
0.687135
