1.33191
1.46783
1.42136
1.39654
1.46746
1.50249
1.58592
1.64239
1.45133
1.53905
1.63981
1.3419
1.75456
1.73073
1.44644
1.58145
1.62724
1.60996
2.32804
2.0183
1.63921
1.75865
1.73575
1.44059
1.75283
1.87985
1.37861
1.24646
2.12164
1.41358
1.66816
1.24317
1.81013
1.58921
1.34919
1.438
1.70699
1.2826
1.42294
1.67206
1.37711
1.54652
1.90556
2.08708
2.30088
1.87894
2.46121
2.13317
2.55452
2.15577
2.37861
2.05582
1.99449
2.21881
2.15526
2.36878
2.37523
2.06076
1.93511
2.37837
2.25034
1.81388
2.14879
2.11
2.01565
1.95684
2.09165
2.14234
1.99494
1.93734
1.97689
2.07207
2.03376
2.0174
2.40442
2.11886
1.80418
1.22553
1.23272
1.9313
1.5953
2.09106
1.45579
1.61162
1.88419
1.74674
1.5562
1.6264
1.59635
1.81833
1.64396
1.38651
1.61636
2.21849
3.10228
1.62061
1.33042
1.55173
1.69655
1.76607
1.57899
1.87259
1.25782
1.33003
1.49977
