2.83434
3.09541
10.6852
15.5627
15.1343
14.1342
14.1693
14.459
14.2152
14.7336
15.7721
15.032
14.8294
14.9634
14.6287
14.9371
12.8906
11.7987
12.7719
13.535
13.0842
13.1299
12.2461
12.9921
13.5508
13.871
14.1933
13.9991
14.5205
13.5117
12.6782
13.5989
13.6906
14.0735
14.7196
14.5866
13.3187
12.1961
13.6614
14.1249
13.9382
14.6581
14.8187
14.2277
14.6466
14.7152
14.9867
14.1246
13.6384
13.1836
12.6173
13.7412
12.619
12.9618
13.6122
14.6173
14.4806
15.1103
14.0659
13.6987
13.6442
13.6594
13.4262
13.6792
14.5213
14.8096
15.7356
15.5617
15.3584
14.4865
14.5388
13.5416
13.6151
13.4324
14.9087
14.9036
14.0565
12.5331
12.8617
14.0283
13.3197
12.7789
14.6767
14.374
13.9808
12.8862
12.7975
14.215
13.6866
12.7136
12.3151
12.9964
12.969
15.1055
13.9722
13.4738
11.4642
12.0079
13.12
13.6911
13.6654
15.0043
13.4218
14.3149
14.5271
14.1986
13.4158
13.2179
13.9425
12.8558
14.3431
13.2698
13.5354
12.2708
12.3075
12.4953
13.2957
14.3752
13.2578
13.356
13.3381
13.7765
12.3927
13.2238
12.9788
13.9041
13.5435
13.3746
13.9571
13.7709
12.063
12.5045
11.6477
11.4979
12.897
11.2091
11.1424
10.1699
10.774
10.4881
11.8701
11.0267
12.3469
11.2059
10.2836
10.5825
10.4223
11.235
10.323
10.5158
10.5106
12.1535
12.053
11.3024
9.52983
10.9941
11.0746
10.5714
10.3291
9.39816
9.88948
8.9811
9.81753
10.1245
9.40309
9.48218
8.64793
8.75319
9.31866
8.82321
8.4285
10.0756
9.23342
8.4181
9.43878
9.14838
9.95669
8.11732
9.03613
9.49898
8.08324
8.14487
9.66897
9.71106
7.34681
9.04443
9.49519
8.83855
8.34319
8.30102
7.16212
7.99726
7.62209
7.1726
9.21581
7.46928
7.51371
7.31519
8.18058
7.86181
7.73374
7.11606
7.78125
7.95455
8.13351
7.01568
7.50437
9.22399
7.77317
8.51245
8.07763
7.79886
6.88503
8.65584
7.48919
6.98705
7.22337
7.7175
7.95495
6.95685
7.1004
7.38443
6.36895
7.32301
7.70124
8.05057
7.68892
7.30295
7.57274
6.84366
7.45588
6.82255
6.8178
7.39718
7.19575
6.96241
7.08353
7.33115
6.87801
6.47272
6.5678
6.33442
5.97475
6.24811
6.17968
6.3065
6.0307
6.26611
6.32548
6.17203
6.08988
6.30842
6.58531
6.49135
6.49177
6.45097
5.90812
6.31203
5.80708
6.36237
6.04367
