0.318527
0.327487
0.329111
0.353674
0.343466
0.381183
0.354021
0.632168
0.619884
0.530328
0.697414
0.892507
1.39399
1.4852
1.38834
1.58885
1.46289
1.43557
1.17299
1.10628
1.23159
1.25522
1.17213
1.09601
1.32251
1.38958
1.46635
1.54231
0.483198
0.63444
1.33601
1.11392
0.979459
0.827537
1.01201
0.872287
1.02519
0.993163
0.892247
0.91578
0.719859
0.889669
1.12119
1.14729
1.14284
1.12117
1.36045
0.923423
0.917159
0.979133
0.936126
1.0991
1.1163
1.14386
1.01535
0.970679
0.936529
1.06085
1.05544
1.02144
1.05363
1.26056
1.17323
1.15475
1.05647
1.21063
1.10523
1.05327
1.07667
1.1828
0.974255
0.91454
0.930566
0.828091
1.0634
0.825127
0.778805
0.830689
0.87613
0.986032
0.923569
0.805285
0.798683
1.10972
0.991607
0.955602
1.15281
1.05722
0.807941
1.14988
0.948359
0.809099
0.820457
0.81502
0.784276
0.868113
0.815913
0.876807
0.750769
0.715493
0.807996
0.903022
0.76912
0.730073
0.77736
0.858422
0.724251
0.92867
0.811114
0.981828
0.773612
0.900723
0.714944
0.695057
0.758993
0.816337
0.681435
0.759785
0.912715
0.79602
0.829663
0.728727
0.783679
0.617307
0.744284
0.786297
0.807033
0.745744
0.696034
0.846465
0.784683
0.748109
0.779192
0.727777
0.775003
0.78771
0.877292
0.75
1.08924
0.818181
0.656889
0.684149
0.730178
0.867718
0.709946
0.766558
0.771499
0.676258
0.808066
0.716838
0.73323
0.735263
0.834821
0.713299
0.795518
0.796951
0.72718
0.68007
0.722146
0.60665
0.731855
0.767947
0.70548
0.629715
0.628908
0.681963
0.705813
0.715545
0.589683
0.862675
0.747768
0.86254
0.816349
0.868252
0.825538
0.758904
0.62973
0.826311
0.660517
0.686487
0.949953
0.7033
0.693878
0.717176
0.599972
0.675309
0.680739
0.675015
0.63517
0.6484
0.76737
0.598957
0.735211
0.556693
0.752464
0.75677
0.693499
0.64732
0.669643
0.67388
0.605998
0.71569
0.858504
0.742367
0.743173
0.644318
0.630162
0.614374
0.625385
0.605403
0.507764
0.573184
0.601418
0.627681
0.612366
0.629489
0.668141
0.562241
0.49897
0.526814
0.65804
1.07203
0.917578
0.779971
0.743701
0.782507
0.836794
0.677463
0.56512
0.553902
0.644504
0.574313
0.581004
0.519267
0.576285
0.574172
0.613186
0.562221
0.583457
0.568722
0.599699
0.637397
0.530775
0.534263
0.593678
0.521168
0.530707
0.430574
0.446763
0.493345
0.658374
0.634484
0.44037
0.532699
0.563671
0.544404
0.534036
0.492697
0.563781
0.508451
0.494612
0.563316
0.567341
0.535972
0.639319
0.653645
0.519087
0.536014
0.593453
0.547841
0.623685
0.624902
0.589768
0.579859
0.678861
0.627704
0.624819
0.620792
0.652543
0.637364
0.590479
0.667243
0.490176
0.542275
0.66767
0.639998
0.604852
0.622502
0.587231
0.671763
0.642727
0.615324
0.465744
0.673673
0.594321
0.533555
0.523664
0.492119
0.499223
0.577939
0.485435
0.525649
0.470971
0.534905
0.535701
0.527157
0.503566
0.478003
0.407414
0.513793
0.425452
0.445515
0.476982
0.550708
0.524459
0.390441
0.554383
0.453287
0.499863
0.528022
0.485622
0.484506
0.481438
0.520696
0.394311
0.475283
0.500588
0.436947
0.466592
0.478608
0.420625
0.561722
0.449199
0.435601
0.449161
0.485967
0.487723
0.383878
0.479911
0.36876
0.405955
0.577927
0.38148
0.436486
0.403308
0.409535
0.452254
0.470346
0.462808
0.497873
0.375544
0.439608
0.388945
0.411679
0.337126
0.461348
0.447049
0.411517
0.485239
0.421214
0.440191
0.42133
0.460278
0.405289
0.387295
0.448736
0.408393
0.431874
0.416764
0.450287
0.37359
0.412324
0.466375
0.354782
0.37762
0.41181
0.369367
0.344391
0.357608
0.35578
0.344039
0.384632
0.354834
0.337378
0.362469
0.484994
0.404794
0.354718
0.372069
0.347599
0.412684
0.345548
0.406691
0.375186
0.314992
0.398282
0.392041
0.385654
0.312633
0.318751
0.348699
0.400728
0.357453
0.312219
0.328794
0.372692
0.380306
0.410737
0.319938
0.3187
0.347312
0.344993
0.365101
0.349669
0.35028
0.325092
0.309991
0.360654
0.324829
0.329241
0.333414
0.33054
0.362101
0.334703
0.374134
0.410754
0.361744
0.352132
0.375325
0.414388
0.368053
0.34631
0.37619
0.43221
0.340838
0.382387
0.409111
0.368846
0.358769
0.314941
0.353168
0.338264
0.346618
0.343296
0.369737
0.369005
0.37994
0.426401
0.372595
0.373195
0.417033
0.373767
0.337314
0.387722
0.385963
0.404831
0.355457
0.376427
0.386038
0.402322
0.383404
0.384093
0.387637
0.350122
0.335361
0.373401
0.380608
0.35453
0.358973
0.345324
0.359055
0.398953
0.380048
0.378815
0.347049
0.347044
0.350062
0.350326
0.334617
0.328864
0.331133
0.303442
0.312587
0.320256
0.351047
0.380949
0.409793
0.364606
0.351946
0.341603
0.376553
0.392357
0.389073
0.359838
0.328462
0.334892
0.411613
0.321252
0.336772
0.341993
0.380994
0.312823
0.322087
0.331409
0.362165
0.349162
0.334922
0.315088
0.338423
0.378727
0.360949
0.326955
0.313546
0.320778
0.35726
0.327164
0.309435
0.342626
0.347766
0.349762
0.373384
0.343724
0.343318
0.324925
0.353156
0.369264
0.326996
0.347178
0.353251
0.332217
0.342738
0.325349
0.298283
0.309805
0.399608
0.323973
0.323005
0.359321
0.390779
0.336659
0.366281
0.310914
0.337034
0.28049
0.335638
0.312627
0.334972
0.340887
0.340777
0.354591
0.335821
0.349891
0.324943
0.338796
0.353221
0.332269
0.336894
0.354595
0.363911
0.406577
0.353064
0.312083
0.332569
0.352794
0.320148
0.343655
0.321356
0.366098
0.345245
0.4082
0.370836
0.340978
0.334099
0.390628
0.33878
0.332901
0.362513
0.412705
0.350351
0.326211
0.355142
0.36155
0.37051
0.399995
0.342587
0.397038
0.334977
0.339681
0.369479
0.369276
0.327412
0.351031
0.344741
0.328386
0.351431
0.35552
0.361644
0.319773
0.328038
0.329677
0.347706
0.348352
0.372049
0.495244
0.451521
0.424997
0.584785
0.408466
0.437662
0.499834
0.499364
0.431657
0.339204
0.317142
0.351421
0.337207
0.32137
0.350206
0.32701
0.287037
0.295773
0.335181
0.335496
0.324358
0.348872
0.33613
0.335091
0.357501
0.344438
0.335526
0.399422
0.425942
0.359299
0.394984
0.33904
0.370556
0.34679
0.357203
0.357865
0.356272
0.401722
0.336747
0.351111
0.394367
0.364522
0.328084
0.34052
0.354497
0.347525
0.340745
0.395442
0.358361
0.374498
0.3758
0.374766
0.375945
0.398594
0.354099
0.33617
0.348906
0.327562
0.329496
0.35021
0.325158
0.370041
0.362445
0.352289
0.352857
0.391562
0.354912
0.39519
0.386007
0.339378
0.340553
0.351162
0.367326
0.386206
0.425026
0.45546
0.414273
0.355381
0.339164
0.379408
0.355334
0.349972
0.363162
0.343002
0.363576
0.337754
0.402033
0.407405
0.41324
0.402724
0.373575
0.401509
0.395747
0.356588
0.373991
0.343357
0.357546
0.376361
0.415967
0.429465
0.414585
0.387377
0.400791
0.392105
0.531828
0.45286
0.438946
0.442671
0.41349
0.376068
0.362065
0.390398
0.398849
0.39817
0.389426
0.370481
0.347387
0.348109
0.372804
0.355096
0.34931
0.396751
0.359687
0.342441
0.368997
0.363314
0.369576
0.359533
0.397072
0.353842
0.339214
0.363629
0.390943
0.372684
0.396326
0.463331
0.476132
0.46874
0.492775
0.467365
0.624926
0.387191
0.454154
0.459579
0.453673
0.482848
0.338627
0.347414
0.33557
0.316829
0.345873
0.358505
0.364436
0.362457
0.362609
0.362998
0.418648
0.381818
0.376672
0.35326
0.457364
0.442784
0.428447
0.406034
0.41519
0.412691
0.399484
0.437084
0.463297
0.52369
0.446895
0.476423
0.456541
0.446353
0.434922
0.401139
0.428996
0.413164
0.456283
0.416401
0.442707
0.301809
0.254021
0.204003
0.151514
0.115839
0.0781152
0.072566
0.074934
0.0799606
0.0663366
0.0755882
0.062294
0.0524162
0.0611775
0.0930238
0.0716921
0.0681015
0.0629293
0.0524583
0.0813381
0.0859576
0.0819716
0.0633169
0.0660633
0.0730042
0.0681686
0.0726982
0.0655715
0.0835413
0.0716273
0.0764825
0.0739114
0.0754276
0.0904073
0.0884828
0.102152
0.112729
0.140502
0.0803914
0.145403
0.0904657
0.100056
0.081713
0.0584493
0.0864999
0.0869599
0.0917554
0.0978469
0.0904077
0.105682
0.122245
0.112335
0.113339
0.150928
0.0909642
0.169725
0.100358
0.0902901
0.102984
0.0887937
0.166833
0.0971256
0.127701
0.0888349
