2.56722
3.37138
1.81122
1.92988
1.96667
1.90651
1.60677
1.85252
2.36658
1.8933
1.91226
1.90439
1.90026
1.62972
1.50484
1.57068
1.61212
2.04892
1.70484
1.49026
1.59149
1.46847
1.42091
1.71196
1.89105
1.89526
2.11254
1.91149
2.15879
2.11199
2.05402
2.12277
1.91775
1.97218
1.95323
1.96761
2.14376
2.03159
2.00584
1.76054
2.20259
2.02003
1.87245
1.99048
2.05713
1.5818
2.58426
2.22186
1.91337
2.00286
1.81344
2.16796
1.88185
1.80853
1.74462
2.11409
2.09445
1.9046
2.19538
1.73202
2.07821
2.26331
1.93456
1.86194
2.04672
2.01728
2.03383
2.10024
2.02603
1.94691
2.47336
1.95743
2.04977
2.05323
2.27433
1.96024
2.17135
1.88892
2.18764
2.54669
2.33058
1.61306
1.60956
1.55262
1.45763
1.66155
2.46705
1.82644
2.01349
1.62581
1.94603
1.82513
1.94849
1.71012
1.70596
1.80275
1.87592
2.00473
1.83949
1.55383
2.14437
2.25775
2.287
1.95198
2.09971
1.89806
1.68909
1.30818
1.44862
1.6108
1.23063
1.39553
1.38751
1.57921
1.09337
1.34361
1.27922
1.28749
1.11558
1.19931
1.16526
1.32897
1.26026
1.18055
1.22633
1.07264
1.28127
1.24029
1.15499
0.788199
