0.423826
0.301025
0.384332
0.331703
1.28547
1.12917
1.30225
1.50691
1.21753
0.988083
0.819875
0.886204
0.846999
0.764966
0.888186
0.742215
0.687472
0.726641
0.738596
0.595488
0.574473
0.64653
0.445021
0.477655
0.505935
0.460887
0.401574
0.447726
0.533219
0.546392
0.430412
0.394161
0.56161
0.903128
0.526789
0.81819
0.719873
0.6364
0.738441
0.625468
0.633084
0.667635
0.65243
0.676618
0.638838
0.725446
0.592718
0.650516
0.435536
0.570079
0.533994
0.496574
0.57159
0.384624
0.516821
0.634964
0.49593
0.469308
0.635363
0.475699
0.451402
0.480273
0.549502
0.43506
0.53587
0.589374
0.489035
0.495836
0.447159
0.453534
0.473108
0.492141
0.543626
0.458972
0.412372
0.426729
0.428853
0.551555
0.497922
0.465855
0.451798
0.41425
0.587385
0.422879
0.510727
0.446554
0.378427
0.459144
0.532405
0.534325
0.486547
0.593927
0.47382
0.457972
0.65938
0.551381
0.48926
0.464798
0.460762
0.417778
0.504921
0.510347
0.495022
0.476189
0.48968
0.408448
0.591633
0.575342
0.453718
0.731232
0.37448
0.591246
0.444078
0.449927
0.647739
0.522936
0.398213
0.407033
0.646
0.351225
0.434478
0.514895
0.540168
0.404233
0.512852
0.522834
0.560155
0.46183
0.460013
0.552474
0.449588
0.55878
0.377822
0.34703
0.431626
0.438221
0.410539
0.425244
0.446591
0.357585
0.293358
0.487413
0.493055
0.434955
0.498818
0.432026
0.463215
0.421505
0.384454
0.447886
0.436544
0.40255
0.37604
0.506434
0.413386
0.390111
0.504753
0.50829
0.365748
0.381795
0.42448
0.485112
0.36978
0.422014
0.400891
0.380078
0.401757
0.409806
0.384097
0.389289
0.408333
0.380211
0.407595
0.356818
0.358201
0.359833
0.327307
0.407134
0.313603
0.29407
0.299164
0.440207
0.378959
0.337635
0.342288
0.3237
0.357723
0.330734
0.450777
0.501836
0.290934
0.279731
0.329309
0.354789
0.342552
0.302353
0.328118
0.339242
0.337563
0.304613
0.388659
0.34728
0.33819
0.29928
0.277909
0.303893
0.354842
0.352788
0.325258
0.318986
0.291604
0.347274
0.361152
0.360373
0.311124
0.405051
0.337707
0.337293
0.322012
0.282834
0.302133
0.242081
0.360863
0.308203
0.285988
0.283163
0.321326
0.298632
0.272415
0.296602
0.204068
0.302213
0.362232
0.315468
0.308649
0.293692
0.277279
0.270118
0.29715
0.361764
0.302111
0.278428
0.293284
0.28848
0.322909
0.275042
0.376572
0.253497
0.255608
0.325269
0.285013
0.230046
0.275542
0.251628
0.254296
0.264065
0.282024
0.252216
0.282333
0.274344
0.278875
0.32041
0.321035
0.350018
0.345858
0.410291
0.324942
0.301767
0.308869
0.290352
0.250122
0.273807
0.264786
0.235511
0.235636
0.303952
0.243704
0.222587
0.272906
0.240023
0.340468
0.216864
0.235607
0.243857
0.238671
0.237227
0.280941
0.254749
0.272154
0.236019
0.25305
0.243957
0.266567
0.253072
0.216677
0.236832
0.233761
0.249122
0.217339
0.235086
0.236974
0.302311
0.326634
0.325978
0.359918
0.236576
0.316334
0.27549
0.270665
0.261901
0.285326
0.272005
0.291314
0.266688
0.231456
0.258224
0.543482
0.297015
0.18489
0.293509
0.309039
0.291137
0.274174
0.311827
0.230318
0.23124
0.309619
0.274033
0.227946
0.24346
0.220278
0.186765
0.215121
0.276952
0.247673
0.209603
0.220345
0.173287
0.208167
0.403591
0.223508
0.259998
0.274003
0.272681
0.188971
0.214573
0.21379
0.188766
0.271506
0.18517
0.162049
0.210934
0.216647
0.180064
0.289816
0.207971
0.190308
0.185804
0.163075
0.166787
0.186452
0.190267
0.144892
0.175324
0.235085
0.18018
0.186177
0.150333
0.175548
0.182853
0.193122
0.119856
0.154958
0.146283
0.147548
0.171877
0.168279
0.163617
0.130565
0.181341
0.136105
0.156947
0.179843
0.118908
0.147473
0.144319
0.169487
0.145226
0.152398
0.142216
0.156069
0.120992
0.150044
0.113634
0.143505
0.165714
0.150379
0.174665
0.174831
0.170023
0.175702
0.158983
0.20487
0.189258
0.167748
0.151286
0.180503
0.176412
0.13599
0.174609
0.14896
0.128898
0.173833
0.221058
0.180951
0.241275
0.18974
0.191102
0.170711
0.187996
0.429594
0.369352
0.239227
0.248124
0.227841
0.175471
0.155989
0.176134
0.167597
0.160758
0.145264
0.0957363
0.164445
0.137302
0.141983
0.143788
0.149379
0.157184
0.148459
0.159024
0.147514
0.139556
0.143387
0.129525
0.150033
0.0810363
0.133137
0.160707
0.135213
0.0914553
0.143252
0.132103
0.141946
0.156722
0.118208
0.118959
0.141187
0.14458
0.150538
0.170347
0.151089
0.145712
0.147219
0.146916
0.163385
0.148998
0.162524
0.132503
0.14671
0.152649
0.150788
0.159952
0.154296
0.184667
0.151257
0.176376
0.130955
0.160569
0.154142
0.189725
0.176304
0.173929
0.16524
0.14698
0.15492
0.140126
0.183211
0.179876
0.162086
0.127195
0.154604
0.177432
0.138474
0.132389
0.128271
0.144471
0.120663
0.116877
0.0925828
0.0781368
0.109005
0.114604
0.0954695
0.116717
0.125471
0.120678
0.117257
0.10739
0.148625
0.10794
0.114844
0.0943184
0.119945
0.108116
0.098778
0.058194
0.073398
0.0821781
0.0621245
0.099768
0.0917412
0.124894
0.0843925
0.113888
0.0950828
0.10302
0.10206
0.144434
0.145088
0.191782
0.170798
0.165016
0.154007
0.150615
0.164181
0.156846
0.139152
0.166079
0.1457
0.16751
0.119591
0.149033
0.157926
0.13562
0.132468
0.144346
0.162865
0.155155
0.17293
0.180957
0.124473
0.135623
0.16635
0.137303
0.212953
0.197948
0.166179
0.152308
0.170092
0.161916
0.20249
0.176388
