3.78636
3.7399
3.64453
3.7654
3.84683
3.78038
3.6371
3.43787
3.5276
3.96176
3.53419
4.28308
4.12726
4.60302
4.14059
4.61033
3.99737
4.22638
3.92732
4.4357
4.29896
4.50028
4.1609
4.78254
4.49311
4.6521
5.17322
5.10851
4.68068
4.13497
4.79228
4.16288
4.10698
4.59896
4.79025
3.79563
4.02685
4.91857
4.57076
3.94034
4.97757
4.24467
4.66636
4.40626
4.72988
5.19686
4.7099
4.65863
4.90621
5.22375
5.37582
4.8871
4.57334
4.74466
5.14964
4.89755
4.72998
4.99026
5.53744
5.23796
5.29499
5.46152
4.99789
5.17145
5.45887
5.74566
5.4271
5.00016
5.86769
5.38976
5.90963
5.64837
5.00103
5.38
5.93175
5.36114
5.03338
5.06823
5.20869
5.657
5.49328
5.68107
5.3402
5.4304
5.40692
5.18103
5.68089
5.35679
5.51069
5.62399
5.3039
5.50965
5.20351
5.74471
5.45356
5.61926
5.33189
5.59974
5.74818
5.86901
6.40802
6.10946
6.19464
5.94687
5.75708
5.39731
5.27378
6.7551
6.29312
6.26557
5.91648
5.53523
5.85811
5.5053
6.32624
5.70343
6.24029
6.67315
6.09683
6.37607
6.18755
6.70707
6.34373
6.11991
6.33462
6.43163
6.31839
7.08674
6.44707
6.30938
7.04371
6.52627
7.8556
7.96575
7.51414
7.13808
8.73071
7.99071
7.96344
8.72836
6.68768
7.40217
7.52443
6.63862
7.59638
8.40204
6.35635
5.55097
6.13306
5.35525
5.19762
6.51926
8.65639
5.91201
6.36856
5.46504
4.02305
