4.36499
4.63265
4.65736
4.81305
6.29224
8.31878
11.8072
7.89194
12.1088
15.3847
11.9065
10.5949
11.3186
11.1597
12.7858
9.40107
10.4755
10.3104
9.97501
10.2358
10.2581
10.0859
11.4203
9.52615
11.0288
11.1033
10.488
10.1336
12.5304
9.94277
9.27989
10.8347
8.9571
10.0316
9.75976
10.3201
9.16181
11.2129
11.3986
10.8674
8.96665
10.9875
12.48
11.2457
9.27471
11.1426
11.5215
10.4574
11.6282
10.1429
11.4768
12.5406
10.3985
10.0671
10.5705
10.3338
8.69253
11.611
11.8786
8.65945
9.89696
12.3187
9.56808
8.51134
9.24916
11.587
11.9065
11.2677
10.0806
12.0802
11.4017
11.0525
9.16566
7.54035
11.2698
12.0285
8.68532
7.90569
12.5693
10.5713
6.72165
9.80435
9.52759
10.6877
8.88808
8.63658
8.61028
9.36683
9.17288
8.27332
6.07335
7.98141
7.04653
9.85753
10.1724
7.39438
6.81842
8.02688
4.39644
6.62927
7.72633
6.10857
6.41467
6.45642
