1.76946
1.81261
3.82498
4.01595
3.28383
3.29807
3.73635
2.94943
2.38176
2.44838
2.5901
2.21118
2.75813
2.83487
2.76562
3.11959
2.89589
3.29315
3.2074
3.42047
3.70672
2.56596
2.77574
3.08973
3.08977
2.99166
2.9912
3.41195
3.17475
3.34953
2.88857
2.79605
2.94021
3.07363
3.05733
3.02735
3.17189
2.62728
2.91976
2.76296
3.04864
2.86278
3.03784
2.97363
3.17443
2.81751
2.89709
3.04915
2.87793
2.85855
2.98713
3.12735
2.8694
2.79782
2.95537
3.09597
2.8557
2.73599
2.97829
3.0558
2.80019
2.42098
2.92456
2.76672
2.78629
3.1931
3.167
3.10745
2.73464
3.11697
3.04615
2.77882
2.40954
3.10833
2.80624
2.54313
3.08119
2.48267
2.94244
2.85399
2.56058
2.98112
2.94326
2.78202
2.88238
2.60572
2.62415
3.02504
2.62574
2.81912
2.84022
2.73286
2.50768
2.85918
2.80449
2.4841
2.95948
2.56672
2.4029
2.54793
2.60015
2.74596
2.4735
2.67244
2.38663
2.18941
2.41438
2.36476
2.51206
2.58747
2.41145
2.56059
2.38601
2.66568
2.61287
2.72911
2.39033
2.83797
2.64994
2.44944
2.36472
2.35271
2.31297
1.99797
2.3708
2.21344
2.37428
1.99863
2.36827
2.23321
2.35447
2.24407
2.27178
2.31515
2.34782
2.14731
2.03771
2.19038
2.23883
2.15962
2.363
2.21604
2.40468
2.2423
2.07783
2.00579
1.81265
2.12828
2.11285
2.06343
2.10259
2.08007
2.11318
1.95864
2.01353
2.05444
2.05884
2.1029
1.90062
1.92616
1.83251
1.99588
1.96094
1.9293
1.95955
1.85227
1.79123
1.81785
1.85467
1.71035
