1.64127
1.72347
1.82128
1.57885
1.64951
1.74863
1.69013
1.79868
1.87071
1.92709
2.09723
2.85036
6.97635
8.11434
7.51577
7.58122
7.45444
8.42915
7.3672
8.61796
8.82733
7.20549
4.45915
7.65895
5.97957
6.95695
7.32855
8.16769
8.78352
7.81067
6.97582
7.39923
6.19054
7.16976
6.40106
6.29355
6.16357
5.55558
6.95459
7.58624
6.74564
6.48874
6.61926
5.65006
6.78313
7.12645
6.70659
5.52232
6.05164
6.44041
5.61033
5.76966
5.27242
5.58218
5.09803
5.15424
5.00165
4.62655
5.00599
4.41227
4.92143
4.56292
4.53938
4.63349
4.36881
4.82271
4.51726
4.74529
4.7121
5.18259
4.93572
5.41299
5.82355
6.10513
5.66763
5.37532
5.8708
5.56567
5.54418
5.88466
6.2011
5.48913
5.90935
6.23154
6.08931
6.42802
5.44906
5.20576
4.99326
4.65071
4.29422
4.76385
5.01865
4.6565
4.78956
4.44699
4.70542
4.48967
4.3218
4.33438
5.07626
5.16254
4.72898
4.96205
5.22821
5.01779
4.76083
5.103
4.78208
4.76682
4.82117
4.63022
4.87519
4.42817
4.54729
4.63547
4.06122
4.27038
4.14647
3.95492
4.22202
3.31736
3.31914
3.76171
3.53187
3.47423
3.63508
3.21136
3.79578
3.60604
3.79404
3.82054
3.74984
3.888
3.81877
4.21767
3.99254
4.18251
3.83808
4.301
3.62156
2.93465
3.44974
3.50032
3.46478
3.56516
3.62305
3.48331
3.70671
4.1259
3.61199
4.22482
3.39652
3.49169
4.14838
3.92385
4.08828
4.36585
3.87061
3.56006
3.75562
3.98776
3.7824
3.77035
4.2207
3.63739
3.55232
3.91716
3.83615
3.77998
4.1542
3.66983
3.98142
3.79057
4.06802
3.88733
4.11513
3.84724
4.10688
3.66327
3.80021
4.14478
3.76393
3.98545
3.36921
3.32747
3.81913
3.85676
3.48921
3.62816
3.14809
3.15782
3.82811
3.70766
3.29568
3.51646
3.25602
3.28617
3.28085
3.64128
3.58791
3.55985
3.88242
3.97714
3.81922
3.80298
4.05286
3.97318
3.76613
3.05145
3.32681
3.28702
3.15578
3.12968
3.46905
3.26843
3.19388
3.05111
3.21967
3.22371
3.65576
3.27804
3.70894
3.13635
3.0702
3.18099
3.30319
2.50415
2.9833
2.85834
2.88007
2.8648
2.88627
2.84361
3.04008
2.77536
3.12576
2.88465
2.96348
2.82398
2.75611
3.00797
3.23845
3.21109
3.40528
3.35151
3.36685
3.38058
3.09112
3.30299
3.01381
2.99121
3.35847
3.34211
3.12856
2.97737
3.07179
3.16169
3.27682
2.88374
2.74588
2.77831
2.52711
2.8023
2.62705
2.87141
3.0929
2.7788
2.78854
2.73007
2.67613
2.73461
2.29458
2.64135
2.68524
2.65661
2.47851
2.11782
2.68203
2.74379
2.41236
2.55723
2.48244
2.7606
2.21033
3.09208
2.19185
2.45281
2.43916
2.47052
2.22547
2.30887
2.08766
2.21156
2.40289
2.08802
2.20531
2.25718
2.18293
2.31913
2.06264
2.51754
2.09289
1.87668
1.86615
2.1398
2.07515
2.13731
2.00577
1.8322
1.89099
2.07273
2.14907
2.13452
2.11849
1.86247
2.1862
1.94727
2.144
1.99634
2.1397
2.35057
2.09176
2.14486
2.11955
1.75295
1.76654
2.03647
1.94299
2.07803
1.8489
1.92917
2.00729
1.53298
2.19783
1.61788
1.92046
1.73776
1.77589
1.53406
1.50311
1.58338
1.71115
1.74535
1.42926
1.65652
2.22375
1.81507
1.92846
1.71185
1.81166
1.93695
1.92109
2.56026
1.72275
1.58486
2.29369
2.53479
2.00892
2.10265
1.75187
1.57434
1.87026
1.52022
1.44393
1.70395
1.8187
1.48866
1.5908
1.60509
1.79864
1.75183
1.69744
1.71242
1.97291
1.55206
1.15628
1.51396
1.55177
1.58353
1.39189
1.40285
1.47179
1.51903
1.55974
1.74597
1.46603
1.64537
1.43986
1.26947
1.14116
1.5866
1.23046
1.19917
1.15191
1.2428
1.44483
1.37111
1.36558
1.14945
1.36223
1.12727
1.25085
1.37522
1.10945
1.10425
1.08334
1.047
1.20637
1.11384
1.31742
1.17
1.4137
1.12523
1.54359
1.19407
1.50994
1.33947
1.42328
1.71555
1.54788
1.30349
1.64413
1.40966
1.32989
1.08929
1.20471
1.01359
1.05333
1.10299
1.11823
0.91083
0.957293
1.0769
1.0367
1.32968
1.19346
1.19802
1.12905
1.28113
1.51139
1.275
1.01081
1.01148
0.972324
1.12154
1.1079
1.17986
1.18751
1.25635
1.37278
1.29404
1.29361
1.21932
1.42799
1.1486
1.25686
1.61894
1.43231
1.19267
1.40457
1.15331
1.05077
1.10976
1.2217
1.76628
1.50046
1.41115
1.31462
1.43866
1.36971
1.05318
1.68561
2.24684
1.48093
1.69733
1.59861
1.61465
1.31205
1.50783
1.8402
1.93014
1.63578
1.44836
1.87661
1.3775
1.58946
1.73606
1.36773
1.57717
1.65361
1.41971
1.14055
1.04144
1.42188
0.965404
