2.10761
2.67738
2.50552
3.26892
3.06656
3.37224
3.1225
2.89052
3.21988
2.99597
2.76086
2.47279
2.00131
2.51526
3.07615
2.81448
3.03369
2.75481
2.73219
3.2063
3.18014
3.37695
3.53402
4.29495
4.14466
3.70878
3.73838
3.76364
4.11402
4.27426
4.23864
4.34688
4.39995
5.18997
5.104
4.93293
5.94176
4.34883
4.83827
5.40183
4.63675
3.53865
3.31196
4.8138
4.9937
5.13483
5.94875
8.81547
6.6487
8.12058
6.98297
7.73851
12.3153
10.4384
10.024
9.54693
10.4059
10.9724
7.90884
8.63494
8.12705
8.55138
6.22397
9.86722
9.02338
10.9332
10.4321
9.94936
8.62758
9.30018
11.0627
12.1828
12.0537
11.7655
12.1908
12.5918
11.8052
10.6989
11.8716
12.8688
12.4021
12.36
12.4563
12.9555
13.8418
12.7274
14.6481
12.4781
13.6701
14.0021
13.6254
14.1384
13.2377
13.7541
12.9125
12.7474
14.3095
13.0155
15.4115
12.876
13.7208
15.5106
15.4283
12.045
13.3351
15.3919
13.7774
14.0873
12.8333
14.5946
14.2646
15.3537
13.6683
15.7852
15.3831
15.083
16.3015
14.9303
16.1637
16.0839
14.6742
13.6211
16.6656
16.8333
13.238
15.3304
16.4674
15.3187
16.1795
15.3084
15.7595
14.9673
15.5811
17.2113
15.3371
15.347
19.0392
18.1602
17.585
18.5085
18.5737
18.8037
17.9012
18.0788
20.0796
18.1402
16.941
16.3204
17.6001
19.665
22.1232
19.6347
20.5192
17.9672
20.511
25.9591
19.0946
19.7477
17.7776
18.5366
22.9004
21.5423
18.1804
21.9458
16.1165
20.1114
20.1559
22.105
21.5695
22.814
21.2207
19.386
19.1916
20.0361
16.7387
16.787
18.3422
18.5309
19.1806
16.8186
20.34
21.4869
20.1576
18.936
26.4777
20.2585
20.8636
20.1938
32.0145
16.8385
22.5282
19.87
19.0505
14.6027
25.8184
18.1442
22.6489
27.2191
26.1695
31.9128
29.9359
22.0632
21.7733
33.3313
33.3066
40.5829
51.7633
45.2019
45.6716
