11.1869
10.7138
11.061
19.1495
18.8993
21.2502
20.0605
17.9171
20.7277
18.1048
18.3165
14.4643
15.7553
17.191
16.1322
15.9651
14.7847
15.721
14.2809
15.8271
15.7114
15.8263
16.2509
15.2499
16.2675
15.6382
15.3142
15.5806
15.0943
15.1717
14.0585
15.8173
14.9457
13.9959
16.0066
14.2547
14.0819
14.9437
13.391
14.2523
14.7669
15.0581
15.0508
14.0706
13.4412
14.4071
14.095
14.8892
15.0943
14.5392
13.6398
14.3394
14.6154
14.1315
13.2525
14.3718
13.7984
12.5624
13.9462
13.1614
14.2918
13.9608
13.5526
13.089
13.5622
13.3527
11.7474
13.8153
13.1926
13.1547
13.4379
14.2741
13.4048
12.7979
12.5234
12.0383
13.2705
12.5999
11.7627
13.3112
12.1102
16.384
11.8141
15.6168
11.8696
13.2988
10.6125
11.8238
15.4219
12.444
12.7146
12.0157
10.8866
12.9244
12.0324
10.7541
12.1946
10.3682
11.3385
9.30609
11.2548
10.0427
13.7437
15.7528
16.3997
15.6077
16.9223
16.1684
15.4933
13.0499
12.7677
11.2452
9.45566
9.82605
11.223
11.0034
12.2937
13.4316
13.5269
14.8557
13.8872
11.2422
8.93525
9.25254
9.20555
9.06814
10.6326
9.29271
8.90174
10.4838
8.65084
9.90613
10.677
8.73922
8.17124
8.99028
9.445
8.34171
8.38113
8.92446
8.98614
9.55965
9.41324
8.76978
8.48195
7.91916
8.2657
7.56381
8.33656
8.68298
8.77556
8.03673
8.00583
7.73123
7.74114
8.16845
7.61636
7.60047
7.43821
6.74131
7.19432
7.11852
7.17625
6.85161
6.95976
6.86449
6.97316
6.41196
6.68988
7.38069
