1.78278
2.04166
4.23554
5.62865
6.02822
5.434
5.75305
5.15807
4.68639
4.81384
4.74438
4.79923
4.9195
5.15831
4.95918
4.78349
5.471
5.09339
5.1786
5.16948
4.91777
5.59816
4.28028
5.90119
4.67127
4.8889
3.91508
4.90117
4.00015
3.62883
3.53507
3.76896
3.6027
3.1953
2.68721
3.34685
4.36991
3.90259
4.22739
4.6311
4.63124
3.7607
4.13368
3.46186
3.91138
4.54888
4.57387
4.4641
4.47731
4.39085
4.91878
5.40384
5.62742
5.06088
5.37228
4.99738
4.97251
4.67796
4.71382
4.59315
4.32022
4.64429
4.70045
4.51838
4.63159
4.89498
5.14604
5.21712
4.81579
4.79826
5.06773
4.5439
4.34761
4.34091
3.63384
4.05649
5.52878
4.35269
3.47122
3.27641
4.95499
5.10797
5.05197
5.05985
4.91278
5.13001
4.93168
5.22896
4.83429
4.76586
4.91107
4.59382
4.12765
4.17353
4.49655
4.65574
4.68918
4.66894
4.59269
4.82744
4.65961
4.63274
3.99161
3.32376
3.94184
4.21116
4.07805
3.92215
3.81534
3.10217
2.64465
2.42053
2.92564
3.70827
3.74533
3.77587
4.13252
4.06726
3.62733
4.1454
3.80665
4.23699
3.22531
2.94873
2.69075
2.73197
2.65468
2.58645
3.45558
3.6338
3.2005
3.81303
3.13562
3.63349
3.61855
3.74956
3.61284
3.92821
3.89994
3.59859
3.4924
3.4003
3.89758
3.78398
3.73879
3.23896
3.29532
3.08086
3.42031
3.30059
2.39023
2.36056
3.32065
3.04293
2.85583
3.29405
3.02717
3.05676
2.78108
2.12833
2.62573
2.93153
2.86212
2.37423
3.06725
2.83829
2.83867
2.92516
2.43493
2.97818
2.2889
2.55221
2.54413
2.58999
2.58546
2.43326
2.20133
2.54527
2.54566
2.34809
2.6904
2.44951
2.46967
2.18302
2.05609
2.0051
1.87192
1.9055
2.25823
2.10043
2.48086
2.29274
2.46548
1.97188
1.53994
2.39159
2.61822
2.18691
1.90375
2.33594
2.12783
2.22613
2.28901
2.24621
2.08548
2.15568
2.09712
2.13779
2.14712
2.22505
2.30303
2.47117
2.19725
2.25417
2.25805
2.60512
2.33123
2.51622
2.48971
2.11052
2.39356
2.35722
1.9212
2.01914
2.62145
2.26399
2.50129
2.50783
2.48348
2.23386
2.37188
2.29686
2.33844
2.21029
2.3227
2.20049
1.7882
1.65594
1.91676
1.87827
1.84791
2.00865
1.80982
1.85636
1.73571
1.86031
2.03475
2.1773
1.94314
2.21687
2.03751
1.87595
1.67878
1.83471
1.93917
2.09185
1.95209
1.97577
1.99853
2.04287
2.09255
2.04966
1.86054
1.85126
1.89227
1.98165
1.9998
2.16467
1.92481
1.75319
1.79756
1.72914
1.52548
1.84127
1.70471
1.68463
1.6136
1.61769
1.76438
1.65239
1.59623
1.63047
1.55205
1.52214
1.48172
1.58144
1.59204
1.52753
1.47142
1.42416
1.48132
1.34141
1.55287
1.39144
1.43095
1.43913
1.55038
1.78026
1.48202
1.50315
1.42196
1.55893
1.50604
1.61545
1.81778
1.52857
1.46422
1.59336
1.56194
1.48996
1.45931
1.43816
1.49073
1.49509
1.41218
1.37992
1.43393
1.37803
1.43095
1.33185
1.3559
1.27768
1.29361
1.35244
1.26775
1.33675
1.30779
1.2796
1.37951
1.36433
1.30675
1.18781
1.32878
1.28667
1.40766
1.39398
1.38339
1.30626
1.44918
1.36686
1.31046
1.34545
1.40792
1.34039
1.2903
1.36401
1.31496
1.32414
1.36843
1.33241
1.26381
1.30914
1.32919
1.21903
1.31474
1.37402
1.33095
1.21391
1.36583
1.37118
1.42428
1.31387
1.2749
1.31194
1.18742
1.27954
1.17761
1.24347
1.31474
1.39608
1.29518
1.38865
1.36026
1.36506
1.40984
1.32025
1.43735
1.62351
1.6066
1.60519
1.71651
1.82754
1.75503
1.69468
1.71533
1.73626
1.74665
2.04658
2.49258
1.94934
1.91116
1.90661
2.20158
1.50069
1.88649
1.7612
1.7986
2.01236
1.81381
1.87605
1.87204
2.31184
2.21893
2.67199
2.20183
2.59036
2.21446
1.77264
1.80638
1.93195
2.15053
2.96434
2.3825
1.97699
2.00566
1.52324
1.63438
1.75478
1.38129
1.66865
1.61724
1.69067
2.45108
2.05582
2.04501
1.74042
2.03005
1.95177
1.90365
2.69756
2.55912
2.55403
2.89417
3.12897
2.51453
1.98184
2.1268
1.82474
1.92206
2.35156
1.90202
1.8771
1.44818
2.26373
1.59722
1.59012
1.41573
1.53658
1.73772
1.72001
1.55066
1.48592
1.40138
1.43873
1.54319
1.58955
1.52274
1.34805
1.18414
1.42318
1.40643
1.29174
1.56286
1.66344
1.7075
1.62739
1.40124
1.48878
1.32922
1.35471
1.36647
1.53036
1.51736
1.63679
1.55822
1.53115
1.48682
1.48391
1.478
1.58622
1.46074
1.43645
1.54734
1.49489
1.34617
1.53196
1.4206
1.44571
1.36033
1.32699
1.40969
1.56839
1.43102
1.24843
1.28368
1.45059
1.31624
1.49061
1.35643
1.30802
1.34051
1.32258
1.32549
1.20769
1.409
1.41982
1.42855
1.22566
1.3836
1.36616
1.38121
1.31708
1.21685
1.28893
1.16768
1.32262
1.06702
1.06349
1.23333
1.16648
1.21704
1.20353
1.21267
1.22208
1.33191
1.14882
1.17782
1.33452
1.13219
1.11451
1.25083
1.20595
1.30113
1.32987
1.03588
1.13762
1.08859
1.25243
1.15024
1.16772
1.26182
1.24527
1.16945
1.19614
1.53547
1.35758
1.40893
1.3458
1.13601
1.12132
1.05632
1.01815
1.13961
1.23825
1.30877
1.24485
1.02542
1.04753
1.19624
1.18025
1.12839
1.13096
1.05078
1.28496
0.967568
1.02339
1.06629
1.04042
1.03025
1.11289
1.03372
1.08132
1.19329
1.18773
1.00996
1.05087
1.09956
0.964181
0.979432
1.04124
1.04596
1.06728
1.11865
1.22521
1.08752
1.02908
1.13619
1.04859
1.19351
1.22379
1.13785
1.02953
1.01416
1.03419
1.14655
1.16982
1.12321
1.26559
1.22646
1.29498
1.17557
1.31316
1.25003
1.12875
1.0479
1.00143
1.04414
0.928155
0.871259
0.924674
1.03163
0.768582
0.83163
0.985968
0.880038
0.799232
0.818344
0.831798
0.848268
0.877909
0.869914
0.867349
0.811095
0.810344
0.803064
0.886665
0.953161
0.987512
0.957451
0.91941
0.877268
0.997639
0.828699
0.821546
0.808123
0.781617
0.921016
0.848839
0.84235
0.870819
0.935542
0.887892
0.886381
0.895873
0.935598
0.871914
0.800904
0.873421
0.823215
0.86199
0.857381
0.919067
0.896658
0.910769
0.905804
0.916248
0.856343
0.886636
0.786412
0.804855
0.814405
0.862075
0.768637
0.84639
0.777586
0.91984
0.845109
0.94598
0.880264
0.983982
0.954517
0.976612
0.904412
0.940929
0.963709
0.928283
0.812447
0.782043
0.84635
0.888247
0.827828
0.867926
0.806291
0.721533
0.788467
0.834039
0.806599
0.794113
0.853992
0.748073
0.769417
0.788321
0.740111
0.742532
0.839545
0.717768
0.815742
0.813728
0.872871
0.922322
0.94803
0.907314
0.760013
0.871811
0.815468
0.882533
0.972327
0.885272
0.811565
0.853746
0.927089
0.887456
0.952274
0.874125
0.783264
0.910847
0.917837
0.873023
0.907649
0.87607
0.826767
0.924735
0.912784
0.814591
0.893611
0.859195
0.865066
0.77026
0.807238
0.717579
0.776841
0.790516
0.768894
0.849988
0.774895
0.713145
0.73459
0.749081
0.764349
0.83638
0.818025
0.763439
0.840223
0.87859
0.918278
0.930923
0.859245
0.895331
0.842629
0.812449
0.801402
0.831861
0.897496
0.796639
0.809869
0.823678
0.731878
0.732557
0.729449
0.743045
0.723329
0.724174
0.686013
0.746582
0.746351
0.725375
0.657977
0.667608
0.749075
0.682513
0.786795
0.727558
0.696346
0.699339
0.703505
0.761043
0.769263
0.686389
0.797863
0.705064
0.728856
0.567192
0.621922
0.588528
0.556955
0.658666
0.544704
0.601852
0.585563
0.596355
0.592128
0.588826
0.619792
0.624797
0.564375
0.527435
0.555211
0.519503
0.514692
0.527782
0.502824
0.490163
0.514522
0.507945
0.494837
0.49097
0.465119
0.559044
0.583306
0.822423
0.765749
0.627738
0.641036
0.671488
0.67141
0.681235
0.649771
0.64151
0.643584
0.646743
0.661672
0.657763
0.677154
0.624403
0.60487
0.645061
0.649468
0.570681
0.580378
0.583782
0.5731
0.569395
0.569916
0.591274
0.60608
0.619351
0.603334
0.610009
0.603576
0.609569
0.635067
0.597169
0.627514
0.614457
0.566985
0.515729
0.552557
0.60293
0.63984
0.698861
0.749928
0.693681
0.632717
0.62568
0.693107
0.732511
0.696064
0.677583
0.692546
0.668262
0.649009
0.648818
