0.848752
0.964683
1.11588
1.23914
1.29113
1.21985
1.32303
1.49318
1.36724
1.49551
1.98483
1.74983
2.24906
2.52502
3.11328
2.88525
1.78427
2.82587
3.13095
3.5382
3.31848
2.99033
3.27762
3.35657
3.33557
3.04734
3.80788
3.44599
3.22342
3.70834
4.09069
4.45195
4.14286
4.0876
4.10164
5.05128
4.58187
4.70958
4.76691
4.83394
4.43516
4.34014
4.70809
5.72447
5.79374
5.6952
4.26161
4.15754
5.65489
4.83751
5.62646
5.66411
6.3946
5.91106
6.03472
5.28518
5.07521
6.20637
5.66461
6.08182
5.22502
7.90568
6.01592
5.36985
5.96226
5.20629
6.04473
5.76015
6.66693
7.2455
6.97749
7.79995
6.05647
5.05481
6.6173
7.91705
6.13216
7.36588
6.97838
7.20391
7.01414
7.15218
8.2593
8.73606
6.13573
6.62373
7.99676
7.87642
7.64007
7.87492
7.8237
6.76501
7.45347
6.65095
5.61166
7.26558
6.04869
7.02769
8.50236
7.47727
7.33454
7.5288
7.42157
6.33753
6.94973
7.18589
7.31052
6.93378
6.06575
7.38706
7.65303
8.07684
9.26513
8.59326
9.03987
7.85793
10.1403
