0.163914
0.150426
0.149852
0.196086
0.316681
0.406442
0.292638
0.336156
0.319504
0.342146
0.331163
0.342374
0.49659
0.443378
0.54375
0.449924
0.375004
0.406207
0.338609
0.44888
0.468764
0.564962
0.538715
0.461143
0.681415
0.515918
0.409793
0.452157
0.495855
0.419943
0.428541
0.478148
0.457013
1.00695
0.810726
0.68706
0.696165
1.0884
0.83436
1.0073
1.13015
0.671692
1.03632
1.06317
1.14292
1.3761
2.29653
1.47361
1.43293
1.50954
1.37645
1.22599
1.4628
1.3313
2.0373
1.67516
2.1442
1.99815
1.80606
1.42377
1.89185
2.45191
2.51917
2.33334
2.44113
2.64605
2.2476
2.88823
2.49776
2.85567
2.50089
2.2455
2.84043
2.27078
2.44479
2.62867
2.30317
1.88735
2.31903
3.14297
2.66935
2.65863
3.15062
3.23218
3.3668
3.70924
3.90292
2.68471
2.66993
4.08131
4.31296
4.22149
3.72183
3.56238
3.0955
3.21974
3.66576
3.65801
2.53528
2.94314
3.43625
2.35277
2.99027
4.56683
4.78177
3.38703
3.76136
2.50655
3.8644
4.18774
4.70358
4.28067
2.96982
2.33242
2.80499
3.25606
4.13413
2.63103
2.90806
2.28425
3.01854
2.68234
3.20844
2.29461
2.91574
1.89657
4.53385
3.31558
3.5662
4.53704
3.98119
2.70427
2.64166
3.28875
3.65776
3.35314
4.69225
7.33141
5.15205
2.70854
1.59538
1.9703
2.5698
4.66648
3.15356
4.67878
3.79534
3.26224
1.96535
2.12823
5.42321
4.24785
2.17643
1.3658
2.27395
2.72056
3.05137
3.50745
2.07651
1.77258
2.29088
1.54409
1.153
1.41953
1.58633
1.07347
1.0803
1.29978
1.55708
1.59627
2.28501
2.33083
1.77242
1.42771
1.57875
1.68291
1.45875
1.26803
1.04033
1.28819
1.95607
2.07417
1.7223
2.6489
1.85394
1.67598
1.5375
1.52602
1.12383
1.83711
1.31697
1.9834
1.95127
1.81446
1.98627
2.0121
