2.3767
2.82675
2.83246
2.4924
2.78273
3.20567
2.90732
2.66004
2.57105
3.31886
3.5356
3.63368
3.93384
3.43854
2.82178
3.07532
3.63781
3.70747
2.73825
2.9178
3.47511
3.22066
3.63925
3.45807
3.51293
4.37966
4.24292
3.32332
3.79065
4.20985
4.4384
3.14069
4.19894
4.49174
3.81358
3.89698
3.70882
4.22608
4.62531
4.07438
4.87058
3.90421
3.99327
4.77046
4.14987
4.51651
4.27942
4.7905
4.87031
4.16652
5.01797
5.39271
4.96969
5.47828
5.80574
4.41223
4.69352
5.28085
4.50567
4.57081
5.42449
5.09252
5.50504
5.33579
5.53459
5.87248
6.3768
5.99925
5.93572
6.10983
5.79566
5.59435
5.25057
6.20538
5.37613
5.97252
6.42169
6.29636
6.68721
6.75001
6.66037
7.20458
6.3178
6.66084
6.65274
6.56861
7.39467
6.5201
7.28365
6.55657
6.65886
6.92221
7.82857
6.89514
6.87754
7.52651
7.46562
8.28675
7.66471
8.26316
8.75466
7.8673
7.30169
8.84167
8.36693
7.82502
7.97407
8.16823
8.70035
8.89154
8.40851
8.37066
8.9442
8.58464
9.14596
9.75835
9.37968
9.6802
9.28942
9.38115
10.2571
10.0541
9.23403
10.2635
10.9256
8.82038
9.51252
10.2986
10.0356
9.44367
10.6263
9.98325
9.20629
10.5902
10.9103
10.9633
10.6393
10.4609
10.3782
10.1161
10.8319
10.1173
10.9422
10.3677
9.96553
9.02873
11.3694
10.3932
11.625
11.2559
11.9351
11.6592
12.1405
11.3168
13.6564
11.197
13.6297
12.4609
12.3007
11.9224
8.40131
13.0471
13.7539
14.6454
15.127
9.49891
9.64783
12.0133
11.2769
10.1391
7.79538
8.56041
10.2555
9.48881
6.67241
10.8308
8.70628
14.5202
13.4975
12.3444
12.5082
10.9902
15.6926
9.95553
10.505
12.2793
12.2491
13.3852
12.5517
11.0005
16.4384
11.7304
14.7254
9.57402
10.149
9.85323
10.7999
8.92455
13.3454
16.0259
13.9685
12.8035
22.3159
13.2075
15.6715
23.4438
25.5636
17.9041
25.6036
