0.234385
0.205605
0.247476
0.282893
0.439568
0.599334
0.575575
0.507215
0.737868
0.679462
0.650643
0.550117
0.659196
0.582166
0.581778
0.471723
0.544621
0.499944
0.509657
0.54538
0.48582
0.510527
0.496305
0.524845
0.486744
0.553152
0.498364
0.560298
0.540374
0.556165
0.561644
0.59435
0.637096
0.522245
0.576398
0.552546
0.529771
0.599864
0.570846
0.52376
0.425865
0.57625
0.514712
0.510589
0.507728
0.528175
0.517383
0.528106
0.523227
0.561704
0.564519
0.518004
0.566308
0.519739
0.493848
0.514139
0.535154
0.524385
0.546085
0.570423
0.522805
0.564456
0.581685
0.586324
0.595857
0.51055
0.540187
0.527603
0.540212
0.552725
0.456827
0.47589
0.515568
0.542228
0.481146
0.494317
0.506089
0.568581
0.484831
0.54299
0.508877
0.513008
0.502891
0.508012
0.488503
0.433878
0.470572
0.456375
0.480847
0.426448
0.484184
0.477061
0.469545
0.439418
0.483415
0.498284
0.434585
0.445354
0.497347
0.501058
0.414475
0.455413
0.468001
0.540715
0.44637
0.486288
0.475415
0.502005
0.508733
0.533836
0.520859
0.459201
0.478567
0.479563
0.484757
0.471459
0.481847
0.473749
0.481389
0.477694
0.437201
0.473862
0.448714
0.507143
0.506343
0.484828
0.465476
0.500062
0.450953
0.437469
0.433053
0.494826
0.501074
0.506643
0.483064
0.491228
0.475745
0.46093
0.411488
0.46401
0.464601
0.440749
0.419992
0.457806
0.480534
0.444507
0.40388
0.406892
0.446204
0.464522
0.430732
0.450354
0.479498
0.410382
0.429385
0.454451
0.485101
0.443436
0.456296
0.431721
0.424408
0.44147
0.408767
0.380531
0.442028
0.428484
0.426408
0.399018
0.414225
0.396877
0.386928
0.528175
0.435514
0.411068
0.427143
0.412596
0.428924
0.494144
0.405329
0.391244
0.38265
0.371908
0.471395
0.413879
0.380951
0.43181
0.402497
0.387127
0.335731
0.415541
0.382018
0.381689
0.333853
0.336576
0.353044
0.353726
0.383949
0.354725
0.345202
0.333784
0.318697
0.353027
0.386579
0.370638
0.36325
0.31714
0.307411
0.31714
0.280607
0.371906
0.329825
0.339923
0.359196
0.338697
0.359333
0.258279
0.313876
0.29329
0.275408
0.242941
0.304403
0.311022
0.280995
0.335386
0.315065
0.346052
0.319213
0.310232
0.280824
0.27007
0.27509
0.268971
0.275851
0.244338
0.255829
0.260035
0.252415
0.253093
0.252926
0.240904
0.214785
0.21316
0.225388
0.17379
0.185954
0.179024
0.177983
0.177175
