0.453471
0.427264
0.468003
0.451861
0.465828
0.591717
0.941033
0.930022
0.940931
0.907559
0.922673
0.937656
0.882544
0.92453
0.959603
0.870263
0.84079
0.845196
0.887224
0.883469
0.896962
0.902159
0.861089
0.86213
0.879961
0.893787
0.883625
0.798155
0.834311
0.829221
0.882015
0.863083
0.923497
0.84495
0.775664
0.858711
0.795672
0.799958
0.77417
0.85622
0.789846
0.816912
0.800658
0.79466
0.772795
0.824883
0.794932
0.811929
0.786751
0.825246
0.806587
0.860168
0.876981
0.824291
0.807525
0.819222
0.842271
0.774534
0.739028
0.808707
0.756894
0.740822
0.76042
0.813609
0.811393
0.790547
0.77654
0.811062
0.793342
0.762847
0.763758
0.759447
0.745238
0.772647
0.729554
0.788106
0.839927
0.829171
0.820854
0.784872
0.843383
0.795309
0.775354
0.798131
0.767456
0.783921
0.749374
0.71932
0.826126
0.784446
0.730607
0.799912
0.788552
0.759962
0.778746
0.750263
0.768393
0.779068
0.767202
0.734034
0.762719
0.797678
0.755948
0.778531
0.759556
0.747302
0.775467
0.756123
0.790226
0.731323
0.745172
0.735901
0.729755
0.711919
0.664407
0.748813
0.769554
0.785287
0.75757
0.833012
0.814211
0.823153
0.841298
0.762224
0.840936
0.808711
0.876108
0.820959
0.837263
0.854322
0.788848
0.863115
0.876779
0.803019
0.880932
0.815086
0.791228
0.787504
0.845468
0.806718
0.761147
0.786361
0.792585
0.765523
0.969964
0.435565
0.599708
0.768286
0.711361
0.600165
0.695786
0.707732
0.693297
0.673256
0.628618
0.495959
0.551575
0.618668
0.598206
0.614854
0.724365
0.706843
0.757491
0.681197
0.807845
0.708887
0.757015
0.761388
0.808619
0.84627
0.771127
0.861231
0.798273
0.731753
0.85525
0.810709
0.784901
0.794536
0.812209
0.806029
0.798456
0.710589
0.70555
0.697542
0.744681
0.721202
0.785367
0.724576
0.771509
0.723107
0.725273
0.780125
0.657243
0.739368
0.722538
0.697058
0.717065
0.765031
0.745192
0.722294
0.70242
0.733368
0.730414
0.732181
0.662943
0.688911
0.72175
0.765527
0.739956
0.757328
0.733272
0.684618
0.732924
0.724906
0.734408
0.73477
0.723874
0.737337
0.660561
0.690129
0.704596
0.609563
0.738682
0.696124
0.696103
0.669787
0.653943
0.693215
0.678333
0.701333
0.737414
0.721781
0.719364
0.672087
0.658821
0.719076
0.64902
0.673454
0.690511
0.682395
0.622447
0.673249
0.601153
0.631859
0.619353
0.626326
0.632607
0.685129
0.702023
0.658223
0.698542
0.631426
0.660701
0.707967
0.67432
0.673506
0.693342
0.630034
0.574292
0.565031
0.531215
0.628708
0.647294
0.575472
0.607215
0.615049
0.707993
0.61493
0.549597
0.452991
0.526947
0.535565
0.461578
0.456666
0.478658
0.64833
0.489302
0.523619
0.462384
0.50767
0.471299
0.461534
0.424285
0.605435
0.540044
0.571631
0.3683
0.483555
0.454634
0.47171
0.547073
0.517566
0.566271
0.582749
0.538574
0.628485
0.665846
0.754205
0.549962
0.628842
0.584172
0.65222
0.581246
0.58477
0.568847
0.59318
0.579259
0.593411
0.574718
0.535641
0.566524
0.664697
0.594751
0.597227
0.624005
0.60492
0.60952
0.579455
0.692534
0.647489
0.459386
0.484436
0.571584
0.595055
0.54771
0.582048
0.598663
0.509811
0.581704
0.541722
0.569272
0.509528
0.57132
0.508061
0.508742
0.554812
0.547529
0.471244
0.518589
0.514407
0.500073
0.514826
0.495566
0.457617
0.489278
0.478625
0.49631
0.469098
0.487791
0.458028
0.455448
0.457022
0.479426
0.514611
0.536186
0.501263
0.459908
0.444377
0.457406
0.429218
0.460923
0.470347
0.477221
0.505642
0.56673
0.608408
0.587516
0.470584
0.480347
0.473697
0.480665
0.433219
0.439806
0.434539
0.432499
0.461753
0.408634
0.433268
0.439206
0.411314
0.416409
0.486214
0.442051
0.448482
0.399868
0.404206
0.452499
0.457679
0.38382
0.392883
0.328025
0.429351
0.418329
0.435396
0.407736
0.428101
0.394406
0.410933
0.393368
0.358051
0.362198
0.384958
0.376871
0.385708
0.356757
0.344834
0.353508
0.370338
0.445978
0.436778
0.475256
0.513077
0.518095
0.43877
0.432033
0.431792
0.427477
0.415248
0.412557
0.489087
0.436446
0.44542
0.476354
0.516187
0.471775
0.380984
0.369815
0.382159
0.450555
0.468373
0.366848
0.354559
0.381649
0.407154
0.410911
0.377738
0.348032
0.369161
0.357543
0.342614
0.326477
0.350439
0.384434
0.317047
0.345111
0.341987
0.348461
0.373069
0.349894
0.354211
0.365645
0.313499
0.352774
0.304941
0.340101
0.341124
0.348034
0.348092
0.351649
0.354076
0.339982
0.333103
0.343588
0.340803
0.372438
0.346867
0.354194
0.376905
0.35659
0.357765
0.376046
0.382558
0.405905
0.40744
0.385398
0.346502
0.397922
0.400552
0.391431
0.429754
0.450034
0.429355
0.399395
0.37541
0.35654
0.353571
0.392297
0.385324
0.364633
0.359863
0.37441
0.446586
0.368944
0.389099
0.402957
0.379469
0.383029
0.360664
0.39828
0.385565
0.397955
0.42614
0.399786
0.375256
0.401795
0.349464
0.337884
0.420826
0.365398
0.365889
0.311909
0.30474
0.300121
0.351088
0.290118
0.276824
0.310853
0.376269
0.421447
0.344643
0.329892
0.373803
0.351588
0.33033
0.341186
0.298268
0.299913
0.366672
0.368463
0.361875
0.367137
0.335142
0.310171
0.288461
0.343
0.269846
0.271727
0.305253
0.283199
0.26189
0.278971
0.258647
0.328326
0.324854
0.286136
0.269028
0.290637
0.3067
0.264192
0.323532
0.280732
0.323452
0.294722
0.292639
0.302376
0.288918
0.265191
0.284942
0.291007
0.292908
0.267006
0.264595
0.27472
0.281769
0.286525
0.278347
0.277833
0.292969
0.269159
0.314255
0.265722
0.285429
0.270091
0.284465
0.286939
0.300203
0.263074
0.25269
0.294204
0.333181
0.327069
0.31634
0.282511
0.326587
0.275642
0.291738
0.272143
0.23025
0.295407
0.271056
0.245463
0.216587
0.260435
0.298801
0.265588
0.263201
0.278471
0.324715
0.293752
0.253536
0.21827
0.286217
0.285316
0.277581
0.238767
0.282675
0.256385
0.229626
0.260252
0.264164
0.24142
0.234101
0.22824
0.226585
0.229576
0.23302
0.220352
0.189115
0.188652
0.192886
0.191318
0.198472
0.197635
0.213984
0.184687
0.173975
0.186642
0.178867
0.163644
0.18296
0.203471
0.216792
0.181469
0.191701
0.211097
0.188848
0.1864
0.174516
0.18154
0.175679
0.171451
0.175896
0.175769
0.15907
0.155541
0.167994
0.182279
0.165891
0.180431
0.172205
0.163424
0.170896
0.167526
0.14793
0.15481
0.152969
0.141965
0.147232
0.149225
0.150152
0.162515
0.148593
0.154918
0.16465
0.171929
0.154022
0.136241
0.159057
0.158622
0.15406
0.148385
0.150013
0.153541
0.172228
0.192749
0.17242
0.182579
0.173583
0.163738
0.160371
0.175871
0.15166
0.171187
0.180509
0.165579
0.167417
0.16957
0.166006
0.188695
0.168661
0.170537
0.164477
0.155164
0.163513
0.179592
0.183322
0.17174
0.164261
0.165467
0.156401
0.145791
0.183395
0.183066
0.167515
0.160207
0.168647
0.159479
0.165886
0.158954
0.168358
0.186794
0.168058
0.162144
0.165716
0.169984
0.155472
0.156767
0.15494
0.166089
0.158644
0.154823
0.140404
0.175628
0.151796
0.155395
0.153588
0.149695
0.156741
0.136973
0.153757
0.161807
0.148858
0.151658
0.149903
0.152485
0.16082
0.159783
0.162822
0.140053
0.143856
0.148672
0.135845
0.143238
0.128979
0.136457
