6.313330
5.006270
5.389070
6.306740
7.029870
6.838890
6.293250
4.996810
5.320870
5.253990
7.473870
7.115970
7.185240
7.377610
6.041760
8.590510
8.689910
11.745100
12.631200
10.824700
7.813940
7.464160
6.809510
6.407250
6.582840
9.360700
8.833080
9.640480
10.554200
9.773510
10.162800
16.140700
14.032700
15.263500
15.904400
13.668200
19.343100
17.417600
17.739500
21.921900
14.566400
10.464300
14.886400
12.094300
11.943200
10.779400
9.564020
11.734500
11.922900
9.233690
15.545100
16.826600
12.502300
11.873000
16.266500
21.854500
15.359900
14.560000
15.641200
15.664500
13.170900
12.933800
15.832300
17.457900
14.229500
13.268300
16.586700
13.600200
11.517300
11.124400
8.751300
10.485300
13.873400
14.334200
15.562900
15.737600
14.559100
17.077700
20.221400
16.701800
19.456200
15.895500
21.099800
17.039400
20.347300
18.762900
22.698400
16.017200
22.724500
21.404800
20.849100
29.230700
21.007500
25.733500
16.255800
20.385000
20.377900
14.341700
17.556800
17.864000
22.455700
22.656200
27.830200
22.003200
21.577500
26.265500
22.329000
17.494500
28.208700
22.765000
18.470700
16.924200
25.848400
16.394200
22.195800
17.549800
25.362300
25.782600
23.855600
23.858800
25.919400
27.196000
26.914600
33.282200
19.583100
21.980700
35.177300
26.057600
34.212500
30.592000
31.372700
20.697000
29.258100
24.828600
33.832100
27.819500
19.101600
24.056100
30.283000
36.808100
31.655600
43.994600
37.451900
25.315600
23.052000
29.271800
33.669500
36.462500
27.586700
21.902300
24.217600
20.699200
21.932000
24.864600
20.133800
28.221600
18.077400
21.081000
21.631300
20.972800
28.873800
17.737100
19.304800
26.561400
28.820400
28.259600
26.907600
22.983900
30.155400
22.723100
24.335900
31.018700
31.320800
27.908200
23.357800
40.376000
31.190500
24.255500
17.579000
15.714200
19.360100
20.255600
20.648600
21.027900
20.491600
39.949200
34.371700
50.753400
36.381400
51.263500
25.403800
27.447500
33.439600
47.954800
42.441000
34.366600
38.558300
39.826000
32.089100
35.309600
36.277900
34.396500
33.329700
34.127300
36.231500
36.233100
27.314800
21.824000
24.171400
32.505600
15.010400
43.681200
36.398800
26.852500
12.694200
11.402800
