0.165863
0.211378
0.215697
0.172094
0.175531
0.196773
0.246959
0.184201
0.177642
0.189335
0.235159
0.22088
0.141812
0.154821
0.117329
0.130183
0.164048
0.168708
0.179299
0.279518
0.276195
0.40005
0.633946
0.929934
0.716631
0.490654
0.530855
0.436968
0.291508
0.6884
0.75946
0.683763
0.563531
0.633374
0.645194
0.596906
0.535679
0.592969
0.608986
0.617786
0.584608
0.563072
0.541711
0.498439
0.485177
0.561031
0.642782
0.620387
0.459516
0.592114
0.617221
0.49109
0.37344
0.232628
0.315889
0.240028
0.503924
0.59549
0.598949
0.514523
0.661359
0.566876
0.424266
0.363459
0.422839
0.425812
0.457459
0.317749
0.463013
0.354649
0.385725
0.480033
0.454757
0.456421
0.470556
0.457435
0.479115
0.551353
0.564256
0.436869
0.166001
0.189903
0.630182
0.658795
0.628202
0.267255
0.221835
0.202244
0.197319
0.172856
0.195199
0.204665
0.173398
0.213988
0.174832
0.238235
0.135546
0.150319
0.135251
0.149064
0.125142
0.126346
0.177087
0.10975
0.154004
0.168155
0.190704
0.206735
0.163694
0.222981
0.185335
0.254239
0.453073
0.504756
0.463411
0.388846
0.565995
0.43449
0.177752
0.37159
0.195415
0.197919
0.14412
0.145958
0.153811
0.128029
0.206357
0.381521
0.589723
0.579744
0.537217
0.358268
0.183197
0.283994
0.173104
0.240809
0.223972
0.246235
0.211117
0.197483
0.31432
0.479518
0.519143
0.222971
0.174458
0.187484
0.171933
0.136047
0.124485
0.163631
0.154074
0.120723
0.227799
0.179922
0.212724
0.236943
0.114507
0.144858
0.12767
0.186789
0.141329
0.175426
0.237849
0.113235
0.193637
0.141284
0.169658
0.316061
0.132447
0.129895
0.117102
0.201531
0.149183
0.151697
0.133518
0.179451
0.216983
0.162424
0.156715
0.194694
0.141438
0.149339
0.320032
0.175542
0.148137
0.106082
0.15155
0.142175
0.270167
0.37398
0.209808
0.122134
0.163054
0.173727
0.130799
0.250194
0.126098
0.125525
0.122952
0.190524
0.184198
0.196316
0.181713
0.152075
0.188962
0.180336
0.174674
0.155706
0.225108
0.275119
0.135655
0.145866
0.302775
0.349906
0.387614
0.316109
0.27374
0.239048
0.190779
0.250525
0.264008
0.271422
0.284271
0.282027
0.318426
0.28657
0.317559
0.3226
0.319467
0.312127
0.319269
0.339903
0.387362
0.301462
0.352451
0.30708
0.310716
0.353566
0.314456
0.292956
0.295177
0.293611
0.332347
0.281392
0.289662
0.323574
0.292554
0.273737
0.321793
0.272546
0.283104
0.261903
0.262852
0.329559
0.328993
0.301762
0.277061
0.280628
0.233345
0.304497
0.311223
0.324955
0.292501
0.285719
0.282384
0.316252
0.346494
0.298697
0.26932
0.25619
0.267803
0.273938
0.281856
0.235819
0.265599
0.242509
0.261836
0.238895
0.270927
0.250419
0.22893
0.254671
0.269384
0.236712
0.232112
0.210432
0.256935
0.247311
0.222768
0.273969
0.245843
0.269594
0.264982
0.208013
0.26306
0.268252
0.244546
0.24646
0.269507
0.25847
0.267424
0.228242
0.274628
0.277584
0.274741
0.301784
0.285121
0.323694
0.220721
0.291207
0.235712
0.263795
0.255475
0.261253
0.239381
0.226319
0.278682
0.241255
0.277068
0.283298
0.312316
0.289154
0.246466
0.292498
0.275314
0.28954
0.291604
0.245197
0.256225
0.232746
0.226789
0.188156
0.231504
0.241286
0.199119
0.220408
0.187832
0.269199
0.242544
0.203309
0.216929
0.213613
0.21591
0.213905
0.223783
0.227171
0.192451
0.185279
0.208543
0.18446
0.239572
0.167667
0.233762
0.209927
0.184472
0.212783
0.21918
0.224249
0.214364
0.209759
0.188194
0.214875
0.230219
0.241701
0.255894
0.233812
0.262673
0.205637
0.291574
0.254462
0.294719
0.262812
0.261827
0.245623
0.240409
0.185503
0.270901
0.263455
0.239689
0.316394
0.323373
0.269231
0.293656
0.27271
0.28091
0.260436
0.309955
0.332985
0.371793
0.283051
0.335723
0.282655
0.280766
0.248856
0.221523
0.248851
0.249926
0.300175
0.277347
0.205826
0.230609
0.203213
0.235641
0.250925
0.20662
0.249907
0.201119
0.24159
0.250622
0.212522
0.217453
0.212681
0.216673
0.238412
0.203643
0.187902
0.198825
0.186064
0.18395
0.202609
0.170125
0.171617
0.180688
0.195166
0.194115
0.213261
0.18235
0.19614
0.167556
0.190734
0.1834
0.207247
0.196359
0.15205
0.191529
0.169323
0.131515
0.141893
0.153692
0.175054
0.184752
0.179321
0.158164
0.162271
0.176362
0.149392
0.168693
0.167459
0.175849
0.191129
0.159564
0.174226
0.16927
0.15782
0.166601
0.150696
0.169875
0.172508
0.136783
0.177317
0.183298
0.154269
0.144555
0.163171
0.137396
0.152329
0.140036
0.157597
0.169624
0.18654
0.143113
0.158579
0.167794
0.185395
0.213829
0.196807
0.149671
0.186842
0.17651
0.155415
0.14625
0.139265
0.143742
0.150038
0.140255
0.15384
0.12863
0.124507
0.147733
0.141499
0.18433
0.168703
0.186475
0.16342
0.143004
0.151337
0.159185
0.145313
0.128033
0.141667
0.131071
0.126908
0.146847
0.144679
0.154662
0.13
0.156529
0.139674
0.146826
0.149269
0.153809
0.166159
0.162381
0.130979
0.154029
0.148906
0.157649
0.162202
0.167689
0.125513
0.136599
0.123439
0.145571
0.159828
0.165106
0.147928
0.145813
0.145672
0.160659
0.132011
0.149502
0.149458
0.162713
0.139187
0.147878
0.138491
0.132908
0.124862
0.155525
0.132181
0.128382
0.147289
0.137719
0.160852
0.149847
0.168976
0.148052
0.164403
0.143765
0.129522
0.169391
0.141742
0.146018
0.140751
0.139096
0.127362
0.13519
0.143513
0.132505
0.140972
0.168411
0.150661
0.155737
0.140257
0.1541
0.149436
0.127482
0.165976
0.177994
0.1515
0.148668
0.123843
0.155298
0.151552
0.151996
0.152698
0.143361
0.131176
0.144964
0.131344
0.130724
0.150616
0.137197
0.148808
0.157068
0.151908
0.159717
0.145761
0.150272
0.13819
0.142054
0.154267
0.163709
0.140155
0.147743
0.156212
0.154332
0.157091
0.156483
0.161378
0.131447
0.154221
0.167866
0.174826
0.162846
0.162651
0.17039
0.156071
0.176867
0.162295
0.167567
0.176172
0.165885
0.176239
0.166737
0.170282
0.169412
0.155706
0.161236
0.166231
0.165423
0.171884
0.168042
0.181368
0.184327
0.175353
0.171393
0.193563
0.177498
0.190665
0.183287
0.164026
0.17477
0.176383
0.186011
0.18952
0.169725
0.180354
0.186847
0.18094
0.185962
0.177329
0.188503
0.179865
0.183178
0.188471
0.174742
0.197301
0.182597
0.20459
0.194352
0.184014
0.191741
0.20939
0.20691
0.219475
0.198575
0.187593
0.243175
0.235799
0.249973
0.228247
0.23382
0.237032
0.246063
0.248605
