2.748220
2.926050
3.111220
3.351580
3.063100
3.347870
3.428140
3.396970
3.097490
3.500170
3.171670
3.457900
3.926060
3.844190
3.738270
3.869510
3.243320
3.417030
3.731330
3.611870
3.651210
4.230390
3.958520
3.970880
3.954040
3.554310
3.739640
4.250870
3.571690
3.890110
4.046930
4.282740
3.904960
4.006790
4.261030
4.051310
5.402180
5.979540
5.210370
5.125670
5.220050
4.101190
6.523510
3.818030
5.301070
4.806350
5.840950
6.596840
6.107690
5.161090
5.981290
5.658550
6.965160
6.508010
6.096140
4.920490
5.932210
5.453020
7.374740
6.962070
6.265550
8.158080
7.681970
6.172120
6.099010
5.492030
5.943530
6.698840
6.603250
7.835210
6.836390
8.681220
6.882860
7.464430
7.545530
6.207460
7.071310
7.043640
7.524540
8.015230
7.595690
7.614040
8.165970
6.850230
7.831980
7.460270
8.553600
7.250650
8.027160
7.578510
7.989840
7.831880
8.404600
7.846100
9.365320
8.085640
7.868250
8.188540
9.280160
8.359940
10.548600
9.976140
10.719800
8.904270
9.263420
7.457090
9.267970
8.879050
8.799540
9.426840
10.105300
9.270340
8.960190
9.737980
9.916510
9.967370
10.928500
10.395800
10.021700
9.878190
8.333540
8.468050
9.581550
9.955650
10.192800
10.029900
11.302000
8.194500
5.207410
5.495170
5.457340
5.624790
5.069790
5.519940
6.003570
4.965830
7.118880
6.857290
8.448260
8.635270
5.736210
4.744400
5.735800
5.136080
5.368190
5.721770
5.712730
6.407310
5.419270
6.549330
8.381550
7.312550
7.343960
5.315650
5.269950
8.195950
9.644830
5.097670
4.656700
4.739440
