4.08181
3.93538
4.04945
4.08716
4.34405
4.4835
4.19913
4.21116
4.10838
4.49315
4.45013
4.69335
4.58348
4.77634
4.83429
5.7628
4.07233
4.59428
4.1844
4.33631
4.62086
4.30127
4.9565
4.9976
4.36334
4.25877
4.70605
4.49464
4.02193
5.40418
5.13826
5.11771
4.59141
4.63221
4.74003
4.98699
5.50281
5.02159
5.24529
4.98097
5.75376
5.29705
5.44304
5.30289
5.65539
5.44768
4.6281
5.55789
5.93312
5.67914
5.15731
5.62986
5.76904
5.56015
5.42919
5.22096
5.40577
5.94521
5.08707
5.27281
5.38963
4.8994
5.49939
4.29305
4.85121
4.91698
5.16071
5.04247
5.37781
5.0307
4.47107
5.0674
4.43395
4.40126
4.30879
4.94948
4.1493
4.64114
4.36069
4.56712
4.41965
4.60727
4.42233
3.39583
3.898
4.09927
4.07008
3.84244
4.14786
4.0127
3.43609
3.50808
3.23571
3.54968
3.36257
3.25988
3.60071
5.19201
4.80902
4.19748
4.76641
4.83341
4.38663
4.49623
4.83103
4.66939
4.42984
4.32735
4.06258
4.09338
4.24632
3.9725
4.06034
3.45314
3.94369
3.00733
3.67025
3.23889
3.78879
3.14935
3.42095
3.49929
2.98659
3.0982
3.11056
3.37987
3.05544
2.94567
3.12839
3.2338
3.08256
2.92755
2.65509
3.00858
2.93227
2.71266
3.23101
3.04008
2.73784
2.77397
3.2827
2.91848
2.99013
2.99884
3.02643
3.02772
2.81354
3.10477
2.47535
3.16946
2.72869
3.07321
3.05164
2.74123
2.43167
2.87592
2.47143
2.39716
2.57843
2.97868
2.2391
2.78893
2.4828
2.63292
2.74419
2.25326
2.19002
1.85858
2.53449
2.15513
2.36877
2.36429
2.22436
2.36518
2.21741
2.10487
2.00663
2.33734
2.0487
2.02247
2.05283
2.18651
2.58801
2.54932
2.45797
2.02925
2.05164
1.91079
2.11368
2.14053
1.80329
2.40369
2.28024
2.13578
2.0434
2.01972
2.37707
2.3194
1.89577
2.18935
1.84779
2.22889
1.59074
1.65553
1.44375
1.62331
1.63775
1.58101
1.8132
2.42055
2.27023
2.55406
2.13705
1.44766
1.89644
1.52896
2.06466
1.85159
1.30536
1.92387
1.20722
1.2476
1.6909
1.23839
1.55253
1.46165
1.57071
1.2044
1.6025
0.836596
1.65604
1.79687
1.26268
1.24901
1.38462
1.19761
1.38101
1.06015
1.38686
1.38925
1.09318
1.434
1.44283
1.638
1.39432
1.58611
1.6565
1.51298
1.39886
1.15012
1.04093
1.25377
1.33693
0.981805
1.18425
1.10967
1.29355
0.885644
1.03299
0.993194
1.21717
1.23897
0.938833
0.958092
1.09594
1.02444
0.96736
0.960128
0.85202
0.862445
0.922982
1.0163
0.918186
1.0129
