6.52341
10.4335
8.95733
13.1722
11.5384
8.14829
6.07361
6.33505
5.74576
7.57891
5.82145
4.84709
4.2453
4.29427
4.24026
4.6094
4.34138
3.94277
4.79613
4.32429
5.55926
5.08443
4.37088
5.23373
4.29051
4.31835
5.02458
4.96175
5.40453
4.82222
2.96361
4.23697
5.47318
4.20037
5.35006
4.76688
4.02343
5.32906
4.91311
5.1019
5.4249
5.60884
5.40036
4.58966
4.72362
3.90752
3.50479
5.20047
5.17115
4.41831
3.30783
5.05001
5.40674
4.8213
4.31228
4.56524
4.28889
4.89246
5.17764
4.74508
3.92092
5.24584
5.04925
3.97222
5.23672
4.9215
4.94358
4.61446
4.33618
4.33971
4.14412
4.68317
4.48363
4.26956
4.19161
4.59598
3.80598
4.66894
4.40306
4.82824
3.55051
4.21746
4.70285
4.1942
4.55719
4.74851
3.37945
4.26824
4.0742
3.6801
4.26898
4.35907
4.46228
4.95882
4.50527
4.95687
3.98108
3.64178
4.86213
4.01782
3.66738
4.18038
4.64887
4.68362
4.14627
4.11366
3.48826
4.99421
4.42936
4.60184
4.53038
3.54248
4.00868
4.14445
3.98575
4.16771
3.62675
4.5153
3.57678
3.82669
3.75896
3.90894
4.15806
3.18035
4.06299
4.46416
3.62946
2.62328
3.91647
3.15906
2.61488
2.9267
3.98669
3.65587
3.25683
3.40118
2.83844
2.89789
2.90252
2.96856
3.05592
2.98397
3.3119
3.0492
3.13932
3.27105
3.37755
3.08781
2.9861
2.26958
2.76264
2.54006
2.53115
2.15477
2.05918
2.22976
2.21597
2.55423
2.36595
2.56519
2.41196
2.42394
2.85268
3.11277
2.39063
2.20272
2.39631
2.82824
2.2577
2.1927
