2.62512
3.11307
4.35014
4.85028
5.53672
3.51156
4.56455
4.57509
5.36717
5.63181
4.37318
5.38783
3.73358
5.54375
4.94172
3.69043
4.59322
4.56889
5.08444
3.90047
4.5131
5.71475
5.21568
4.24978
3.08368
3.79663
4.46385
3.26644
3.7947
4.12504
4.35393
3.06748
5.49957
4.16429
5.04475
3.80141
3.44835
2.63109
2.60427
2.78351
2.5435
2.65495
2.60887
3.73178
3.46299
2.68701
3.55463
4.19445
3.05518
3.5701
4.08744
2.69928
3.71985
3.99912
5.01143
3.15
4.23107
3.47349
3.75095
4.22824
3.84538
3.32262
3.63048
4.25549
3.73336
3.82037
3.60052
4.21246
3.48855
3.08433
3.66095
3.73829
3.28402
3.3236
3.01249
4.10865
3.02018
3.58116
3.47572
3.21227
2.96876
2.98702
2.71253
3.66477
2.99565
3.39548
3.7648
3.31958
2.95319
3.31078
2.65653
3.18456
3.65015
3.12262
3.12251
3.50832
3.88198
3.17675
3.36573
2.58071
3.25589
3.5102
3.34429
3.64747
3.28018
2.96366
3.46249
2.64521
3.80475
2.75954
3.51041
3.05884
3.0208
2.87303
4.00314
2.99228
3.06734
3.40872
3.61686
2.96345
3.07038
3.28648
3.28105
3.52935
3.46265
3.29279
3.28639
3.01028
2.82584
3.12415
3.10563
3.37971
3.18864
3.13351
4.16317
3.11279
2.73159
3.11611
3.1693
3.12682
3.1992
3.75018
3.45442
3.78698
3.68356
3.25184
3.37586
2.37104
2.30444
2.52276
4.05489
3.21952
3.20417
3.63302
3.85043
2.76627
2.27201
3.28371
3.44947
2.72757
3.09101
3.3645
3.15488
2.83253
2.27818
2.14135
2.55933
2.59459
2.41449
2.99085
2.41715
3.36536
2.42701
2.6787
2.42317
2.57112
1.91726
2.07709
2.32874
1.77137
1.79847
2.21738
2.20753
1.4416
1.48502
1.3545
1.21393
1.46285
1.84278
1.44656
2.1258
1.77842
1.54459
1.07204
1.32097
1.11949
