0.13894
0.134168
0.139809
0.147314
0.16911
0.192749
0.165942
0.199331
0.142182
0.158958
0.181857
0.17317
0.200068
0.238127
0.170792
0.203432
0.212425
0.244493
0.2066
0.249838
0.208375
0.23364
0.200074
0.255892
0.189059
0.282809
0.273636
0.252791
0.240973
0.199646
0.204242
0.295688
0.260098
0.238938
0.240209
0.244177
0.325391
0.264769
0.184068
0.189843
0.219668
0.25662
0.288242
0.202444
0.22797
0.325512
0.269838
0.294173
0.326785
0.219403
0.288427
0.321816
0.263998
0.278276
0.268376
0.30526
0.261309
0.1886
0.27987
0.259975
0.303454
0.263294
0.284845
0.317077
0.266024
0.266417
0.334937
0.336071
0.369759
0.301919
0.387346
0.225129
0.307585
0.422138
0.304085
0.343225
0.275042
0.360876
0.3651
0.314874
0.275834
0.340027
0.309336
0.380199
0.584718
0.455412
0.441945
0.396669
0.451741
0.407248
0.404272
0.412294
0.376372
0.465455
0.456856
0.368487
0.375316
0.469815
0.519162
0.353985
0.434465
0.485495
0.441122
0.396016
0.394518
0.371526
0.437727
0.510071
0.427076
0.489257
0.499351
0.444304
0.491793
0.446715
0.432984
0.427641
0.34017
0.57801
0.444585
0.570844
0.491697
0.494542
0.591651
0.527431
0.436544
0.505041
0.700082
0.666431
0.616417
0.534684
0.534139
0.529823
0.539462
0.582945
0.614345
0.459039
0.46164
0.50581
0.45575
0.441646
0.501858
0.440327
0.473384
0.427054
0.50023
0.451143
0.41435
0.415819
0.407168
0.438523
0.456636
0.450564
0.440374
0.461429
0.492298
0.430426
0.440538
0.401488
0.41349
0.408946
0.411971
0.409074
0.377408
0.384554
0.405145
0.447341
0.449574
0.401496
0.456699
0.475477
0.498632
0.492545
0.454307
0.466226
0.552098
0.494567
0.554006
0.512235
0.557553
0.543417
0.517066
0.510224
0.539298
0.479168
0.563686
0.60921
0.631861
0.594919
0.594177
0.587565
0.613045
0.568408
0.621128
0.624142
0.586962
0.414589
0.510318
0.624716
0.575278
0.559364
0.608512
0.587104
0.550678
0.650456
0.654234
0.694246
0.667775
0.575565
0.61803
0.624673
0.559853
0.538304
0.526206
0.567207
0.615573
0.814559
0.746047
0.738758
0.672564
0.689092
0.824975
0.875462
0.905918
