0.186938
0.186747
0.206279
0.202108
0.185258
0.186981
0.209817
0.309121
0.304948
0.279882
0.960668
0.656316
0.889574
1.53974
1.76892
1.58075
1.92608
1.5807
1.26939
1.62065
1.07982
1.28137
1.32429
1.13375
1.04476
1.1057
0.916421
0.786692
1.3407
1.06179
0.743718
0.820049
0.909134
0.885998
0.806936
0.704451
0.792104
1.06646
1.39827
1.41042
1.10014
0.894148
1.1236
1.3283
1.07795
0.957179
1.04046
1.0777
1.14968
0.939972
1.05944
1.14296
1.14468
1.09317
1.0623
1.23837
1.14584
1.1324
1.12166
1.06284
1.36276
0.922735
1.12315
1.2048
1.05748
1.15072
1.14646
0.89172
0.988547
1.00574
1.24131
0.864707
1.19922
1.19209
1.25548
1.02085
1.26139
1.27571
1.07901
1.01613
1.0806
1.30891
1.08336
1.15706
1.0476
1.34046
1.0216
1.22234
1.00334
0.942203
0.905774
1.12401
1.21418
0.946292
1.11611
0.973882
1.11377
1.06814
0.925596
0.990551
1.15702
1.22592
0.97695
1.15195
0.961389
0.883168
0.967309
0.965461
1.21066
1.05025
0.982415
1.03811
0.916845
0.983262
0.894434
1.06525
0.918611
0.944804
0.898277
0.839055
0.925949
0.887501
0.877976
0.723318
0.849696
0.760371
0.6612
0.814531
0.738333
0.734637
0.892087
0.870968
0.93124
0.917238
0.833325
0.625822
0.663927
0.858684
0.853414
0.876745
0.806917
0.588804
1.06516
0.795144
0.723605
0.856495
0.774357
0.87605
0.762056
0.889778
0.776649
0.867029
0.818474
0.736334
0.624232
0.737957
0.803002
0.955433
0.719137
0.905067
0.70858
0.886032
0.823004
0.772302
0.876377
0.817833
0.814695
0.782964
0.706418
0.728913
0.857534
0.958875
0.913789
0.826185
0.792381
0.991695
0.898696
0.814883
0.796317
0.883215
0.93364
0.704771
0.772914
0.997622
0.774721
0.746769
0.630976
0.735503
0.644956
0.633328
0.610507
0.760617
0.64728
0.657585
0.685598
0.550689
0.464578
0.502056
0.584446
0.559972
0.588422
0.628228
0.632258
0.523432
0.665861
0.605593
0.740107
0.713835
0.669971
0.672236
0.726835
0.783543
0.732609
0.772035
0.814041
0.703473
0.499014
0.529563
0.405122
0.612459
0.474579
0.375152
0.301883
0.405107
0.355142
0.429253
0.403946
0.327367
0.227522
0.482319
0.438444
0.412499
0.351599
0.274556
0.239417
0.29645
0.302032
0.322452
0.473662
0.352147
0.393654
0.403978
0.313652
0.273774
0.230237
0.356372
0.480041
0.531101
0.449713
0.367732
0.403989
0.373334
0.305663
0.159482
0.180042
0.129188
0.166214
0.15723
0.202127
0.225214
0.129751
0.119724
0.144094
0.0887356
0.0951465
0.0804105
0.083445
0.0836597
0.120681
0.0647402
0.105671
0.185731
0.122354
0.107534
0.069954
0.103403
0.0799543
0.0913999
0.163032
0.181131
0.23115
0.178482
0.124592
0.151429
0.193871
0.155632
0.184507
0.275596
0.188892
0.156735
0.12509
0.130542
0.146119
0.186502
0.260711
0.364295
0.252668
0.211229
0.204573
0.162954
0.179356
0.201093
0.1655
0.153185
0.171143
0.204846
0.150491
0.16474
0.150318
0.147424
0.183053
0.178423
0.249299
