1.17162
1.24581
1.19675
1.22921
1.21457
1.14302
1.13958
1.12058
1.07248
1.16479
1.18777
1.11033
1.13796
1.30227
1.43056
1.3649
1.39927
1.55743
1.51366
1.40656
1.29069
1.40818
1.59887
1.58225
1.53316
1.49867
1.49675
1.53142
1.69267
1.8377
1.7623
1.76348
1.69167
1.64898
1.6973
1.83131
1.68467
1.81159
1.72372
1.7879
1.72965
1.8222
1.649
1.81268
1.89561
2.01264
1.87334
1.95679
1.73647
1.85241
1.7382
1.71312
1.88745
1.99892
2.01203
1.91713
1.84055
1.9126
1.94324
1.9084
1.88374
1.81303
1.88784
1.86424
2.08668
2.1928
1.89159
2.0743
1.91096
1.98196
2.15879
2.08952
2.10948
2.03797
2.1612
2.1849
2.08696
2.09071
2.19822
2.28967
2.29045
2.21204
2.26925
2.16161
2.28431
2.29738
2.21025
2.07251
2.30635
2.36004
2.0283
2.11704
2.35546
2.25337
2.48082
2.2431
2.44884
2.33335
2.43139
2.50695
2.21866
2.22771
2.60141
2.36841
2.10986
2.16066
2.35286
2.43723
2.23541
2.45193
2.42051
2.43207
2.65957
2.80712
2.50355
2.76118
2.71276
2.54559
2.30632
2.40402
2.60869
2.29784
2.35843
2.44945
2.27711
2.36558
2.36718
2.6913
2.50086
2.79624
2.66096
2.81444
2.50401
2.47486
2.56332
2.66684
2.65509
2.71905
2.71873
2.7482
2.80569
3.064
2.55511
2.73025
2.6303
2.99475
3.32637
3.03634
3.34963
3.34641
2.39446
2.75139
3.14775
2.59597
2.47986
2.63578
2.76401
3.02588
2.65883
2.86758
2.76442
3.33529
2.81456
2.97992
3.35622
3.5032
3.34745
3.2645
2.97157
3.02562
2.9923
2.9837
2.67432
2.61539
2.60227
2.94462
3.10468
2.88955
3.12354
2.63342
2.86395
2.86655
3.10746
2.75685
2.45787
3.12267
2.74799
2.64565
2.59015
3.64068
3.09834
3.18199
3.15977
2.83214
3.31791
3.37397
3.21247
3.11741
3.09272
3.59801
3.5616
3.12346
3.16573
3.19004
3.03432
3.18628
3.23195
3.10942
3.36176
3.23242
3.36638
3.4002
3.52088
5.53913
4.0927
4.43621
5.77324
4.81107
4.23985
3.83149
3.89389
4.13808
4.39487
4.57694
4.58128
4.32687
4.48754
4.74999
4.62314
5.53214
4.49131
5.13209
4.80136
5.18824
5.40321
4.98771
5.6598
5.77657
5.86732
5.7501
5.76456
6.46706
6.08508
5.53835
5.811
4.80019
5.42673
5.30186
5.37136
5.82558
5.76005
5.59037
5.38824
5.92459
5.31781
4.84622
4.95073
4.83713
5.66848
4.86658
5.82165
6.09534
5.74958
6.63175
6.10508
5.36359
5.26742
5.67983
5.37585
6.1244
5.16996
5.86594
5.51128
5.62027
5.74265
5.69465
5.12576
5.20729
5.06549
4.98064
5.9265
6.31399
5.55607
5.13197
5.60415
5.94116
5.81034
5.8433
5.17629
5.16132
5.83668
5.28423
6.04981
6.64825
5.71327
5.76468
5.55798
6.11775
6.09986
6.08524
4.96135
5.43724
5.92436
5.05006
5.51414
5.841
6.21721
5.79413
6.00275
5.73649
6.65987
6.52539
5.99604
6.28193
6.24221
6.3374
6.91637
5.10826
6.40782
5.12763
6.50994
6.27573
5.47428
6.49304
6.08358
7.9145
6.67117
6.64073
5.94586
6.42011
5.57269
6.38643
7.03789
7.80649
8.40709
7.37801
8.39443
7.52946
5.08635
7.09201
5.61467
6.45517
6.45381
6.39918
6.11145
6.98612
7.60099
7.86839
7.94236
7.54702
7.62188
9.10747
9.52595
