0.990585
1.00459
0.890708
0.793084
0.858803
0.730951
0.674183
0.754757
0.726212
0.789915
0.789913
0.682136
0.694583
0.691507
0.791611
0.734226
0.694814
0.683695
0.800847
0.846265
0.749244
0.844706
0.887905
0.823768
0.824291
0.782746
0.744155
0.840951
0.82963
0.826979
0.805875
0.721175
0.568448
0.639832
0.731677
0.71401
0.700494
0.59732
0.677939
0.645287
0.665487
0.716771
0.650564
0.566406
0.67204
0.651243
0.572168
0.594603
0.594434
0.564054
0.511914
0.477895
0.488305
0.437432
0.62537
0.580253
0.611647
0.504324
0.449154
0.499815
0.542394
0.60058
0.527963
0.544626
0.49006
0.708453
0.715829
0.686057
0.630895
0.723849
0.722319
0.611039
0.679062
0.766253
0.950046
0.616702
0.577019
0.709917
0.883294
0.91097
0.95529
0.893059
0.883265
0.792277
0.731953
0.773848
0.787209
0.813888
0.740694
0.714925
0.824685
0.804586
0.784238
0.674643
0.598455
0.623577
0.692468
0.567177
0.607805
0.602366
0.620277
0.587409
0.535509
0.514413
0.628872
0.561829
0.573782
0.616736
0.643628
0.652677
0.645973
0.652075
0.65064
0.663435
0.685502
0.67808
0.669801
0.629605
0.698509
0.633791
0.717771
0.620412
0.716021
0.682542
0.704282
0.764873
0.581762
0.628284
0.677972
0.652613
0.802961
0.77063
0.700712
0.839218
0.622309
0.694024
0.721493
0.745217
0.708082
0.747941
0.748843
0.665315
0.727822
0.617334
0.614245
0.662581
0.573473
0.553219
0.636817
0.63142
0.58201
0.672262
0.5635
0.606992
0.633955
0.496975
0.577439
0.57805
0.538372
0.496319
0.599918
0.512903
0.560155
0.526893
0.459788
0.482495
0.595456
0.516951
0.566941
0.59453
0.475071
0.476961
0.571675
0.543961
0.490246
0.565506
0.438315
0.611312
0.533734
0.559408
0.521286
0.466513
0.479897
0.559075
0.51022
0.54643
0.470849
0.534024
0.481315
0.558629
0.546456
0.531378
0.44763
0.454148
0.494764
0.474621
0.527464
0.487099
0.48991
0.506923
0.451653
0.516137
0.409748
0.397211
0.485182
0.423565
0.439308
0.416062
0.454933
0.481209
0.446399
0.465996
0.459395
0.389564
0.488747
0.43295
0.468142
0.487763
0.4445
0.446154
0.39482
0.376751
0.421356
0.441637
0.443834
0.379823
0.425149
0.415706
0.337016
0.428682
0.47251
0.379591
0.392617
0.420034
0.35938
0.442457
0.395673
0.413895
0.552374
0.494191
0.440645
0.440897
0.411726
0.458211
0.416335
0.427406
0.447404
0.317961
0.393955
0.399483
0.416491
0.429306
0.398826
0.421577
0.293791
0.420385
0.480745
0.423064
0.399401
0.428588
0.393172
0.495381
0.420069
0.440205
0.459103
0.337451
0.412188
0.427263
0.49483
0.377352
0.4446
0.506879
0.424925
0.377
0.468878
0.415782
0.392656
0.396572
0.402892
0.393877
0.377451
0.429278
0.46701
0.275725
0.277486
0.385911
0.360979
0.356149
0.348511
0.316844
0.314588
0.302045
0.325288
0.311897
0.371333
0.382361
0.370417
0.425952
0.428487
0.387215
0.366352
0.369469
0.385244
0.354565
0.399753
0.426113
0.380811
0.292939
0.407009
0.394186
0.363884
0.391585
0.346985
0.378111
0.251029
0.213287
0.342514
0.237752
0.25199
0.297379
0.293701
0.381557
0.336595
0.342427
0.342393
0.362097
0.35845
0.427454
0.444553
0.398918
0.355822
0.350341
0.325441
0.384395
0.308186
0.326644
0.322126
0.316318
0.30554
0.323073
0.302602
0.337403
0.336316
0.365503
0.33829
0.319665
0.317411
0.319464
0.328506
0.281527
0.332442
0.414366
0.32777
0.375369
0.340926
0.303861
0.282135
0.391424
0.359488
0.250705
0.178645
0.159511
0.200526
0.199616
0.19412
0.315442
0.211987
0.196253
0.159423
0.167974
0.211762
0.240466
0.193175
0.169336
0.141547
0.221055
0.199685
0.149563
0.149311
0.164602
0.153225
0.242655
0.203833
0.207743
0.214104
0.236986
0.18724
0.158708
0.164127
0.174364
0.17755
0.192756
0.229236
0.206117
0.204948
0.194655
0.195166
0.163831
0.150062
0.227075
0.26751
0.214791
0.254961
0.186732
0.165904
0.181291
0.137194
0.220799
0.196986
0.227447
0.203862
0.215838
0.221739
0.184672
0.237271
0.247997
0.221636
0.19969
0.188566
0.244424
0.24203
0.307868
0.366847
0.25875
0.248918
0.198636
0.209596
0.17966
0.172769
0.242784
0.229252
0.159889
0.186857
0.202005
0.193023
0.216246
0.210839
0.192791
0.218222
0.171391
0.18854
0.164281
0.184801
0.229764
0.240145
0.24185
0.240053
0.261754
0.30809
0.406512
0.264279
0.180452
0.207957
0.24861
0.195336
0.229662
0.245607
0.200129
0.188697
0.228932
0.251983
0.2193
0.229308
0.26113
0.248637
0.253847
0.253826
0.262152
0.210288
0.226183
0.258915
0.229825
0.228713
0.28594
0.225097
0.224251
0.22865
0.242983
0.224061
0.216355
0.263044
0.219517
0.259491
0.215954
0.217993
0.196132
0.168043
0.205284
0.20424
0.187291
0.219199
0.198892
0.207556
0.189634
0.205112
0.209271
0.206264
0.219014
0.186678
0.204955
0.171006
0.2096
0.239167
0.217079
0.21091
0.20556
0.201795
0.209236
0.232681
0.216409
0.220116
0.216815
0.200375
0.211527
0.200556
0.203982
0.179431
0.165041
0.174702
0.177588
0.187762
0.183658
0.214998
0.178722
0.198018
0.182754
0.18207
0.177851
0.199581
0.159651
0.199795
0.171177
0.206104
0.173466
0.179331
0.193094
0.164456
0.193443
0.174855
0.163663
0.187126
0.176746
0.193329
0.184971
0.205373
0.202504
0.190651
0.164385
0.176026
