4.35505
4.79023
4.92389
5.12817
4.9311
4.62958
5.37485
5.99565
5.73875
5.97102
6.07377
6.32129
5.94762
6.97605
5.83364
6.01634
6.29021
6.4949
5.59355
6.91368
7.43514
7.76307
6.51489
6.97867
6.8761
7.2688
8.04512
7.06684
7.95396
7.83739
8.41415
7.15458
7.2742
8.05204
8.24563
8.00901
9.28804
8.16848
8.47952
9.09135
7.6678
9.64943
7.72422
8.5121
8.47564
9.07739
8.6793
7.83501
9.05031
9.44563
8.33528
9.34036
10.4112
8.90702
9.79057
8.06443
8.86053
9.4816
10.86
9.27605
10.5635
10.2979
10.089
10.2978
10.3674
9.6393
10.6841
10.9358
9.74894
9.79787
11.6156
10.7695
10.4042
10.4371
10.2529
10.1292
10.5308
10.6168
9.39358
9.78832
12.3027
12.3129
10.6637
11.3494
10.893
11.1427
11.1871
11.2361
11.9795
12.5008
10.9082
11.4701
12.0037
12.3494
11.6408
10.5306
11.5664
12.7924
10.974
11.0019
11.458
10.9595
10.8486
10.2588
11.6384
10.4702
11.6936
12.3905
11.4054
10.5602
10.7167
11.8225
11.1101
9.64603
10.3207
11.5315
11.8519
