9.22055
7.52386
7.95717
6.24376
7.11856
8.10389
7.95959
6.55761
4.67371
3.6426
5.4626
3.54209
5.9243
5.54225
5.81562
4.62552
6.16836
4.82213
5.83251
5.91604
5.90088
6.22103
6.36501
4.49222
6.50727
6.39976
4.84016
5.75817
6.31647
5.90231
5.66918
6.29393
6.029
5.53413
5.93505
5.68385
5.80266
6.15741
5.258
5.50758
5.82498
6.54841
6.2055
6.25843
5.82314
5.65465
6.06562
5.44361
6.39529
6.45764
5.71846
5.1596
5.29908
6.07765
5.99596
6.39568
5.99792
6.05797
5.841
6.11825
5.56786
6.1158
6.34557
6.42583
5.74701
6.97183
6.26299
6.03085
5.90439
5.45945
5.71875
5.50879
5.75428
6.11709
5.49003
5.79868
5.87479
5.65468
6.01177
5.48499
6.30391
6.99088
6.22442
5.84558
5.39203
6.769
6.67159
5.92686
6.14658
6.8702
6.75963
7.20032
6.66582
6.11526
5.84947
4.94177
6.50407
4.77469
6.32967
6.63302
5.61626
7.608
3.61472
5.84425
6.00475
4.84997
4.62034
5.77682
5.59166
4.85777
3.46861
3.46809
5.16346
2.97424
4.62883
4.91089
4.51119
5.58086
4.71238
3.63172
4.33944
3.60001
3.88702
3.76757
3.68494
3.0591
2.57899
2.61994
2.24631
1.87333
