0.236702
0.22927
0.205446
0.212796
0.221468
0.28909
0.404149
0.331112
1.59346
1.12014
1.35725
0.91177
1.03174
1.03157
1.06082
1.21536
1.21588
1.21693
0.989066
1.02201
1.00877
0.852043
0.757
0.85841
0.925391
0.836869
0.908432
0.97429
0.882744
1.18065
1.11634
1.42752
1.39033
0.919126
1.43133
1.3127
1.30156
1.36572
1.34661
1.27489
1.31541
1.23515
1.02713
1.21691
1.18142
1.34637
1.09915
1.44667
1.35537
1.51619
1.28146
1.11935
1.25167
1.56584
1.59316
1.54866
1.48876
1.54967
1.50355
1.23348
1.61834
1.66252
1.53804
1.23572
1.39531
1.46284
1.49524
1.76031
1.57231
1.96615
1.57664
1.72291
1.55473
1.57955
1.55129
1.38649
1.58591
1.85283
1.42125
1.7688
1.72112
1.33556
1.60916
1.89541
1.24897
1.32768
1.36799
1.72341
1.28645
1.31323
1.50028
1.92128
1.1937
1.27094
1.16559
0.922147
1.17672
1.15125
0.957529
0.997131
1.06478
1.05624
1.35672
1.07635
1.2621
0.958086
0.914825
1.28486
1.05997
1.15159
1.12415
1.15584
0.994101
1.11795
1.03266
0.915431
1.0153
1.1387
0.900757
0.999387
0.932573
0.768838
0.805122
0.983839
0.903429
0.989583
0.954153
1.13951
1.03516
1.08927
1.29816
1.50381
1.72164
1.51472
1.70509
1.3885
1.37717
1.2848
1.23059
1.42945
1.25147
1.44107
1.27748
1.37137
1.28237
1.15804
1.12891
1.49959
1.64651
1.18952
1.22632
1.17483
1.13889
1.15915
1.05433
1.08159
1.03593
0.885903
1.12119
1.07735
1.13984
1.1854
1.26729
1.13887
1.07622
0.972691
1.14373
0.923999
0.871674
1.06762
0.880144
1.07128
1.0038
0.913331
0.967738
1.00609
0.934856
1.07953
0.941038
0.913268
0.976728
0.866223
0.855574
1.0143
0.811577
0.937477
0.962873
0.909735
0.942767
1.04314
1.23745
1.1806
0.944431
1.02131
1.20939
1.00963
1.19965
1.04553
1.16556
0.950255
0.82938
1.24991
1.00375
1.14794
1.12251
1.09715
0.974346
1.0106
1.04129
1.02886
1.14594
0.873662
1.14542
0.935816
1.21574
0.828579
1.00753
0.986868
1.13104
1.0811
1.2417
1.14305
1.06258
0.929514
1.07994
0.960202
0.918796
0.910584
0.996839
0.943141
0.880931
0.849708
0.854503
0.864458
0.865977
0.919009
1.22453
1.47784
1.14219
1.02528
0.718568
0.784619
1.02485
0.855495
0.797716
1.01952
1.05074
0.781307
0.830424
0.979073
0.868317
0.746942
0.728453
0.944264
0.866996
0.757404
0.740379
0.704548
0.898585
0.73863
0.797007
0.857363
0.717657
0.852272
0.707724
0.82362
0.776685
0.659688
0.827323
0.913655
0.823338
0.67638
0.790248
0.793308
0.721096
0.66658
0.660795
0.822461
0.689523
0.720546
0.614529
0.605488
0.82686
0.726017
0.60351
0.603309
0.558072
0.582309
0.589915
0.476769
0.479186
0.492183
0.572671
0.551074
0.52999
0.448439
0.630879
0.632278
0.553171
0.435853
0.485545
0.526069
0.494737
0.480676
0.542645
0.476978
0.492644
0.497985
0.655022
0.591457
0.523521
0.651005
0.540845
0.564284
0.467699
0.64849
0.553569
0.60675
0.653043
0.546689
0.634979
0.58669
0.540765
0.542608
0.543715
0.438257
0.569808
0.538366
0.515608
0.506676
0.588037
0.446063
0.612772
0.605834
0.623227
0.484334
0.461087
0.601589
0.584928
0.526767
0.465787
0.488268
0.463308
0.540442
0.61026
0.591938
0.514581
0.532821
0.535741
0.461586
0.458701
0.399672
0.362236
0.496623
0.52381
0.629578
0.557273
0.400447
0.405984
0.375892
0.493582
0.515218
0.458525
0.411386
0.423495
0.494955
0.450945
0.390908
0.338431
0.32147
0.262555
0.305861
0.301133
0.415819
0.450334
0.545221
0.39348
0.458716
0.472046
0.299668
0.362818
0.391732
0.358023
0.447758
0.400854
0.49834
0.396445
0.348552
0.406963
0.408472
0.407432
0.43471
0.417316
0.426158
0.420653
0.362656
0.372649
0.355389
0.291146
0.39165
0.453042
0.380282
0.312166
0.349484
0.284784
0.271781
0.419714
0.394006
0.348304
0.349943
0.373117
0.382811
0.314404
0.243717
0.247562
0.296313
0.267712
0.357948
0.300623
0.31233
0.32422
0.309833
0.324168
0.304393
0.240951
0.287187
0.28787
0.294861
0.28204
0.287088
0.324759
0.305905
0.28398
0.210869
0.246061
0.283754
0.258775
0.314807
0.301705
0.198749
0.240464
0.238771
0.261649
0.318573
0.235903
0.27802
0.230024
0.219601
0.210454
0.214753
0.211567
0.181946
0.21859
0.2166
0.192245
0.25593
0.222246
0.181858
0.159074
0.162259
0.237517
0.234533
0.180631
0.207238
0.215409
0.164804
0.168368
0.165924
0.226098
0.183492
0.170852
0.191096
0.208633
0.157364
0.169981
0.205161
0.202616
0.196356
0.186765
0.190251
0.191238
0.172424
0.186354
0.172653
0.17938
0.210385
0.190831
0.150997
0.170259
0.161814
0.142009
0.155719
0.135233
0.15035
0.143613
0.14066
0.110411
0.108975
0.151567
0.163949
0.185094
0.185256
0.172135
0.132942
0.162319
0.156408
0.112084
0.116799
0.259514
0.180747
0.157133
0.159356
0.166396
0.115966
0.139957
0.135279
0.0923764
0.0846169
0.0913857
0.120876
0.113454
0.125146
0.0951529
0.12495
0.213777
0.137082
0.1904
0.176136
0.218882
0.173351
0.109411
0.102237
0.174962
0.134914
0.173022
0.110708
