0.096521
0.0789269
0.083704
0.0796746
0.0801643
0.109487
0.128565
0.133646
0.153354
0.163849
0.181397
0.234511
0.287198
0.265724
0.274813
0.344304
0.283623
0.288231
0.278265
0.3777
0.450565
0.422807
0.411618
0.399318
0.333672
0.450105
0.54564
0.403425
0.529782
0.574113
0.402081
0.492048
0.617536
0.669884
0.723028
0.632756
0.622588
0.527948
0.552664
0.5637
0.639757
0.71404
0.68883
0.605279
0.671636
0.711165
0.813111
0.755158
0.758087
0.799826
0.856699
0.923701
0.68636
0.709441
0.87188
0.796657
0.827045
0.856045
0.954706
0.90212
0.812688
0.968844
0.882613
0.794318
0.954652
0.887687
0.977101
0.894177
1.02856
1.09183
1.03408
1.05038
0.93252
1.07237
0.90406
0.934825
0.977084
1.0056
1.07614
0.96972
1.09687
1.07779
1.00273
1.06584
0.859602
1.19734
0.917019
1.34293
1.26497
1.38128
1.05044
1.13353
1.25796
1.10751
1.07348
1.15494
1.35625
1.10677
1.26799
1.20658
1.35145
1.32631
1.08537
1.195
1.14639
1.03528
1.12644
1.0804
1.55754
1.34899
1.34327
1.3898
1.36187
1.39703
1.25937
1.27915
1.39655
1.36994
1.28227
1.12947
1.24765
1.47364
1.41607
1.35462
1.43167
1.33841
1.46399
1.40612
1.31793
1.58787
1.50729
1.30592
1.49552
1.45798
1.38822
1.34373
1.5907
1.5353
1.24574
1.69813
1.43652
1.72869
1.62011
1.82627
1.63737
1.54561
1.52238
1.57484
1.62575
1.73388
2.15298
1.9234
1.88396
1.38292
1.74087
1.61611
1.48082
1.45489
1.43233
1.88159
1.85732
2.23515
1.90923
2.3933
2.17475
2.10027
3.02134
2.77126
2.41825
3.24486
