0.0427716
0.0417753
0.0725762
0.0972603
0.0911403
0.0625213
0.0983367
0.112196
0.139946
0.0941699
0.101816
0.110421
0.0883033
0.0837866
0.063272
0.0799329
0.0771022
0.0848326
0.0766541
0.0906181
0.103296
0.120826
0.126022
0.134226
0.179025
0.178749
0.183688
0.210073
0.232857
0.251139
0.243229
0.255257
0.251417
0.245387
0.299712
0.320527
0.333422
0.317061
0.335751
0.337085
0.32055
0.306755
0.332114
0.399269
0.414825
0.413474
0.392682
0.382929
0.46277
0.460885
0.405672
0.462911
0.456334
0.429775
0.414445
0.45263
0.404897
0.424075
0.461048
0.596726
0.469893
0.583363
0.636533
0.513561
0.535638
0.576902
0.651564
0.587686
0.62775
0.570773
0.736307
0.767308
0.697764
0.642803
0.677478
0.720608
0.64159
0.706053
0.523555
0.576202
0.589483
0.530237
0.508544
0.494614
0.504468
0.493093
0.686631
0.951785
0.79758
1.22248
0.93146
0.700663
0.781361
0.829742
0.755402
0.663828
0.836765
0.637056
0.78945
0.759167
1.0456
0.714306
0.79723
1.05898
1.40519
0.658162
0.787067
0.932689
0.818435
0.626249
0.907711
0.797269
0.726452
0.635002
0.59476
0.901925
0.740851
0.639044
1.00554
0.635761
0.494668
0.853874
1.0597
1.47847
1.22992
0.93306
1.28948
0.6796
1.08372
2.00237
0.817329
0.446469
0.413465
0.36323
0.799491
1.17384
1.30193
1.97316
0.605737
0.438736
0.896584
0.903852
1.44572
0.636775
0.653822
0.76526
0.499176
0.367881
0.319163
0.632527
1.04164
1.27587
0.330915
0.359102
0.345551
0.430706
0.44794
0.365015
0.310619
0.315057
0.470638
0.484526
0.390675
0.321247
0.400544
0.475283
0.64597
0.362672
0.326919
0.373655
1.00426
0.350105
0.371918
0.428597
0.297533
0.318078
0.285831
0.37139
0.284534
0.628941
1.14725
0.41393
0.388531
