0.424658
0.418209
0.41336
0.396385
0.415546
0.384537
0.401503
0.40684
0.431194
0.375162
0.473936
0.463698
0.555036
0.743987
0.762758
0.846679
0.67477
1.27158
1.15866
1.24851
1.69822
1.90674
2.58019
2.62623
2.3107
2.17279
1.86992
2.26616
2.27618
2.27194
2.72958
2.54885
2.13427
2.2945
2.21251
2.11001
2.91308
3.07115
2.56299
2.33345
2.71146
2.98555
2.65958
3.65682
3.14723
3.17681
3.38587
4.2617
3.10897
3.34732
3.69339
3.36655
3.43682
3.71198
3.827
4.14838
4.63579
4.07843
4.40896
4.34045
4.34627
4.47383
4.05932
3.87629
3.71921
4.8288
4.78058
3.9379
5.15179
4.32546
4.55023
4.94545
4.76857
4.57253
4.34576
4.34371
4.35475
4.5155
3.27733
4.12191
4.70229
3.97293
3.72972
3.93798
4.12741
4.50101
4.63513
5.38695
4.94444
5.16653
4.67449
4.87071
4.10846
4.28223
5.09626
5.14626
4.90696
4.38511
5.18353
4.56887
5.19458
5.47306
5.09351
4.93251
5.50863
5.30632
5.11686
5.55659
4.37569
3.35761
4.82983
5.06503
4.59392
5.2746
4.30131
4.78966
4.20296
4.41977
4.95566
4.64427
3.63381
4.28104
4.77207
4.40053
4.56234
4.44671
4.59013
3.56333
3.66739
3.70688
3.69312
