1.81998
1.80234
1.77909
1.85036
1.80775
1.86767
1.88085
1.89625
1.84029
1.87232
3.43634
6.96988
11.5267
27.1178
23.3432
23.9798
18.0035
12.8816
11.5384
10.2146
12.005
9.5734
10.1845
10.4707
8.88275
9.32126
9.78981
11.2634
10.1479
12.0608
10.9744
12.2493
8.71315
11.7878
9.52639
14.5311
16.3272
11.7861
9.94954
12.9142
9.20022
13.2214
12.5857
10.6176
10.5786
12.1904
12.5286
13.5952
11.0175
14.0154
11.889
10.106
11.8713
11.4595
10.9397
12.939
10.3251
10.486
10.8628
10.7319
9.94112
8.84069
12.1892
9.33438
11.1462
14.7096
14.0244
11.8278
14.4988
12.3103
10.1254
10.915
12.3608
10.3959
11.4106
8.75492
15.2563
10.8502
9.81898
10.2015
8.00504
8.29184
10.2346
8.38212
6.77262
8.85953
7.61808
6.87575
7.00579
8.36172
6.70295
6.9997
9.501
7.56855
7.68582
7.14657
9.17528
8.12337
8.97948
7.61984
6.67126
7.61999
8.49014
8.81673
6.74044
7.8348
7.69529
7.5916
7.99572
8.37969
7.82222
7.34362
7.85598
6.66213
7.20272
7.57436
6.17336
5.1729
7.45214
6.63656
5.82095
5.73691
5.39283
6.04537
6.5952
5.00889
6.88036
6.25647
5.72234
4.36135
4.16036
4.51842
4.36056
4.11081
3.09869
3.16911
3.57868
3.57418
3.35736
3.22829
3.31481
3.86407
3.34035
2.6311
2.61722
2.48321
2.34725
2.50484
2.76032
2.62555
3.10824
2.48782
2.63336
2.86545
2.80239
1.8137
2.7579
1.69953
2.4799
2.49669
2.61914
2.34016
2.42854
2.0782
1.9511
1.80816
2.30031
2.5794
2.18343
2.55236
2.38473
1.51404
2.11
2.74483
2.34119
2.19204
2.1803
1.69226
1.80704
2.13324
1.8739
1.99827
2.20816
1.87982
1.636
1.73352
1.4855
1.58859
1.95661
1.88798
1.79485
1.88592
2.01216
1.44876
1.86971
2.19757
1.74374
1.76486
1.9534
1.52882
1.62162
1.78818
1.79217
1.63263
1.79949
1.67467
1.58341
1.73152
1.91228
