0.535581
0.513131
0.510789
0.628418
0.551472
0.539882
0.525529
0.566384
0.629107
0.739338
0.861964
0.746792
0.995391
0.915078
0.845656
1.20183
1.65128
3.04001
3.30257
4.13504
4.55719
4.97727
5.39791
5.00456
3.63883
5.51716
4.10843
2.54298
3.63362
2.82171
3.66642
3.12339
2.77235
2.55336
1.99014
3.10914
2.51133
3.32853
2.16968
3.19393
2.65073
3.28906
3.54951
3.57839
3.80332
3.10778
3.06903
4.19444
3.41211
3.33601
3.66784
3.1641
3.32786
3.48789
3.43797
3.39084
3.53807
2.93367
3.24341
3.96739
3.50725
3.6475
3.59028
3.30484
3.39213
3.51211
3.71932
3.32877
3.58627
3.38771
3.28864
3.41623
3.0541
3.63525
3.19546
3.39808
3.00057
3.57413
3.32235
2.77246
2.67509
3.09286
3.51
3.0484
3.60767
3.36428
3.30843
3.61839
2.77315
3.12197
2.86041
3.00905
3.45668
3.14006
3.12477
2.42066
2.99126
3.09829
3.39894
2.74686
3.51933
3.61689
3.56276
3.50782
2.88442
3.33002
3.11251
2.75154
3.01631
3.36835
3.09914
2.83181
3.26084
3.12395
3.02175
3.2952
3.18119
2.95329
2.40203
2.8044
2.42491
2.99756
2.65873
2.65213
2.44411
2.77433
1.84882
2.07714
2.90622
1.85394
2.48239
2.13767
2.61839
2.71036
1.97407
2.52444
2.5152
2.79868
2.12022
1.63236
2.29879
2.70648
2.0655
2.01863
2.29682
2.37227
2.61103
2.02204
1.44001
1.58
2.2604
1.8998
1.81401
1.08166
0.86762
1.18612
