1.11053
1.02019
0.969976
1.12481
1.08027
1.23258
1.19428
1.10819
1.15685
1.01066
0.97064
1.11836
1.06546
1.02006
1.02054
1.02753
0.970253
0.919275
1.08678
1.00771
1.00704
0.990639
0.941858
1.01242
1.01143
0.854958
1.18312
1.20802
1.02307
1.45483
1.41309
1.47024
1.41957
1.25249
1.47545
1.24485
1.24407
1.35619
1.19728
1.22328
1.21985
1.12633
1.01631
1.3029
1.20076
1.09431
1.14967
1.23144
1.34383
1.54643
1.34997
1.26329
1.19952
1.17088
1.33107
1.23171
1.10906
1.33296
1.30196
1.35649
1.22884
1.32996
1.34662
1.21274
1.55638
1.37156
1.14349
1.23245
1.22039
1.16586
1.40996
1.3216
1.36217
1.15503
1.12335
1.30981
1.16916
1.15695
1.12784
1.3736
1.28638
1.19294
1.33772
1.41467
1.16735
1.2949
1.27987
1.12238
1.1193
1.22679
1.19112
1.19463
1.18355
1.02354
1.09982
1.12544
1.07072
0.960643
1.17026
1.11188
1.10018
1.06894
1.05296
1.16442
0.945951
1.09167
1.13507
0.926476
0.978796
1.23942
1.18581
1.01932
1.16422
1.05566
0.980371
0.973267
1.08842
1.26091
1.26586
1.32182
1.08061
1.10291
0.940515
0.930877
0.922763
0.90222
0.925714
0.975433
0.974453
0.843199
0.981516
0.992192
0.939146
0.99587
0.948963
0.963012
0.94376
0.939164
1.04132
0.971615
0.968989
0.943076
0.914748
0.951651
0.862868
0.89179
0.897133
0.997571
0.850127
0.855469
0.861516
0.867646
0.800238
0.861389
0.825451
1.04179
0.937596
0.832732
0.956938
0.882251
0.843407
0.918134
0.935689
0.908396
0.765825
0.864095
0.928434
0.841305
0.760449
0.722364
0.826265
0.785504
0.822521
0.849991
0.733841
0.873043
0.900601
0.734462
0.82789
0.818499
0.873006
0.849994
0.818344
0.752707
0.87496
0.866687
0.804262
0.732117
0.825841
0.843328
0.834575
0.866824
0.884278
0.851365
0.811562
0.780663
0.824542
0.773708
0.874784
0.778671
0.832636
0.730453
0.774056
0.727767
0.732977
0.803327
0.778349
0.849277
0.789702
0.756305
0.741149
0.852109
0.802632
0.693486
0.83976
0.812816
0.767498
0.773724
0.734678
0.767001
0.721133
0.693622
0.766091
0.757403
0.743382
0.751686
0.729309
0.734301
0.757122
0.740517
0.684702
0.664738
0.732195
0.735118
0.690708
0.713387
0.721346
0.657503
0.680568
0.710403
0.745921
0.68328
0.654994
0.654163
0.675365
0.714069
0.794884
0.733494
0.691715
0.786013
0.743596
0.731791
0.717762
0.737172
0.803459
0.707019
0.713257
0.676923
0.722539
0.662394
0.802854
0.75276
0.687843
0.667356
0.671792
0.711119
0.673518
0.763912
0.769628
0.738458
0.691427
0.703901
0.70727
0.683516
0.76832
0.797998
0.7501
0.786971
0.656642
0.637445
0.627827
0.629219
0.623847
0.609727
0.621319
0.583656
0.589995
