1.16517
1.27583
0.744891
0.97181
0.805427
0.634879
0.968289
1.21362
1.09027
1.2302
0.948556
1.11151
1.13639
1.00657
1.11625
1.30496
1.08744
1.10792
1.02481
1.22716
1.11825
0.965501
1.09008
0.818382
0.910146
0.893685
1.02036
0.837223
0.801525
0.857059
0.743862
1.06106
1.02445
0.889395
0.785807
0.895512
0.829659
0.626081
0.67879
0.920855
0.743032
0.687301
0.674669
0.902018
0.589935
0.980112
0.993473
0.681072
0.951466
0.728758
0.712486
0.704656
0.818747
0.663393
0.701012
0.86887
0.844042
0.821519
0.842871
0.764933
0.791654
0.844954
1.10706
1.00504
0.941597
1.07341
1.19387
1.01239
0.677631
0.990468
0.84123
0.893984
0.809426
1.32508
1.05211
1.04613
1.23942
1.34154
1.19094
1.17538
1.21515
1.07556
1.02229
0.962969
1.33233
1.23756
1.14801
1.31192
1.29004
1.23664
1.12429
1.15071
0.998448
0.93833
1.00514
1.00107
1.007
1.24123
0.865245
0.949121
1.02696
1.01648
0.901071
0.952845
0.794032
1.16167
1.08337
1.06243
0.949536
1.26219
1.0788
1.11979
1.10739
1.15226
1.09664
0.976677
1.03876
0.921919
0.882416
0.788513
0.8483
0.694004
0.7789
0.959239
0.915643
0.611634
0.697985
0.625512
0.577577
0.594315
1.2135
0.686216
0.799796
1.354
1.7386
1.48245
1.42395
1.5172
1.05543
1.46906
1.43559
1.41301
1.2731
0.899972
1.05592
1.27698
1.29594
0.971384
0.698833
1.26174
1.28212
1.0589
0.679734
0.702982
1.14731
0.801957
0.811191
0.803081
0.941761
1.09284
1.16893
0.701591
1.28681
0.996999
0.672622
0.696691
0.805554
0.829156
0.883332
0.729089
0.684616
0.6348
0.692664
0.940311
0.992236
1.00507
0.784829
1.07634
1.18465
1.23314
0.892523
0.59112
0.903936
1.09673
1.05958
0.916969
0.877487
1.2716
1.01448
0.548756
0.865084
0.761478
0.771067
0.943858
0.798237
0.878445
0.831142
0.658801
0.543453
0.71623
1.10119
1.00483
0.898067
1.12302
0.979897
0.937769
1.17093
0.97683
0.921
0.864894
0.917673
0.825305
0.892363
0.727041
0.812539
0.583426
1.31766
0.663212
0.718173
0.887053
0.965261
0.829651
0.793683
1.11177
1.0243
1.07088
1.15676
1.10636
0.986757
1.11046
0.892234
0.725981
0.891613
0.793602
0.715636
0.650313
0.686224
0.985278
1.00918
1.02469
0.686351
0.666043
0.715163
0.767232
0.929835
1.00339
1.12241
1.03033
0.839458
0.946115
1.03896
1.25798
0.866553
0.849656
0.942407
1.22032
0.887784
0.999439
0.957091
0.95358
0.834049
0.980932
0.964966
0.991548
0.85403
0.832625
0.89185
0.941939
0.902198
0.919517
0.949828
0.882233
0.831577
0.804956
0.640811
0.692559
0.676705
0.777975
0.981242
0.932499
1.006
0.758757
0.951744
0.658042
0.45143
0.553905
0.689337
0.691125
0.880054
0.702932
0.547636
0.812944
0.741893
0.411221
0.40897
0.577945
0.659419
0.598445
0.698741
0.506802
0.555102
0.57627
0.462372
0.54692
0.684821
0.662719
0.645037
0.391532
0.383309
0.554893
0.580199
0.614543
0.51205
0.549403
0.564878
0.551208
0.596703
0.736555
0.777732
0.759108
0.695
0.65096
0.600295
0.588202
0.406206
0.529039
0.456173
0.423774
0.367365
0.40629
0.653848
0.646377
0.529042
0.494979
0.383505
0.54084
0.374128
0.364947
0.421149
0.431999
0.55831
0.563194
0.478769
0.514004
0.422166
0.529894
0.433965
0.467039
0.410021
0.319049
0.28782
0.336124
0.411963
0.419529
0.357446
0.518311
0.355903
0.703312
0.526434
0.583458
0.504624
0.50107
0.538972
0.366331
0.31634
0.496839
0.55722
0.531554
0.634214
0.56393
0.408883
0.315643
0.459541
0.408152
0.444577
0.403449
0.406747
0.485854
0.471303
0.457203
0.354832
0.325832
0.456574
0.358181
0.367374
0.43218
0.475073
0.309754
0.329032
0.347554
0.409723
0.42695
0.355681
0.369012
0.357277
0.340349
0.398204
0.353321
0.36688
0.367806
0.369419
0.337009
0.305824
0.254322
0.378887
0.325578
0.412366
0.359563
0.317163
0.404998
0.523358
0.448787
0.522862
0.491994
0.437137
0.497294
0.573433
0.388418
0.413122
0.424398
0.44303
0.401688
0.554776
0.459026
0.560832
0.417737
0.461515
0.451732
0.496845
0.46257
0.494204
0.501423
0.506451
0.575554
0.535142
0.495186
0.446475
0.398149
0.362323
0.480692
0.364502
0.377729
0.332775
0.392096
0.365527
0.34067
0.389178
0.322374
0.34307
0.321215
0.39299
0.347651
0.36569
0.385011
0.39423
0.428038
0.466909
0.403354
0.45979
0.337364
0.318403
0.44232
0.341745
0.283823
0.378073
0.286628
0.305294
0.321724
0.32861
0.301339
0.344577
0.369598
0.279416
0.337149
0.317339
0.272978
0.315847
0.388209
0.526028
0.319712
0.343299
0.282712
0.266203
0.202658
0.290965
0.324638
0.247411
0.296696
0.383708
0.361157
0.407526
0.332226
0.234144
0.286783
0.36773
0.248223
0.315405
0.332726
0.377412
0.301668
0.287366
0.349964
0.325454
0.346392
0.30441
0.305559
0.339251
0.25233
0.212689
0.217638
0.240558
0.296257
0.341026
0.316642
0.304139
0.319567
0.327382
0.345675
0.42944
0.433033
0.334372
0.411815
0.363841
0.379318
0.405476
0.416522
0.481773
0.535778
0.473828
0.435568
0.482559
0.501886
0.477093
0.539469
0.520905
0.559732
0.503314
0.487241
0.473944
0.486516
0.504877
0.483061
0.509347
0.501698
0.492269
0.497496
0.463064
0.432851
0.437208
0.436456
0.506074
0.451245
0.500761
0.542686
0.475381
0.526974
0.516648
0.498934
0.530575
0.470667
0.466735
0.50669
0.457337
0.429717
0.400697
0.413062
0.449855
0.422299
0.425432
0.43231
0.363192
0.380954
0.395527
0.372286
0.330456
0.394435
0.439644
0.408148
0.408493
0.434936
0.413234
0.429983
0.435135
0.455319
0.408171
0.409984
0.361889
