0.880631
0.810144
0.884144
1.19558
1.11377
1.10369
1.18324
1.14665
1.02163
0.962939
1.15695
1.18599
1.26912
1.39065
1.60559
1.60427
1.42437
1.35622
1.35114
1.16085
1.12804
1.06787
0.998334
0.937859
0.807134
0.81635
0.806756
0.70632
0.647963
0.754184
0.743342
0.682616
0.719681
0.67143
0.734033
0.696444
0.828049
0.765783
0.763795
0.682464
0.844614
0.732818
0.707191
0.800038
0.715573
0.745478
0.76794
0.668995
0.746723
0.716047
0.728044
0.664911
0.620475
0.652286
0.674537
0.706511
0.682981
0.618077
0.69529
0.598317
0.63027
0.644087
0.70029
0.618612
0.621592
0.614093
0.743519
0.648837
0.656001
0.617005
0.703081
0.61486
0.670928
0.627517
0.594494
0.631971
0.644435
0.643323
0.712335
0.622143
0.701786
0.63304
0.672814
0.654128
0.683706
0.739796
0.707186
0.664959
0.675454
0.719079
0.697691
0.715248
0.680107
0.648211
0.707373
0.662027
0.691538
0.632012
0.702667
0.671194
0.715482
0.735895
0.655065
0.722679
0.676212
0.639006
0.681488
0.646277
0.723125
0.750231
0.749838
0.676071
0.660451
0.735684
0.726687
0.702073
0.697261
0.694277
0.681465
0.72071
0.848155
0.90317
0.886244
0.84001
0.816834
0.769501
0.882131
0.775246
0.855735
0.762585
0.753458
0.824731
0.815913
0.78756
0.840163
0.742166
0.844575
0.840962
0.788335
0.895834
0.824935
0.889993
0.817996
0.870046
0.944742
0.84557
0.852777
0.854705
0.870013
0.845598
0.734272
0.776939
0.814853
0.753449
0.83225
0.809664
0.772854
0.686459
0.821878
0.796113
0.803183
0.839041
0.79269
0.899042
0.969987
0.964284
0.904777
0.969678
0.976809
0.907138
1.12119
1.01073
1.01327
1.01585
1.08567
1.10392
0.96111
1.08434
1.0286
0.968766
1.02236
1.07867
0.982498
1.04659
0.938499
1.00166
1.07152
1.11626
1.08069
1.13743
1.13124
1.2769
1.12877
1.28754
1.07258
1.04336
1.07052
1.15216
0.964379
0.97853
0.833104
0.739327
0.791624
0.730816
0.728986
0.791156
0.855765
0.794053
0.778472
0.808482
0.902098
0.917957
0.972612
0.949721
1.00529
1.12076
1.13807
1.10804
1.0475
1.19443
1.11333
1.2238
1.21223
1.25326
1.2448
1.33018
1.3232
1.25328
1.33608
1.33202
1.36111
1.35734
1.2457
1.1671
1.31079
1.18024
1.00545
1.06732
1.08902
1.20477
1.29478
1.40331
1.55229
1.37127
1.4422
1.32191
1.37856
1.45878
1.36174
1.35903
1.30598
1.29704
1.26704
1.29547
1.47108
1.1001
1.21422
1.4778
1.41202
1.26152
1.17644
1.09754
1.3303
1.41641
1.40862
1.32691
1.16143
1.21296
1.20562
1.23825
1.12174
1.15124
1.15113
1.06367
1.06256
1.36876
0.935783
1.06405
1.00729
1.02991
0.978425
1.12672
0.993422
0.874866
1.06268
0.996958
1.03215
1.0511
1.12342
1.11777
1.17428
1.0706
1.08953
1.33977
1.14779
1.01819
1.05891
0.981539
0.859607
0.77599
0.835758
0.82584
0.685141
0.744564
0.763914
0.853715
0.814698
0.775708
0.774807
0.748539
0.806099
0.812316
0.84571
0.786854
0.731688
0.691802
0.835779
0.72354
0.808659
0.745669
0.730511
0.828618
0.716222
0.830148
0.80325
0.736726
0.777177
0.806357
0.821906
0.799523
0.801482
0.795775
0.842868
0.830993
0.791267
0.724035
0.768678
0.833217
0.772793
0.779015
0.801094
0.841138
0.744877
0.752094
0.778071
0.770258
0.77117
0.739664
0.788574
0.813468
0.83105
0.783292
0.667331
0.837978
0.774515
0.793065
0.803876
0.769572
0.780964
0.746752
0.784503
0.826581
0.786143
0.704647
0.807645
0.771493
0.756809
0.841435
0.825065
0.764106
0.812551
0.884615
0.800427
0.82583
0.802684
0.742504
0.806697
0.768234
0.760492
0.823697
0.737169
0.72008
0.732325
0.788359
0.691087
0.786107
0.783846
0.76464
0.611797
0.758435
0.723066
0.757975
0.686244
0.735913
0.725605
0.768396
0.780032
0.672612
0.727767
0.699807
0.754388
0.673988
0.766084
0.776399
0.737048
0.701224
0.698632
0.686322
0.729372
0.690924
0.811965
0.807962
0.77452
0.752942
0.673774
0.689201
0.703832
0.738255
0.691873
0.720755
0.694393
0.708758
0.763596
0.809615
0.76299
0.781065
0.801112
0.736867
0.747717
0.693756
0.836022
0.75616
0.749164
0.819711
0.725015
0.690081
0.811225
0.778533
0.77086
0.744377
0.805296
0.744203
0.68342
0.756069
0.816647
0.678484
0.756541
0.740055
0.741816
0.682649
0.740597
0.726177
0.741235
0.700792
0.822201
0.859434
0.88949
0.891962
0.925694
1.037
0.896173
0.905381
0.862165
0.788285
0.976138
0.991929
0.947386
0.989287
0.927255
0.858195
0.89946
1.02286
0.929605
0.840736
0.968563
1.09818
0.991813
0.903954
0.950716
1.08628
1.09025
0.907918
0.934137
1.006
0.97932
1.00713
0.945503
1.01541
1.02317
0.985133
1.05457
1.10874
1.11694
0.989466
0.816742
0.931549
0.877239
0.762641
0.996851
1.0371
1.08892
0.931741
1.04317
1.14982
1.07771
1.09793
1.18837
1.2481
1.16645
1.14824
1.24495
1.04755
1.05096
1.04787
1.32479
1.13177
1.11682
1.1294
1.14648
1.28632
1.33204
1.36361
1.30229
1.30135
1.4608
1.20316
1.26354
1.3574
1.3062
1.39396
1.49971
1.54075
1.4258
1.56984
1.40248
1.51194
1.51014
1.28803
1.21821
1.43583
1.21572
1.23488
1.17954
1.1872
1.2469
1.40746
1.2893
1.40665
1.28524
1.54368
1.45765
1.32559
1.45524
1.60413
1.47315
1.315
1.3818
1.24021
1.4439
1.38235
1.25569
1.23461
1.29773
1.41076
1.38076
1.41645
1.38095
1.39579
1.59103
1.55789
1.50331
1.59167
1.28023
1.48009
1.60751
1.40665
1.46537
1.30104
1.67705
1.7793
1.82502
1.3702
1.53247
1.46725
1.93138
1.76973
1.55728
1.54373
1.50378
1.31661
1.62198
1.62632
1.76237
1.86808
1.66516
1.54542
1.49572
1.72488
1.71985
1.57609
1.63102
1.70031
1.48414
1.82953
1.7153
2.06319
2.02684
2.06289
2.05463
1.89911
1.48818
1.45536
1.30945
1.33769
1.31027
1.4856
1.42595
1.69178
1.99529
1.7193
2.1677
1.92181
2.02418
1.79548
1.72947
2.09701
2.19077
2.31439
2.42851
2.07389
2.12432
2.03666
1.94813
1.9634
1.94833
1.98044
1.92204
2.4653
2.33684
1.05863
