0.51972
0.449538
0.58772
0.671068
0.749071
0.686646
0.624256
0.554793
0.705829
0.74889
0.658667
0.763801
0.731714
0.739094
0.772285
0.507545
0.723201
0.864947
0.63063
0.464575
0.595088
0.70173
1.05156
0.753687
0.804835
0.804561
0.819823
0.84439
0.94467
1.04189
0.776537
0.963239
1.03432
1.23618
0.750495
0.696741
0.878057
0.968716
1.10987
1.06632
1.3191
0.957304
0.582785
1.05276
0.823589
1.2145
1.40427
1.31552
0.626728
1.10146
1.14916
1.11357
0.556371
0.762757
0.933229
0.87949
1.04169
0.965069
1.31687
0.742018
0.645026
1.05568
1.12551
1.02001
1.00977
0.831742
0.794377
0.965147
0.660733
1.32685
1.07048
1.03817
1.21772
0.910531
1.02223
1.14808
1.22965
1.26417
0.740633
0.685105
0.696629
0.892934
0.672397
0.949197
1.01855
0.669173
1.18812
0.593643
0.938325
0.78124
1.15822
0.940797
1.12914
0.884645
1.0029
1.12323
0.807502
1.10374
0.62719
0.794589
0.701117
0.68638
0.752865
0.902036
0.486024
0.876781
0.998976
0.939225
1.01807
0.910246
0.994284
0.704341
0.964047
1.01359
0.789492
0.827588
0.795559
0.677306
0.709192
0.641392
0.884053
0.915888
1.00249
0.984724
0.850167
0.736329
0.91011
0.934491
0.868714
0.774167
0.649777
0.737522
0.722094
0.664711
1.03903
1.00129
0.806651
0.763913
0.965886
1.02527
1.15725
0.814661
0.983734
0.826601
1.12003
1.06188
0.933609
0.863578
1.10725
0.693547
0.837204
1.01286
1.02172
0.952595
0.816668
0.943544
1.05943
0.909403
0.973535
0.930199
0.903799
0.76183
1.02741
0.995901
1.21615
1.05616
0.882865
1.10831
1.04844
0.825689
0.658805
0.885132
1.01715
0.97905
0.98592
0.957346
1.04855
0.840884
1.07729
1.49747
1.25762
1.74576
1.61743
1.50075
1.39226
1.31039
1.63633
1.45195
1.4578
1.09368
1.10075
1.25555
1.23053
1.03749
1.04807
1.22497
1.3545
0.991149
0.910527
1.09879
0.890215
1.34159
1.04894
1.11651
0.93325
1.11759
1.19361
1.09958
0.889215
0.882922
0.963601
1.06223
1.06769
1.11193
0.921816
1.05989
1.09032
1.04682
1.25472
1.34271
0.992433
1.3112
1.33688
1.18642
1.20378
1.25684
1.251
1.23016
1.08853
1.3944
1.33891
1.50062
1.29651
1.35243
1.53391
1.20709
1.45411
1.52934
1.32269
1.45572
1.44509
1.45478
1.35665
1.44677
1.59047
1.2425
1.45446
1.43763
1.30401
1.31503
1.39757
1.19793
1.4381
1.50354
1.70459
1.44878
1.3575
1.56867
1.66119
1.74461
1.70879
1.76429
1.76701
1.60374
1.76683
1.61795
1.72467
1.24255
1.47682
1.62634
1.46628
1.50757
1.14868
1.4488
1.34502
1.35335
1.34203
1.94537
1.39858
2.15764
1.76158
2.25288
1.6235
1.74924
1.92487
2.21321
1.83817
1.79571
1.56311
1.51365
2.05327
1.8985
1.83107
1.86321
2.03803
2.06365
1.92801
1.97559
2.05526
1.9751
1.84965
1.86224
2.1928
2.15569
1.86473
1.60704
2.13629
1.73344
1.70656
1.83624
2.18933
2.28299
2.16559
2.574
2.01141
2.075
2.23181
2.00153
2.27555
1.78676
1.75804
2.42482
1.51273
1.79848
1.83825
2.09281
1.85477
2.21664
2.16201
2.13078
1.93547
1.78753
2.14874
2.17831
2.04258
2.34018
2.13252
2.26232
2.45718
2.5333
2.42698
2.30335
2.06016
1.89559
2.11759
2.0013
2.14872
2.3709
2.1663
2.33642
2.22779
2.65911
2.12303
2.45899
3.08048
2.12798
2.31659
2.91899
1.88507
1.64305
2.0344
2.91305
2.03431
2.19912
2.73869
2.41281
2.4608
2.3835
2.30677
2.54121
2.43632
2.79463
2.51831
2.46666
2.63979
2.75232
3.56771
2.84069
2.67965
2.19279
2.93244
2.30621
2.55925
2.43803
2.20859
2.32816
1.94807
2.91723
3.69075
2.11571
2.49779
2.23144
2.57131
1.35501
0.824116
0.564875
0.629507
0.432607
0.791723
1.13198
3.2331
2.80092
3.78075
2.64101
2.43723
2.02742
2.32426
1.5332
2.3786
2.47164
2.0073
1.94593
2.03568
2.92683
2.47038
2.51145
1.97428
2.08485
