5.64798
7.66726
8.53071
7.99187
8.97884
8.75686
8.36996
7.21449
8.04307
9.23496
5.83073
9.72857
7.0139
7.37958
7.36702
9.38733
8.031
7.53436
7.39698
8.43155
7.14169
7.51883
7.06184
7.98788
6.91017
6.75183
6.96516
6.60815
6.49355
7.31861
6.26591
6.99752
7.25821
6.0946
5.73777
6.48835
7.89059
6.26328
7.5174
6.77649
6.38383
6.02185
6.95304
7.06977
7.2018
6.96185
7.29653
6.41276
7.18109
6.73823
6.79003
5.40816
6.62714
7.3656
5.30163
6.05653
6.54363
6.84357
5.96541
6.8486
6.17491
5.54046
6.93927
6.7702
5.64117
6.00854
5.85831
5.84414
5.33021
6.43521
7.17561
5.19547
5.93108
5.66885
5.39785
5.66109
5.19802
4.62121
5.31189
4.36122
5.67379
5.28941
5.2018
5.44128
4.97491
5.11678
6.91371
4.73436
4.07275
4.44472
5.80883
5.16576
4.73067
3.44105
3.3611
3.32532
4.37808
3.90442
4.04387
3.94318
4.15461
4.1106
2.65081
3.53461
3.33774
3.16941
3.22082
2.08065
2.55483
1.92889
1.85367
2.84899
2.45516
1.87272
2.91556
2.77264
2.65002
2.21259
