0.83926
0.604595
0.542494
0.823618
0.812499
0.753906
0.555556
0.949258
0.66228
0.847551
0.799142
1.20086
1.6763
1.20257
1.4802
1.34031
1.52432
1.07544
1.02452
1.46158
1.13569
1.14826
1.19358
1.19557
1.18417
1.24377
1.39276
1.41058
1.54621
1.58218
1.43274
1.58525
1.35168
0.956152
1.38256
1.38165
1.41642
2.21506
2.32033
1.81414
1.29688
1.74919
1.8654
2.38986
2.00408
1.93555
2.07852
1.93103
1.85713
2.15342
1.66479
1.81468
1.60997
1.37234
1.73353
1.95186
1.76481
1.44407
2.05707
2.25385
1.92641
1.79026
1.73184
2.01538
1.72643
2.48649
2.59493
1.89942
2.73212
1.87759
2.35006
2.96183
2.17493
1.98409
1.60991
1.86493
2.52957
2.26511
2.14932
1.7192
1.91231
2.76749
2.43387
2.41862
2.28061
2.6302
2.29823
2.1323
2.09109
2.39301
2.54271
2.38122
2.6473
2.49298
2.39344
2.94648
2.98783
2.17557
3.11596
2.45648
2.66097
1.92855
2.09992
2.34852
1.36239
1.09065
2.07827
2.04418
2.43165
1.32353
2.00042
3.17581
2.78269
2.36484
3.26159
2.9578
3.70306
