0.755567
0.843591
1.17672
3.27916
1.17718
1.8856
2.83899
2.66309
2.5461
3.61966
3.02656
2.55539
2.33107
2.06123
1.69589
1.95947
2.8119
2.09726
2.36398
2.2432
1.63104
2.17012
1.97933
1.66526
1.3094
1.72682
1.66005
1.59526
1.31844
1.34258
1.70404
1.58784
1.83473
1.63376
1.55942
1.23782
1.7264
2.11504
1.59104
2.07223
1.85825
1.60453
2.04408
1.57461
1.79778
1.61329
1.44911
1.42181
1.65502
1.7525
1.79032
1.6094
1.42491
1.82658
1.51493
1.64132
1.39936
1.40358
1.58072
1.311
1.45088
1.43029
1.43566
1.58403
1.49272
1.58694
1.60705
1.70592
1.71065
1.54252
1.46402
1.5483
1.50766
1.60972
1.7855
2.0009
1.49642
1.74658
1.90109
1.53303
1.84604
1.65324
1.46521
1.8648
1.59578
1.52635
1.76072
1.57373
1.51757
1.74775
1.64317
1.55862
2.20567
1.68639
1.62774
1.55711
1.77906
1.53453
1.41422
1.06564
1.34717
1.58693
1.71033
1.39125
1.65236
1.54125
1.66997
1.53842
1.3759
1.69724
1.27865
1.55081
1.45039
1.21314
1.56499
1.38708
1.11448
1.33821
1.49209
1.50513
1.71489
1.35511
1.42298
1.20578
1.40994
1.86257
1.56011
1.25203
1.49365
1.5923
1.37539
1.57065
1.40909
1.74102
1.45045
1.39205
1.18203
1.61914
1.46864
1.2652
1.33992
1.25164
1.42004
1.37124
1.27299
1.51839
1.50457
1.39959
1.18081
1.04899
1.28941
1.06738
1.13952
1.22194
1.45365
1.24096
1.23205
1.34485
1.19112
1.20372
1.29194
1.46131
1.20812
1.15944
1.3539
1.36702
1.34433
1.58665
1.25632
0.87502
1.13121
1.04745
1.12481
1.1806
1.23818
1.04588
1.19716
0.901709
0.726331
0.779072
1.11336
0.986972
1.25271
0.942986
1.14254
0.905764
1.22154
0.737561
0.936022
0.858224
0.952189
1.11047
1.05413
0.921112
0.885927
0.987437
0.820365
0.700341
0.643409
0.703116
0.806355
0.768553
0.758426
0.648276
0.57461
0.544731
0.575716
0.550865
0.641639
