1.04986
1.13447
1.17398
1.08766
1.15692
1.31711
1.0427
1.08131
1.05406
1.38741
1.42017
2.09793
2.13253
2.41227
2.20935
1.28186
1.22057
2.3968
2.72224
2.78811
3.55578
3.87063
3.6486
3.22408
2.58933
3.34378
4.08648
2.64151
4.11765
3.30045
2.23632
2.9719
2.83876
2.3553
2.57326
2.13302
2.48721
2.47002
2.88077
2.56103
2.74383
2.29093
2.12135
2.92701
2.2413
2.4925
2.32303
1.87884
2.74334
2.33638
2.26986
1.99083
2.35068
2.46089
2.34
2.62848
3.05323
3.03521
3.03365
2.63494
2.47429
2.70701
2.26468
2.19597
2.80488
3.29355
3.13665
2.21037
1.88288
2.03716
2.1246
2.5959
2.44908
2.10749
2.32746
2.62962
2.55438
2.76638
2.67663
2.80812
2.26692
3.10856
2.99285
2.65032
2.55122
2.44776
2.18743
2.33295
2.07129
2.20789
2.33856
2.51339
2.10304
1.82923
1.7187
2.37473
2.10984
2.03532
1.80901
1.58746
1.49418
1.69226
1.10748
1.52889
1.27923
1.74049
1.53795
1.65657
2.13433
1.96273
1.55742
1.61455
1.68229
1.75947
1.45662
1.35566
1.3442
1.27756
1.04984
1.04535
1.34957
1.03763
1.26962
1.21906
1.0656
1.1447
1.26052
1.15085
1.04549
1.05266
1.16819
0.902683
1.41134
1.34608
1.72293
1.74909
1.38533
1.24315
0.952853
0.849468
0.829733
0.708708
0.486922
0.460588
