0.236352
0.239333
0.28614
0.334781
0.312444
0.353461
0.595549
1.19589
1.85104
2.17384
2.45568
2.44959
2.35305
2.3636
2.22834
2.26884
2.24071
2.2571
2.17064
2.2047
2.20463
2.19244
2.17075
2.03861
2.18459
2.06564
2.06053
1.92185
1.76088
1.78989
1.72459
1.60857
1.55826
1.46131
1.52876
1.54328
1.58935
1.4879
1.48541
1.48152
1.49985
1.53767
1.55441
1.62496
1.50116
1.57378
1.49555
1.49914
1.48107
1.53587
1.45876
1.49974
1.46531
1.50546
1.50808
1.55245
1.54148
1.44047
1.52835
1.58183
1.55275
1.65428
1.35944
1.53778
1.51224
1.57621
1.60618
1.35816
1.31546
1.35959
1.51779
1.44178
1.52747
1.12259
1.03546
1.07132
0.981306
0.872652
0.91635
0.893068
1.02372
0.838401
1.02911
0.983843
0.958002
0.871324
0.897387
0.929991
0.864891
0.950005
0.947581
0.854119
0.90467
0.916867
0.916536
0.866591
0.918333
0.913834
0.899612
0.980244
0.812422
0.802591
0.826333
0.908129
0.9051
0.909127
0.882658
0.941009
0.912096
0.952449
0.992463
0.89525
0.92177
0.926403
0.958657
0.937778
0.891009
0.89996
0.941629
0.974316
0.765944
0.85049
0.87264
0.875575
0.821618
0.802955
0.850339
0.805786
0.847983
0.879682
0.838777
0.860539
0.855754
0.801459
0.862963
0.770469
0.843078
0.795448
0.718079
0.809949
0.792961
0.711951
0.721138
0.670819
0.647062
0.713013
0.839492
0.738039
0.935821
0.863577
0.814799
0.860722
0.887263
0.674706
0.925639
0.851099
0.973673
0.757283
0.758407
0.732184
0.74717
0.855115
0.953078
0.75733
0.793693
0.838136
0.744925
0.810583
0.713489
0.67478
0.760377
0.672548
0.692971
0.73479
0.623511
0.712062
0.696819
0.658438
0.609586
0.783786
0.650983
0.673634
0.60336
0.677729
0.668303
0.5635
0.721078
0.648746
0.604309
0.675413
0.676872
0.74321
0.680998
0.635326
0.596563
0.634049
0.723024
0.647497
0.698397
0.702118
0.669526
0.614225
0.603044
0.581393
0.664849
0.56978
0.655585
0.732108
0.602632
0.595451
0.554916
0.650281
0.587658
0.647748
0.503853
0.55566
0.675753
0.496601
0.614881
0.661076
0.530598
0.55051
0.528845
0.634063
0.516427
0.640727
0.720178
0.668299
0.765315
0.717926
0.636424
0.668581
0.914073
0.701388
0.618722
0.753765
0.462642
0.624488
0.648518
0.594278
0.65043
0.57368
0.649782
0.530316
0.622599
0.538585
0.709276
0.655441
0.576627
0.547349
0.663685
0.61506
0.619019
0.643518
0.648123
0.609385
0.640272
0.635506
0.683043
0.65181
0.59006
0.66947
0.718798
0.65281
0.628457
0.715207
0.643987
0.68707
0.834293
0.726201
0.56784
0.67916
0.706327
0.55486
0.860366
0.709365
0.502384
0.610447
0.61054
0.584948
0.422543
0.430184
0.452318
0.278414
0.239052
0.272335
0.501614
0.521325
0.430738
0.375161
0.616122
0.352782
0.302486
0.319654
0.416234
0.388221
0.381073
0.445813
0.292055
0.491439
0.463951
0.351513
0.351044
0.460247
0.460084
0.426299
0.354311
0.346444
0.395081
0.413666
0.384503
0.371205
0.551802
0.433327
0.364313
0.567761
0.382891
0.311586
0.45249
0.412242
0.554112
0.494707
0.331883
0.296044
0.367462
0.282026
0.400846
0.490966
0.34033
0.41067
0.437848
0.609302
0.508231
0.44664
0.408661
0.595711
0.427342
0.491143
0.276642
0.309881
0.500942
0.306964
0.371297
0.314106
0.696818
0.370485
0.364783
0.202108
0.620738
0.279256
0.321163
0.684632
0.413016
0.401405
0.40454
0.4162
0.248409
0.322313
0.478303
0.481406
0.31431
0.418804
0.435858
0.370719
0.331503
0.323783
0.484763
0.481842
0.399175
0.424935
0.490748
0.451749
0.327085
0.507326
0.322852
0.306179
0.412355
0.319981
0.460665
0.265961
0.534035
0.262599
0.334538
0.424662
0.465657
0.503069
0.289721
0.463688
0.304136
0.435809
0.575661
0.243776
0.337765
0.328734
0.378705
0.404886
0.63178
0.542244
0.284886
0.398414
0.451875
0.488029
0.347375
0.311136
0.428675
0.349872
0.338095
0.360028
0.317478
0.248146
0.518522
0.445789
0.216239
0.404533
0.2705
0.437642
0.658825
0.576491
0.445468
0.316371
0.662186
0.286708
0.382697
0.373369
0.339686
0.39601
0.306668
0.487904
0.329265
0.48781
0.373762
0.268678
0.41164
0.452884
0.248596
0.29071
0.456109
0.438134
0.36343
0.659837
0.440381
0.320408
0.404997
0.373268
0.185157
0.379816
0.505319
0.336083
0.262875
0.501949
0.29138
0.291679
0.266313
0.356063
0.267809
0.555108
0.508777
0.607497
0.441754
0.33899
0.378328
0.251886
0.458458
0.405131
0.325458
0.386497
0.455972
0.321771
0.345786
0.524179
0.443072
0.317736
0.490344
0.441048
0.358211
0.271273
0.399496
0.336425
0.402433
0.458399
0.38
0.58542
0.286779
0.348203
0.403455
0.414063
0.378288
0.33766
0.295534
0.395765
0.368961
0.493663
0.383884
0.470212
0.312852
0.522807
0.48981
0.393061
0.364366
0.393444
0.354794
0.449882
0.592815
0.447279
0.395878
0.531602
0.501441
0.560224
0.693981
0.694979
0.468472
0.606565
0.413554
0.734876
0.676842
0.471876
0.574834
0.434324
0.455254
0.589466
0.612712
0.589276
0.702453
0.579728
0.56597
0.36002
0.43155
0.571453
0.584378
0.617633
0.621388
0.514023
0.579053
0.426617
0.597059
0.499028
0.507914
0.444677
0.495882
0.757211
0.460495
0.398891
0.558996
0.734057
0.668998
0.387338
0.613038
0.671062
0.611233
0.725575
0.602416
0.759202
0.647481
0.805369
0.685859
0.698497
0.746806
0.593708
0.638175
0.847455
0.759683
0.710721
0.837248
0.663772
0.81176
0.699425
0.815249
0.707342
0.822391
0.722635
0.695966
0.709323
0.704627
0.698073
0.756061
0.83766
0.766271
0.662269
0.91059
0.697213
0.743929
0.760092
0.840496
0.962303
1.12823
0.900393
0.920649
0.687057
0.866046
0.851509
0.919435
1.05157
0.94023
0.915795
0.878963
0.700843
1.04854
0.992256
1.07416
0.984299
0.983548
0.88365
0.933661
0.92946
0.666611
0.982776
1.01124
1.03973
0.773949
0.87648
0.768564
0.783504
0.702992
0.708054
0.75669
0.832826
0.693278
0.65799
0.664553
0.813207
0.70276
0.726598
0.779207
0.749007
0.616939
0.735221
0.667195
0.73292
0.798329
0.644994
0.756156
0.827957
0.796684
0.781066
0.806693
0.545427
0.620744
0.659265
0.616216
0.611576
0.594125
0.5722
0.546934
0.559849
0.560748
0.486733
0.478741
0.53862
0.550656
0.507301
0.530418
0.550014
0.429321
0.475585
0.450508
0.418353
0.389449
0.35282
0.327646
0.357696
0.335478
0.34426
0.349193
0.308624
0.313956
0.316256
0.296736
0.286561
0.278947
0.266839
0.279222
0.279226
0.277666
0.293223
0.32421
0.289989
0.32366
0.335539
0.272251
0.2595
0.250596
0.249925
0.32375
0.255281
0.263999
0.246635
0.25009
0.239206
0.21601
0.244474
0.240186
0.226594
0.243993
0.222022
0.220095
0.234669
0.196528
0.227285
0.212825
0.221992
0.194993
0.191882
0.193054
0.17749
0.195602
0.169455
0.176685
0.191671
0.169148
0.201027
0.218372
0.174572
0.203793
0.175452
0.149221
0.165205
0.168577
0.182076
0.178241
0.178727
0.171607
0.180733
0.157069
0.166337
0.157935
0.161611
0.186664
0.150909
0.185646
0.167924
0.17708
0.191294
0.155911
0.167987
0.16135
0.164158
0.18493
0.169116
0.148443
0.163523
0.167548
0.157517
0.168336
0.176748
0.153195
0.157431
0.155151
0.163093
0.173343
0.177848
0.172528
0.165094
0.185101
0.179847
0.164143
0.166913
0.166101
0.165687
0.159733
0.161179
0.179459
0.163817
0.149038
0.136519
0.135232
0.145807
0.13275
0.140906
0.12627
0.127119
0.127608
