1.68916
0.863883
0.698054
1.10258
1.817
1.36764
0.95989
0.672795
0.760513
0.81116
1.01389
1.39593
1.10879
0.656247
0.680317
0.888259
0.913125
1.69723
1.30007
1.78845
1.70036
2.44916
1.57773
1.08045
0.7328
1.03467
0.706263
0.827236
1.28669
0.99009
1.00412
0.823919
0.632524
0.731859
0.779438
0.885706
0.714637
0.739023
2.37161
2.15167
0.862057
0.942345
1.00592
1.21471
1.48419
0.924874
1.04104
1.02222
1.2383
0.735495
1.07235
1.13513
0.9897
0.914589
1.08089
0.838011
2.45691
2.06923
2.19379
1.87413
2.42678
1.20419
1.09205
1.57583
2.06564
2.07643
1.50732
1.49209
1.2061
1.38856
1.25602
1.15689
1.45966
1.94459
1.81572
1.87519
1.17182
1.12538
1.8185
1.57111
1.93062
2.14948
2.05196
1.76871
1.66067
1.67739
1.9724
1.68827
1.43017
1.45889
1.87031
2.72378
4.22336
2.84543
1.48568
1.44926
1.38774
2.57388
1.31247
2.17864
1.67315
2.04437
1.2253
1.07402
1.25143
1.82208
1.44344
1.42696
1.11328
1.62803
1.63336
2.01497
1.5398
1.43147
2.29517
1.5747
2.46214
1.76594
2.01428
1.44899
1.37122
1.16301
1.78327
1.83713
2.30638
2.11937
3.08742
3.0293
2.36147
1.93503
2.10042
2.35214
2.36529
2.0964
3.14464
1.86017
1.98955
1.63638
4.55467
1.86847
2.04804
1.33032
1.20177
1.40424
1.82243
1.54817
0.745278
1.4074
1.68769
2.24608
1.02205
1.84738
1.42726
1.72587
1.34059
0.923298
0.65893
0.489757
0.431775
0.846869
0.620635
0.480252
0.522225
0.449099
0.44139
0.545994
0.535508
0.928081
0.57192
0.699918
0.49014
0.474795
0.452251
0.614803
0.369827
0.44671
0.409019
0.360402
0.728865
1.00211
0.937083
0.756904
0.550334
0.834566
0.528847
0.441959
0.5029
0.535008
0.693228
0.600285
0.472419
0.450333
0.233213
0.48382
0.652709
0.606551
0.457033
0.292852
0.246193
0.415302
0.43081
0.230591
0.467966
0.37801
0.203878
0.574541
0.470038
0.258423
0.174058
