3.29224
3.72436
5.7583
13.9486
12.2906
12.0466
9.4372
12.2887
11.3601
11.9387
11.5675
12.2254
11.5226
10.793
11.1131
10.7351
9.65801
11.0579
11.1744
11.2553
9.6142
10.5585
10.8066
10.2673
10.2567
10.9881
11.2575
10.3921
9.58851
9.51024
8.93211
9.79217
9.5914
9.55263
10.735
10.7639
10.6937
10.6111
11.4916
11.5658
11.5352
10.9745
10.7694
9.96835
10.2927
10.2259
10.694
10.3912
9.64364
9.72408
9.8176
10.4728
8.81581
9.05017
9.53832
9.92415
9.61046
9.5735
10.2854
10.6481
9.92131
9.95927
9.19557
9.41051
9.63935
9.68201
9.36212
7.48404
7.52262
7.48957
8.00727
9.07897
8.49013
8.76169
9.65638
8.97259
7.73159
8.32261
8.0363
9.36583
9.49868
9.27041
8.98885
9.10325
7.06815
9.22226
9.41611
8.94089
8.6038
7.6324
9.73281
7.09788
7.43731
7.87941
8.60073
7.7174
8.43355
7.90965
9.27983
8.00099
9.66926
5.85532
10.5599
10.2916
8.4747
10.6455
10.0232
8.5589
7.51246
6.88487
7.55875
7.51563
8.088
7.9487
7.52242
7.5704
7.09196
6.618
6.70957
7.05282
7.15484
6.95686
6.38052
6.40983
6.00997
6.47553
6.66856
6.68603
6.76829
6.61575
6.67011
6.44477
6.21258
5.69094
5.96476
5.62552
5.94086
5.9437
6.01838
5.83388
7.18552
6.92926
6.57141
6.06907
6.18078
6.2438
5.94236
6.37577
6.8353
7.28592
7.49415
7.05293
6.57438
6.70146
6.20911
6.37814
6.05659
5.76977
5.75916
5.44008
5.03669
5.5013
5.66052
5.47742
5.56524
5.53961
5.32595
5.82496
5.77157
5.84099
6.21468
5.30045
5.81578
5.52035
5.79297
5.38046
5.08918
5.1149
4.88931
5.22275
5.39373
4.80083
4.90169
5.16854
5.04017
5.06797
5.09867
5.24435
5.59384
5.12967
5.15938
4.83305
5.49395
5.06295
5.31062
5.22872
4.87376
4.92017
5.11112
5.03904
5.20403
4.43264
5.04237
4.78914
5.06444
5.27885
4.9405
5.1489
4.91823
4.9088
4.99834
4.55915
4.65735
4.84034
4.62487
4.81268
5.03356
4.40611
4.9362
4.6169
4.54151
4.44814
4.79288
4.7327
4.407
4.76497
5.12913
4.30827
4.45334
4.38556
4.14159
4.50517
4.2347
4.05526
4.28845
4.26594
4.3486
4.17807
4.23779
4.02876
4.23532
4.26744
4.35239
4.45097
4.06208
3.77516
4.09861
3.96583
3.96
3.6926
4.02104
4.11778
3.82547
3.8785
4.01329
3.96635
4.14117
4.14244
3.96695
3.82577
3.889
3.78729
3.70817
3.69311
3.88366
3.72924
3.34537
3.60808
3.80676
3.69187
3.76883
3.55503
3.50331
3.58437
3.60517
3.5179
3.42426
3.48124
3.44396
3.33886
3.65373
3.53448
3.4779
3.33725
3.40542
3.49975
3.28697
3.2046
3.34811
3.09251
3.27777
3.16056
3.20147
3.39039
3.11738
3.1464
3.2785
3.2174
3.27298
3.28392
3.08016
3.15688
3.10076
3.19117
2.93192
3.15508
2.89659
3.14859
3.12453
3.00514
3.16931
2.89731
2.91447
2.87407
2.87933
3.04318
2.93767
3.02129
2.9073
3.01482
3.03429
3.01076
2.81644
2.83826
2.84327
2.59811
2.86378
2.89837
2.79455
2.87335
2.91795
2.72414
2.91335
2.85345
2.82438
2.58375
2.75605
2.76541
2.65289
2.69507
2.74897
2.75178
2.46052
2.49593
2.51535
2.59718
2.53035
2.51581
2.52712
2.52798
2.50078
2.51592
2.4896
2.60064
2.52737
2.48987
2.48158
2.5938
2.55901
2.57295
2.38402
2.43095
2.44332
2.38125
2.48672
2.4617
2.26378
2.38393
2.44123
2.2585
2.3597
2.30899
2.26345
2.11355
2.26097
2.30793
2.39635
2.38242
2.23991
2.14231
2.21334
2.21598
2.29642
2.16462
2.08113
2.02954
2.2785
2.16768
2.18991
2.31901
2.2457
2.22668
2.18554
2.04059
2.2006
2.16653
2.16338
2.18478
2.20988
2.05413
2.04374
1.97361
1.93348
2.08268
2.07614
2.00997
1.98302
2.09572
1.95917
1.94575
1.99071
2.13587
1.9802
1.99494
1.99212
1.90159
1.93412
1.96385
1.97034
1.98282
1.81808
1.90188
1.92648
1.89691
1.95406
1.84774
1.85352
1.78643
1.75084
1.84644
1.79001
1.64183
1.76578
1.78779
1.6965
1.69003
1.73936
1.75571
1.78953
1.73756
1.66404
1.77357
1.71169
1.68584
1.65504
1.75256
1.74536
1.64683
1.6415
1.604
1.53872
1.60925
1.61314
1.67836
1.61246
1.64266
1.7318
1.69167
1.6032
1.63004
1.6243
1.5777
1.66549
1.54475
1.60158
1.61064
1.55567
1.60605
1.65525
1.5196
1.51945
1.59637
1.49911
1.51101
1.50677
1.54932
1.54278
1.49986
1.51714
1.45289
1.39717
1.40796
1.35488
1.39881
1.39967
1.37816
1.4583
1.48285
1.45116
1.42109
1.44113
1.40377
1.4138
1.35411
1.39378
1.41879
1.33803
1.3614
1.31121
1.35666
1.37565
1.39037
1.31792
1.31856
1.38636
1.35855
1.3234
1.31557
1.31329
1.29557
1.33336
1.3237
1.26943
1.24731
1.26325
1.32957
1.31222
1.29025
1.29923
1.34875
1.23443
1.31397
1.3303
1.4469
1.39738
1.35023
1.37126
1.20475
1.35131
1.29337
1.2991
1.31044
1.28628
1.24535
1.29049
1.27525
1.26025
1.32297
1.28112
1.20661
1.25915
1.2967
1.34212
1.19228
1.25112
1.27298
1.26375
1.18475
1.18323
1.22619
1.20745
1.18865
1.17897
1.21058
1.17202
1.20998
1.19502
1.06015
1.12488
1.14109
1.20316
1.12431
1.10878
1.09423
1.09996
1.11007
1.11482
1.15867
1.23683
1.139
1.12533
1.17037
1.22887
1.12476
1.21789
1.14136
1.13426
1.18466
1.08605
1.10088
1.11754
1.17392
1.18129
1.0511
1.156
1.1106
1.0073
1.06525
1.11566
1.14523
1.1045
1.13878
1.11541
1.1355
1.1397
1.16473
1.0088
1.00744
1.02568
1.00082
1.02302
1.04186
1.06105
1.11944
1.18286
0.990358
0.957147
0.957876
0.950313
0.954681
0.976885
1.066
1.00214
0.957723
1.00581
1.01369
1.03655
1.01572
0.96101
1.03609
1.0397
1.04441
1.05391
1.03981
0.959004
0.997249
0.968215
1.01055
1.08467
0.995911
0.989083
1.00062
0.904555
0.89261
0.81261
0.952151
1.00653
0.975468
0.949133
0.92061
0.881196
0.954988
0.980911
0.85446
0.867008
0.867661
0.923491
0.942326
0.852148
0.928718
0.880427
0.896069
0.909549
0.912113
0.9428
0.944366
0.869541
0.901251
0.895256
0.890041
0.897375
0.878762
0.874673
0.851476
0.857527
0.825855
0.856067
0.907574
0.895358
0.899047
0.916505
0.877762
0.874118
0.909347
0.94621
0.886946
0.923953
0.871689
0.89944
0.893298
0.916787
0.942376
1.00167
0.927579
0.989257
1.03044
1.05202
0.9351
0.980803
0.978052
1.0576
1.02686
1.03475
1.06006
1.0864
1.09614
1.14341
1.10465
1.07964
1.09325
1.16043
1.25255
1.11651
1.20093
1.25097
1.19486
1.29938
1.16757
1.19083
1.19975
1.22868
1.22062
1.17617
1.16606
1.22444
1.15836
0.969779
0.892463
0.779418
0.769259
0.750856
0.777891
0.793929
0.850091
0.836716
0.865883
0.856677
0.859838
0.852111
0.786796
0.861361
0.824824
0.825137
0.806869
0.871831
0.914403
0.924064
0.901776
0.912578
0.883668
0.883898
0.902419
0.960408
0.878036
0.936484
0.911459
0.93676
0.972548
0.90064
0.947207
0.966362
0.969556
1.03862
0.96378
0.971853
0.990283
1.00028
1.02987
0.887704
0.934641
0.769746
0.871323
0.802027
0.723369
0.64303
0.596264
0.557781
0.518213
0.51302
0.473228
0.416793
0.382814
0.37755
0.360961
0.412519
0.429314
0.410825
0.420661
0.425034
0.393415
0.428046
0.422814
0.380477
0.370515
