0.241132
0.236229
0.25052
0.247711
0.229725
0.225597
0.236704
0.210409
0.280977
0.250641
0.24181
0.272595
0.23176
0.281151
0.255852
0.256349
0.274982
0.25103
0.280717
0.286833
0.285649
0.278131
0.275405
0.273738
0.251325
0.26509
0.295471
0.309515
0.278089
0.30516
0.270686
0.315741
0.301919
0.30587
0.30597
0.321345
0.288657
0.314461
0.338691
0.311657
0.341181
0.34866
0.293865
0.326225
0.321655
0.326706
0.333634
0.389112
0.415021
0.365777
0.317336
0.331578
0.308153
0.382454
0.364294
0.397912
0.389705
0.333678
0.370005
0.37207
0.346397
0.405659
0.346437
0.382747
0.349669
0.354119
0.384473
0.40077
0.347184
0.318804
0.4047
0.326623
0.315267
0.407737
0.491036
0.539177
0.689723
0.681652
0.468955
0.408846
0.43484
0.361853
0.378852
0.444037
0.438127
0.482301
0.461208
0.482576
0.467639
0.371987
0.327784
0.511346
0.442663
0.524357
0.438407
0.38558
0.383982
0.381082
0.547434
0.440081
0.515207
0.540315
0.514857
0.47979
0.461497
0.417764
0.579688
0.497566
0.587082
0.482369
0.537385
0.40032
0.476534
0.444161
0.551267
0.643088
0.487233
0.61836
0.743261
0.623096
0.467641
0.493006
0.55152
0.433701
0.354029
0.619722
0.415147
0.481652
0.467219
0.559091
0.375907
0.643436
0.607664
0.500316
0.550562
0.403155
0.44847
0.49369
0.539946
0.424073
0.554193
0.547087
0.497159
0.598714
0.610696
0.594707
0.694778
0.505849
0.515517
0.567313
0.571083
0.464841
0.653192
0.515721
0.607683
0.399739
0.607472
0.51689
0.59645
0.663594
0.433534
0.503577
0.641595
0.529878
0.56982
0.595841
0.514878
0.563892
0.618655
0.646609
0.562685
0.482298
0.488677
0.620159
0.59619
0.664129
0.606968
0.557852
0.50747
0.486577
0.779689
0.634975
0.54821
0.697766
0.597835
0.666241
0.706715
0.446528
0.453213
0.724043
0.583433
0.689034
0.55804
0.526218
0.564172
0.636882
0.510286
0.511459
0.498699
0.612767
0.646205
0.625389
0.72163
0.627593
0.582554
0.547626
0.613958
0.658881
0.610955
0.595145
0.710193
0.692214
0.693698
0.723927
0.674231
0.510626
0.665605
0.721112
0.610775
0.63577
0.711434
0.562633
0.583471
0.623609
0.58821
0.589525
0.688115
0.634686
0.6865
0.693157
0.746296
0.570518
0.569305
0.593544
0.720722
0.614098
0.682734
0.61461
0.683314
0.63909
0.765929
0.664966
0.65359
0.684233
0.705054
0.727547
0.61975
0.616475
0.61124
0.591412
0.6772
0.587397
0.791794
0.74352
0.652319
0.739617
0.749322
0.583153
0.793245
0.836387
0.845308
0.774047
0.846081
0.831813
0.813425
0.987706
0.931281
0.851228
0.981973
0.873504
0.920425
0.768082
1.0052
0.885755
0.898834
0.873308
0.977951
0.915382
1.00057
1.00271
0.95766
0.947818
0.999038
0.967799
0.969488
1.0589
0.932112
1.04712
1.02076
1.07658
1.01716
0.936445
0.991459
1.09424
1.0574
0.999098
0.961248
1.18276
1.13824
1.16849
0.940069
0.957389
1.11451
1.15751
1.1361
1.10109
1.28264
1.14561
1.1348
1.19695
1.20048
1.01401
1.12898
1.22845
1.21425
1.13926
1.36833
0.961004
1.25509
1.29671
1.36644
1.22077
1.25431
1.21139
1.16038
1.49066
1.0708
1.50474
1.3379
1.26665
1.19908
1.21633
1.4488
1.25236
1.10715
1.12257
1.00724
0.989009
1.32633
1.08908
0.944561
1.2065
1.19349
0.99517
1.02158
1.1532
0.896002
1.06712
1.09846
1.17373
1.24561
1.23907
1.0782
0.959133
1.15032
1.06985
0.999902
0.98287
0.993484
1.11772
1.20109
0.987822
0.862079
0.792974
1.36957
1.06652
1.01143
1.08233
0.936818
1.32684
1.31553
1.22978
1.22164
1.11627
1.40127
1.17328
1.13727
1.10257
1.16245
1.19464
1.01397
0.922071
0.830673
0.948572
1.12849
1.07907
1.06741
0.963384
1.08186
1.05171
1.03369
1.10275
1.07499
0.98047
1.08908
1.15084
1.09671
0.767318
0.944976
0.95102
1.06516
0.995948
1.00338
0.934867
1.00383
1.06597
1.29269
1.05726
1.27354
0.947062
1.02871
1.10052
0.899646
1.08747
0.925828
0.829514
1.18498
1.52447
1.09077
0.948468
1.12961
1.22387
1.10571
0.853403
0.772036
0.735675
0.816965
0.755915
0.814096
0.829758
0.81008
0.943235
1.28557
1.17282
1.38818
1.52376
1.43528
1.35936
1.34699
1.33696
1.37791
1.44954
1.52385
1.21256
1.38391
1.22348
1.38499
1.371
1.45268
1.27948
1.44835
1.44614
1.74444
1.78281
1.66736
1.63511
2.0073
