0.244341
0.216414
0.252786
0.226183
0.237159
0.208249
0.246432
0.287162
0.279237
0.293195
0.300325
0.252571
0.343031
0.240231
0.300657
0.239142
0.244616
0.228414
0.25866
0.262841
0.238978
0.261485
0.236058
0.215298
0.238917
0.265579
0.205092
0.22562
0.239194
0.284221
0.249543
0.288887
0.269136
0.3386
0.272669
0.310861
0.252668
0.280597
0.317899
0.268823
0.284417
0.240705
0.310034
0.377201
0.25795
0.237714
0.341141
0.362396
0.407512
0.261855
0.262345
0.27653
0.218558
0.243098
0.195789
0.268112
0.273996
0.315831
0.316559
0.242965
0.274056
0.3374
0.276954
0.313801
0.365883
0.331516
0.350943
0.333886
0.287078
0.306683
0.388282
0.30587
0.287193
0.278455
0.265125
0.226418
0.286684
0.282252
0.275456
0.305507
0.281854
0.30812
0.217928
0.274926
0.258996
0.2587
0.302333
0.268104
0.266127
0.224275
0.254899
0.262643
0.288033
0.267859
0.292531
0.268758
0.315187
0.266593
0.274788
0.270194
0.286779
0.295262
0.264758
0.333471
0.279182
0.287653
0.319044
0.267824
0.284457
0.277443
0.299833
0.301749
0.269162
0.260089
0.304748
0.322175
0.281823
0.30985
0.295856
0.284198
0.298289
0.270306
0.312413
0.258548
0.311953
0.357785
0.329802
0.279766
0.283413
0.28709
0.31798
0.316082
0.29489
0.274233
0.296446
0.286123
0.310832
0.275293
0.304061
0.329493
0.373274
0.258517
0.33483
0.372979
0.411139
0.340626
0.341871
0.365314
0.295444
0.290756
0.277431
0.366544
0.342907
0.302183
0.333715
0.32962
0.345097
0.345457
0.355363
0.30306
0.37385
0.355033
0.337436
0.269573
0.403228
0.359466
0.37924
0.352317
0.345897
0.308712
0.330554
0.378894
0.376996
0.38092
0.314316
0.450291
0.328573
0.297086
0.400332
0.322184
0.317678
0.37687
0.365669
0.38563
0.361876
0.372325
0.368034
0.411871
0.411279
0.461082
0.389127
0.362342
0.401507
0.396697
0.388267
0.348545
0.380361
0.435983
0.327491
0.39446
0.381465
0.387563
0.403181
0.382938
0.375728
0.354682
0.345915
0.370283
0.375099
0.421187
0.371839
0.440034
0.365782
0.471557
0.426963
0.384953
0.439726
0.478104
0.361402
0.417134
0.436249
0.470657
0.407541
0.479395
0.468578
0.397906
0.493171
0.349484
0.461578
0.390412
0.410911
0.441001
0.417429
0.421954
0.43708
0.459775
0.391694
0.504363
0.471166
0.412161
0.4344
0.415651
0.408517
0.458714
0.411012
0.376809
0.460358
0.421084
0.415957
0.503914
0.433872
0.454028
0.425529
0.429448
0.479585
0.46674
0.38153
0.482735
0.446149
0.484295
0.451277
0.465154
0.445316
0.4903
0.439189
0.452534
0.472555
0.461151
0.553858
0.52699
0.515112
0.540102
0.480663
0.487611
0.525678
0.483554
0.547615
0.48792
0.532236
0.495942
0.514443
0.45447
0.536812
0.605209
0.497695
0.530064
0.528564
0.579492
0.581935
0.530761
0.52485
0.53155
0.599793
0.586475
0.62436
0.532422
0.522104
0.52208
0.5859
0.514854
0.590145
0.587076
0.559521
0.607679
0.521541
0.625311
0.588467
0.593601
0.586718
0.617616
0.657893
0.632167
0.549003
0.598871
0.622167
0.596124
0.58886
0.596686
0.572066
0.735163
0.643296
0.692633
0.594161
0.547297
0.518428
0.647741
0.600689
0.66048
0.629682
0.58042
0.642908
0.604832
0.632888
0.619384
0.579235
0.580601
0.626716
0.596935
0.553776
0.629959
0.588488
0.622586
0.667837
0.588104
0.54974
0.599077
0.614313
0.606936
0.562895
0.599191
0.654149
0.64342
0.627341
0.580889
0.584579
0.60582
0.566311
0.6281
0.601684
0.608444
0.583577
0.690158
0.626559
0.604109
0.639919
0.662957
0.654907
0.625788
0.643858
0.702749
0.713489
0.749011
0.595824
0.690742
0.658313
0.6892
0.767462
0.696573
0.728653
0.592218
0.739679
0.6694
0.694016
0.756685
0.688814
0.633913
0.707461
0.690691
0.697234
0.751888
0.672332
0.75679
0.746484
0.7337
0.710955
0.73005
0.735966
0.780647
0.730312
0.751311
0.727453
0.7343
0.624275
0.651633
0.668094
0.673961
0.654623
0.722846
0.701856
0.72222
0.732108
0.683368
0.690491
0.773811
0.819401
0.769022
0.751879
0.781664
0.725876
0.751977
0.862922
0.995292
0.780995
0.898754
0.673586
0.831334
0.747604
0.746323
0.859757
0.900204
0.88429
0.852068
0.936685
0.933597
1.07962
0.824137
0.880522
0.799536
0.790194
0.849099
0.867247
0.958639
0.915086
0.886718
0.898715
0.836643
0.88411
1.08853
0.990193
0.890053
0.927523
0.764216
1.02699
0.904463
0.877455
0.909216
1.03413
1.02853
0.722019
0.908294
0.983838
1.00944
0.950763
1.00731
1.05006
0.906144
0.899357
1.0178
1.10107
0.92385
0.805208
0.841732
0.778777
0.852037
0.988142
0.899874
0.935169
0.939739
0.995669
1.01106
0.964386
0.903466
1.08579
0.810505
0.91669
0.936554
0.894175
0.996709
0.893922
0.91599
0.819133
0.869383
0.883848
1.02467
0.988274
0.930287
1.03169
0.651761
0.861452
1.00968
1.07712
0.929133
0.936404
0.827954
0.656277
0.65301
0.663045
0.909142
1.08697
1.03825
0.880036
0.931806
1.04435
1.01632
0.80768
0.772568
0.829794
0.764892
1.05046
1.1716
0.97674
0.819628
0.796762
0.786976
0.780652
0.895529
0.889186
0.908978
0.982206
0.98561
1.08211
1.07739
1.10742
1.15013
1.08072
1.14727
1.08907
0.984223
1.01156
1.15232
1.08268
1.11338
1.0873
1.02289
1.01592
1.00983
1.08092
1.05167
0.923687
0.793895
0.740909
0.820519
0.754809
0.749478
0.918467
1.05847
1.14111
1.22716
1.0913
1.05325
1.15637
1.18516
1.13952
1.12399
1.08857
1.00263
0.979273
0.932353
0.937124
0.779312
0.814938
0.923389
0.965536
1.02098
1.35952
1.31996
1.27048
1.16636
1.15436
1.20982
1.13375
1.29395
1.20234
1.25931
1.16224
1.24617
1.33972
