0.133368
0.140707
0.137145
0.125743
0.115858
0.0916667
0.0931204
0.109806
0.122324
0.105124
0.128426
0.153957
0.217223
0.174652
0.16022
0.184544
0.213158
0.183114
0.219239
0.254371
0.264489
0.215799
0.213368
0.214945
0.224028
0.208815
0.212717
0.235363
0.284791
0.302491
0.303953
0.368902
0.450843
0.521242
0.678109
0.713162
0.957218
0.795772
0.820364
0.858013
0.859328
0.940142
0.995142
0.945707
1.03464
0.85948
1.18746
1.15927
1.25686
1.28533
1.37773
1.29744
1.54845
1.76501
1.65874
1.6222
1.52777
1.60673
1.95213
1.5786
1.58557
1.91353
2.26159
1.66815
2.05966
2.05302
2.45488
2.23085
2.00003
1.98928
2.2048
2.54513
2.50627
3.23978
2.81764
3.49409
1.58084
4.04392
1.90605
1.8663
2.25789
2.13804
1.315
1.0388
1.35575
1.35272
1.4974
1.38417
1.42158
2.23307
2.46676
2.83153
2.00532
1.99762
2.87388
3.35327
2.83394
2.68057
1.79788
1.87904
1.40401
1.65858
1.51009
1.40672
1.97284
1.88432
1.37772
1.40014
3.20546
3.33262
3.94378
2.4141
1.89897
2.15507
4.04106
4.14108
1.63958
1.7826
1.60826
1.97489
2.06169
1.73642
1.74776
2.96003
5.88992
2.49049
1.79136
3.42854
3.02904
1.50731
2.66193
2.38205
1.09964
1.57464
1.29781
0.852886
2.04817
2.24752
3.42359
4.29622
4.15883
4.47413
4.93397
4.0107
4.41849
4.41758
4.38519
4.18471
4.10732
2.63544
2.19111
2.00461
1.06143
1.00378
1.0383
1.55534
3.13375
2.90959
1.60741
1.31124
1.26609
1.51796
1.20019
1.38976
2.05742
4.57489
2.40944
3.29045
2.886
5.29781
