0.62016
0.649605
0.583748
0.611863
0.64785
0.759089
0.767982
0.818134
0.796089
0.803444
0.822951
0.748145
0.782669
0.828482
1.22849
1.38798
1.51539
1.16552
0.986904
1.30862
0.976566
0.53123
0.476284
0.527325
0.620134
0.908337
0.985648
1.24363
1.38067
1.11356
1.0337
1.276
1.04473
1.63644
1.48238
1.15188
1.46209
1.56719
1.45791
1.54473
1.27315
1.47267
1.72517
1.42213
1.3618
1.91942
1.71497
1.24638
1.25116
1.50053
1.57472
1.5871
1.47919
1.18465
1.40494
1.08927
1.32687
2.11139
2.56989
2.1499
1.69551
1.47057
1.36981
1.68795
1.39408
1.52267
1.48574
1.30288
1.10739
1.56371
1.29129
1.38456
0.910305
1.2626
1.14804
1.21169
0.924027
1.21672
1.43075
1.44634
1.45245
1.54144
1.51845
1.59996
1.22528
1.09604
1.2863
1.16166
1.44345
1.33308
1.53539
1.45914
1.07114
1.23217
1.89919
1.58882
1.5373
1.41676
1.55787
2.01941
1.43198
1.52837
1.65094
1.55371
1.52691
1.29458
1.40273
1.18442
1.49809
1.993
1.76921
2.88848
1.80392
1.90108
1.80302
1.77398
2.03539
1.81071
1.92251
1.66622
1.43704
1.48338
1.73152
1.73536
1.97735
2.01247
1.97794
1.74437
1.66475
1.4401
1.78382
1.64281
1.93757
1.896
1.9604
2.10357
1.58435
1.48167
1.72376
1.98484
2.11625
2.01539
1.95446
2.09907
1.59034
1.82714
1.62334
1.47552
1.03567
2.40899
1.33618
1.13938
1.36858
2.03756
1.51195
1.36035
1.17054
0.789087
0.744232
0.722282
0.749884
0.893817
1.61799
1.08708
0.878167
0.807166
1.48161
1.16592
1.57275
0.939263
0.936356
1.57663
0.825394
0.729981
0.906216
2.21353
2.29044
1.92662
1.10266
1.20297
1.29062
1.59182
1.73079
1.58091
0.924827
0.688063
1.12419
0.983159
0.989976
1.59433
1.83318
2.49082
2.22315
2.69471
2.48633
1.68278
1.98128
1.84522
1.70308
2.19918
1.86172
1.93123
1.82163
1.18457
1.36887
1.5269
1.33126
1.73644
1.30196
1.98538
2.15646
1.58492
1.56213
1.0888
1.26337
1.34186
1.79175
2.19779
2.13108
1.76971
1.87637
2.02092
1.82461
2.1574
1.66973
1.27666
1.14954
1.22079
1.31555
1.55383
1.49484
1.69288
1.99205
2.86527
2.37618
2.06129
2.21527
2.42575
2.66491
2.79834
2.69223
2.89842
2.50403
2.46263
2.71517
2.56537
2.62054
2.59677
2.82917
