2.06327
3.12548
1.72643
1.6718
0.394431
0.474557
0.589931
0.69552
0.631968
0.701709
2.34795
2.04112
2.98507
5.76872
4.07616
5.62214
4.80201
1.75709
1.08756
1.77515
1.35218
1.43957
1.73275
1.59864
1.62857
1.00299
1.39157
1.46596
2.28263
2.40576
1.95993
2.32603
3.80254
3.17312
3.95965
3.73759
2.81068
2.91126
2.69435
2.45939
3.83745
3.849
4.08839
3.49592
2.96411
4.16091
4.57208
5.02313
4.47772
5.60654
4.62927
5.25525
6.25947
6.62804
3.24673
3.17444
4.03306
3.23463
2.96649
5.23157
4.73906
6.80866
6.24595
5.6898
3.71352
2.09266
2.67637
3.50945
3.58324
3.06067
3.95303
6.34721
3.49682
4.76295
6.2611
3.86631
3.00183
3.39634
3.15574
2.65778
2.84302
1.91599
2.17292
4.07771
3.81464
4.15091
3.31745
2.94772
3.49979
3.7585
4.08301
3.78093
3.54857
2.72233
3.66063
5.06921
7.72557
7.13522
7.66643
7.81906
2.06515
2.71706
4.77537
6.12547
3.39944
2.2323
2.3896
2.78702
6.95697
5.64254
3.3298
3.54723
4.38437
6.18101
2.22613
2.6022
2.96526
3.04881
