1.43375
1.44765
1.57431
1.98404
1.55049
1.14936
1.57727
1.25342
1.56277
1.01907
1.34147
0.859175
1.08868
0.886399
1.03801
0.829424
0.923573
0.98137
1.02375
0.937483
1.04186
1.08767
0.947222
1.13234
0.975196
1.1627
1.00976
1.05157
1.37118
1.07538
1.30464
1.34294
1.48357
1.12466
1.1842
1.5621
1.11455
1.4596
1.06424
1.06737
1.41971
1.29546
1.01031
1.16178
1.13368
1.15789
1.31168
1.24896
1.2261
1.07577
1.2049
1.2353
1.03045
1.35023
1.09508
1.01676
1.11313
1.06417
1.43107
1.02702
1.04092
1.15051
1.03449
1.10586
1.20546
1.03039
1.19396
1.19127
1.18231
1.10312
1.21009
1.24158
1.1918
1.30172
1.18321
1.03783
1.35127
1.27803
1.11268
1.45928
1.27116
1.15354
1.22765
1.29187
1.12748
1.47177
1.03422
1.15289
1.41853
1.29176
1.09881
1.29312
1.2557
1.30205
1.05945
1.16204
1.03048
1.3931
1.02963
1.13335
0.986384
1.18321
1.22495
1.22121
1.18088
1.29298
1.0764
1.26981
1.01429
1.2494
1.01709
1.05753
1.16906
1.1344
1.17235
1.25012
1.19899
1.06346
1.20378
1.08629
1.00122
1.30527
1.19872
0.985629
1.13589
1.08717
1.10543
1.13043
1.103
1.12998
1.10093
1.15451
1.26551
1.27302
1.26717
1.15331
1.17093
1.13171
1.09966
1.07254
1.11059
1.01202
1.11542
1.12622
1.20453
1.12451
1.1912
1.1446
1.10859
1.08146
0.971043
1.0689
0.866702
0.962325
1.08476
1.17326
1.09265
1.09259
0.915406
1.04668
0.967037
1.02381
0.979938
0.941721
1.08574
0.915386
1.03526
0.976987
0.894398
1.13463
0.897582
0.948664
1.01633
1.05788
1.18193
1.02317
1.0436
0.990611
1.03783
1.09581
0.929155
1.01641
1.02341
0.820517
0.871168
0.917608
1.07785
1.10724
1.17241
1.01805
0.897611
1.01647
0.868299
0.86687
1.18875
0.710769
0.795358
0.87275
0.79794
0.916127
0.869974
0.990112
0.78237
0.879556
0.833484
0.743076
0.882767
0.817197
0.861047
0.792557
0.886941
0.863494
0.841397
0.882883
0.80518
0.807209
0.972713
0.941726
1.03557
1.20434
1.14073
0.824552
1.0399
0.938446
0.9873
0.821827
0.660734
0.61912
0.747965
0.672304
0.817631
0.701974
0.632214
0.632263
0.568861
0.694244
0.471719
0.428101
0.577655
0.628849
0.65437
0.656227
0.637546
0.671382
0.648253
0.517508
0.508114
0.535813
0.502542
0.535485
0.468685
0.578329
0.462026
0.596029
0.501062
0.536366
0.550614
0.484641
0.458832
0.427874
0.615726
0.643679
0.653678
0.556593
0.505569
0.495726
0.431248
0.531444
0.377759
0.574213
0.484898
0.448352
0.497142
0.486508
0.443527
0.514005
0.411114
0.497924
0.511397
0.505013
0.502009
0.408219
0.450061
0.369325
0.476122
0.375983
0.403012
0.362564
0.333075
0.429524
0.437153
0.393071
0.348388
0.414134
0.354263
0.397507
0.357047
0.433177
0.31637
0.420871
0.413741
0.361442
0.354853
0.381154
0.378389
0.398151
0.343579
0.319677
0.302289
0.330733
0.363372
0.335441
0.329246
0.348012
0.268158
0.293019
0.2915
0.308577
0.338351
0.25943
0.250506
0.326288
0.285038
0.310383
0.2862
0.28521
0.284326
0.275478
0.250454
0.246227
0.282835
0.306245
0.217329
0.292644
0.276484
0.278591
0.245197
0.278404
0.307436
0.297687
0.297054
0.269353
0.323338
0.225734
0.24174
0.226067
0.199912
0.236557
0.247219
0.228187
0.314768
0.230809
0.223188
0.238291
0.289138
0.214264
0.264317
0.216224
0.205615
0.199626
0.242297
0.216786
0.212282
0.217026
0.284445
0.220823
0.188635
0.205081
0.223816
0.197928
0.247741
0.197137
0.177667
0.198393
0.210136
0.221822
0.189258
0.221282
0.198246
0.217944
0.194119
0.194303
0.178097
0.187467
0.16082
0.208865
0.14862
0.211328
0.216863
0.16931
0.16498
0.204734
0.14332
0.146538
0.198876
0.19689
0.164206
0.186544
0.175123
0.167101
0.146755
0.16968
0.153837
0.139991
0.175548
0.186684
0.179153
0.158044
0.138556
0.155923
0.161166
0.184408
0.123638
0.169252
0.152502
0.139887
0.146016
0.142814
0.110354
0.130584
0.161296
0.117271
0.131662
0.119528
0.14573
0.111827
0.112183
0.100561
0.121553
0.130388
0.110655
0.118622
0.109694
0.0974171
0.0856082
0.117072
0.114206
0.086011
0.113096
0.0904133
0.101022
0.114028
0.0946092
0.103169
0.101416
0.0989108
0.102428
0.103172
0.113616
0.0841136
0.114062
0.110724
0.118259
0.106111
0.123515
0.107107
0.116306
0.1144
0.100182
0.096095
0.0934117
0.100195
0.0981925
0.0921126
0.0849554
0.0870752
0.115928
0.108075
0.110685
0.0727073
