0.263265
0.307606
0.296559
0.321464
0.332781
0.347601
0.333315
0.351635
0.375747
0.448935
0.51312
0.449021
0.715979
0.619626
1.06327
1.20231
1.08679
0.792973
0.743896
0.756634
0.769486
0.73696
0.520329
0.706109
0.665105
0.477862
0.58506
0.569953
0.537079
0.51716
0.535008
0.496093
0.568611
0.560229
0.54714
0.521752
0.595459
0.497142
0.625464
0.538812
0.613488
0.640882
0.611701
0.57682
0.614202
0.638963
0.657031
0.60507
0.613217
0.569007
0.612459
0.505952
0.590515
0.580331
0.564374
0.610128
0.502722
0.557372
0.531952
0.513559
0.492354
0.548909
0.517616
0.491497
0.351302
0.303182
0.39471
0.28251
0.292761
0.306098
0.305266
0.323779
0.366297
0.322301
0.422619
0.43724
0.328312
0.345899
0.373187
0.328469
0.301959
0.369568
0.368237
0.314446
0.410286
0.36632
0.325896
0.402782
0.262869
0.360339
0.292951
0.332993
0.316965
0.320054
0.461873
0.328321
0.354836
0.327614
0.422967
0.497654
0.339847
0.369472
0.352772
0.467466
0.35574
0.295124
0.348339
0.368374
0.392952
0.395172
0.299125
0.344719
0.267734
0.327655
0.288195
0.302344
0.294865
0.369811
0.355614
0.341785
0.287083
0.332237
0.378413
0.323136
0.277263
0.35739
0.280754
0.321253
0.318443
0.305406
0.33794
0.283943
0.235428
0.253226
0.28141
0.286716
0.362691
0.362792
0.311809
0.256718
0.311394
0.291237
0.299535
0.266096
0.304003
0.204911
0.248904
0.359528
0.23365
0.355465
0.272247
0.316453
0.291103
0.323145
0.251945
0.257031
0.276003
0.311592
0.225326
0.260181
0.220745
0.300673
0.223124
0.275981
0.278138
0.309039
0.256053
0.260706
0.241448
0.234377
0.238387
0.276059
0.252483
0.252592
0.267894
0.239207
0.265859
0.260172
0.23616
0.255285
0.206266
0.29013
0.222919
0.224239
0.245421
0.194337
0.215192
0.239096
0.227944
0.207992
0.193151
0.232881
0.220744
0.244836
0.208697
0.226055
0.230021
0.241583
0.224768
0.20795
0.208633
0.235953
0.19197
0.197951
0.216116
0.276531
0.197457
0.237955
0.291925
0.206499
0.183143
0.244236
0.231059
0.25512
0.187004
0.202124
0.229512
0.23982
0.187392
0.196954
0.180425
0.177369
0.170538
0.16555
0.164465
0.211365
0.184992
0.209748
0.252699
0.182396
0.21294
0.18838
0.189731
0.197879
0.220352
0.235232
0.183341
0.164684
0.197295
0.173916
0.228466
0.190651
0.225343
0.184962
0.167113
0.178394
0.172641
0.140811
0.153181
0.154438
0.173812
0.197775
0.170669
0.154514
0.18456
0.2328
0.152617
0.123025
0.16604
0.166937
0.198366
0.218345
0.208525
0.192791
0.209186
0.172558
0.141226
0.228897
0.180087
0.198508
0.179327
0.171084
0.160939
0.165014
0.133796
0.158395
0.136261
0.127839
0.144547
0.150492
0.182898
0.166143
0.166441
0.197594
0.153596
0.16701
0.15996
0.15288
0.177553
0.150551
0.123788
0.110111
0.152177
0.166534
0.137058
0.134424
0.140733
0.177153
0.190816
0.158915
0.178178
0.192323
0.177171
0.13115
0.138266
0.154732
0.155727
0.148652
0.17819
0.151507
0.142363
0.162799
0.178008
0.16751
0.130542
0.170677
0.144699
0.157524
0.141887
0.144906
0.172354
0.17899
0.13682
0.147761
0.137823
0.167352
0.151351
0.13635
0.15172
0.137698
0.193708
0.159659
0.137585
0.172963
0.155502
0.151211
0.125133
0.147226
0.146336
0.108356
0.141444
0.143533
0.161749
0.166314
0.154307
0.146893
0.135294
0.132375
0.112113
0.142457
0.143313
0.126647
0.152386
0.154022
0.133196
0.140647
0.137089
0.157805
0.124002
0.116004
0.133613
0.146356
0.16256
0.145505
0.156244
0.14378
0.126079
0.141062
0.140044
0.146911
0.195235
0.188075
0.152988
0.155146
0.163421
0.134847
0.175671
0.163815
0.140382
0.161626
0.149439
0.150305
0.14898
0.106646
0.136162
0.143019
0.179209
0.146617
0.156661
0.178388
0.133988
0.181418
0.170459
0.167805
0.16456
0.153166
0.126769
0.147356
0.136459
0.15306
0.138574
0.162413
0.146783
0.152468
0.130277
0.136416
0.152076
0.131996
0.131752
0.149746
0.169017
0.139347
0.145932
0.153129
0.148089
0.150426
0.152281
0.156618
