0.156805
0.135318
0.146972
0.163088
0.153164
0.156822
0.170255
0.144631
0.179242
0.314416
0.317466
0.394915
0.419165
0.311747
0.294953
0.351205
0.545268
0.74061
0.809665
1.08023
1.39166
1.91677
2.21122
2.27219
1.74738
1.29036
0.910389
0.924547
1.0961
1.00166
1.09524
1.09337
1.00857
0.968459
1.02656
0.973494
1.07499
1.06063
1.46805
1.28579
1.64017
1.37016
1.42391
1.64034
1.7373
1.81228
1.71582
1.85525
1.61323
1.5662
1.50941
1.57961
1.77411
1.91095
1.62675
1.61087
1.92565
2.30979
2.26979
2.28022
1.82617
2.07357
2.17822
2.14477
2.5876
2.5591
2.50828
2.42209
2.58399
2.62917
2.6815
2.33291
2.86363
3.24532
2.7911
2.93224
2.85584
4.20826
2.46021
2.88309
4.00302
3.20953
2.69866
3.27251
3.27491
5.13225
3.7661
2.11336
3.37138
4.6224
3.96243
3.72664
3.80369
3.06905
2.9671
3.7711
3.96291
4.56501
5.12447
3.35102
3.99162
4.26665
3.39603
4.43288
4.64226
3.62102
4.30761
4.43786
5.47923
4.58028
3.9127
4.52172
3.32417
4.91018
4.23028
4.89305
4.44379
4.92222
4.37881
4.9492
4.97051
4.64714
4.36074
4.24003
4.13483
5.15762
5.3875
5.6215
4.74395
4.69249
4.3587
4.68373
5.2424
5.48814
5.25289
3.77568
4.35558
4.82636
4.82212
4.59212
4.79001
4.87898
5.38876
4.00218
4.54395
5.9836
5.84444
3.90058
3.5925
4.7391
4.69081
3.45051
3.76228
3.8484
4.22379
5.44735
6.05136
