0.542498
0.708019
0.645923
0.701595
0.937852
0.753166
0.767875
0.812007
2.37006
2.50536
2.3035
2.31269
2.10224
2.19255
1.86506
2.41557
2.04676
1.67339
2.27602
2.28966
2.22935
1.7415
1.48359
1.84912
1.72048
1.81121
1.69296
1.53472
1.76617
1.74501
1.72715
1.66134
1.64285
1.71486
1.8754
1.54899
2.00044
1.68025
1.77703
1.98394
1.45003
1.96156
1.67562
1.91722
2.18338
1.69101
2.04093
1.39856
1.66853
1.74233
2.29226
1.76782
1.50604
1.93857
2.11845
1.26041
1.56839
1.52615
1.7939
1.84039
1.44263
2.04454
1.66936
1.7485
1.87633
1.91564
2.14804
2.16135
2.44021
1.84657
2.19274
2.26866
2.25209
1.83373
2.00688
2.16023
2.07465
1.77318
1.98394
2.06787
1.9342
2.06496
1.76336
2.38695
1.61085
1.68518
2.34632
1.94835
1.85422
1.94202
1.92115
1.82712
2.0193
1.9909
2.64853
2.13325
1.9905
2.01102
1.76842
1.66808
2.06348
2.04051
2.16277
1.64283
2.10832
1.83742
1.73741
1.66586
1.89927
1.93541
1.73715
1.82129
1.58514
2.26253
1.90017
1.88261
1.43953
1.5249
1.69771
2.27961
1.87375
1.47766
1.64792
1.61695
1.98601
2.21294
1.99527
1.89968
1.49635
1.47944
1.55469
1.42132
1.47405
1.61455
1.25425
1.73258
1.70785
1.41355
1.88433
1.7151
1.36026
1.6745
1.44532
1.55741
1.44618
1.42921
1.65996
1.58585
1.75668
1.61036
1.88041
1.50072
1.32477
1.28961
1.39579
1.52247
1.62653
0.756838
0.790902
0.830568
1.07884
1.19325
1.2213
1.42758
1.14546
1.02093
1.6175
1.02018
1.19462
1.57092
1.65573
1.38931
1.89778
2.18177
1.70394
3.2096
2.89312
1.77325
0.880895
0.841858
1.3214
0.818525
0.90535
