0.410162
0.355509
0.365668
0.373091
0.399097
0.412845
0.401583
0.416893
0.401977
0.369932
0.393722
0.426646
0.457917
0.472673
0.419153
0.404535
0.379655
0.441797
0.501411
0.497907
0.43372
0.412755
0.411915
0.412575
0.408088
0.402587
0.430789
0.39637
0.395005
0.404583
0.379843
0.408629
0.430169
0.415609
0.382308
0.367704
0.378038
0.391273
0.369513
0.380115
0.391117
0.418415
0.391061
0.384755
0.353838
0.389046
0.437591
0.376325
0.380975
0.374846
0.388941
0.400107
0.410484
0.457017
0.454302
0.438396
0.425657
0.442421
0.505565
0.415504
0.437065
0.4685
0.417923
0.427414
0.400774
0.400184
0.416296
0.385562
0.402701
0.375516
0.387506
0.383591
0.45478
0.434851
0.427448
0.373693
0.389397
0.347701
0.365342
0.437242
0.386273
0.369391
0.39449
0.434158
0.378047
0.421377
0.455465
0.369469
0.449535
0.386965
0.427156
0.426007
0.495134
0.502204
0.38792
0.393396
0.389837
0.386104
0.339053
0.356584
0.403494
0.343886
0.340014
0.351607
0.365895
0.375368
0.395232
0.418609
0.400028
0.402401
0.339534
0.398196
0.365537
0.36598
0.379881
0.377168
0.40294
0.380103
0.38132
0.392474
0.383496
0.419937
0.418275
0.412145
0.448736
0.474905
0.534137
0.561205
0.421279
0.408976
0.387972
0.465296
0.433257
0.429039
0.458832
0.531347
0.39111
0.404414
0.45084
0.468884
0.49468
0.486472
0.420607
0.462653
0.491325
0.612889
0.460644
0.501756
0.544321
0.576842
0.565781
0.568267
0.535255
0.580071
0.616345
0.612558
0.676939
0.656184
0.598787
0.713769
0.707192
0.830395
0.721683
0.709451
0.696299
0.692932
0.667426
0.691739
0.804742
0.745075
0.677339
0.683299
0.647245
0.802488
0.783674
0.862963
0.791566
0.790193
0.843612
0.931387
0.819323
0.802868
0.753226
0.689904
0.668246
0.711276
0.654556
0.689079
0.752146
0.713604
0.663424
0.714031
0.653143
0.681669
0.646936
0.671768
0.730639
0.659111
0.668575
0.657637
0.640025
0.583229
0.646822
0.599957
0.655177
0.612562
0.536511
0.578613
0.595867
0.600557
0.579458
0.584146
0.534354
0.548094
0.518731
0.534753
0.570456
0.531886
0.505824
0.527554
0.583116
0.536246
0.546146
0.616412
0.515834
0.476681
0.539695
0.464186
0.49549
0.450752
0.422582
0.445294
0.460103
0.400453
0.38659
0.41754
0.398352
0.399968
0.375106
0.387799
0.392572
0.418061
0.374088
0.463822
0.44819
0.435805
0.41776
0.404491
0.416113
0.403374
0.413188
0.388289
0.365552
0.436739
0.478113
0.37754
0.397646
0.405379
0.411211
0.432578
0.397395
0.423097
0.395391
0.391289
0.430978
0.397491
0.464589
0.473951
0.408309
0.411779
0.434197
0.470321
0.425879
0.440459
0.463407
0.412933
0.470752
0.436218
0.418517
0.424289
0.399875
0.41597
0.366062
0.427408
0.389903
0.404964
0.37591
0.380481
0.437482
0.457918
0.423393
0.422576
0.480696
0.438948
0.384396
0.385861
0.467405
0.413054
0.417098
0.42222
0.370316
0.389044
0.401371
0.399171
0.394121
0.429561
0.385206
0.365437
0.377225
0.384883
0.428897
0.416957
0.443417
0.450915
0.372145
0.374614
0.383361
0.443788
0.427864
0.433052
0.426318
0.3925
0.393294
0.432779
0.432276
0.434179
0.457483
0.400905
0.403617
0.438731
0.445574
0.46064
0.431177
0.448556
0.4444
0.457277
0.404812
0.436339
0.463969
0.431446
0.426395
0.413284
0.432476
0.402977
0.411703
0.427601
0.437469
0.439175
0.419632
0.393658
0.416146
0.398943
0.380025
0.392696
0.42198
0.404566
0.383443
0.396533
0.407127
0.428943
0.44251
0.428727
0.429406
0.38329
0.406083
0.412766
0.424767
0.414061
0.379614
0.35838
0.382616
0.389075
0.421949
0.412135
0.424124
0.403551
0.376042
0.391413
0.395528
0.386089
0.408319
0.413412
0.417647
0.406357
0.38547
0.445968
0.432401
0.441955
0.396908
0.398598
0.373214
0.400868
0.342524
0.398978
0.432245
0.393497
0.383008
0.398468
0.363053
0.42943
0.402907
0.404378
0.349043
0.397121
0.396052
0.403595
0.414793
0.396858
0.394449
0.406663
0.381007
0.405722
0.416948
0.420876
0.409168
0.427836
0.418705
0.393709
0.408641
0.426309
0.436027
0.385742
0.414465
0.405526
0.4096
0.399718
0.42774
0.380534
0.40792
0.400837
0.397147
0.409342
0.406235
0.42251
0.453247
0.425724
0.434571
0.44203
0.404999
0.401563
0.402826
0.437464
0.452337
0.416927
0.405982
0.403556
0.405184
0.411898
0.440174
0.427647
0.379518
0.397034
0.364179
0.404822
0.441257
0.434245
0.384854
0.406616
0.395276
0.392325
0.403237
0.427635
0.418403
0.437513
0.412454
0.444662
0.451904
0.421438
0.451638
0.437462
0.446964
0.436121
0.426488
0.485151
0.447733
0.444238
0.408272
0.476232
0.44982
0.409708
0.472842
0.429296
0.411096
0.428451
0.409959
0.416874
0.456362
0.435484
0.445634
0.423732
0.411834
0.495592
0.443414
0.447506
0.456008
0.477422
0.44621
0.475945
0.439145
0.431244
0.465567
0.44207
0.50225
0.449315
0.487483
0.456558
0.486805
0.478077
0.43647
0.490783
0.459659
0.472789
0.513178
0.441248
0.436025
0.468831
0.47356
0.429891
0.407924
0.412592
0.433375
0.430346
0.435054
0.451414
0.419009
0.431154
0.494686
0.48752
0.418157
0.446414
0.491589
0.430206
0.428551
0.429497
0.376718
0.459957
0.458882
0.448339
0.462079
0.410956
0.460065
0.433223
0.462841
0.460137
0.407112
0.470771
0.478722
0.462443
0.47381
0.449266
0.423273
0.467404
0.413174
0.461146
0.455061
0.456
0.423242
0.407608
0.420629
0.426779
0.410204
0.404573
0.396227
0.422263
0.495355
0.496854
0.426344
0.41591
0.476241
0.467266
0.471453
0.438875
0.415315
0.446872
0.398628
0.453687
0.485277
0.415638
0.460955
0.470636
0.473338
0.512414
0.484737
0.474548
0.433621
0.446986
0.445076
0.42416
0.459193
0.461296
0.442351
0.411091
0.484944
0.46898
0.469757
0.411262
0.427081
0.438686
0.468232
0.487863
0.406575
0.446767
0.3782
0.458555
0.447059
0.421303
0.420643
0.429808
0.436868
0.453868
0.432115
0.412104
0.425038
0.474346
0.411364
0.457342
0.50676
0.394554
0.455109
0.462335
0.504251
0.492903
0.474042
0.408367
0.453893
0.416398
0.487464
0.478524
0.481374
0.469792
0.422554
0.421146
0.423165
0.458542
0.48755
0.459873
0.439432
0.432594
0.464013
0.439574
0.492707
0.44992
0.44334
0.45251
0.454414
0.520028
0.485262
0.471352
0.441407
0.403778
0.4543
0.46624
0.430411
0.458646
0.498444
0.471423
0.513737
0.51563
0.512285
0.48642
0.466564
0.418839
0.434733
0.443084
0.509916
0.471529
0.52364
0.47768
0.459311
0.514569
0.472008
0.474658
0.478375
0.439886
0.444717
0.444131
0.516223
0.513156
0.46295
0.461728
0.528282
0.556909
0.481937
0.517965
0.464249
0.517093
0.510141
0.462121
0.44376
0.50798
0.462552
0.539659
0.432569
0.433865
0.458706
0.496252
0.507882
0.492859
0.45077
0.498232
0.403064
0.563398
0.553354
0.521661
0.43918
0.552971
0.555248
0.539836
0.434641
0.564312
0.5961
0.376405
0.474934
0.516827
0.372981
0.599124
0.55206
0.603135
0.489734
0.492418
0.459268
0.470437
0.515241
0.533094
0.588839
0.570882
0.382331
0.538557
0.506803
0.565159
0.500803
0.639112
0.476234
0.492254
0.562467
0.579435
0.459873
0.525643
0.444707
0.46311
0.511784
0.416736
0.52
0.477383
0.602839
0.485864
0.575172
0.403436
0.521725
0.533185
0.681653
0.447445
0.503243
0.628238
0.529507
0.561449
0.451218
