0.529534
2.07279
1.89236
1.89859
1.90108
1.66257
0.996502
1.53105
0.426353
0.41546
0.445654
0.451047
0.414274
0.409014
0.422478
0.414837
0.456094
0.461035
0.440141
0.456933
0.459527
0.449667
0.464878
0.436502
0.452377
0.449149
0.42529
0.442762
0.474485
0.464343
0.481008
0.436933
0.454163
0.439814
0.477381
0.490453
0.463006
0.502256
0.459066
0.506055
0.47243
0.507144
0.455414
0.559484
0.53483
0.556103
1.93144
1.4857
1.93547
1.71338
1.33031
1.35825
1.07108
1.17249
0.536302
0.447356
0.48496
0.417601
0.447604
0.529107
0.464844
0.45397
0.487911
0.474301
0.479519
0.443151
0.459656
0.430382
0.444462
0.421976
0.481147
0.415727
0.40063
0.427452
0.46757
0.482941
0.518037
0.465374
0.432565
0.4762
0.479069
0.393259
0.415455
0.644272
0.562332
0.46901
0.625067
0.640703
0.665559
0.614812
0.628161
0.670267
0.396919
0.5636
0.607233
0.599748
0.480809
0.588441
0.88631
0.963432
0.583631
0.69552
0.730385
0.506501
0.483443
0.455756
0.555371
0.610773
0.567886
0.575172
0.40952
0.54141
1.28059
1.10093
1.1759
1.19415
1.04306
0.951304
1.00936
0.827792
1.19955
1.36337
0.981487
1.16784
1.16531
1.22782
1.14402
1.0688
1.11261
1.18069
1.15039
1.08208
0.970096
1.0352
0.98359
0.876607
0.904892
0.917641
0.919388
0.957151
1.0456
1.08755
1.21757
1.06414
0.982917
1.0604
0.827421
0.979183
0.844361
0.938746
1.08601
0.912689
0.941273
1.02396
1.00661
0.730695
0.715727
1.19872
1.01879
0.68578
0.927633
0.904224
0.98941
1.06664
1.21565
0.877553
0.835379
0.55142
0.512541
0.633369
0.736579
0.61507
0.713372
0.712416
0.671121
0.7523
0.673492
0.739619
0.62464
0.645
0.877118
0.801788
0.76915
0.681053
0.816814
0.764304
0.689888
0.838745
0.680543
0.798528
0.635202
0.638651
0.64543
0.658766
0.82212
0.594258
0.777082
0.596297
0.674776
0.613231
0.566616
0.607536
0.496278
0.59534
0.580022
0.6448
0.634309
0.644877
0.565293
0.5957
0.616693
0.659428
0.612693
0.608024
0.566079
0.579671
0.600754
0.56868
0.717283
0.657596
0.733954
0.698028
0.668308
0.724123
0.788464
0.779619
0.794023
0.522544
0.775756
0.596989
0.583049
0.624615
0.698517
0.700329
0.5021
0.577563
0.538573
0.603007
0.520138
0.594758
0.571055
0.508124
0.572088
0.509201
0.439486
0.501127
0.521841
0.571043
0.601769
0.604081
0.50769
0.562382
0.525584
0.46752
0.368132
0.468756
0.428345
0.450524
0.432529
0.509048
0.471594
0.712976
0.432982
0.556819
0.637676
0.58891
0.594298
0.513336
0.584876
0.623983
0.480678
0.542315
0.56683
0.532175
0.495316
0.612406
0.572316
0.538136
0.660057
0.548812
0.573273
0.474196
0.496117
0.476724
0.489862
0.424458
0.466514
0.521044
0.648255
0.704657
0.693988
0.708183
0.526979
0.755097
0.914351
0.589203
0.753686
0.552044
0.638884
0.435078
0.43207
0.407494
0.558722
0.539832
0.698225
0.737586
0.913315
0.672652
1.17091
0.852092
1.04601
1.09034
0.854563
0.767252
0.72116
0.735269
0.713874
0.688539
0.628749
0.672123
0.713545
0.708942
0.687933
0.619137
0.608127
0.581306
0.453454
0.549462
0.461712
0.688563
0.567681
0.539325
0.612739
0.569307
0.603523
0.511483
0.582621
0.525701
0.533138
0.563515
0.534273
0.537805
0.525397
0.546848
0.532869
0.475342
0.471866
0.54581
0.517346
0.544251
0.540961
0.665125
0.66542
0.582823
0.681948
0.576116
0.470265
0.467177
0.537561
0.513493
0.575543
0.523164
0.4473
0.512079
0.437331
0.57361
0.503237
0.501468
0.483479
0.556328
0.559502
0.546249
0.525139
0.463916
0.453603
0.447242
0.424681
0.428907
0.499308
0.428297
0.409994
0.406163
0.421286
0.396468
0.434632
0.348218
0.52387
0.495437
0.42325
0.494285
0.457861
0.413373
0.431825
0.342343
0.458834
0.467782
0.476723
0.489088
0.454658
0.482133
0.486859
0.391609
0.353199
0.37862
0.447362
0.47786
0.380473
0.436555
0.485798
0.548434
0.489098
0.500726
0.486006
0.425661
0.653698
0.574226
0.45406
0.456114
0.397675
0.376173
0.381339
0.48682
0.513242
0.460155
0.432566
0.410707
0.42793
0.427179
0.445244
0.447945
0.420887
0.417739
0.407107
0.45533
0.466528
0.500442
0.458854
0.357406
0.410477
0.470359
0.464835
0.338908
0.380245
0.424036
0.469876
0.412426
0.380209
0.374293
0.375214
0.352628
0.482707
0.417419
0.307558
0.434465
0.443148
0.351291
0.384145
0.394413
0.477485
0.463585
0.368789
0.384339
0.480369
0.375466
0.387759
0.422253
0.398935
0.372281
0.357408
0.386068
0.372518
0.348529
0.465201
0.363787
0.373969
0.352509
0.33771
0.339818
0.359471
0.31832
0.348398
0.377498
0.392092
0.337461
0.313909
0.342775
0.323753
0.329361
0.384102
0.370395
0.340628
0.312193
0.352854
0.378895
0.347743
0.315243
0.322781
0.324231
0.301413
0.30882
0.400937
0.384193
0.364951
0.316422
0.325503
0.29775
0.255003
0.3312
0.249885
0.311024
0.298244
0.274711
0.252955
0.297115
0.290847
0.265281
0.251421
0.273918
0.236124
0.250396
0.289199
0.251801
0.298964
0.291087
0.320163
0.269353
0.275826
0.24102
0.266581
0.250113
0.310046
0.252132
0.284461
0.259786
0.275632
0.30404
0.316317
0.280757
0.260512
0.267092
0.313348
0.266534
0.30156
0.255263
0.254909
0.284265
0.27668
0.312898
0.361828
0.357801
0.301808
0.309231
0.342406
0.264165
0.247773
0.244595
0.218259
0.228498
0.228193
0.269349
0.226361
0.281575
0.314926
0.319526
0.343468
0.318866
0.475351
0.309138
0.330095
0.354525
0.349935
0.321048
0.301348
0.39195
0.386916
0.326831
0.321764
0.306797
0.321381
0.318046
0.29581
0.274388
0.260627
0.306722
0.267282
0.317909
0.275885
0.295559
0.31577
0.215213
0.259621
0.285616
0.218389
0.200783
0.222739
0.240119
0.248481
0.249365
0.220185
0.232375
0.23829
0.253575
0.24186
0.219996
0.236355
0.220692
0.214127
0.212331
0.197503
0.220096
0.187632
0.206271
0.188643
0.180748
0.178348
0.203165
0.170371
0.180782
0.180389
0.191945
0.189771
0.174689
0.185738
0.16783
0.184684
0.16075
0.19692
0.178259
0.174329
0.172544
0.199846
0.180274
0.192183
0.195346
0.153893
0.155583
0.135406
0.2166
0.163581
0.159507
0.156428
0.159391
0.15445
0.225435
0.190512
0.146341
0.14742
0.129179
0.138836
0.128555
0.118157
0.118909
0.149705
0.114715
0.125694
0.138564
0.131474
0.126974
0.11776
0.15411
0.170457
0.140594
0.143237
0.166028
0.160701
0.162755
0.180846
0.177449
0.220722
0.20179
0.207375
0.175538
0.192414
0.195968
0.244849
0.252625
0.224153
0.229956
0.298957
0.387356
0.341912
0.416392
0.361616
0.216978
0.368779
0.282697
0.398439
0.365262
0.332738
0.3393
0.305482
0.269128
0.277569
0.283672
0.302946
0.245471
0.291613
0.282679
0.335478
0.275381
0.283141
0.281579
0.230025
0.220891
0.228689
0.252643
0.286534
0.319368
0.26326
0.307748
0.257908
0.243058
0.240195
0.225486
0.219089
0.23
0.211594
0.22342
0.242673
0.243415
0.250259
0.238016
0.265834
0.250521
0.27751
0.263925
0.259778
0.300529
0.299336
0.460702
0.2577
