0.31104
0.294904
0.312219
0.306069
0.307525
0.305864
0.301889
0.303672
0.295512
0.319964
0.306256
0.29986
0.299803
0.315375
0.314064
0.299047
0.315275
0.306955
0.296459
0.332919
0.297081
0.304192
0.302319
0.329365
0.30295
0.311888
0.306848
0.306266
0.305657
0.293765
0.299929
0.284215
0.303987
0.297774
0.309991
0.314067
0.314681
0.314007
0.294974
0.304657
0.303147
0.306522
0.299272
0.319574
0.307536
0.306591
0.30629
0.310741
0.300614
0.304907
0.321104
0.299677
0.305289
0.322082
0.332491
0.326629
0.295294
0.298573
0.309137
0.304338
0.318701
0.306066
0.319656
0.310117
0.292806
0.314964
0.302049
0.301357
0.313413
0.314784
0.300022
0.3171
0.310179
0.321135
0.319644
0.316127
0.321709
0.305274
0.308547
0.298363
0.327017
0.296511
0.30492
0.309391
0.314478
0.311701
0.303278
0.310213
0.310511
0.284257
0.313207
0.288807
0.330514
0.315482
0.34372
0.3226
0.325539
0.32686
0.311547
0.329837
0.335582
0.332158
0.312579
0.326459
0.331355
0.322593
0.322962
0.333985
0.319402
0.319486
0.31392
0.308968
0.321932
0.324152
0.348492
0.320405
0.322935
0.308207
0.310149
0.31961
0.332404
0.339285
0.306772
0.341352
0.336535
0.334932
0.301781
0.332772
0.3492
0.332828
0.339358
0.34888
0.329759
0.341792
0.330695
0.322055
0.332037
0.329519
0.34241
0.343876
0.334873
0.340537
0.320613
0.319933
0.327755
0.308596
0.315688
0.308857
0.305078
0.325198
0.309067
0.315122
0.312984
0.318886
0.308778
0.29088
0.30989
0.306641
0.302846
0.287209
0.290469
0.251728
0.265047
0.273297
0.251677
0.250657
0.251551
0.235838
0.226374
0.242506
0.236283
0.23678
0.241822
0.238461
0.226812
0.230234
0.243511
0.247191
0.225038
0.251077
0.245543
0.25341
0.242523
0.273105
0.249415
0.279085
0.272681
0.279722
0.296835
0.297506
0.291815
0.306731
0.316029
0.322501
0.304649
0.33686
0.347054
0.352095
0.343298
0.344542
0.338958
0.342805
0.36011
0.343365
0.340697
0.353185
0.316052
0.312033
0.301206
0.353178
0.343408
0.361033
0.319728
0.26655
0.237144
0.231392
0.214563
0.213921
0.214546
0.220995
0.208739
0.218408
0.212296
0.210145
0.213329
0.215287
0.216373
0.213389
0.211638
0.215439
0.216336
0.220889
0.209514
0.195886
0.209239
0.218467
0.231165
0.17503
0.217709
0.205796
0.224151
0.21101
0.201654
0.203599
0.200448
0.18945
0.203993
0.196375
0.195719
0.20802
0.193599
0.201763
0.212512
0.20302
0.21061
0.19005
0.184176
0.196104
0.209934
0.205771
0.197062
0.212817
0.213171
0.206689
0.201642
0.206558
0.192823
0.183901
0.20504
0.206391
0.203201
0.197859
0.218142
0.211338
0.208342
0.208347
0.208245
0.208162
0.212235
0.222829
0.211787
0.208384
0.202962
0.19175
0.199112
0.198325
0.209622
0.215577
0.207071
0.220016
0.199742
0.216696
0.207004
0.200362
0.208897
0.206419
0.189803
0.219057
0.209315
0.191482
0.201637
0.208302
0.203364
0.204591
0.210648
0.207058
0.191225
0.207924
0.209569
0.199745
0.212087
0.213768
0.220619
0.196125
0.196314
0.196408
0.208674
0.200697
0.19881
0.221243
0.217849
0.21026
0.205108
0.211363
0.19892
0.189056
0.206099
0.197063
0.221779
0.19034
0.212954
0.199315
0.221568
0.209868
0.19325
0.19866
0.20815
0.196879
0.224816
0.227178
0.20543
0.211908
0.201977
0.210768
0.205396
0.205687
0.20427
0.205229
0.205098
0.216885
0.234993
0.206522
0.232503
0.238415
0.21999
0.230636
0.215322
0.201728
0.201405
0.199335
0.231653
0.206542
0.183901
0.201634
0.206749
0.22355
0.219392
0.219955
0.233398
0.215856
0.213986
0.228947
0.209389
0.194532
0.2167
0.211897
0.225299
0.247947
0.216042
0.222491
0.2052
0.214053
0.210951
0.217355
0.224802
0.199442
0.223153
0.225182
0.230606
0.225952
0.196818
0.21954
0.237959
0.205765
0.226322
0.205322
0.239925
0.230838
0.243259
0.234611
0.209016
0.231935
0.240559
0.211875
0.243213
0.244402
0.235804
0.238422
0.232729
0.222843
0.228628
0.23925
0.229714
0.24136
0.23839
0.225538
0.246642
0.234203
