0.630222
0.658114
0.635124
0.654735
0.679545
0.661475
0.690806
0.635768
0.637205
0.64938
0.618505
0.603528
0.652909
0.656236
0.660085
0.648838
0.646331
0.687927
0.694194
0.739807
0.730864
0.685665
0.709682
0.788449
0.685253
0.679554
0.691784
0.733968
0.788923
0.669973
0.734563
0.707942
0.722281
0.701393
0.745776
0.684795
0.728777
0.827731
0.765164
0.775312
0.782454
0.749211
0.776861
0.792306
0.788195
0.769522
0.754362
0.890459
0.914855
0.796127
0.807541
0.898516
0.897082
0.801808
0.809895
0.752576
0.884399
0.781719
0.822613
0.929416
0.912281
0.958136
1.01244
0.915669
0.800654
0.857194
1.02264
0.798218
1.00434
0.819937
0.928028
1.04604
0.969129
1.02296
0.753272
0.903673
0.959752
0.781679
1.13968
0.939718
0.945647
1.21554
1.11088
1.09794
1.04648
0.943076
1.01547
0.926025
1.22472
0.891403
0.973873
0.972615
1.03571
0.944074
1.04202
0.923768
0.894023
1.01964
1.20991
1.19374
1.09381
1.04099
1.05135
1.08438
0.918105
1.17782
1.13363
0.990031
0.999403
1.29789
1.01159
1.24064
1.09325
1.13203
1.19718
1.10044
1.26187
1.11865
1.36437
1.00663
1.29604
0.873555
1.56898
1.62828
1.51988
1.43138
1.22828
1.48456
1.56599
1.31165
1.38189
1.23627
1.50557
1.51557
1.19438
1.6355
1.21097
1.33893
1.49803
1.21585
1.32271
1.27162
1.29149
1.56115
1.45903
1.6065
1.38845
1.91662
1.30485
1.48596
1.40541
1.42757
1.69374
1.45627
1.74196
1.38503
1.45317
1.66945
1.35402
1.83994
1.72807
1.863
1.73837
1.70547
1.71239
1.56689
1.60316
1.67772
1.97151
1.93044
1.607
1.2571
1.79188
1.92561
1.63829
1.54059
1.65241
1.75603
1.76558
1.53648
2.13447
1.8076
1.35155
1.83996
1.97988
1.9098
1.6624
1.70903
1.34578
1.66574
2.28731
1.66796
1.8039
1.99953
1.931
1.8432
1.97463
2.03288
1.93393
1.35212
2.08962
1.79696
2.04401
2.22908
1.37687
1.88964
2.217
1.8727
2.02647
1.79497
1.74695
2.09264
2.1152
1.606
2.04555
1.96601
2.0396
1.9053
2.0517
2.1415
2.28649
2.42685
2.23516
2.19008
2.08969
2.41127
2.33289
2.48879
2.33523
2.67438
2.34356
2.32609
2.12938
2.01496
2.07259
2.27429
2.31292
1.96034
2.61161
2.33902
2.23757
2.22203
2.51804
2.69712
2.49568
2.36518
2.77648
2.32747
2.3445
2.93137
2.82462
2.512
2.75485
2.17426
2.30854
2.55237
2.49746
2.67525
2.37067
2.58133
2.50436
2.65553
2.32125
2.06329
2.71383
2.81891
2.37107
2.624
2.56077
2.5508
2.56941
3.13305
2.62992
2.65108
2.67401
2.77442
2.56907
2.48804
2.83028
2.67605
2.86172
2.87399
2.86049
2.20746
2.48732
3.08411
2.62123
2.21129
3.09868
3.02316
3.34191
2.83274
2.6976
2.66956
3.19749
3.05464
2.6967
2.44909
3.13136
2.95161
3.35094
3.28032
3.36082
3.14426
2.90984
3.06884
3.42818
2.90031
2.79281
3.74928
3.70981
3.10195
2.74478
3.26113
3.00712
2.80813
2.81937
3.39887
3.6561
4.17224
2.94421
3.17485
3.20302
3.32575
2.79791
3.32423
3.36992
3.66281
3.34588
3.11101
3.82342
3.16337
2.89406
2.4912
2.94358
3.65791
3.05145
3.11908
4.32298
4.25154
3.07144
3.46817
3.3302
3.54592
3.26384
3.90245
3.34173
4.21927
3.65827
3.61171
4.20239
3.83375
3.42116
3.9009
4.10214
4.02986
3.68303
3.81815
3.70524
4.20008
3.87038
4.14708
3.05766
4.14993
3.21024
3.4343
3.33466
3.75323
3.69328
4.17516
3.85563
3.88399
3.93904
3.50912
3.93956
3.61814
4.17044
4.17138
4.57267
4.37415
4.00478
3.86436
3.53285
3.75266
3.91326
4.06368
4.10973
4.11224
4.21395
4.12862
4.06586
3.93071
4.15312
3.88285
4.51383
4.25706
4.50457
3.75271
3.88344
4.00796
4.21132
4.02654
4.24878
4.32061
4.11602
4.10408
4.08103
3.82544
3.74728
3.41627
3.83128
4.38892
4.21329
4.47187
4.78931
4.92639
4.89151
4.60832
