2.36109
2.83161
2.97796
2.75599
4.24114
3.01968
3.34272
4.00783
2.82956
3.52243
4.71584
4.46254
4.74831
3.52737
3.71682
3.37282
4.52719
4.20032
4.73029
4.86902
4.47496
6.11926
5.44957
4.50767
4.66075
5.24978
5.75379
4.93472
4.94698
5.07722
6.07796
4.70933
5.61835
5.93831
4.84923
5.88058
5.82158
5.88703
6.817
5.761
6.1287
6.01693
6.30566
6.19112
6.14125
6.73222
6.45803
6.09919
6.8695
6.76731
6.17319
7.17316
7.09464
6.35147
8.19078
7.3319
8.02892
6.85268
7.23689
6.67233
6.8382
6.93682
7.72427
8.09309
7.17544
7.61875
7.1742
8.0588
8.33412
7.24412
8.20853
7.6306
8.65693
7.30092
8.33963
7.4832
7.81565
8.58586
7.85972
7.70224
8.91961
7.32081
7.41087
7.93501
8.10915
8.76337
8.60369
9.3356
8.09695
7.94175
8.85273
9.52498
7.92873
8.03494
8.33689
6.92116
6.4523
6.87466
7.38358
5.21663
5.4004
6.84155
9.17115
12.4077
13.0056
