1.40036
2.01719
3.0544
1.38042
1.45667
3.36993
4.28678
4.51093
5.16878
4.00253
5.86837
4.78559
4.33713
2.72598
3.78
3.84499
3.38604
3.31458
3.56763
2.98057
2.61386
2.65056
3.29667
2.05428
1.94916
2.42824
2.20464
2.07091
2.1888
1.94123
1.67324
2.27491
2.09341
1.73632
1.93057
2.59746
2.06808
2.07674
1.86662
1.93045
1.85412
1.91221
2.47772
2.2859
2.28684
2.11833
2.17617
1.80886
2.07897
2.27902
2.11855
1.71246
2.26557
1.78702
2.55096
2.08277
2.41605
2.24336
1.79732
1.91625
2.30896
2.09844
2.39448
1.8642
2.4464
1.85003
1.71319
2.17784
1.57306
1.77354
1.76461
2.13227
1.67841
1.9712
1.79347
2.285
1.24762
1.60669
1.64371
1.85397
1.72629
1.63841
1.57563
1.41914
1.78756
1.4548
1.50229
1.70952
1.55896
1.37103
1.7258
1.61046
1.26808
1.65709
1.69188
1.28699
1.56803
1.29163
1.21052
1.4258
1.32296
1.29059
1.46681
1.2654
1.21767
1.35698
1.49581
1.32613
1.23845
1.39487
1.37573
1.37041
1.44203
1.19714
1.08003
1.06969
1.36236
1.45089
0.935776
1.285
0.769936
0.949265
1.00169
0.888423
0.974015
1.16782
0.916524
0.847882
1.1754
1.0271
0.926242
0.799464
0.819334
0.787311
0.958507
1.02387
1.10835
1.05691
0.642045
0.989369
0.790197
0.701007
1.07446
0.66399
1.07981
1.10939
0.608044
0.850857
0.848911
0.711759
0.706983
0.61816
0.716257
0.812815
0.741275
0.573893
0.772818
0.586406
0.495244
0.590666
0.534933
0.57922
0.926203
0.595954
0.564445
0.456974
0.434616
0.520368
0.593664
0.670643
0.577442
0.756114
0.451011
0.336344
0.3459
0.335962
0.290549
0.364286
0.279696
0.281467
0.346491
0.21505
