0.0877004
0.114122
0.111081
0.0989247
0.123478
0.104522
0.132711
0.149301
0.121906
0.108287
0.134034
0.119516
0.129344
0.166799
0.132877
0.148093
0.14306
0.156676
0.186396
0.217204
0.175494
0.171426
0.184856
0.205374
0.182291
0.192653
0.251651
0.236167
0.214366
0.274633
0.327651
0.304133
0.223455
0.323838
0.219602
0.354535
0.339734
0.375938
0.346715
0.377964
0.292292
0.522682
0.355318
0.332356
0.340241
0.320088
0.355608
0.292514
0.43984
0.337343
0.434193
0.413776
0.338326
0.315582
0.327962
0.404658
0.33812
0.391316
0.44312
0.318718
0.513528
0.465592
0.466983
0.503925
0.396936
0.478261
0.481015
0.423595
0.492138
0.414861
0.530062
0.416542
0.457122
0.507884
0.530248
0.527173
0.417489
0.582867
0.409791
0.55267
0.515038
0.552377
0.47338
0.491517
0.593086
0.428612
0.573792
0.611258
0.482643
0.569628
0.577472
0.468031
0.626114
0.560291
0.537875
0.588545
0.551834
0.515829
0.676039
0.6342
0.536967
0.587868
0.603987
0.730693
0.602008
0.694125
0.658264
0.739588
0.476343
0.612029
0.709524
0.539444
0.634257
0.607013
0.639898
0.511688
0.696044
0.743285
0.71117
0.715336
0.616641
0.682413
0.710021
0.701171
0.577108
0.627998
0.714389
0.76733
0.764383
0.72611
0.678096
0.762659
0.707291
0.680817
0.767069
0.673057
0.766247
0.827272
0.915038
0.787936
0.689691
0.74785
0.966193
0.988442
0.883494
0.868493
0.687108
0.857711
0.789479
0.840294
0.793446
0.775051
0.932718
0.786871
1.02077
0.975533
0.816484
0.787217
0.914342
0.755098
1.02531
0.872524
0.878532
0.975739
0.929371
0.972351
0.965697
0.860095
1.06887
0.953625
0.916948
0.971154
1.17979
0.952631
0.892788
1.04168
1.02164
0.91125
0.930612
1.06258
1.1017
0.955399
0.951279
1.14772
1.28172
1.10267
1.01102
1.4286
1.25263
0.967622
1.10895
1.09941
0.898794
0.802565
1.37488
1.14201
1.20787
0.848883
1.00963
0.908261
0.925455
0.784787
1.2259
1.15525
1.24906
0.858986
1.04766
1.04272
0.865468
