4.07788
4.92975
5.39691
5.95494
5.34708
4.7305
4.79711
5.74679
7.69376
5.57636
4.74204
5.37829
6.74672
5.52081
8.2469
7.85018
7.12045
6.60738
7.328
5.97122
6.12207
7.40757
6.90226
7.62359
7.93205
7.16824
8.86258
8.12894
8.56507
8.08995
7.01487
9.20211
8.13972
7.71174
10.6523
9.83884
7.94367
8.80361
10.0619
9.74576
9.13993
9.62528
10.4203
8.84586
11.4256
11.0891
10.0536
10.2542
9.10544
11.6783
9.00031
11.3288
10.1477
11.7109
9.71316
11.4227
10.8214
12.7034
11.2612
13.9963
11.3276
12.7058
11.0699
10.6707
12.5827
13.2398
13.7608
13.9111
13.9168
13.9213
15.6074
15.9584
13.697
18.038
16.486
17.2557
15.9394
16.3205
15.403
17.386
17.1243
16.2166
16.9036
17.9569
21.2252
22.7565
22.1979
21.3351
16.3357
16.871
17.6589
17.4651
17.4863
18.0746
17.6668
19.2135
18.1698
16.9557
16.0722
16.9934
16.7914
17.3286
14.5848
17.9631
16.5968
16.1719
15.9837
17.1182
17.7073
15.9527
17.2437
16.7383
16.7958
16.6284
16.4098
16.7263
16.5486
17.4571
18.6609
20.5617
18.8207
17.6095
17.3947
17.6322
18.379
19.0673
18.2612
19.4188
17.4382
19.2126
20.7073
19.9634
18.4793
20.7559
19.8669
18.6357
17.4863
16.2776
22.5328
17.2193
20.1752
22.4809
18.8865
20.7814
19.5864
18.0779
19.2542
19.1558
21.3752
21.3927
16.0187
19.0428
24.8904
20.4548
17.0833
19.3283
19.7666
15.8315
18.0976
18.8665
22.5378
17.5322
15.9376
21.0528
19.8358
17.0241
16.8863
17.3355
22.8864
25.8003
23.919
27.1206
29.4474
23.0243
21.9526
24.1674
18.0495
23.7186
31.1565
27.0761
24.3595
32.072
