3.083780
3.589730
2.535470
3.008720
3.890070
3.558770
3.063290
4.635230
4.239100
7.565900
6.654770
4.927830
4.299290
4.807940
5.151840
4.644680
4.562330
4.892880
5.476990
6.462600
5.575950
5.098780
5.509590
6.596290
3.837450
3.347500
3.571390
3.557620
5.305490
4.753570
4.746740
6.554690
4.770080
5.985250
5.867210
3.701480
3.922080
4.323810
5.708430
4.773310
4.624660
5.801550
4.598820
6.953770
7.113680
5.683330
5.962160
6.245290
5.622670
6.035280
6.236070
5.728480
6.560860
7.254220
6.410470
5.682010
5.833150
6.396490
6.477930
6.111010
5.547340
7.395820
7.155030
6.411700
6.462720
6.286080
5.350630
6.634760
7.744370
7.465600
7.206950
6.968220
7.122930
6.797650
10.876600
11.470700
4.159910
4.696520
6.773710
5.730860
4.572570
4.961360
5.123160
5.333850
6.671770
5.581890
8.278590
5.789750
5.718880
5.392970
7.537160
5.962320
4.882680
8.024060
6.355920
6.439770
6.590340
6.180620
5.682600
5.322230
7.122390
9.422920
7.356820
9.681760
4.961170
4.979710
6.142920
5.910030
8.072790
6.912470
6.593970
5.561900
4.856300
6.174640
6.564720
6.424480
6.291960
5.531320
5.703130
8.110020
5.563610
7.738140
7.293350
5.884760
5.666150
8.293520
6.240610
7.283430
5.821360
6.352200
6.174660
7.583160
8.490860
6.136660
5.673130
5.939350
6.355730
5.988450
6.059410
6.043960
6.989560
6.356780
5.977110
5.665180
5.518660
6.783380
5.732510
8.594270
7.602450
6.228350
6.193790
6.121590
8.751810
10.065300
12.337500
9.335640
9.939460
10.537900
12.897800
10.618300
12.091300
8.847790
9.035710
9.736140
8.443480
10.437600
10.260300
6.677970
