0.476091
0.44868
0.474796
0.462825
0.471095
0.44175
0.45876
0.388058
0.464209
0.441962
0.480729
0.439705
0.457177
0.471256
0.501553
0.4902
0.488309
0.448033
0.462193
0.480679
0.479614
0.509688
0.497886
0.508985
0.520839
0.498541
0.52488
0.533441
0.55045
0.568931
0.570339
0.511242
0.592008
0.668008
0.602144
0.662761
0.642687
0.584135
0.603752
0.667803
0.685485
0.695408
0.721707
0.737661
0.670009
0.682226
0.710927
0.723355
0.775103
0.769536
0.771137
0.735331
0.807937
0.759269
0.772682
0.707747
0.977581
0.85895
0.933317
1.02086
1.00828
1.10516
1.30479
1.12565
0.944203
1.2473
0.857744
1.12908
1.14374
0.938426
0.957616
0.850256
0.979925
1.18471
1.07039
1.06324
1.15534
0.888698
1.15864
1.55089
1.1424
1.3686
1.39918
1.15568
1.03997
1.02024
1.02898
1.10846
1.01315
1.20241
1.2698
1.40109
1.14465
1.29859
1.22847
1.2228
1.62645
1.41461
1.65104
1.12243
1.42634
1.75243
1.77103
1.51796
1.3548
1.44681
1.41075
1.54047
1.31168
1.45771
1.56935
1.3148
1.79714
1.29376
1.4078
1.47203
1.29366
1.33696
1.57278
1.89173
1.52321
1.71426
1.44683
1.60228
1.54167
1.49967
1.45386
1.27134
1.55841
1.60801
1.69088
1.58505
1.90683
1.83185
1.67738
1.42976
1.65333
1.61929
1.5679
1.59286
1.58574
1.53078
1.64696
1.85913
1.50199
1.70977
1.56588
1.88229
1.69277
1.89067
1.70325
1.72501
1.84494
1.92148
1.71799
1.86561
1.91914
1.81198
1.77993
1.95515
1.99203
1.83052
1.8912
2.2291
1.87883
1.84392
1.95962
2.25742
1.88596
1.9613
2.11834
1.91034
1.94148
2.08798
1.93449
1.90619
1.83022
1.77147
1.84659
1.87863
1.68972
1.8921
1.96831
1.81047
2.00283
2.00069
2.11185
2.06466
2.31186
2.46871
2.42451
2.13902
2.0298
2.02096
2.34912
2.30415
2.0416
2.16144
2.34098
2.18761
2.3456
2.10673
2.19339
2.41057
2.78398
2.82323
2.62048
2.34292
2.37055
2.35495
2.52754
2.32742
2.44387
2.46918
2.24768
2.24012
2.18276
2.38659
2.25655
2.36349
2.583
2.43231
2.39491
2.59872
2.38742
2.20752
2.1418
2.16055
2.31773
2.41111
2.25332
2.35207
2.33643
2.25733
2.31769
2.21107
2.26834
2.18263
2.35343
2.61991
2.3494
2.19365
2.20955
2.47553
2.07022
2.00541
2.08138
2.08598
2.16931
2.07615
2.14037
2.84745
2.40645
2.29485
2.45547
2.48917
2.59963
1.94139
2.31443
2.37843
2.36953
2.22845
2.46992
2.28298
2.16195
2.37467
2.31093
2.04608
2.24807
2.44334
2.38691
2.23702
2.08686
2.3092
2.26324
2.23604
1.75421
1.90533
2.09758
1.97814
1.99237
2.10473
2.33612
2.31085
2.05058
2.10539
1.82623
1.05134
1.22851
1.25158
1.47233
1.78725
1.44337
1.99737
1.87713
1.12083
1.81734
2.00856
1.99481
2.252
1.79062
