0.745952
0.864787
0.954721
1.12774
1.39444
1.7262
1.08402
1.17727
1.28878
1.15544
1.38539
1.0224
1.09155
1.1764
1.04529
1.39466
0.912535
1.1526
1.1032
1.08214
1.26786
1.29044
1.19112
1.16268
1.08663
1.13708
1.27295
1.29553
1.2797
1.01246
1.36773
1.21441
1.05865
1.08437
1.2449
1.44158
1.22128
1.01687
1.18544
1.732
1.4918
1.33649
1.47493
1.28547
1.31548
1.88042
1.49991
1.51278
1.60606
1.54903
1.45202
1.65983
1.58593
1.60314
1.77665
1.87249
1.79402
1.61896
1.5344
1.32567
1.55519
1.60441
1.6314
1.47735
1.41077
1.29281
1.3363
1.71534
1.74866
1.67266
1.88966
2.14043
2.14725
2.07014
1.64793
2.13567
1.8598
1.63345
1.52111
1.33466
1.43512
1.67798
1.8375
1.79163
1.87794
1.63586
1.83864
1.46801
1.55754
1.70505
1.82254
1.74219
1.888
1.9232
1.89771
1.60963
1.5667
1.55223
1.32457
1.34187
1.26831
1.13667
1.44883
2.27235
2.35799
2.25412
1.92654
1.72108
1.42813
1.84106
1.69107
1.50967
1.48024
1.25402
1.21455
1.22797
0.988095
0.71167
0.721761
0.664221
0.545947
0.526748
0.524319
0.469372
0.443389
0.480643
0.473014
0.489547
0.49013
0.464845
0.454985
0.443998
0.515269
0.504963
0.534178
0.486365
0.427301
0.471761
0.480981
0.469558
0.406123
0.40665
0.430754
0.493949
