0.174601
0.133011
0.109499
0.13266
0.202274
0.160584
0.188053
0.224357
0.184141
0.226476
0.273643
0.328165
0.168748
0.18541
0.151014
0.144701
0.141653
0.16887
0.148448
0.267816
0.270015
0.255011
0.196145
0.204507
0.228066
0.217839
0.29021
0.260626
0.163408
0.288845
0.248548
0.267481
0.212397
0.253493
0.445275
0.239614
0.170731
0.399305
0.172284
0.583026
0.724678
1.195
1.10553
0.699433
0.587375
0.58988
0.619051
0.484102
0.46398
0.524192
0.492627
0.591048
0.563998
0.565463
0.470278
0.455976
0.489913
0.560689
0.664288
0.614703
0.52914
0.510476
0.613481
0.667951
0.670502
0.632442
0.586195
0.56087
0.556026
0.497494
0.676334
0.757638
0.68316
0.603905
0.496211
0.611601
0.454876
0.627887
0.695323
0.484138
0.418159
0.507904
0.276379
0.548378
0.364297
0.429439
0.196732
0.17513
0.190055
0.441129
0.536011
0.637883
0.182547
0.703387
0.314494
0.354759
0.547925
0.56514
0.716933
0.691812
0.452948
0.671061
0.684887
0.494708
0.757966
0.783836
0.872403
0.72404
0.822385
0.612369
0.711252
0.740799
0.807791
0.74251
0.636956
0.808333
0.874766
0.660812
0.884599
0.85556
0.798008
0.886457
1.006
0.811169
1.04804
1.14379
0.668825
1.07659
0.864162
0.885301
1.08881
