0.234554
0.305753
0.379463
0.224553
0.385231
0.329481
0.454932
0.531313
0.454562
0.515701
0.588065
0.494998
0.516636
0.721069
0.728683
0.851675
0.843634
0.976577
1.32338
0.982993
0.882642
0.645688
0.700607
1.09604
1.30703
1.37377
1.15199
0.794616
0.978369
0.746806
1.27666
1.0831
1.01926
1.92155
1.40778
1.38425
1.19501
1.75942
1.48219
1.7118
1.9235
2.15674
1.43617
1.8246
1.97352
1.74602
2.64055
1.63182
1.56536
1.77901
2.0272
1.75858
2.67096
2.48635
2.05395
2.83081
2.4431
2.41812
2.57712
2.82025
2.2736
2.64843
2.52783
1.90281
2.7643
2.65285
1.74762
1.71694
2.81291
2.9747
2.95589
3.04773
3.22602
2.62674
3.34559
3.44184
3.07374
2.85287
3.60209
3.57937
3.36195
2.80697
3.10955
3.45782
4.00653
3.54432
3.62797
3.93859
4.16721
4.19255
3.84227
4.18286
3.40454
4.5586
4.17945
3.8755
3.96935
4.30171
3.95525
3.46543
3.50141
4.60663
4.45534
5.5977
4.16613
4.78824
4.41001
4.55481
4.55096
4.89631
4.08059
4.51603
4.86992
4.83068
5.0591
4.17168
4.94667
5.19474
5.46552
3.60116
5.15866
5.00087
4.1517
4.67296
4.29397
5.9826
4.12786
4.37027
4.80124
5.48036
4.65416
4.05397
5.28756
3.53709
3.76943
3.63326
3.35629
4.68849
6.20207
5.37163
7.49571
10.1467
7.82855
