1.54408
1.46627
1.40617
1.49266
1.42911
1.36697
1.47497
1.59805
2.74566
3.96639
3.41386
2.18724
2.23955
2.15502
2.21946
2.20887
2.38305
2.37295
2.34216
2.44532
2.60028
2.51302
2.38102
2.4028
2.29054
2.2562
2.32802
2.45411
2.2221
2.70997
2.47168
2.36847
2.40197
2.33315
2.40318
2.6542
2.51445
2.78423
2.76477
2.72916
2.64955
2.51885
2.30463
2.35632
2.38179
2.38148
2.25361
2.34078
2.36199
2.14119
2.20279
2.10828
2.19646
2.17214
2.15509
2.21263
2.1117
2.15799
2.3642
2.36713
2.58207
2.27128
3.24987
1.81924
2.22308
2.0413
1.62703
1.82173
1.73687
1.85256
1.645
1.70634
1.47806
1.34426
1.57122
1.71346
1.58845
1.59931
1.58272
1.83681
2.0489
2.15004
2.23948
2.02427
1.81792
1.56549
1.59629
1.71098
1.87943
1.49096
1.62252
1.88167
1.89545
1.83219
1.51146
1.92899
2.18941
2.29496
2.15545
2.06527
2.20505
1.68738
2.14352
1.92608
2.23764
1.7657
2.41379
2.317
2.22898
2.35225
2.41483
2.20885
2.20649
2.10791
2.25565
2.06414
1.88124
2.04233
1.87142
2.2672
2.31588
1.96692
1.93596
2.0862
2.12548
2.06505
2.04891
2.02423
2.27517
2.17589
1.48626
1.99598
1.84901
1.83194
1.14045
2.04846
2.23751
1.90353
2.02699
2.06896
1.45251
1.77433
2.08249
2.16269
1.74056
1.45016
1.81514
1.9916
2.15117
1.82317
1.97804
2.126
1.85792
1.94235
2.07411
2.00927
2.11065
1.82236
1.28722
1.32759
1.54409
1.67722
1.67907
1.44663
1.66683
1.58593
1.75085
1.51191
2.03412
1.96962
2.0479
2.26268
2.10078
1.96086
1.97752
2.12972
2.21401
2.07269
1.71514
1.93822
1.51189
1.7191
1.80204
1.8891
1.74803
1.63309
1.78812
1.7185
2.00865
1.51167
1.6928
1.6923
1.65513
1.61268
1.75874
1.65881
1.48568
1.5391
1.57943
1.94088
1.60399
1.83406
1.6275
1.88354
2.18734
1.73123
1.72057
1.74126
1.77708
1.80096
1.55656
1.7225
1.99787
1.79051
1.56889
1.56444
1.46656
1.64129
2.02944
1.9021
2.03974
2.33671
1.73569
1.95734
1.9787
2.01473
2.12131
2.09223
1.97376
1.7415
1.74159
2.02998
2.14852
1.96024
1.77924
1.58762
1.8468
2.01377
1.77627
1.86158
1.89347
1.85775
1.75032
1.71144
1.72815
1.76406
1.72651
1.77086
1.62809
1.57736
1.70558
1.66601
1.65725
1.60546
1.47185
1.60315
1.56535
1.59813
1.47224
1.56425
1.59879
1.59812
1.60827
1.60111
1.42106
1.64602
1.66608
1.61363
1.63464
1.64052
1.65589
1.80826
1.69096
1.86382
1.76475
1.66166
1.64067
1.71145
1.5718
1.81448
1.72071
1.54026
1.67878
1.6205
1.71282
1.76033
1.6613
1.71198
1.52611
1.67385
1.47585
1.27794
1.35138
1.48912
1.61014
1.5044
1.48095
1.39026
1.35224
1.40163
1.47349
1.33934
1.58669
1.59036
1.29624
1.37443
1.37012
1.4591
1.44036
1.38303
1.47488
1.48405
1.50574
1.53786
1.47589
1.41186
1.59798
1.48228
1.43058
1.5007
1.4297
1.4234
1.43411
1.44217
1.51852
1.42362
1.38263
1.45828
1.45014
1.40627
1.42532
1.46477
1.46069
1.37603
1.15931
1.41444
1.34877
1.25449
1.34983
1.44098
1.2553
1.33193
1.44237
1.32174
1.28653
1.24197
1.25195
1.34905
1.36959
1.21213
1.39157
1.4128
1.37762
1.34126
1.26436
1.37966
1.35661
1.30222
1.44022
1.37325
1.24703
1.15134
1.30065
1.41017
1.16849
1.19598
1.21659
1.28929
1.25759
1.01513
1.2892
1.20534
1.1448
1.10878
1.03674
1.09513
1.06637
1.15455
1.18795
1.21941
1.15189
1.25442
1.10138
1.25281
1.1371
1.20237
1.20534
1.21549
1.10738
1.21673
1.04889
1.26576
1.05512
0.999659
1.0721
1.06104
1.08865
1.07452
0.941625
1.05723
0.772455
0.7864
0.828282
0.99841
0.798595
0.853192
0.731727
0.69251
0.6893
0.731617
0.818615
1.07939
1.1236
1.07983
1.03673
1.05961
1.27082
0.952067
0.937863
1.02973
0.940669
1.06648
1.10898
1.03319
0.978381
0.945446
0.957659
0.983854
0.988411
1.01401
0.937057
0.950932
0.998145
0.938359
0.985605
0.875125
0.920057
0.931878
0.885954
0.867749
0.978657
0.874952
0.913443
0.92711
0.930966
0.84045
0.94685
0.965289
0.918343
0.842739
0.868591
0.834603
0.907209
0.832756
0.763138
0.855871
0.774964
0.813583
0.775585
0.83551
0.776521
0.867836
0.904149
0.869997
0.990035
0.886316
0.798819
0.879277
0.802386
0.834817
0.847447
0.852365
0.905043
0.781782
0.763147
0.755743
0.702779
0.828175
0.807865
0.723208
0.776779
0.804543
0.759029
0.694927
0.835954
0.733576
0.833795
0.750142
0.698016
0.818268
0.753164
0.718368
0.73298
0.704287
0.736903
0.74023
0.774745
0.753048
0.829788
0.750485
0.709899
0.710412
0.717721
0.734561
0.706111
0.713002
0.728945
0.733793
0.692834
0.686754
0.709168
0.627965
0.653362
0.673012
0.638586
0.668678
0.645876
0.639781
0.717462
0.645298
0.744106
0.665453
0.645527
0.642457
0.746606
0.599284
0.649969
0.696441
0.649375
0.690452
0.557881
0.578568
0.61693
0.62759
0.623516
0.620337
0.623121
0.55155
0.601755
0.687927
0.569377
0.671184
0.611239
0.68031
0.666986
0.595317
0.660977
0.576682
0.593309
0.571493
0.638255
0.572356
0.566241
0.680036
0.591189
0.607274
0.687924
0.598481
0.566078
0.587676
0.578082
0.641304
0.609206
0.598234
0.570846
0.582939
0.576873
0.566231
0.653649
0.560259
0.607931
0.584399
0.588557
0.583736
0.566512
0.581122
0.62025
0.560155
0.51522
0.519426
0.536838
0.536052
0.522642
0.515055
0.65815
0.537117
0.580219
0.553696
0.619154
0.501471
0.600952
0.609748
0.564547
0.579273
0.571339
0.595478
0.551364
0.629055
0.572844
0.507747
0.599201
0.55518
0.574798
0.57725
0.593807
0.581494
0.592046
0.613089
0.627873
0.620639
0.635033
0.607577
0.573975
0.579115
0.573679
0.62167
0.591571
0.533603
0.487819
0.68563
0.625621
0.666397
0.736678
0.62265
0.653231
0.643924
0.600035
0.610748
0.621781
0.692848
0.755234
0.612278
0.60726
0.584571
0.612898
0.596448
0.567795
0.592205
0.577397
0.819873
0.751566
0.820002
0.736667
0.731711
0.537599
0.578075
0.571779
0.540946
0.567473
0.56361
0.546041
0.618318
0.568278
0.582494
0.626413
0.580913
0.616664
0.671406
0.552637
0.577944
0.572548
0.519293
0.562083
0.550991
0.560259
0.503535
0.419193
0.498534
0.526652
0.517484
0.46463
0.517512
0.504047
0.496956
0.484758
0.530137
0.503757
0.526788
0.551932
0.535479
0.537792
0.53626
0.506604
0.562496
0.577224
0.563472
0.543739
0.560915
0.564157
0.547638
0.504887
0.551842
0.530456
0.496765
0.511197
0.477519
0.534193
0.496909
0.516721
0.519465
0.492002
0.536324
0.547543
0.504477
0.50283
0.463879
0.503272
0.555889
0.56702
0.554534
0.512412
0.527058
0.51306
0.494887
0.45872
0.498085
0.494667
0.498965
