3.69783
3.95789
3.9467
4.03364
3.75167
4.07163
3.57695
3.56941
3.44831
3.08964
3.61018
6.89054
26.478
36.8788
26.6587
26.5038
19.4463
21.299
22.2123
13.7
12.195
9.99297
10.4596
13.1958
18.5226
13.748
15.9435
18.6378
12.9414
13.3597
14.1892
13.3269
11.4596
14.1028
15.6032
14.4416
13.5657
11.5848
12.8383
9.98787
9.94198
10.7244
12.1688
12.3386
12.2651
11.7635
12.0433
11.328
11.2931
10.3321
10.3205
9.41614
10.5377
11.2525
10.435
12.0835
11.1527
10.7867
9.11644
9.70251
9.16026
9.55274
7.79212
9.54263
9.5014
9.00422
9.58034
8.59302
7.40982
8.39611
9.20966
7.41086
8.6213
6.76437
6.48341
6.86793
7.30559
8.6139
10.2447
8.47816
8.5887
9.18796
7.83606
7.49267
7.9952
7.30991
8.95585
6.17125
7.01331
6.48836
5.35788
5.80692
6.59146
7.32095
6.74723
5.93855
4.25473
6.36383
6.29633
6.95675
7.0155
4.93258
5.58283
5.77854
5.28285
6.23935
6.35542
6.46539
6.00345
3.95917
6.5635
5.64804
4.35008
4.25721
5.63308
5.47188
4.951
3.69237
4.41469
4.16304
3.70648
4.03564
4.22079
4.05148
4.06308
4.4762
3.47024
3.64823
3.40005
3.26706
3.90005
