0.167508
0.149688
0.158325
0.14101
0.170014
0.150334
0.142829
0.144788
0.132599
0.20474
0.314801
0.385819
0.431478
0.741721
0.740308
0.913259
0.754251
0.599632
0.558123
0.54309
0.473681
0.469655
0.393254
0.364071
0.513099
0.385435
0.390009
0.450834
0.487488
0.56246
0.467222
0.381492
0.716959
0.614434
0.485092
0.414893
0.489962
0.411449
0.701897
1.16593
0.95402
0.818584
1.18686
0.589862
0.512042
0.77789
0.852971
0.73804
0.862256
1.22121
1.6396
1.41586
0.919482
0.703362
0.523097
0.660932
0.947095
1.14727
0.808853
0.655134
0.984524
1.0017
0.808418
0.799518
1.38693
1.56788
2.01815
2.25499
2.10583
1.99634
1.98628
0.861982
1.3193
1.2696
1.8636
1.58342
1.72956
1.378
1.98827
2.00326
1.55938
1.44629
2.01356
1.97943
1.60662
1.64321
1.7554
2.49258
1.97211
1.87567
1.91241
1.42484
1.57747
2.14223
1.58864
3.01971
2.09936
1.96884
2.09087
3.35776
1.24962
1.06752
2.4397
1.73223
1.30762
2.37985
2.3482
1.13769
1.97192
1.92085
1.60755
2.34948
2.66431
1.05513
0.79818
1.30167
1.60657
2.55989
1.85672
2.63308
1.7408
1.66517
2.50477
2.50208
1.83568
4.13338
2.49483
1.28409
1.57553
2.26023
1.58638
2.14862
1.66111
1.45206
2.62317
3.45758
1.47494
2.38527
3.7349
3.4202
2.00706
2.61976
2.62496
1.8475
2.9943
2.95408
1.2431
1.61487
1.53372
0.884379
0.893971
0.965121
1.23779
1.34878
1.5705
1.55614
0.976517
1.2812
1.10946
0.995983
1.17678
1.16171
1.66899
1.17478
0.87937
0.910722
0.930922
0.725173
0.912749
1.28078
1.00372
1.14018
0.828166
0.446902
0.456472
0.422813
1.42364
1.09612
0.811307
0.770867
1.06362
0.890738
1.08652
1.0577
0.835796
0.873764
0.83468
0.789094
0.934568
0.828978
0.697707
0.939724
1.02108
1.0964
1.10399
1.44372
