5.426360
6.651820
9.975480
8.545630
8.098100
7.045790
8.878730
8.499400
6.554730
6.061690
7.876950
6.051800
9.278650
9.521710
9.395180
9.583500
9.447740
10.446800
11.294300
8.011720
8.016080
7.470260
5.667400
9.496720
8.642950
8.732720
8.434460
6.567460
10.319200
8.318690
7.248920
9.294100
7.283810
7.763030
6.968850
8.201880
7.780190
5.613880
6.742550
8.130930
7.336870
8.056650
7.367040
5.095670
5.141180
5.642160
5.537980
5.006700
6.246010
5.237930
5.451520
5.466980
4.795640
4.962140
7.172930
5.539670
4.280520
5.662980
8.672480
7.502970
6.766690
6.017270
7.191280
6.897600
6.637970
6.268210
5.352530
5.276770
6.268260
4.865890
6.224630
5.785330
6.177650
6.403480
6.000150
5.807810
5.500290
6.183550
6.462380
6.371240
5.536480
6.388120
5.949240
6.081460
6.246520
6.277810
5.446980
5.795310
6.129170
5.323430
6.365060
5.492820
6.259540
6.435570
5.727470
6.795960
5.395390
6.419510
5.231470
6.748140
6.254250
5.089290
6.686360
6.123360
6.196330
5.627330
5.683430
5.968610
6.508880
4.752580
6.057000
6.257170
5.398730
6.148400
5.049590
6.081460
5.387890
5.557060
5.367600
5.933900
5.552620
5.671110
5.444280
5.823090
5.909940
4.912210
5.379870
6.528600
5.308850
5.062000
4.775050
5.194050
4.764950
5.494570
5.566570
5.249840
4.690970
4.719250
4.840440
4.653180
4.880690
5.424800
4.843790
4.790120
3.969150
4.984570
4.806920
5.397770
5.161110
4.894640
5.169010
4.677290
4.621840
4.175020
4.950850
4.297670
4.848100
4.634610
4.832050
4.476010
4.620210
4.843920
4.647020
4.864740
4.611230
4.454010
5.189240
4.909720
4.581890
4.101210
4.959790
4.849190
4.962840
4.568640
4.976240
5.215490
5.599090
4.562100
5.208320
4.990810
4.645430
5.108730
4.918840
4.709810
4.435240
5.069460
5.140710
4.768050
4.723000
5.067330
4.634670
4.519810
4.756690
4.917830
4.886540
3.857150
4.545160
4.659890
4.067140
4.331870
4.574500
4.691990
4.108380
4.168400
4.341740
4.508590
4.806490
4.263840
4.350040
4.816620
4.479680
4.252190
3.915180
3.960730
4.428440
4.676480
4.332630
4.446470
