0.758377
0.889308
0.849478
0.850809
1.04489
0.846709
0.883468
0.687353
0.726999
0.763721
0.842234
0.910957
1.08622
1.18154
1.15168
1.22437
1.13555
1.02307
0.966075
1.09293
1.01699
1.07488
0.967207
1.09175
1.00626
1.00022
0.991114
1.00648
1.14387
1.04816
1.09106
1.06899
1.12651
1.09991
1.04604
1.02868
1.04454
0.986583
1.07865
0.987213
1.05045
1.03295
1.08091
0.974737
1.11578
1.05238
1.07432
1.05496
0.94779
1.04766
1.11224
1.05084
1.09702
1.12604
1.05021
1.06832
1.13858
1.13666
1.11003
1.11642
1.16682
1.03646
1.0393
1.08666
1.10418
1.06353
1.15824
1.01888
1.15718
1.09356
1.08295
1.12429
1.06847
1.09176
1.08253
1.10432
1.07669
1.14851
1.17719
1.12713
1.12523
1.07253
1.1045
1.09743
1.07612
1.1021
1.09217
1.21664
1.13137
1.20333
1.1296
1.11962
1.07122
1.03353
1.20461
1.19065
1.18337
1.18552
1.16662
1.0818
1.11913
1.00094
1.08331
1.18879
1.14805
1.03344
1.1663
1.16393
1.15606
1.02684
1.20777
1.12547
1.16264
1.12968
1.11546
1.10044
1.19029
1.18717
1.08211
1.01715
1.10907
1.12747
1.11369
1.13724
1.07192
1.07819
1.11499
1.1298
1.12855
1.07608
1.17587
1.18749
1.07537
1.22542
1.16392
1.15643
1.09718
1.05743
1.06224
1.22536
1.08107
1.12607
0.988146
1.09911
1.11539
1.21085
0.911438
0.903087
0.922944
1.03929
1.05617
1.03663
1.05665
1.05289
0.975257
1.02189
1.01465
0.962444
0.933052
1.03412
1.01097
1.04566
0.964196
0.997967
0.961585
1.09004
1.07417
1.03148
0.983047
1.0937
1.15506
1.01737
1.04496
1.03925
1.11524
1.0004
1.02284
1.00989
0.957882
0.998065
0.976334
1.04036
0.967991
0.874507
0.892566
0.949326
0.789828
0.864382
0.81573
0.70527
0.844704
0.790066
0.777059
0.646449
0.81259
0.691404
0.739383
0.788245
0.816913
0.84135
0.881553
0.741912
0.768382
0.951278
0.962844
0.794713
0.97481
0.904038
1.0052
0.943558
1.02208
1.10306
0.973516
1.05886
0.916699
0.887737
1.00377
1.0108
1.07847
1.07713
0.920839
1.03621
1.17134
0.950324
0.795703
1.02569
0.985254
0.962472
0.897896
0.956596
0.847825
0.877858
0.95089
0.988567
1.00829
1.04213
0.931537
0.872414
0.919146
0.812154
0.940147
1.06745
0.99508
1.00073
1.05545
0.93095
0.957549
0.925681
0.967841
0.895685
1.00009
0.982932
0.935637
0.936617
0.980179
1.00927
0.975293
0.953253
0.978663
0.934473
0.956735
0.924923
0.957851
0.867372
0.911576
0.886333
0.793062
1.01955
0.922035
0.974898
0.895181
0.967303
1.00104
1.03377
0.970862
0.955697
0.908625
0.873361
0.958102
1.0393
0.912711
1.01002
0.918529
0.881386
0.859585
0.850086
0.902232
0.819196
0.950848
1.00166
0.988859
0.932631
0.923439
0.934203
0.978166
0.882608
1.02465
0.98553
0.965809
1.03663
0.951927
0.905163
0.847247
0.946991
0.948571
0.851365
0.949507
1.03883
0.928836
0.992378
0.900982
0.998344
0.902155
0.868989
0.892973
0.844002
0.88452
0.959279
0.881794
0.978964
0.943284
0.884573
0.901515
0.826168
0.887477
0.808059
0.89076
0.943309
0.980177
0.97348
0.950493
0.930023
0.903681
0.840414
0.90844
0.870484
0.887187
0.853372
0.924964
0.943164
0.826744
0.851702
0.81667
1.05289
0.955788
0.756376
0.786597
0.874357
0.853105
0.830417
0.863035
0.86609
0.816212
0.794691
0.927289
0.8151
0.799733
0.809872
0.749862
0.904067
0.89662
0.771717
0.812953
0.847713
0.866774
0.836433
0.726589
0.763616
0.758435
0.811142
0.687295
0.613506
0.557379
0.694997
0.58894
0.555345
0.432323
0.539286
0.516109
0.551396
0.545348
0.444544
0.44089
0.389199
0.447309
0.37557
0.418358
0.423043
0.345513
0.345609
0.298091
0.300449
0.302253
0.307277
0.264229
0.252504
0.251601
0.243624
0.231064
0.25957
0.257934
0.270871
0.224239
0.281216
0.248634
0.23649
0.287861
0.256545
0.194254
0.174262
0.207116
0.191495
0.172134
0.206773
0.207352
0.228442
0.210464
0.230793
0.241904
0.265849
0.213218
0.224297
0.220408
0.197593
0.171203
0.155705
0.230712
0.277053
0.19291
0.15893
0.202132
0.189595
0.178736
0.222297
0.205444
0.22984
0.185137
0.161979
0.177509
0.171862
0.169192
0.161036
0.161493
0.177001
0.175019
0.187848
0.146298
0.140873
0.141778
0.161378
0.141816
0.182717
0.160297
0.154651
0.150423
0.136403
0.131244
0.132875
0.13572
0.141763
0.152866
0.133541
0.150004
0.132194
0.14128
0.119112
0.117517
0.125823
0.150791
0.136251
0.109327
0.132185
0.14678
0.15941
0.147693
0.144991
0.135632
0.129602
0.141686
0.11589
0.160733
0.17506
0.150187
0.147647
0.110965
0.13201
0.182847
0.120395
0.123527
0.124321
0.132838
0.108248
0.121711
0.11154
0.132125
0.146217
0.141219
