0.389251
0.377695
0.338214
0.436049
0.406922
0.443705
0.377148
0.440634
0.558707
0.513796
0.47438
0.505646
0.486473
0.811722
0.716197
0.75464
0.598109
0.593679
0.736861
1.04721
1.01731
1.0876
0.950168
1.36468
1.4919
1.24477
0.899303
1.24725
1.2053
1.02466
0.983911
1.06084
1.02757
1.16977
0.914806
0.853031
0.959872
0.90133
0.951702
0.810695
0.787636
0.793218
0.779816
0.905843
0.78945
0.641242
0.64198
0.582219
0.754602
0.661324
0.622264
0.664709
0.616384
0.686362
0.800257
0.596509
0.602372
0.681974
0.915242
0.857872
0.701302
0.577248
0.729521
0.669951
0.644134
0.898161
1.07822
1.06532
0.804208
0.684155
0.645837
0.7178
0.627854
0.913682
0.789717
0.842454
0.810785
0.884978
0.881357
1.03191
1.01763
1.09898
0.967179
1.05419
1.01193
0.896177
0.86864
0.894786
1.0753
0.872636
0.869755
0.910152
0.98945
0.942245
0.986012
0.953231
0.931231
1.06526
0.90629
0.882531
0.824252
0.897668
0.918238
0.982266
1.05268
0.951212
0.867207
0.866268
0.91001
0.983481
1.01059
0.861414
0.923635
0.85361
0.924022
0.943253
0.930825
1.09279
0.85237
0.894343
0.828166
0.883521
0.932957
1.03274
1.01078
1.05166
0.960063
0.968995
0.903817
0.866615
0.873275
1.06263
0.994521
0.935007
1.02797
1.01176
1.03194
0.904406
1.08326
0.916934
0.908422
0.893387
0.895468
0.829282
0.865743
0.849629
0.801921
0.790071
0.829067
0.839195
0.88487
0.869445
0.920126
0.828036
0.893866
0.869251
0.934195
0.883493
0.900115
0.886772
0.824104
0.862494
0.813832
0.847609
0.903205
0.874585
0.961507
0.846166
1.01286
0.926794
1.0427
1.14218
1.07601
1.0971
0.934735
1.15818
1.01708
1.01995
0.984128
1.05584
0.97267
1.04363
1.15789
1.11055
1.14869
0.931267
0.962666
1.0701
0.954976
0.964477
0.860472
0.918763
0.933219
0.981084
0.989067
1.02596
1.0207
1.11634
1.08084
1.0122
1.24295
1.0479
1.12339
1.10485
0.963786
1.02336
1.09228
1.08906
1.10272
1.04864
1.06374
1.09761
1.06602
1.18238
0.965754
1.15681
0.922698
1.14147
1.07435
1.00737
1.02448
1.0752
1.0706
0.939213
1.10966
1.25368
1.0259
1.06758
1.10016
1.20414
0.935156
0.946905
1.03643
1.08557
1.0499
1.0014
0.971663
0.999518
1.00883
0.897002
0.96359
0.951458
1.00892
1.06495
1.02599
0.973904
0.921903
1.00116
0.977083
0.92164
0.881051
0.884426
0.977553
0.890139
0.960055
0.918275
0.860015
0.921631
0.888945
0.904254
0.82402
0.759149
0.855952
0.81769
0.816043
0.901342
0.896548
0.883829
0.802875
0.818135
0.816936
0.879804
0.804353
0.681497
0.792491
0.784521
0.800417
0.804718
0.754869
0.777073
0.783029
0.883303
0.838547
0.853182
0.716859
0.919376
0.730779
0.774069
0.732793
0.631968
0.6988
0.853067
0.674424
0.677891
0.917803
0.767162
0.658299
0.838742
0.70268
0.740003
0.812511
0.630334
0.661767
0.75866
0.6645
0.624777
0.673617
0.676344
0.71035
0.690058
0.523373
0.525452
0.53293
0.574519
0.559338
0.580086
0.525501
0.609129
0.556647
0.478596
0.557974
0.55427
0.484398
0.542735
0.517365
0.527457
0.540376
0.463856
0.488102
0.504773
0.426582
0.454265
0.487944
0.385219
0.467586
0.390338
0.381566
0.396976
0.373576
0.383961
0.36738
0.359336
0.34485
0.309311
0.322269
0.346303
0.303408
0.308425
0.341113
0.337964
0.354018
0.370531
0.369755
0.353442
0.358645
0.372424
0.333856
0.326744
0.31171
0.286838
0.255549
0.293853
0.297033
0.247354
0.21259
0.217463
0.221335
0.219258
0.219115
0.205486
0.259338
0.326333
0.258201
0.268562
0.247256
0.213708
0.247429
0.269843
0.277905
