0.358561
0.33601
0.362144
0.35906
0.35906
0.343246
0.34018
0.360789
0.358734
0.386686
0.344325
0.344207
0.363432
0.379524
0.412112
0.345919
0.392604
0.386093
0.418622
0.437726
0.824566
0.664066
0.736943
0.778505
0.888412
1.18628
1.59528
1.89433
1.5444
1.46394
1.52374
1.37284
1.28758
1.17511
1.05845
0.969926
1.0187
1.17468
1.02222
0.982204
1.07937
1.16659
1.0388
0.965768
0.853368
1.20742
1.14494
1.03458
0.934083
0.989508
0.954393
0.892878
0.958617
0.944057
0.878428
1.03957
0.956794
0.915925
0.951802
1.0357
1.04548
1.08812
0.999458
0.924822
0.882381
0.788357
0.924215
0.994182
0.967437
1.009
0.862648
0.919918
0.969357
0.907476
0.973783
0.899135
0.886316
0.945031
0.978086
0.662693
0.896445
0.692424
0.73398
1.1025
0.694618
0.719432
0.65665
0.703251
0.853839
0.750433
0.671449
0.760947
0.737084
0.827015
0.804924
0.702613
0.966676
0.911272
0.844146
0.792587
0.891843
0.873574
0.685036
0.934378
0.759023
0.656908
0.972486
0.808136
0.860101
0.951153
0.94666
0.956283
0.824533
0.725642
0.719097
0.804957
0.70242
0.719076
0.940377
0.860601
0.621483
0.819056
0.756611
0.85155
0.738671
0.737082
0.804624
0.634254
0.86298
0.772994
0.66235
0.759169
0.838662
0.928233
0.754972
0.702228
0.735998
0.785743
0.731901
0.847257
0.796743
0.83725
0.765899
0.748207
0.709447
0.763653
0.641286
0.765001
0.741834
0.73916
0.69346
0.827562
0.801366
0.629886
0.670982
0.803845
0.733653
0.634465
0.685591
0.5939
0.666188
0.645078
0.687683
0.563464
0.600078
0.619473
0.661206
0.703764
0.63543
0.704212
0.677249
0.675032
0.637333
0.759854
0.775983
0.809491
0.806424
0.914712
0.83042
0.841656
0.669917
0.603543
0.701563
0.605096
0.564227
0.700261
0.594591
0.695473
0.651827
0.658654
0.628325
0.723182
0.65847
0.70342
0.578152
0.665098
0.600382
0.598509
0.496087
0.67004
0.574411
0.511881
0.629538
0.435765
0.579663
0.563367
0.540616
0.529197
0.613128
0.536222
0.550247
0.559524
0.532455
0.45708
0.583143
0.513546
0.523437
0.502357
0.51747
0.504742
0.673995
0.555065
0.517703
0.520197
0.545573
0.474148
0.542607
0.544565
0.570247
0.502917
0.640742
0.527046
0.424192
0.442235
0.511258
0.498432
0.534068
0.553106
0.511961
0.480022
0.474887
0.483486
0.472263
0.489455
0.5349
0.397758
0.453675
0.406619
0.469297
0.56807
0.51221
0.505378
0.570551
0.619585
0.454713
0.517541
0.569953
0.489604
0.480585
0.526828
0.502484
0.531597
0.537222
0.446354
0.498564
0.540217
0.466152
0.486038
0.552009
0.35801
0.39593
0.531032
0.486286
0.529956
0.587038
0.471571
0.485923
0.47966
0.39145
0.403623
0.418331
0.513767
0.496188
0.488169
0.494727
0.437299
0.521702
0.475285
0.445531
0.512537
0.391257
0.429301
0.515531
0.399749
0.531634
0.462351
0.397156
0.452535
0.431128
0.447329
0.467721
0.388505
0.340526
0.514137
0.399559
0.399425
0.407592
0.509377
0.405397
0.42326
0.544968
0.444781
0.554814
0.524342
0.440355
0.426664
0.464412
0.519476
0.490855
0.471919
0.376555
0.456907
0.474378
0.436011
0.521408
0.437023
0.481743
0.404339
0.524288
0.344999
0.418642
0.400505
0.529047
0.475072
0.442412
0.446385
0.436848
0.462671
0.443889
0.40935
0.446213
0.442674
0.477882
0.471555
0.501216
0.455295
0.449806
0.406704
0.390616
0.39543
0.456749
0.479073
0.455308
0.36177
0.304738
0.356004
0.52963
0.425735
0.52194
0.432996
0.432265
0.43
0.45263
0.486819
0.487165
0.473701
0.473259
0.352871
0.617272
0.501068
0.490764
0.387019
0.303893
0.279418
0.277766
0.470585
0.488329
0.468114
0.545847
0.519499
0.572984
0.497284
0.458045
0.331012
0.419971
0.396348
0.412496
0.328738
0.348661
0.379786
0.382159
0.443467
0.391142
0.385075
0.406186
0.413403
0.275301
0.266092
0.380261
0.374223
0.460955
0.508115
0.402691
0.425927
0.449481
0.418917
0.395753
0.371121
0.393362
0.335271
0.308541
0.288404
0.336117
0.301275
0.28611
0.30537
0.306449
0.307389
0.328646
0.384927
0.349054
0.348965
0.405129
0.336874
0.307935
0.275578
0.29
0.29605
0.328966
0.301143
0.352594
0.323479
0.322093
0.331677
0.356496
0.381206
0.314179
0.362813
0.309952
0.3023
0.313563
0.282091
0.318861
0.354084
0.348664
0.364181
0.324908
0.301722
0.307395
0.26679
0.295887
0.267505
0.320728
0.345563
0.36173
0.332276
0.338138
0.35776
0.351648
0.323344
0.307159
0.30996
0.297361
0.28691
0.275439
0.284588
0.274331
0.248882
0.305873
0.277678
0.255147
0.283731
0.283602
0.251726
0.285046
0.274606
0.313122
0.287655
0.298145
0.284278
0.305347
0.320187
0.302608
0.327847
0.289761
0.305234
0.315458
0.309071
0.29201
0.31396
0.305983
0.31597
0.311344
0.303131
0.308715
0.293441
0.292157
0.30774
0.307004
0.285916
0.296286
0.307894
0.308134
0.329285
0.316078
0.339225
0.346166
0.348967
0.31799
0.323069
