0.952274
1.09958
0.902298
1.02992
0.96885
1.02839
1.09435
0.980301
1.07315
1.0154
1.08066
1.17353
1.34557
1.68297
1.85775
2.00838
1.17149
1.39865
1.47117
1.5514
1.42051
1.56842
1.50284
1.62992
1.62424
1.49621
1.52482
1.42298
1.60605
1.67819
1.6866
2.1278
1.79609
2.4185
1.69047
1.87919
1.99395
2.04482
2.1093
2.07568
1.63329
1.98312
1.86885
1.77111
1.46224
1.88215
2.11646
2.13229
1.97194
2.16272
2.20935
1.98737
2.11695
2.31085
1.96139
1.89289
2.25856
2.11805
1.88908
2.12447
2.14045
2.38122
2.36065
2.11975
2.5215
2.48751
2.41451
1.99634
2.62695
2.61335
2.47162
2.13838
2.8475
2.66942
2.06938
2.74487
2.45535
2.38031
2.64845
2.31996
2.46353
2.55227
2.77896
2.53456
2.6711
2.30721
2.31811
2.87957
2.73703
2.11709
2.36722
2.38659
