4.66828
4.96598
5.36033
6.34166
6.56097
7.2354
15.0235
17.2379
14.7963
18.1328
18.4385
15.8805
14.5884
12.7051
14.1811
13.3065
13.0775
13.1122
11.6101
12.3121
12.3124
11.816
10.8928
10.6954
11.4495
10.3925
10.6093
10.619
10.9784
10.7059
11.0721
10.9061
10.6086
10.305
9.71745
10.5713
11.5433
10.8179
11.0037
11.0097
11.2987
11.2464
10.9062
10.6002
11.2023
12.0726
11.5864
11.9248
12.0429
11.8289
12.1028
12.0582
11.629
11.5999
11.584
12.9374
11.6233
11.0013
11.0701
9.95495
11.4977
10.9103
11.2365
11.6776
10.928
11.6038
11.3134
10.6438
11.7234
11.498
11.1398
11.7484
11.482
11.7073
11.2962
11.4104
11.3248
10.9411
9.3228
9.66658
10.8602
10.5564
10.1972
10.4789
10.864
11.2263
10.8082
10.8017
10.9272
10.566
10.4817
9.99934
9.93114
10.8686
9.78085
10.5368
10.041
10.0886
10.3954
8.98829
8.93375
9.4265
8.61901
9.11358
9.11305
8.60531
9.51436
8.85109
8.45358
9.03143
8.74984
8.63174
9.11728
8.67673
8.23217
9.60003
8.41858
9.36392
8.34803
8.9864
8.14076
7.90865
8.1086
8.44911
8.76103
8.17708
8.70457
8.22448
8.0805
7.55294
7.30674
7.89194
6.90978
7.46098
7.10339
7.23408
7.42721
7.96294
7.83829
5.76121
7.27601
6.83192
6.22165
8.10828
7.71173
7.32265
7.46219
7.28368
5.94406
6.44201
6.64809
6.87845
6.81371
6.76935
6.06207
6.8496
7.3671
6.73093
7.05522
7.0138
6.8592
6.74868
6.04119
6.83369
6.23235
6.80124
7.1099
6.33022
6.69308
6.25546
6.31393
6.36757
6.29524
6.795
6.05846
5.7046
6.54799
6.7299
6.76656
5.84217
6.2317
5.91407
6.39236
5.99499
5.43393
4.84808
5.33279
5.92069
6.0214
5.97644
6.29047
5.83073
5.64711
5.4192
5.05594
5.70751
