0.531319
0.775134
0.666834
0.895716
0.948766
1.87544
2.09483
2.15037
2.19584
1.95961
2.16286
2.09106
2.15251
2.29065
2.10483
2.2239
2.15234
2.13834
1.97448
2.01008
1.9884
1.90205
1.90376
1.92699
0.992871
0.568191
0.614773
0.43502
0.446317
0.454889
0.490349
0.539233
0.527119
0.474194
0.47181
0.497725
0.519254
0.501356
0.448468
0.506132
0.539198
0.461153
0.400408
0.566193
0.498524
0.579472
0.539754
0.453091
0.498145
0.459988
0.428676
0.441234
0.473236
0.541802
0.501803
0.461978
0.392084
0.600122
0.447817
0.499324
0.549638
0.509051
0.58105
0.501021
0.511656
0.519997
0.569958
0.531407
0.520737
0.475293
0.57061
0.524151
0.642206
0.599829
0.513435
0.723912
0.722402
0.462651
0.647786
0.672953
1.20543
0.979154
0.875043
0.884704
0.751372
1.06532
1.02999
1.05767
1.01945
1.06296
1.52997
1.43012
1.41709
1.64596
1.51459
1.09751
1.26191
1.39646
1.42901
1.15375
1.34301
1.07307
1.16296
1.10784
1.23882
1.24992
1.16297
1.14514
1.15179
1.09671
1.05741
1.00979
1.04371
1.03203
1.05817
1.08
1.09108
1.06375
1.08566
0.926579
1.00604
1.0684
0.980327
1.05795
1.03663
1.05553
1.01905
1.09011
0.999529
1.03854
0.977517
1.06357
1.05286
1.01971
1.03282
0.98387
0.968489
1.12958
1.13791
1.10653
1.00519
0.995167
1.1004
1.09309
1.08008
1.05327
1.01198
1.0876
1.08527
0.996057
0.932626
0.982658
1.03505
0.927305
0.887065
1.06579
0.915459
0.953425
0.966262
0.858421
0.967023
0.989913
0.962024
1.02365
0.994488
0.930328
1.00531
1.00301
0.894558
0.936602
0.945267
0.875981
0.918898
0.974334
0.902406
0.926302
0.870342
0.856719
0.826539
0.852942
0.866411
0.859357
0.878238
0.838805
0.832186
0.745977
0.848852
0.877775
0.712622
0.80942
0.84102
0.826279
0.828135
0.798718
0.780938
0.76304
0.809572
0.761872
0.752461
0.759392
0.741683
0.796138
0.791809
0.718708
0.805038
0.797925
0.70895
0.759504
0.757287
0.776365
0.721452
0.759688
0.730683
0.694036
0.718912
0.694754
0.691812
0.70838
0.703135
0.684543
0.699347
0.676839
0.730885
0.704051
0.708409
0.633479
0.712203
0.639965
0.634766
0.68325
0.627641
0.635868
0.660694
0.608159
0.617422
0.606036
0.688947
0.642343
0.641109
0.614441
0.610633
0.629984
0.55893
0.620135
0.649437
0.632179
0.632616
0.597764
0.608427
0.590492
0.600486
0.647482
0.57715
0.610564
0.65774
0.607903
0.547426
0.598841
0.600772
0.5735
0.625259
0.585172
0.602271
0.602185
0.551461
0.576321
0.553807
0.595218
0.648953
0.55104
0.629978
0.585244
0.609478
0.606862
0.572228
0.552537
0.532247
0.597661
0.585016
0.61189
0.551725
0.539496
0.583449
0.603641
0.573767
0.520267
0.554785
0.591523
0.568343
0.541503
0.571804
0.573232
0.532109
0.574857
0.569424
0.557946
0.561742
0.558403
0.563617
0.565531
0.598281
0.584912
0.565821
0.632279
0.569893
0.577293
0.580716
0.65543
0.525603
0.55973
0.586367
0.559241
0.51366
0.628136
0.547762
0.508285
0.546843
0.481486
0.493539
0.525227
0.562701
0.545872
0.543136
0.484306
0.549551
0.572948
0.570422
0.542067
0.495753
0.512347
0.486495
0.483802
0.488371
0.488669
0.530305
0.56001
0.541229
0.529892
0.570859
0.522473
0.500159
0.483794
0.459653
0.44464
0.479725
0.477866
0.442601
0.524729
0.49985
0.493225
0.454247
0.458714
0.44873
0.492751
0.45002
0.441099
0.470692
0.452696
0.421961
0.499413
0.46141
0.470169
0.497126
0.499646
0.418139
0.48264
0.482515
0.455382
0.439458
0.538035
0.408979
0.504775
0.429948
0.45315
0.420621
0.535812
0.476674
0.583124
0.501415
0.459815
0.360756
0.420851
0.477083
0.489149
0.573081
0.370045
0.516166
0.4964
0.422582
0.302355
0.386721
0.441298
0.479971
0.466886
0.381179
0.385858
0.386242
0.386557
0.420392
0.391448
0.461748
0.409073
0.492509
0.392449
0.514167
0.461436
0.563639
0.43742
0.376068
0.470212
0.452552
0.411928
0.52366
0.3836
0.395469
0.38571
0.311636
0.423999
0.508728
0.417788
0.368643
0.393053
0.389386
0.383795
0.353533
0.414248
0.354148
0.391281
0.352013
0.405569
0.384539
0.336602
0.408901
0.42328
0.368176
0.432597
0.365109
0.400262
0.338811
0.347251
0.361499
0.355489
0.4739
0.451382
0.394175
0.369261
0.348971
0.37629
0.37128
0.306625
0.382486
0.383796
0.301604
0.361356
0.341143
0.325859
0.350883
0.399581
0.274142
0.344942
0.313329
0.346931
0.337828
0.381796
0.315732
0.279623
0.374446
0.306942
0.312012
0.375755
0.373024
0.395388
0.327177
0.291214
0.340723
0.349604
0.29371
0.302206
0.370314
0.338489
0.335624
0.358266
0.325686
0.374624
0.308776
0.322895
0.318215
0.389592
0.372195
0.387297
0.368605
0.46299
0.37364
0.338409
0.373738
0.326202
0.38573
0.313828
0.399874
0.37369
0.337096
0.267825
0.416482
0.389825
0.32792
0.308164
0.324526
0.347279
0.313179
0.328942
0.324241
0.287075
0.327788
0.326643
0.297557
0.290136
0.307415
0.274185
0.300444
0.253167
0.276239
0.281806
0.283221
0.27369
0.344669
0.312466
0.292668
0.31379
0.270486
0.286478
0.309228
0.301962
0.297359
0.266915
0.266963
0.288431
0.236728
0.288265
0.256328
0.253592
0.298465
0.305611
0.249266
0.244149
0.240143
0.263124
0.251579
0.265331
0.257109
0.240562
0.272376
0.226395
0.248617
0.271132
0.235428
0.247906
0.2642
0.228807
0.246315
0.21443
0.231744
0.223825
0.19637
0.2134
0.208793
0.218947
0.227373
0.224576
0.2299
0.231073
0.215649
0.2177
0.229027
0.221385
0.235142
0.236116
0.220101
0.215443
0.261315
0.227057
0.240814
0.21106
0.224321
0.234723
0.240984
0.233533
0.212072
0.225617
0.242175
0.245701
0.221814
0.200939
0.224229
0.240537
0.232252
0.242937
0.279088
0.26642
0.238585
0.249239
0.221473
0.222275
0.259828
0.218472
0.218204
0.228287
0.224585
0.251738
0.27196
0.243896
0.252486
0.258788
0.2755
0.271053
0.228873
0.255131
0.302919
0.258112
0.306594
0.300051
0.295732
0.278042
0.309814
0.270887
0.310058
0.269453
0.284473
0.289605
0.293373
0.274681
0.275344
0.286308
0.3016
0.248561
0.251428
0.244848
0.250764
0.258523
0.245803
0.230648
0.246257
0.233452
0.240815
0.233828
0.24242
0.219443
0.231692
0.231755
0.226048
0.260292
0.238705
0.230012
0.253322
0.220994
0.252907
0.225028
0.255478
0.235334
0.248623
0.251593
0.253383
0.238476
0.265967
0.232956
0.214443
0.23036
