1.17042
1.19085
1.43405
1.23259
1.42582
1.30963
1.51318
1.55756
1.81733
1.07873
1.06368
1.08285
1.21393
1.37704
1.42666
1.62372
2.62709
2.83415
3.16852
3.51981
2.88651
2.65811
2.67956
2.90788
3.70083
3.00682
2.84628
2.41374
2.34758
2.90055
2.69307
2.81627
2.68249
2.46116
2.5403
2.57749
2.76607
2.3764
2.61289
2.61891
2.98678
2.79167
2.70667
2.57471
2.10387
2.61997
2.12253
1.91589
2.28921
1.87744
2.29378
2.36764
2.0801
2.03139
1.93444
1.99073
1.87766
2.22531
1.90602
1.99139
2.04068
2.21989
2.31875
2.05553
2.28787
1.94403
2.02322
2.12778
2.19214
2.27824
1.99876
1.66841
2.00585
1.94139
2.09015
1.94787
1.6931
1.70778
1.64793
1.83717
1.96462
1.61938
1.72241
1.90294
1.88314
1.76229
1.72261
1.56327
1.70784
1.8724
2.08436
2.3662
2.05665
2.0824
2.80947
2.30133
2.61297
2.34342
2.17019
2.189
2.10152
2.28589
2.32188
2.05028
2.30118
2.18484
2.23873
2.37192
2.39309
2.10421
2.14364
2.20603
2.04587
2.31807
2.38689
2.16583
2.19444
2.12661
2.24513
2.31968
2.18765
2.29363
2.19274
2.31833
2.236
2.46132
2.17629
2.1461
2.31067
2.08939
2.00359
2.0349
2.23029
2.04855
2.24802
2.19211
2.29417
2.26747
2.22899
2.06721
1.84763
1.99595
1.76309
1.73319
1.81946
1.77271
1.78184
1.8345
1.8141
1.96105
1.81741
1.9215
1.98388
2.18087
1.96625
2.01728
2.05121
1.77997
1.87087
1.87227
2.0525
1.98335
2.02904
1.81777
2.21782
2.05152
2.0987
1.78961
1.98397
1.99581
1.96577
1.98631
2.0067
1.9331
1.76077
2.13072
1.92132
1.92987
2.01687
1.93733
1.9359
1.9328
1.74376
1.97035
2.03773
1.92713
2.30528
1.80933
2.09885
2.00226
1.9693
1.89728
1.97885
1.93308
1.93339
2.08265
2.08543
1.9506
1.97204
1.87954
2.03045
1.89704
1.96028
2.12758
2.02361
1.8067
1.88452
2.01531
2.0162
1.90955
1.83222
1.87542
1.64709
1.78886
1.68176
1.72401
1.87016
1.77727
1.66365
1.66206
1.79521
1.90497
1.62867
1.76772
1.64007
1.59641
1.76521
1.60567
1.75322
1.56139
1.72222
1.49943
1.49856
1.65208
1.79209
1.77827
1.92574
1.61073
1.65884
1.67682
1.56163
1.58712
1.92826
1.69324
1.54349
1.84248
1.63171
1.59576
1.80677
1.50466
1.52935
1.7628
1.68801
1.7102
1.61156
1.61791
1.55214
1.84521
1.55711
1.79522
1.73512
1.79665
1.47627
1.54151
1.55512
1.62518
1.62048
1.46644
1.55455
1.46734
1.40524
1.35154
1.41346
1.46157
1.33278
1.52386
1.53062
1.43111
1.73566
1.32403
1.28818
1.34894
1.37547
1.21963
1.3717
1.26843
1.27043
1.11779
1.18511
1.06237
1.46829
1.26895
1.2452
0.953055
1.2461
1.09181
1.1899
1.31727
1.07422
1.19863
1.3453
1.55408
1.18183
1.34068
1.34034
1.14423
1.21462
1.26391
1.29094
1.45531
1.37572
1.15219
1.13258
1.11141
1.28402
1.21934
1.30087
1.22831
1.14615
1.27133
1.23056
1.34075
1.06307
1.03317
1.19922
1.04443
1.15354
1.26429
1.20395
1.25568
1.27879
1.39954
1.13284
1.01289
1.22433
1.24404
1.4143
1.25376
1.1178
1.04772
1.16969
1.09545
1.1871
1.25928
1.17808
1.07659
0.920341
1.02103
1.17248
0.928715
0.923627
1.13809
0.986238
1.01103
0.970278
1.16101
0.983113
1.09073
0.942461
1.16285
1.14492
0.896104
1.10433
1.23656
1.00446
0.948143
1.14461
1.07021
0.923135
0.860589
1.06215
0.918217
0.969198
0.997887
0.841306
1.03611
1.03148
0.933158
0.893857
0.897665
0.813805
0.847417
0.894759
0.92461
0.795536
0.818466
0.819699
0.879458
0.819153
0.739279
0.687102
0.94157
0.923229
0.907208
0.878057
0.820634
0.795152
0.81574
0.909643
0.783956
0.896922
0.94192
0.85138
0.819032
0.928407
0.893206
0.875314
0.838035
0.9715
0.696805
0.721107
0.854973
0.89069
0.787133
0.794457
0.81888
0.79426
0.948733
0.767256
0.723649
0.865942
0.868113
0.770042
0.756631
0.68328
0.695821
0.697407
0.780877
0.752556
0.909047
0.920147
0.812389
0.855553
0.890121
0.965473
0.999792
0.805745
0.860603
0.996993
0.99795
0.847563
0.785136
0.940703
0.897249
0.723617
0.780615
0.715851
0.769937
0.824433
0.695782
0.680635
0.772044
0.744132
0.82825
0.884144
0.738944
0.734681
0.783546
0.745129
0.670908
0.690135
0.735421
0.727463
0.661489
0.917327
0.935399
0.926668
0.740385
0.848753
0.918521
0.714445
0.745958
0.727111
0.936563
0.729103
0.878494
0.969184
1.16245
1.2904
1.17863
1.35613
1.44027
1.45312
1.19597
0.990593
1.01926
0.948661
1.15239
0.871476
0.978859
0.94379
0.907032
0.79099
0.922698
0.873276
0.941536
0.978172
0.940557
1.05918
1.20681
1.39572
1.17813
0.928833
1.09053
1.13657
1.29397
1.20018
1.19971
1.15394
1.22792
1.39054
1.45481
1.13995
1.11198
1.04593
1.03849
1.22779
1.1166
1.09773
1.05849
1.07996
0.981653
1.1286
1.17125
1.05346
1.16119
1.09712
0.937401
1.11439
1.24352
1.03653
0.95397
1.04222
1.42023
1.15719
0.995093
1.05975
1.1072
1.0029
1.06859
1.03895
1.13677
1.09404
0.985812
0.951129
1.04372
1.08563
1.05557
1.03104
1.10966
1.24652
1.32064
1.29679
1.48267
1.70383
1.06759
0.964599
0.935647
0.952768
0.864035
0.895132
0.891155
