1.39278
1.37649
1.46685
1.51701
2.13626
4.59498
7.44533
9.15264
9.94923
7.52011
8.55647
6.49363
5.75545
6.30065
3.94723
4.77975
3.71926
4.46503
4.151
4.48871
5.05924
5.85393
5.21585
5.73959
4.79345
5.32096
5.4691
5.94938
5.79632
5.57121
5.19496
5.16665
5.95648
5.7804
4.87053
5.88169
5.42858
5.39219
4.95837
5.28704
5.9875
6.215
6.43931
6.24685
5.73008
6.03691
6.33327
5.75175
5.37689
5.44698
5.45893
6.17293
6.44617
5.45136
5.68176
5.45158
5.88995
5.87305
6.32598
6.0996
5.85186
5.68208
6.02536
6.52166
6.12553
6.38519
5.35378
5.03982
5.43079
5.1199
5.36176
6.60474
6.26844
6.21025
5.94197
4.92855
5.95246
5.48391
4.19857
4.77865
4.0501
4.05117
5.23661
5.39141
5.4335
5.64161
5.10054
4.6004
4.10181
4.62833
3.94892
4.03818
3.8414
4.45464
4.72641
4.66031
4.90919
4.14487
4.08348
4.3233
4.61935
4.87973
3.74118
3.71207
3.93927
5.07506
4.76614
4.18141
3.33208
3.13184
4.09001
2.81076
3.26516
2.95801
3.48382
4.17011
3.26461
3.15523
2.66124
2.97978
2.84035
2.12398
2.87548
2.28331
2.96187
3.03515
2.56357
2.81658
2.42253
2.25592
2.10293
2.08876
2.19922
1.88137
1.7638
1.90542
2.16419
1.70718
1.92241
1.6811
1.417
1.48543
1.55801
1.35086
1.28419
1.44959
1.46934
1.30227
1.30419
1.14461
1.06826
1.04217
0.959056
0.917389
0.83478
0.789089
0.688318
