1.10812
0.878055
0.68066
0.669253
0.635878
0.570076
0.535606
0.539396
0.684688
0.872905
0.851394
1.09366
1.95458
2.06957
2.10995
1.7903
2.41693
2.1861
1.96431
1.78586
2.09586
2.08362
1.95477
2.10836
2.13123
2.07016
2.02228
2.32819
2.24705
2.07482
2.76394
2.19954
2.37684
2.16467
2.27142
2.34312
2.22189
2.42086
2.38588
2.23144
2.23997
2.03559
2.09229
2.08857
1.9425
1.7592
2.02115
2.50211
2.41818
2.34931
2.39129
2.57741
2.62686
2.71208
2.58593
2.18905
2.64687
2.53904
2.95354
2.33076
2.34161
1.98379
2.42811
2.50047
2.30586
2.11496
2.16273
2.3904
2.12236
2.21427
2.22097
2.31799
1.93587
2.4999
2.27576
1.95892
1.92295
1.90042
2.19447
2.08713
2.28098
1.92926
1.89652
1.6195
1.8815
2.05969
1.89586
1.86502
1.7487
1.86331
2.28309
1.85867
2.13222
1.92992
1.98517
2.05172
1.88512
2.0173
1.75993
1.86917
1.98209
1.60747
2.01116
1.87224
1.84717
1.82281
1.81371
1.74919
1.94729
1.70867
1.90042
1.81196
2.00156
1.81414
1.71825
1.69695
1.76745
1.74443
1.97383
1.95235
2.04734
1.91032
2.16759
2.09932
1.79782
2.07991
1.96564
1.94298
2.08038
2.01608
1.86283
2.04948
2.25916
2.20271
2.35567
1.98103
1.99192
2.24045
2.29288
2.06668
2.32533
2.13359
2.08548
1.88036
1.95699
1.87198
1.8309
1.83898
2.00455
2.04549
1.90117
2.54797
2.10868
1.91826
1.88185
1.99545
1.97195
1.54759
1.75376
1.44161
1.86013
1.76931
1.4762
1.43265
1.58753
1.5454
1.4301
1.66517
1.84641
1.70491
1.30602
1.3401
1.40955
1.59424
1.73543
1.58545
1.71997
1.98379
1.75835
1.58067
1.70295
1.66298
1.61202
1.623
1.50464
1.70798
1.65563
1.84476
1.56988
1.3926
1.38185
1.27954
1.01379
1.13304
1.02777
1.25719
1.35935
1.10188
1.26628
0.968228
0.911548
1.29068
1.4852
1.03342
1.03493
1.11563
1.27557
1.30395
1.26311
1.08756
1.22701
1.16239
1.54004
1.08842
1.04366
1.01903
0.9812
1.17068
1.25538
1.30055
1.18377
1.12664
1.05378
1.05804
1.05567
1.16603
1.23114
1.20905
1.02889
1.01194
0.877773
0.845165
1.03732
0.86329
0.956005
1.0101
0.898738
0.823076
0.774066
0.856982
0.842662
0.789467
0.786113
0.842278
0.852288
0.758305
0.798834
0.773335
0.756374
