3.63651
3.11325
3.52868
3.5916
3.65633
3.74218
3.59636
3.37426
3.64315
3.40551
3.25374
3.15759
3.36505
3.16614
3.63452
3.19008
3.21027
3.06618
3.19402
3.20262
3.13405
3.27695
3.18193
3.18289
3.349
3.15962
3.22828
3.29665
3.25247
3.06546
3.26938
3.28981
3.07191
3.04667
3.00821
3.05991
2.94001
2.6593
2.89362
2.68553
2.69669
2.72118
2.71898
2.8389
2.5131
2.72908
2.76667
2.49884
2.79413
2.61398
2.68252
2.66081
2.52818
2.71284
2.46331
2.49477
2.55126
2.64627
2.59648
2.52434
2.6296
2.37197
2.43401
2.55584
2.37308
2.53193
2.51546
2.4417
2.39259
2.37912
2.34997
2.39338
2.38105
2.19783
2.39651
2.50997
2.40668
2.3995
2.4139
