1.00126
2.64497
3.03219
1.53509
0.882836
0.8059
1.39727
1.89045
5.35818
5.05318
4.78967
4.72912
2.99861
3.76033
3.47417
3.65025
4.1469
5.19807
3.54038
4.03261
4.1326
3.97587
4.49529
3.60926
3.98404
4.18952
3.83209
4.28341
3.54258
3.81649
3.88696
3.93494
3.99936
4.05039
4.79793
4.11425
3.69661
3.52495
3.64773
3.8002
3.39234
3.17908
3.647
3.06811
4.13634
3.33676
3.99804
3.48585
4.08448
3.40869
3.48985
2.91848
3.25597
2.71708
3.15046
3.26351
3.3309
2.91974
3.95553
3.46418
2.78642
2.9324
3.41688
4.03289
2.95083
3.8774
3.10118
4.02652
4.55858
4.14416
3.70769
3.3089
3.45691
2.87292
2.76064
3.90869
3.64198
3.02486
3.46682
3.16233
3.29052
2.42465
2.77678
2.47154
3.20312
3.88103
2.74845
3.63212
4.12135
2.72067
3.05839
3.12996
3.32324
3.38088
2.36888
2.80259
3.00159
2.19108
3.27026
2.98322
2.40006
1.95931
2.84447
3.44992
2.67779
2.68981
1.8563
3.20712
3.22384
2.87464
2.26421
2.23117
2.97719
1.66853
2.20138
2.23027
2.11163
2.01205
1.6416
1.7447
1.59823
1.66918
3.04784
2.36863
2.29414
1.80987
2.29683
2.60473
3.28703
2.34054
