0.383897
0.32059
0.349806
0.405582
0.423689
0.438937
0.384354
0.392368
0.400175
0.396083
0.42995
0.431281
0.345256
0.364793
0.378879
0.393604
0.373647
0.363155
0.343682
0.385494
0.569222
0.579197
0.577039
0.519944
0.349475
0.575498
0.369745
0.402941
0.563332
0.43093
0.520225
0.76088
0.689844
1.03376
1.14391
0.857329
0.843885
0.866455
1.65325
0.914149
1.1434
0.922793
0.706579
0.698695
0.651648
0.606058
0.594639
0.615052
0.44829
1.46796
0.6937
0.849911
0.564771
0.723515
0.638282
1.66658
1.97932
1.20683
1.51191
2.19808
1.87958
2.00753
2.05799
1.74898
2.16134
2.08016
1.71401
1.25057
1.35826
1.67587
1.63104
1.36307
1.56798
1.50066
1.5612
1.4673
1.83152
1.75339
1.80805
1.28669
1.44452
1.62458
1.46246
1.95755
1.72607
1.76024
1.81646
1.64629
1.81023
1.763
1.85868
1.61091
2.03586
2.05093
1.75856
2.08053
1.87638
1.89396
1.62681
1.87917
1.62459
1.89753
1.53049
1.79306
1.63113
1.86769
1.89193
1.55066
1.6029
1.66864
1.66253
1.68127
1.7383
1.62549
1.65081
1.69763
1.80558
2.03514
1.69722
1.81378
1.70657
1.74646
1.68319
1.92364
1.94086
1.87109
1.70122
1.56795
1.51591
1.6332
1.71383
1.6118
1.96415
1.83214
1.59885
1.73262
1.55184
1.51388
1.66741
1.57274
1.64588
1.36496
1.43629
1.21261
1.37439
1.48305
1.40205
1.6999
1.31031
1.3424
1.55116
1.57518
1.21041
1.69398
1.49591
1.47276
1.47256
1.52284
1.28769
1.44459
1.01707
1.31584
1.38026
1.16297
1.02732
1.33658
1.31208
1.11335
1.14893
1.14786
1.10291
1.0625
0.948609
1.22877
1.04842
0.814081
0.986048
0.94146
0.865001
1.06639
0.800803
0.981817
1.04079
1.03593
0.874415
0.805157
0.912877
0.868303
0.934223
0.851666
0.83859
0.823007
0.924607
0.765302
0.836478
0.805696
0.771982
0.670252
0.881951
0.727859
0.599048
0.624057
0.722404
0.676014
0.746542
0.726345
0.670908
0.61758
0.66419
0.527092
0.586867
0.555863
0.674935
0.597654
0.624969
0.491799
0.570685
0.685688
0.565583
0.504137
0.478384
0.425585
0.465802
0.473796
0.45391
0.508912
0.519801
0.517697
0.46394
0.401679
0.351489
0.294936
0.266255
0.376951
0.329214
0.335457
0.333683
0.297199
0.263688
0.288754
0.281915
0.313133
0.299542
0.269531
0.351757
0.277295
0.313328
0.278576
