0.477626
0.289785
0.489269
0.740604
0.508352
0.578795
0.501397
0.520006
0.653187
0.73382
0.749675
0.546337
0.47705
0.616816
0.692754
0.439017
0.334977
0.660194
0.489866
0.580878
0.463644
0.485898
0.524779
0.486634
0.562319
0.527221
0.493105
0.609572
0.544627
0.559845
0.491295
0.464439
0.472409
0.507864
0.47717
0.46755
0.5097
0.560351
0.56057
0.447941
0.516543
0.575832
0.53067
0.476476
0.56549
0.47586
0.45443
0.413242
0.456051
0.600583
0.522814
0.424657
0.540634
0.416943
0.507177
0.419685
0.523385
0.522291
0.524065
0.56172
0.478152
0.482087
0.550766
0.498312
0.462646
0.54295
0.536183
0.539197
0.498617
0.509521
0.546926
0.519798
0.547329
0.472757
0.563251
0.534257
0.574624
0.496156
0.499299
0.533871
0.511783
0.497074
0.512251
0.530019
0.589256
0.454811
0.490988
0.558048
0.529173
0.454428
0.452288
0.397129
0.459062
0.528719
0.526277
0.58496
0.487017
0.537513
0.472717
0.543562
0.492795
0.538977
0.57603
0.481524
0.534369
0.495512
0.590472
0.540719
0.489088
0.550019
0.499241
0.539274
0.530605
0.612934
0.573221
0.565414
0.504038
0.512666
0.464429
0.532627
0.513923
0.568086
0.505578
0.591246
0.511572
0.522038
0.48603
0.622812
0.482279
0.474022
0.485822
0.481614
0.559
0.490027
0.547296
0.54237
0.517605
0.531159
0.589727
0.565029
0.481206
0.576039
0.555373
0.540345
0.544395
0.496759
0.490867
0.561929
0.537106
0.464652
0.445343
0.608235
0.617311
0.452372
0.492008
0.493701
0.575313
0.513036
0.511348
0.546244
0.509631
0.462366
0.517225
0.38124
0.520387
0.423174
0.572189
0.506969
0.458372
0.541979
0.499284
0.523064
0.556199
0.511676
0.506691
0.459883
0.516455
0.51195
0.565836
0.547221
0.526739
0.48292
0.543271
0.554235
0.501766
0.582417
0.499748
0.535333
0.503098
0.566824
0.561567
0.659297
0.532863
0.533464
0.549116
0.578436
0.591712
0.605328
0.562582
0.570227
0.552138
0.490281
0.547745
0.603062
0.4787
0.512094
0.538392
0.520462
0.551505
0.529065
0.523437
0.580671
0.543107
0.580122
0.642847
0.568051
0.595397
0.56914
0.519517
0.639048
0.539035
0.582237
0.632541
0.579169
0.668376
0.588088
0.572872
0.462446
0.727429
0.625368
0.499984
0.524032
0.504766
0.512159
0.504412
0.524469
0.475628
0.584017
0.56091
0.701742
0.527855
0.483335
0.556143
0.413661
0.513399
0.545702
0.528592
0.552802
0.517553
0.478869
0.532594
0.545109
0.495013
0.557435
0.464995
0.507382
0.608886
0.547271
0.496453
0.574796
0.631748
0.698242
0.463893
0.600145
0.506391
0.525683
0.45662
0.597807
0.627335
0.531484
0.436319
0.717995
0.611127
0.506017
0.495832
0.562191
0.486992
0.527282
0.445978
0.415215
0.499857
0.485521
0.472991
0.474195
0.551641
0.400909
0.477604
0.453217
0.528917
0.545257
0.436184
0.591012
0.465027
0.460808
0.489876
0.439749
0.42069
0.374354
0.390963
0.457058
0.390484
0.429256
0.32535
0.356895
0.438261
0.427971
0.395591
0.428247
0.407645
0.403133
0.357385
0.398334
0.31524
0.32669
0.419843
0.434184
0.325448
0.355196
0.296156
0.411672
0.394178
0.415037
0.352439
0.248467
0.330226
0.271024
0.312073
0.241096
0.245591
0.324023
0.337894
0.278045
0.243885
0.286815
0.243338
0.186207
0.200788
0.175844
0.190497
0.231751
0.196808
0.187933
0.198437
0.189216
0.189957
0.176609
0.198927
0.202556
0.177398
0.180182
0.183381
0.196722
0.211227
