0.661375
1.01254
0.922099
0.769054
0.715458
0.690238
0.679221
0.701491
0.736845
0.678346
0.664
0.680418
0.657818
0.656765
0.622744
0.688679
0.683585
0.689415
0.683062
0.733559
0.748507
0.707965
0.687924
0.634861
1.96029
1.83023
1.10727
1.28839
1.65376
2.04618
1.90247
2.09951
1.68504
1.62436
2.02489
1.95017
1.57472
1.47059
1.8836
1.60022
1.60781
1.75312
1.4414
1.67645
1.64839
1.7623
1.69756
1.3495
1.42069
1.49326
1.46959
1.43402
1.51002
1.35101
1.42022
1.47549
1.55112
1.2787
1.6256
1.5012
1.59619
1.30439
1.3702
1.5934
1.70824
1.49707
1.74282
1.60405
1.74294
1.66472
1.72193
1.55159
1.6256
1.46965
1.45812
1.6161
1.48763
1.53646
1.83606
1.47719
1.54052
1.5232
1.69974
1.81125
1.48405
1.64774
1.71188
1.58646
1.40216
1.43928
1.37767
1.73474
1.5522
1.40586
1.51781
1.5157
1.52777
1.49241
1.5468
1.39147
1.41964
1.34457
1.39517
1.4329
1.32811
1.40228
1.31943
1.41535
1.4707
1.26607
1.40454
1.38777
1.4692
1.398
1.33645
1.42974
1.57595
1.46015
1.18812
1.37432
1.49553
1.40342
1.26532
1.30622
1.30635
1.32629
1.4418
1.26656
1.31644
1.44761
1.30595
1.26638
1.34058
1.43727
1.34342
1.27041
1.19311
1.23484
1.23867
1.12254
1.12145
1.47688
1.3328
1.38097
1.3794
1.42073
1.47315
1.3585
1.41704
1.21003
1.2995
1.33288
1.36374
1.33557
1.14766
1.27575
1.36653
1.33266
1.24722
1.36279
1.3873
1.34903
1.34124
1.31776
1.13004
1.14126
1.31531
1.16514
1.25743
1.20707
1.32665
1.1818
1.19771
1.23338
1.23449
1.28411
1.36725
1.36116
1.2364
1.39089
1.16124
1.33429
1.3818
1.30138
1.20087
1.14788
1.19883
1.25553
1.15352
1.22365
1.36939
1.33685
1.23161
1.37778
1.31822
1.30287
1.24344
1.3304
1.35431
1.45427
1.27322
1.23194
1.29246
1.29176
1.36834
1.23446
1.15759
1.17984
1.30172
1.30021
1.43868
1.16771
1.20157
1.18946
1.18017
1.13603
1.18922
1.16884
0.992494
1.12314
1.12646
1.03664
1.16555
1.06015
1.01532
1.24528
1.19152
1.12941
1.04232
1.14326
1.13148
1.21011
1.3031
1.21433
1.03099
1.2064
1.15273
1.23368
1.21229
1.06744
1.07392
1.19134
1.06919
1.11666
0.973166
0.949009
1.11146
1.23355
1.13022
1.149
1.19281
1.36793
1.37814
1.21392
1.66805
1.19469
1.08332
1.33502
1.60782
1.08183
1.22747
1.09695
1.173
1.15903
1.2844
1.05473
1.0995
1.00118
1.04093
1.04083
0.854245
1.00192
0.951011
1.06312
1.09363
1.00553
1.0998
1.1398
1.14361
1.26132
1.4383
1.47804
1.36289
1.0277
1.17416
1.15996
1.13037
1.02642
0.98887
0.931822
0.83622
0.968599
1.03879
0.879549
0.808742
1.02301
0.905382
0.842318
0.822961
0.97321
0.880707
0.924003
1.05307
0.945585
0.834707
0.858274
1.00136
0.928084
0.951084
0.929939
0.950455
1.03277
0.844521
0.858061
0.944076
0.954142
1.08116
0.990037
0.986182
1.00836
1.00676
1.03869
1.10217
0.902872
0.984069
0.857094
0.898502
0.953397
0.874964
0.906305
0.855407
0.963037
0.896761
0.866137
0.922875
1.00057
0.882479
0.823961
0.903861
0.8588
0.924061
0.838407
0.804259
0.803109
0.890501
0.735024
0.873096
0.857905
0.844608
0.882811
0.929595
0.855687
0.836552
0.8106
0.732745
0.738684
0.812102
0.816105
0.836158
0.685956
0.753695
0.807528
0.865373
0.762383
0.809681
0.789056
0.760728
0.809006
0.874153
0.875309
0.741778
0.809305
0.85069
0.796726
0.814302
0.735599
0.794915
0.832935
0.798093
0.825938
0.78762
0.839129
0.768107
0.795682
0.699947
0.858556
0.784066
0.843087
0.746118
0.780577
0.75618
0.885217
0.799379
0.712047
0.812083
0.829525
0.803847
0.904436
0.879486
0.889168
0.843761
0.834422
0.840583
0.771982
0.882415
0.813248
0.77909
0.769874
0.762139
0.784076
0.724898
0.71907
0.823624
0.737456
0.720156
0.807208
0.666283
0.756735
0.686138
0.781186
0.733031
0.781956
0.773195
0.766764
0.766429
0.763394
0.762483
0.779079
0.795873
0.77468
0.780749
0.78562
0.764004
0.873273
0.724731
0.853714
0.820295
0.748582
0.79405
0.738108
0.783131
0.688905
0.729157
0.713104
0.740121
0.656224
0.761531
0.749132
0.649747
0.741909
0.748544
0.645925
0.718708
0.673071
0.674713
0.672698
0.647948
0.654718
0.721829
0.697265
0.708823
0.621907
0.682292
0.697321
0.633847
0.706264
0.69515
0.699315
0.658624
0.643297
0.646771
0.708655
0.705231
0.734811
0.811097
0.728534
0.723637
0.712256
0.654795
0.731744
0.730067
0.744331
0.73271
0.773165
0.71284
0.688881
0.722022
0.654355
0.653524
0.731273
0.729132
0.715251
0.735824
0.760644
0.681167
0.711051
0.806772
0.694902
0.690853
0.689048
0.706218
0.688618
0.70151
0.68637
0.689872
0.630741
0.627566
0.620979
0.674826
0.627583
0.666566
0.659045
0.727632
0.778517
0.759748
0.656952
0.693057
0.686453
0.6623
0.623351
0.660762
0.611167
0.635943
0.654822
0.732208
0.658098
0.606457
0.620184
0.65099
0.60888
0.630726
0.675376
0.620783
0.587664
0.678871
0.566288
0.60558
0.589664
0.513223
0.468555
0.421671
0.415661
0.438155
0.390019
0.40531
0.438413
0.424194
0.445171
0.407328
0.415966
0.4627
0.390643
0.425514
0.390117
0.412869
0.389973
0.417143
0.370195
0.345759
0.409057
0.413056
0.403714
0.38087
0.339639
0.358888
0.312523
0.325496
0.350963
0.317826
0.30963
0.344738
0.321916
0.296134
0.353915
0.324868
0.299973
0.334721
0.308103
0.290708
0.329196
0.285675
0.295543
0.280848
0.332348
0.305011
0.309038
0.305773
0.318186
0.320331
0.29597
0.283955
0.291899
0.280833
0.287218
0.323677
0.314969
0.275468
0.288329
0.304525
0.315866
0.296643
0.311646
0.323194
0.254344
0.280612
0.281271
0.311287
0.283522
0.276517
0.27157
0.267737
0.277697
0.301009
0.265639
0.298818
0.273268
0.28398
0.305749
0.305169
0.285668
0.270119
0.289547
0.267275
0.247926
0.326062
0.257655
0.269064
0.254491
0.242099
0.313246
0.30815
0.266838
0.27302
0.25633
0.238537
0.262343
0.259071
0.242801
0.250254
0.246783
0.257222
0.278286
0.259885
0.264106
0.259836
0.284225
0.317252
0.238431
0.289263
0.239059
0.263552
0.248703
0.281525
0.261921
0.299476
0.283013
0.287905
0.281425
0.287498
0.297685
0.260278
0.318892
0.317447
0.261915
0.244605
0.277685
0.257281
0.235928
0.24533
0.239287
0.286151
0.273297
0.272183
0.288551
0.284337
0.308378
0.303554
0.271091
0.249762
0.263388
0.276349
0.255239
0.277095
0.23733
0.261228
0.279148
0.236224
0.276687
0.258974
0.270789
0.263521
0.234999
0.265761
0.274331
0.288146
0.265891
0.282007
0.260794
0.268791
0.276232
0.286474
0.274779
0.307005
0.272673
0.266608
0.306232
0.252902
0.25879
0.279292
0.259982
0.267172
0.273213
0.257817
0.258872
0.26429
0.247886
0.260697
0.25183
0.247638
0.272189
0.255228
0.234933
0.249432
0.253648
0.257735
0.244575
0.272175
0.233757
0.234695
0.274042
0.233817
0.239886
0.246421
0.251118
0.22166
0.22368
0.223971
0.266832
0.236073
0.257919
0.252564
0.218162
0.244052
0.275581
0.258652
0.225794
0.240255
0.251528
0.247586
0.244549
0.256265
0.273934
0.263526
0.277696
0.238798
0.266156
0.254027
0.242763
0.232997
0.239612
0.253599
0.24158
0.26151
0.248441
0.239147
0.233591
0.246341
0.245067
0.241203
0.257465
0.218606
0.237357
0.268927
0.25069
0.259867
0.242205
0.253212
0.253091
0.239634
0.231188
0.23592
0.215646
0.239794
0.230465
0.235027
0.230572
0.254498
0.215981
0.245289
0.245867
0.254173
0.240569
0.25294
0.271783
0.276584
0.284278
0.31863
0.345803
0.347338
0.388202
0.426696
0.491753
0.551628
0.628466
0.694013
0.867338
1.10816
1.1961
1.57404
1.84525
2.11693
2.39736
2.84064
3.65155
3.96028
4.39154
4.77431
5.11287
5.36469
5.60709
5.89835
5.98609
5.78944
5.58155
5.61763
5.45219
5.1941
4.73197
4.3302
4.22167
4.00034
3.67127
3.47995
3.25046
2.79894
