6.28232
6.54808
6.06194
5.90423
5.91319
5.67594
5.9959
5.12088
5.94625
5.47998
5.71923
6.501
12.2616
11.097
10.6072
11.4001
12.6654
11.4528
11.8882
14.1845
9.07742
10.9146
11.457
12.7251
10.759
11.4961
10.3771
6.58462
5.01645
4.88906
5.44657
6.22411
5.16836
6.1301
11.8211
7.04344
7.69525
11.0502
9.29185
13.0149
10.9082
12.2711
7.8353
13.2471
9.22929
12.1615
11.3811
12.6461
11.4867
12.791
12.6326
11.4777
11.6113
11.4558
13.0936
11.5926
12.1924
14.3762
13.3645
12.607
14.6734
15.6109
13.396
15.9951
14.8474
12.2722
13.0416
14.0227
14.1477
15.3921
14.7964
16.4925
14.5803
14.513
18.7788
16.5087
13.4226
16.2754
17.971
16.8976
19.2802
15.5157
16.6303
14.129
16.0772
19.9827
18.42
15.7138
17.9254
16.0646
18.8775
18.3275
16.4907
15.7834
17.6133
16.2369
17.1923
18.8909
20.2012
18.2721
16.1343
15.1737
16.4416
17.2067
16.1408
12.6006
13.9171
20.4166
18.7091
14.5851
16.057
17.2922
14.4443
11.6425
17.8064
17.9362
18.5979
14.3604
18.1436
19.3506
19.9967
13.5473
15.7118
20.1522
19.269
14.9941
16.9656
15.148
17.8987
15.2994
15.8614
13.9752
14.9671
13.3214
14.1211
14.1616
15.8792
14.8769
13.7024
9.67231
11.9179
14.1938
10.7546
7.58533
10.1322
9.28072
10.5799
10.0694
11.9073
10.9296
11.0008
8.99452
10.9172
12.5251
12.1711
9.46565
7.86025
10.6955
11.2567
11.0238
8.05154
8.98266
8.39643
8.29701
9.64532
9.70287
8.02928
9.39777
10.1547
7.76179
9.21481
9.78361
9.5303
9.53293
11.6122
10.4536
9.49881
10.3065
11.591
9.28433
9.28657
9.99605
9.16902
9.19645
9.41046
9.13692
11.0712
12.3628
12.052
10.2128
9.95257
12.2868
10.0647
9.28861
9.23492
11.1154
11.718
11.2945
9.33333
12.9247
10.3538
7.84594
8.83531
12.3315
10.966
9.62824
9.98375
11.3797
12.0359
9.60595
7.5687
10.5653
8.63853
10.3299
9.90001
10.3143
11.5985
9.16912
7.83711
9.32123
10.1637
10.2753
8.4862
10.2748
9.28058
10.0794
7.38636
9.67685
8.92657
9.23675
8.9841
8.83263
6.02717
7.66992
7.91349
6.69601
6.89843
7.95431
6.17911
4.99378
6.59986
5.70166
6.51745
5.05097
3.85637
5.02561
4.88646
4.88447
6.55351
7.23145
5.55948
5.82973
5.44158
4.9162
7.28094
6.41299
7.71748
6.64466
7.6662
6.20034
7.0599
7.05293
7.19816
7.29955
6.23225
5.47003
4.89919
5.03311
5.58697
6.43301
4.22904
5.31322
6.15431
5.06336
4.11842
4.43286
4.46563
5.13018
3.63175
4.4345
5.00758
4.43518
3.73426
4.53344
5.05822
4.45891
3.23909
