5.8064
6.09974
7.17401
8.75377
7.60735
7.46403
9.53085
16.297
20.779
12.7085
8.40437
10.741
30.7419
28.8294
27.3707
22.4817
24.77
30.7966
26.851
27.9551
36.2172
31.8847
24.3107
23.8756
28.5363
28.1579
25.775
25.2021
27.4181
31.6573
28.7203
27.9199
25.7903
34.2829
36.4464
26.5582
27.4538
28.8016
31.8318
30.3925
28.4278
28.9396
33.0017
24.3265
19.4337
25.2486
29.0634
26.4441
19.4055
21.7061
25.5891
30.3666
26.7922
20.8963
22.4924
25.6807
28.5379
23.357
22.207
19.3792
21.3105
26.7822
23.0003
22.0192
16.7237
24.2413
23.6222
20.0358
16.7413
19.1984
22.9029
20.8583
17.2102
15.4607
19.0432
20.1492
18.4086
16.8899
16.1601
18.8332
21.0762
19.3797
17.3798
13.4522
12.2367
18.7214
17.349
16.1264
15.7462
12.1091
11.1059
11.0452
12.0953
13.7856
12.3111
13.4612
9.85638
12.2534
13.1216
12.7901
11.8697
10.1013
10.7153
11.3271
13.6839
