1.27066
1.59344
1.91405
1.60477
1.59704
1.81075
1.76575
1.54633
1.94814
2.46944
2.52554
4.48467
11.6467
8.12483
5.1819
15.4003
21.8936
13.5574
11.486
15.7663
13.2144
7.20392
11.7865
9.99419
9.59169
10.1885
6.38794
7.30504
10.3863
9.14525
4.82483
6.97524
9.75317
9.11787
6.24913
6.65234
9.45214
4.74122
2.7633
4.82547
4.55206
4.56127
3.60248
4.41755
4.16644
3.10099
2.99957
4.27592
3.65291
3.20489
4.76429
4.4959
4.98309
4.16076
4.58942
7.92275
5.85765
7.74873
7.81167
7.64608
6.06008
8.36704
6.61142
7.72683
5.29613
5.34174
4.3876
5.25416
6.46414
6.64221
6.73768
6.22378
6.12442
5.58562
5.33246
4.99334
5.42777
7.44429
4.91549
5.57473
5.11989
4.58857
5.32797
4.6091
3.59498
3.50843
3.99901
4.74458
4.79696
5.01565
5.73589
4.45923
5.42865
4.38285
5.05368
3.70201
4.79873
3.88919
3.95822
4.38132
4.69855
5.23947
3.48012
4.31433
4.14912
4.88712
4.20171
3.59786
5.49148
3.68031
2.8355
3.62904
4.45342
3.26705
4.11368
4.11008
3.76623
3.89238
2.86725
2.99312
4.21881
3.8279
3.00134
3.57523
3.08185
4.12
2.46905
3.14756
2.96821
3.02803
2.9484
3.06588
3.1169
2.68487
3.03419
2.73217
2.94675
3.14279
3.01784
2.73714
3.07679
2.96518
2.78037
3.43102
2.95871
2.79973
2.60944
3.28698
3.27547
2.64283
3.05579
2.27128
3.01627
2.70157
2.88901
2.75974
2.88011
2.69952
2.71171
2.59799
2.51561
2.39159
2.47458
2.57191
2.53514
2.69463
2.80679
2.26828
2.71791
2.72707
2.82097
1.95639
1.79371
2.11122
2.64383
2.59794
2.33066
2.25418
1.95384
2.24933
2.25959
2.21216
2.27159
2.15804
2.41153
2.34258
2.37861
2.37506
2.36491
2.39362
2.17151
1.70944
1.85049
1.92176
2.31393
1.9077
1.72228
1.65815
1.53596
2.01463
1.57803
1.88858
2.17288
1.98455
1.88781
2.52574
1.92361
2.14204
2.27383
1.54514
2.3351
2.13406
2.22043
1.79323
1.76856
1.58836
2.08797
1.93732
1.99693
1.61828
1.7168
1.92046
2.13011
1.70385
1.56658
1.429
1.78128
1.86007
1.38849
2.1048
1.63895
1.66234
1.83065
1.42594
1.59339
1.47342
1.4238
1.14904
0.947382
1.12373
1.37474
1.01373
0.907099
1.65007
0.838089
1.41363
1.50199
1.67704
1.36799
1.42458
1.58568
1.4361
1.30649
1.65226
1.34128
1.45489
1.2487
1.52885
1.12523
1.21391
1.27258
1.02486
1.3139
1.35699
1.24866
0.905064
0.932373
1.05082
0.919759
1.06277
1.04983
0.734557
0.80256
1.4528
1.7159
1.01259
0.78213
1.16454
1.01551
1.12204
0.835171
0.834547
0.647815
0.584259
0.380819
0.502834
0.556095
0.489714
0.472884
0.642196
0.643845
0.624807
0.392118
0.444247
0.54612
0.658716
0.599169
0.745527
0.730215
0.688843
0.682616
0.737289
0.660317
0.892152
0.944804
0.782604
0.699757
0.803815
0.657395
0.628803
0.609652
0.808605
0.968323
1.2235
