1.68397
2.00364
1.84031
1.81125
2.21159
1.61082
1.96416
2.40646
2.07559
3.1288
2.67381
3.98412
3.08752
3.30666
5.33318
4.55702
4.13911
4.19259
4.60192
3.6894
3.66537
4.70855
5.15622
4.7403
4.31316
3.95647
3.97568
4.49198
4.53938
4.22415
4.59861
4.91666
4.38496
4.68187
4.39592
4.06011
3.85935
4.4108
4.24485
4.09395
3.94774
4.72789
3.9989
3.93454
4.28305
3.63308
4.29088
4.59692
4.85596
3.83388
4.21741
3.93672
3.92657
3.50735
4.01235
4.12146
3.61334
3.87132
4.01965
4.32685
3.75511
4.25038
4.52692
4.24805
3.66018
3.9638
4.3872
4.05148
3.88052
3.94414
4.03854
4.00085
3.09425
4.46371
4.39051
3.33076
3.85425
3.79718
3.5074
4.0759
4.02072
3.73982
3.62184
3.67844
3.98803
4.07817
3.90318
3.98079
3.66834
4.66148
4.00202
3.6353
3.63854
4.11607
3.5811
3.55093
3.76291
4.33152
3.58864
3.69357
4.06292
3.74662
4.10475
3.95256
4.33161
3.53147
3.86328
3.98216
3.46022
2.56549
3.96962
3.38806
4.07617
3.22382
3.91316
3.05585
3.71812
4.08703
2.83952
4.13204
3.28773
3.54293
3.10003
2.16688
3.45801
2.69602
3.15421
3.02078
3.21863
2.82391
2.38222
3.0828
2.52788
2.55335
2.34237
2.0702
2.46568
2.8002
2.69987
2.6017
2.5147
2.35574
2.21313
2.46494
2.9801
3.54646
2.76275
4.01736
2.87963
2.7425
2.51456
2.35438
2.27898
2.28367
2.28741
2.05803
