9.77395
13.6821
19.3005
24.2563
21.691
20.8408
18.3785
16.9688
21.2402
17.3309
19.1131
17.8019
12.3879
12.6976
11.8084
11.5589
9.98264
8.3672
10.3355
14.7413
10.2269
10.3514
16.4911
14.3934
16.3052
13.5383
16.587
14.2269
11.2912
12.5427
12.57
13.5741
13.6147
12.9033
14.6181
13.4898
12.4712
15.6544
14.878
14.6951
12.2504
13.9655
12.3039
15.2392
14.4346
13.4859
13.522
13.6027
14.3516
14.7178
13.4731
14.7858
13.5809
13.4654
13.7735
13.8944
14.9535
15.3367
13.7614
13.6642
15.6462
13.9503
15.8888
13.2396
12.8996
15.2463
13.6931
12.8979
13.0258
13.5916
15.5662
13.9156
12.2435
12.4944
14.7091
14.491
13.757
12.728
14.3953
10.7741
14.5199
14.204
11.462
12.7492
12.4719
14.7875
13.7081
13.7544
12.3625
12.1525
11.9115
9.39744
7.23481
9.79248
12.6262
14.0138
14.371
15.4235
10.9363
13.1435
12.5294
13.6338
14.3376
12.9401
12.0308
13.2948
13.7316
13.6062
12.4408
11.5281
13.9079
13.1409
12.9121
13.7121
13.0185
13.8935
12.7589
12.1686
14.0481
13.0442
13.3914
10.5609
12.258
11.2377
10.2538
11.0423
9.44914
9.70828
9.44814
10.1217
10.6909
10.9076
10.0321
8.82686
9.96645
9.66407
10.3803
9.58263
8.99026
9.55401
9.13231
9.8427
9.93198
8.15892
7.71449
8.10726
8.855
9.79484
8.60152
9.00496
8.83751
9.1791
7.97991
8.00098
8.42726
7.56081
8.04059
8.05078
7.6839
7.06668
7.68203
7.62093
6.74035
5.53941
6.20269
7.48749
7.48855
6.40967
5.96719
5.9041
4.92439
5.80124
6.51982
5.09502
6.14364
6.02828
5.55064
6.43208
5.01396
4.7442
4.46259
5.05471
3.99605
4.6836
4.84425
4.46439
4.16271
4.03582
4.15837
3.82011
3.52574
3.53337
3.99253
3.82746
4.89124
4.05187
