1.37366
1.30857
1.64594
2.19095
1.44375
1.17672
1.42313
1.81584
1.31659
1.49118
1.82418
1.80656
1.55076
1.38724
1.39267
1.72517
1.71437
1.36684
1.87367
2.40006
1.64821
2.08382
1.90931
1.83849
1.56807
1.67972
2.43285
2.68246
2.20179
2.23741
2.25442
2.30063
2.14821
1.7997
2.2943
2.50111
2.06987
1.66168
1.63045
2.06596
2.14647
1.68957
1.44379
2.04019
2.46624
2.27102
1.73426
1.84112
2.67777
1.75909
2.01638
2.36962
2.01686
1.24969
1.60789
2.02758
2.06808
1.86109
1.84044
1.90095
1.52815
2.00245
2.60251
2.06996
1.57303
1.66179
1.87398
2.16401
2.11302
2.38976
2.53646
1.94576
2.11364
2.46578
2.06606
1.78409
2.54855
1.87847
1.87821
1.63233
2.29448
2.38867
1.73799
2.49663
2.73413
1.56828
1.996
2.42167
2.11641
2.43321
1.58863
1.7551
1.56431
1.94845
1.78336
1.91956
2.34562
2.31251
2.08152
2.30436
1.66752
1.90738
1.53105
1.76594
2.60253
2.1125
1.8677
2.50242
2.73036
2.16348
1.91817
1.88056
1.82948
1.88305
1.67167
2.42548
2.32353
1.96603
1.81167
1.4228
1.81362
2.23575
2.13195
1.35086
1.57558
2.18017
1.96041
1.67211
2.16074
2.0006
1.90828
1.39705
2.29885
2.02349
1.95963
1.62926
2.22693
1.94676
1.89583
1.87289
1.63262
1.62203
1.71682
2.00652
2.13784
2.12847
2.37184
2.09911
2.32601
2.48925
1.8613
2.54344
1.82258
1.92635
2.11929
2.37616
1.48808
1.9428
1.45086
1.27472
2.11747
2.17479
1.70613
2.11049
1.96827
2.01619
1.99664
1.99327
1.91975
1.52637
1.72496
1.52973
1.48122
1.90706
2.09504
1.72817
1.50623
1.83605
1.47048
1.6445
1.17885
1.14325
1.65453
1.76645
1.53302
1.84619
1.8947
1.76628
1.80023
1.24357
1.92504
2.01103
2.01763
1.58874
1.94476
2.02704
1.87912
2.3641
2.1828
2.09695
2.42023
1.98824
1.67771
1.35491
2.20712
1.88681
1.36428
1.97149
1.9699
1.80729
2.06485
1.89814
1.54179
1.51986
1.87473
2.56508
1.88567
1.98665
2.16171
2.52794
2.02099
1.72127
2.26306
1.8827
1.94384
2.45061
2.15605
1.86783
1.63029
1.33243
1.95167
1.75746
2.29188
1.66993
1.63806
1.714
1.79718
2.06931
1.89928
2.36537
1.78037
1.56134
2.17685
2.21325
1.8791
1.69865
2.50706
1.62385
1.71395
1.99129
1.70057
1.57816
1.87674
1.38738
1.39499
1.66951
2.20704
1.62643
1.50003
1.66376
1.54391
1.84507
1.70087
1.74642
1.87873
1.67231
1.93445
1.86489
2.31888
1.92406
2.04559
1.80439
2.06627
1.71871
2.04953
1.73783
1.55815
1.88561
1.55506
1.62526
1.83447
1.75402
1.29026
1.32974
1.5807
1.40242
1.99663
1.449
1.92637
1.51548
1.73096
1.66501
1.71938
1.59646
1.80373
1.72649
1.62438
1.74769
1.71364
1.7553
1.79232
1.98533
1.79925
1.91269
1.73197
1.75059
2.03115
1.11811
1.8565
2.0869
2.0027
1.92754
1.78667
1.67107
1.64016
1.77837
2.1747
1.4069
1.59952
2.16281
1.70178
1.52273
2.20642
1.88919
1.66445
1.76174
1.63562
1.60196
2.06601
2.16875
2.27754
1.9712
1.65238
2.25644
2.01606
1.64045
1.74399
2.62867
2.42392
2.28149
1.80398
2.09203
2.23138
1.99277
1.69125
1.71261
2.23326
2.5011
2.3263
2.06453
2.12703
2.3992
2.05814
2.01052
2.3689
1.94631
1.79221
2.20295
2.46178
2.51882
2.23176
1.99164
2.73603
2.38492
2.59829
2.2925
2.35482
2.15109
2.01814
2.72749
2.06626
2.53376
2.08858
1.78257
1.61775
2.39406
2.32852
2.55671
2.22637
2.28874
2.96628
2.32956
2.16565
2.14741
1.95054
2.15685
1.84985
2.31319
2.95717
2.50257
2.15639
2.12255
2.22727
2.91587
2.56006
2.71397
2.19653
2.88966
2.82798
2.67043
2.91498
2.30147
2.48112
2.68899
2.01163
2.58619
2.24807
2.16494
2.23668
3.02805
2.55585
2.77372
2.46571
3.05221
2.43016
2.71397
3.15107
2.03753
2.13068
2.33264
1.95354
2.60592
2.28813
2.6832
2.32158
2.64702
2.35823
2.51033
2.52683
2.68818
2.83669
3.19215
2.30062
2.57603
2.61174
2.4839
2.5437
2.37982
2.55908
2.84924
2.40174
2.34002
3.0212
2.69045
2.26352
2.84537
2.56619
2.27015
2.29458
2.21556
2.44558
2.79359
2.39809
2.40199
2.26764
2.47998
3.14765
3.22325
2.62376
2.63076
2.37425
2.50008
2.02957
2.16511
2.40953
1.90939
2.33664
2.34383
2.20102
2.48352
2.35308
2.56706
2.4572
2.18495
2.37549
2.43304
2.37402
1.98723
1.90046
2.1137
1.51778
1.96145
2.04959
2.14408
2.14671
2.30478
2.4578
2.22558
1.96762
2.44576
1.71582
2.0377
2.24714
1.81172
2.51189
2.02483
3.21644
2.6722
2.29675
2.97777
2.41082
1.9778
2.38479
2.21052
2.57121
2.63096
1.90512
2.08184
2.47878
2.1267
2.25365
2.23467
2.47172
2.21659
2.48676
2.79303
2.82481
2.59373
2.19223
3.25403
2.76812
2.67557
2.48428
2.27917
1.98088
2.17721
2.13997
2.30234
2.35213
2.19055
1.94484
2.32291
1.70479
1.75195
2.13212
2.49293
2.18734
2.80415
2.215
2.72907
1.98978
2.08966
2.22065
2.41497
2.71345
2.52839
2.49008
2.23536
2.80013
2.39506
2.65447
3.21989
2.24475
2.30186
2.18479
2.69302
2.54447
1.89821
2.14348
2.33637
2.64312
2.46813
2.31889
2.4249
2.30945
1.99675
2.17288
2.402
2.37111
2.72986
2.31729
2.1873
2.12859
2.80272
2.79339
3.06015
2.20377
2.47873
2.41305
2.02759
2.51507
2.55103
2.12153
2.12255
2.45496
2.27127
2.40732
2.78479
2.62
3.24402
2.99229
3.30126
3.68575
3.19946
4.50861
4.32626
3.73327
3.66124
2.92146
2.27404
3.34591
2.57838
3.59308
3.75607
3.64281
3.80256
3.29637
1.6117
2.90668
4.38188
3.23792
2.73198
4.19883
3.36788
3.35695
3.29491
3.42573
3.33449
3.83404
4.09029
3.34588
2.89922
3.88994
4.74097
4.12549
4.19765
3.25621
4.03781
