0.393897
0.382624
0.377
0.385476
0.384408
0.382483
0.369344
0.381007
0.37748
0.347346
0.359271
0.354492
0.357156
0.386142
0.378073
0.374203
0.390907
0.336517
0.365933
0.418475
0.455407
0.479896
0.387378
0.472561
0.453334
0.381985
0.385737
0.345681
0.415373
0.405951
0.450981
0.590947
0.567227
0.304712
0.378237
0.436116
0.431651
0.511204
0.405365
0.510789
0.593522
0.687102
0.626944
0.726956
0.55229
0.535464
0.516516
0.689768
0.52424
0.688849
0.61321
0.587447
0.718153
0.629932
0.698079
0.787677
0.830705
0.88298
0.766503
0.700908
0.747975
0.80746
0.651898
0.88206
0.930874
0.71034
0.940329
0.851036
0.910202
0.905404
0.75543
0.882708
1.14316
0.812681
1.06893
1.0846
1.19296
0.987566
1.2465
1.2851
1.25605
1.11347
1.12905
1.25019
1.2442
1.14696
1.03879
1.45708
1.08655
1.13223
1.16769
1.39981
1.20464
1.71726
1.46235
1.79182
1.46322
1.75771
1.20749
1.53837
1.82209
2.10512
2.53527
1.80263
2.25477
1.82289
1.85082
2.21647
1.57506
1.70282
1.6383
1.6284
1.87225
1.96301
2.3673
2.16328
2.36839
1.59136
2.06344
1.9562
1.81453
2.35103
1.84396
1.80445
1.62408
2.12116
2.04635
1.9293
2.27132
1.48279
2.15286
1.99263
2.48808
2.07668
1.95123
2.12977
1.99346
2.44968
2.09551
2.05997
2.41435
2.1007
2.17929
2.04642
1.9081
2.64395
2.30261
2.38944
2.37055
2.05537
2.12925
2.31222
2.29736
2.17379
2.20062
1.78473
2.05524
2.44835
2.34101
2.20489
2.27033
2.3744
2.29493
2.03511
2.13123
2.12613
2.16069
1.99497
2.42344
2.23631
2.3184
2.32083
2.41416
2.14963
2.18626
2.07273
2.2284
2.09865
2.3132
1.97704
1.97134
2.11777
2.04721
2.09186
2.10866
1.91839
2.18608
1.83811
2.19453
2.28185
1.96464
2.21838
2.01124
1.95121
2.04701
1.97831
2.20141
2.04024
2.39463
2.09254
2.12473
2.49901
1.96534
2.37329
2.08974
2.49587
2.56476
2.39095
2.07009
2.0194
1.75934
2.2072
2.35777
2.69884
2.53928
2.67023
2.69536
1.95894
2.66261
2.44789
2.05104
2.80081
2.6642
2.66593
2.36571
2.58452
2.46298
2.84859
2.6892
2.87243
2.71507
2.41101
1.96245
1.64629
1.44788
