6.483250
7.049550
7.181550
6.367940
8.445410
11.034000
10.981100
12.918400
13.564000
11.609100
11.541700
10.321800
11.914900
12.232000
13.219800
11.808700
14.438700
11.863400
15.485500
13.236200
15.414100
17.019300
17.842700
17.278300
17.637100
18.535000
23.804400
23.975500
21.910600
23.380700
21.199800
21.472800
22.114400
22.688500
24.576900
20.328900
18.527000
24.679700
25.466900
22.234600
17.407200
20.135500
21.541100
23.276600
23.660800
23.268100
25.489300
30.294600
31.560300
30.163500
25.771900
24.889300
23.064700
27.066300
24.135900
27.541500
32.189300
26.789800
26.172500
28.272000
27.889100
33.873000
32.393200
34.294100
37.290700
33.352800
33.177800
34.741400
34.714300
31.437300
35.589700
36.661600
50.052800
39.333800
42.008700
41.700200
32.630700
36.229400
34.047400
40.697800
36.369500
43.186700
31.401500
29.174700
31.521300
41.168300
44.395400
38.897900
42.766700
41.792600
36.604100
