6.43436
4.42301
8.29678
5.72007
4.70738
6.87862
6.79237
4.5045
4.74187
3.7798
4.40344
3.68594
3.04417
3.44495
3.56483
3.62212
2.80811
2.63214
3.86528
3.55181
2.83284
2.55735
3.6432
3.77152
3.56125
3.86997
3.43544
4.14351
3.75379
4.18056
3.87671
3.50563
3.78406
3.2968
4.20072
4.38983
3.95553
4.15219
3.44882
3.36866
3.77582
3.84445
3.3365
3.65103
3.49419
3.78831
3.44552
3.3238
4.19817
4.35738
4.13484
3.82363
3.5404
4.36314
4.12024
3.69274
3.58314
3.80384
4.07249
4.17671
4.11699
3.73545
3.83457
3.92866
3.81042
3.14589
3.73251
4.10799
3.95322
3.82468
2.6662
2.83194
2.95099
3.06807
3.1494
3.58331
3.33088
3.19422
3.41066
3.21392
3.40633
2.3357
3.11865
2.79135
2.64265
2.77411
2.98587
2.94382
2.34424
3.10291
2.30704
2.81743
2.90534
2.6755
3.02382
2.52514
2.37342
2.22497
2.2331
1.97516
1.74201
2.01885
2.32125
2.43201
1.85367
1.88609
1.80565
2.22808
1.36669
2.30147
1.68226
1.57959
1.56572
1.74666
1.57062
1.85498
1.66538
1.63904
1.33465
1.34888
1.24736
1.22174
1.04228
1.04499
0.973301
0.969733
0.98059
0.957116
0.907587
0.562644
