2.79921
4.98742
5.47432
6.70264
6.9884
17.6242
30.6505
25.3562
27.7494
22.6866
24.042
19.7921
20.6286
15.1057
14.9542
14.2425
11.6933
11.9363
11.7774
10.1229
10.5668
7.96171
7.99502
7.05609
8.07313
9.69254
9.59549
9.57429
9.90832
13.5516
13.7447
15.0626
16.8522
10.9121
15.9254
13.1591
15.5104
15.3645
16.3054
13.3929
14.4288
13.498
10.3543
7.88938
11.8862
9.03894
10.5005
14.0014
11.1157
13.8348
9.0771
14.4215
10.39
14.8532
11.562
11.882
11.0462
12.8284
12.2046
10.9973
8.38756
9.56207
10.9765
12.9565
11.5651
9.84646
9.33213
10.8078
8.97279
11.0769
9.7422
9.67303
10.677
12.8444
10.8535
10.5801
9.31604
11.4343
9.55998
9.56155
9.3536
9.19026
8.02294
8.97761
10.3432
7.62873
8.78412
8.13588
8.19611
7.42167
9.06509
9.12147
7.53762
9.12886
8.5296
9.5906
9.62179
10.3109
12.1843
10.4143
7.97001
6.8462
7.49669
7.47222
8.76597
8.19278
6.71413
9.34083
6.95655
7.19891
9.92664
7.96783
6.28544
8.22206
8.4481
16.0766
17.263
13.8603
11.4486
14.4225
11.1151
12.7267
8.13895
9.95626
7.94201
6.13917
6.08739
5.85587
7.58635
7.75326
4.98131
7.19862
5.77619
5.26549
5.88426
5.22706
5.36924
5.66259
4.50511
3.61863
3.95735
4.94222
3.6337
3.05816
3.69109
3.35739
4.91728
4.94377
4.09139
3.71778
3.88879
4.05761
3.2298
2.51036
2.75395
2.17545
2.60044
1.86328
1.63785
1.68932
1.7825
1.81687
2.23291
2.15009
2.19536
2.52111
2.39356
1.61277
1.7918
1.59585
2.06205
2.17516
2.21008
2.10445
1.95177
1.81033
1.77185
1.76275
1.5286
1.96339
1.65307
1.38099
1.30445
1.32888
1.21539
1.27187
1.28765
1.45012
1.12385
1.29887
1.22553
1.33269
1.13589
1.12171
1.0699
0.997037
