0.163265
0.124063
0.211306
0.22544
0.229204
0.198645
0.180331
0.22625
0.227107
0.270968
0.307873
0.370488
0.552727
0.599401
0.581529
0.574536
0.391359
0.604609
0.353932
0.562535
0.519616
0.572762
0.452403
0.374814
0.594896
0.634225
0.560532
0.510904
0.593538
0.492596
0.485503
0.310933
0.466755
0.424498
0.385117
0.38324
0.368038
1.63068
0.864866
0.916523
0.937277
0.484628
0.802403
0.801682
0.78201
0.803293
0.835314
0.846674
0.880901
0.787392
0.809599
0.966129
0.884235
1.07777
1.04843
1.17966
1.18218
0.791749
1.35826
1.17844
1.29212
1.24342
1.364
1.62943
1.22951
1.18986
0.947986
0.874044
0.79767
0.691107
0.718958
0.864439
1.05696
1.25979
1.85376
1.49212
1.60055
1.46745
1.6193
2.05718
2.32244
3.58395
2.51657
1.23608
0.666567
0.751874
0.679568
1.08154
1.25226
1.40651
1.6009
1.57746
2.02578
2.45941
3.74233
2.181
1.00708
0.655567
1.06246
1.35318
1.63879
1.49984
2.17188
1.01409
1.42639
1.29213
1.32769
0.930604
0.517108
1.49785
0.744427
1.38943
0.733403
1.01627
1.61723
1.57273
1.81418
4.47404
3.26826
0.642014
1.11412
1.41641
1.31297
0.8831
1.8155
1.62472
1.56763
1.6842
1.78605
0.720496
0.489446
0.502817
0.576194
0.578999
2.11149
0.767978
1.2135
0.916591
1.22721
2.00231
1.99411
3.16306
0.353185
