0.268344
0.210009
0.214661
0.241976
0.345667
0.28536
0.315888
0.216979
0.252763
0.209757
0.266344
0.255649
0.306601
0.620241
0.522971
0.73234
1.19859
0.892121
0.697987
0.389297
0.368478
0.369829
0.553828
0.533998
0.575535
0.511478
0.441725
0.442509
0.496901
0.429038
0.395675
0.365797
0.477207
0.440534
0.414929
0.434106
0.371107
0.386799
0.354771
0.347922
0.523486
0.427131
0.444898
0.474613
0.482306
0.48634
0.438216
0.58757
0.46003
0.4883
0.533812
0.527566
0.686357
0.397259
0.458967
0.484793
0.436347
0.56404
0.611671
0.72448
0.496438
0.651206
0.852022
0.75991
0.802221
0.783299
0.699733
0.67584
0.751505
0.703828
0.581288
0.61486
0.747671
0.628425
0.593544
0.680075
0.660661
0.757183
0.675007
0.496334
0.459399
0.676961
0.628194
0.630218
0.595612
0.648161
0.627022
0.670363
0.581175
0.686555
0.670494
0.616474
0.569636
0.823844
0.656158
0.674374
0.764124
0.867351
0.929183
0.772575
0.728603
0.775388
0.796058
0.723812
0.598639
0.687061
0.815023
0.855443
0.777649
0.773217
0.781354
0.960261
0.710108
0.288733
0.197921
0.181727
0.212671
0.477962
0.534042
