0.336257
0.315421
0.334741
0.331859
0.342183
0.428001
0.409523
0.523854
0.516732
0.467597
0.567198
0.812039
0.948254
0.870662
1.54104
1.32636
2.811
2.85233
3.23026
1.91804
2.87851
2.45823
2.48684
1.96804
2.25129
2.32964
1.54134
1.58955
1.81701
1.8337
1.54092
1.73536
1.73564
2.23821
1.96431
1.7723
2.22298
2.12477
2.27055
2.05549
2.54312
2.01926
2.03988
2.51086
2.02288
2.07847
1.98837
2.20436
2.7314
2.30696
2.01181
2.08466
2.4962
1.97219
2.55157
2.3022
2.1036
2.29739
2.66667
1.86472
2.19143
2.10747
1.42448
1.87487
1.79893
2.43994
1.48922
2.0168
2.2344
2.16183
2.60264
1.44322
2.14097
2.11765
1.6532
2.02344
2.28579
2.43379
2.21441
2.23159
2.21357
1.86075
2.25148
2.21663
2.03646
1.76996
1.93819
1.88563
2.38199
2.02434
2.40144
1.89584
1.97035
1.79796
2.08039
1.87358
1.95092
1.82847
2.46803
2.06302
1.89373
1.8942
1.78312
2.1543
1.73566
1.66265
2.6167
2.04091
1.9772
1.76027
1.65934
1.65448
1.67885
1.44684
1.89186
1.7677
1.77153
1.70525
2.17616
1.68699
1.74455
1.62462
1.58278
1.71656
1.37325
1.5389
1.63629
1.43982
1.38187
1.27202
1.41664
1.45759
1.46103
1.30968
1.5529
1.35874
1.40834
1.2888
1.31567
1.2567
1.132
1.16191
1.08327
1.08185
1.04398
0.979626
0.958623
0.969654
0.994245
0.798775
0.823326
0.752963
0.738773
0.746211
0.79611
0.841179
0.810103
