0.516868
0.458345
0.513208
0.479117
0.548128
0.449979
0.611731
0.593698
0.521986
0.603985
0.889198
0.569606
0.754559
0.88285
0.777844
0.578361
0.684794
0.818702
0.841154
0.652682
0.720407
0.673
0.611119
0.649271
0.608371
0.598203
0.559392
0.540976
0.625915
0.657367
0.602872
0.679396
0.630387
0.58175
0.672685
0.575583
0.66614
0.528976
0.514118
0.709825
0.768968
0.829769
0.746601
0.669371
0.635846
0.753435
0.817712
0.668805
0.629082
0.615402
0.553929
0.55368
0.717029
0.67643
0.653075
0.684997
0.793644
0.751049
0.739077
0.602257
0.624189
0.51937
0.602157
0.644534
0.580675
0.763715
0.718145
0.763727
0.77967
0.751983
0.723852
0.785655
0.688395
0.762434
0.720311
0.842246
0.6493
0.690104
0.729981
0.606792
0.559315
0.69776
0.565105
0.501703
0.750433
0.629636
0.635749
0.756207
0.653979
0.732281
0.68418
0.647118
0.732014
0.564081
0.641252
0.70238
0.72009
0.773299
0.878285
0.868711
0.91343
0.754453
0.675925
0.607003
0.747347
0.72321
0.729563
0.649838
0.759298
0.657004
0.598221
0.65437
0.664096
0.618372
0.661053
0.586438
0.597842
0.660433
0.638902
0.601985
0.69086
0.677968
0.642756
0.620965
0.785261
0.705919
0.820221
0.760481
0.656484
0.70343
0.738571
0.673604
0.575923
0.638423
0.691671
0.700521
0.69332
0.633882
0.651226
0.795151
0.651722
0.684166
0.721126
0.750521
0.718237
0.78646
0.572655
0.695958
0.869281
0.72262
0.510738
0.583185
0.939545
0.642898
0.4783
0.791488
0.918244
0.712295
0.634959
0.697063
0.651116
0.56269
0.412518
0.447024
1.04362
0.747984
0.526547
1.03074
0.659313
0.612563
0.607716
0.670854
0.726585
0.654799
0.505144
0.564223
0.569376
0.511712
0.557087
0.576218
0.976976
0.812268
0.659263
0.627818
0.525016
0.567765
0.591436
0.580775
0.56331
0.669144
0.653193
0.836883
0.837684
0.736915
0.731452
0.516822
0.530138
0.527776
0.526513
0.495623
1.12908
0.943973
0.802004
0.699215
0.58448
0.739788
0.714663
0.919423
0.892241
0.815487
1.00391
0.856875
0.785004
1.03693
0.758719
1.11943
0.627894
0.660301
0.664565
0.789146
0.87788
0.809834
0.998459
1.07206
0.922382
1.20459
1.06249
1.07077
1.09601
0.781915
0.811118
0.840425
1.00578
1.20584
1.14536
0.830824
0.826145
0.925866
0.832364
0.756795
0.828404
0.89961
0.780033
0.793309
1.04057
0.900043
0.901874
0.910571
0.957267
0.99132
0.938574
0.874668
0.980532
0.940344
0.875433
0.937361
0.913422
1.06736
1.04964
1.05354
1.08717
1.15619
1.40252
1.32519
1.15891
1.06264
1.03989
1.23517
1.19806
1.33104
1.5229
1.09863
0.998991
1.22734
1.26379
1.14475
1.20603
1.0922
1.04206
1.18101
1.15205
1.1541
0.993954
1.07844
1.20625
1.26556
1.22839
1.09677
1.2447
1.28752
1.25001
1.03149
1.01564
1.09064
1.12267
1.24614
1.18298
0.899911
0.938108
0.9706
1.10689
1.08986
0.98472
0.979679
1.18056
1.21036
1.26531
1.44553
1.2712
1.4133
1.43787
1.40265
1.30773
1.26377
1.09234
1.33303
1.39472
1.25714
1.28482
1.22847
1.18209
1.33206
1.32144
1.16188
1.06837
1.35433
1.3019
1.25546
1.40285
1.39539
1.29415
1.26388
1.23545
1.28814
1.29097
1.18397
1.28423
1.06897
1.35969
1.47623
1.48232
1.46186
1.34411
1.2279
0.975943
1.00264
0.944247
1.0799
0.847937
0.950532
1.17002
1.2912
1.0996
1.01977
1.08544
1.05625
0.677467
0.89644
0.781392
1.03687
1.0399
1.02477
0.784112
1.4731
1.20146
1.02761
0.859814
1.11948
1.42074
1.67233
2.15677
1.57738
0.806936
0.780856
0.853469
0.788148
0.780747
1.1263
1.12074
1.37868
1.19159
1.14057
1.11706
1.68699
1.17423
1.35908
1.45248
1.92758
0.838354
1.1767
1.33133
0.843382
1.45294
0.95934
1.06713
1.29876
0.813008
0.621063
1.11487
1.05508
1.63714
1.18143
1.38076
1.36624
1.12909
1.09639
0.776242
1.35519
0.999386
1.10057
0.897357
1.41104
0.84915
0.726387
0.637457
0.738808
0.710895
0.810448
0.657425
0.699289
0.818997
1.06608
1.03914
0.991719
1.06482
0.963887
0.922598
0.959202
1.05285
0.745322
0.716224
0.793665
0.811393
1.02278
0.830701
0.6752
1.24323
1.07632
1.43482
0.840283
0.883131
1.0351
0.950904
1.13874
1.17714
1.12335
1.23113
0.899518
0.991145
0.950507
0.899902
0.786819
0.829717
0.956471
1.09013
1.11058
1.03359
1.29791
0.993572
1.24258
1.0874
0.900318
0.860054
0.697204
0.916445
1.0733
0.933444
0.89917
1.06962
1.32969
1.33468
1.25475
1.09167
1.16308
1.25187
1.30851
1.29002
1.15375
0.979719
1.07294
1.06857
1.10127
1.56756
1.77934
1.12916
0.943656
1.41575
1.05236
0.904245
0.905044
0.662619
1.20945
1.06299
1.10585
1.00038
1.08101
0.75345
1.02086
0.885599
0.886946
1.07001
1.18524
1.24093
1.16299
1.2256
1.43135
0.991524
1.36182
1.49637
1.32838
0.96718
1.06696
0.845537
0.819747
0.726123
0.966046
1.52251
0.964817
1.10955
1.25425
1.50376
2.12423
1.54381
1.8952
1.33105
1.39487
1.73789
1.43472
1.5878
1.11994
0.933047
1.0516
1.047
1.25293
1.02964
0.997919
1.4461
1.66372
1.33232
1.73095
1.47762
0.861744
1.39982
1.70024
2.79803
0.929143
1.1574
1.64052
1.42439
1.69314
1.28652
1.97545
1.66091
1.91948
1.6177
1.90521
1.8241
1.6863
1.84124
1.58602
1.49744
1.73673
1.57239
1.57183
1.60923
1.61686
1.58918
1.78379
1.44325
1.52342
1.56214
1.71287
1.60082
1.6141
2.0604
2.0932
1.74207
1.98173
1.84746
2.07171
2.14005
2.18142
2.00662
2.28836
2.29128
2.06192
2.22392
2.12373
1.96349
2.02474
1.93104
2.11315
1.9199
2.34438
1.77294
2.45763
2.4942
1.74128
1.88801
1.64833
2.08702
2.49088
3.43759
2.49819
2.17037
2.57081
3.72174
2.59237
1.56201
2.07146
2.51959
2.95808
2.55871
2.3116
2.29321
2.05326
2.12994
2.41552
1.6044
1.48541
2.74802
2.2714
2.47032
1.97163
2.41892
2.24558
1.91452
1.98411
1.93668
1.97513
2.30839
2.64078
2.17707
2.79845
2.54078
2.2162
2.9079
2.48377
2.71808
2.75823
3.24289
3.21457
2.50412
1.78884
1.84737
1.4535
1.3492
1.65454
1.06439
1.23424
2.01026
0.88123
0.972235
0.86152
0.898702
1.88706
1.8589
2.30003
1.70861
1.07803
1.17039
1.35239
1.51289
2.04993
1.73186
1.72876
1.47381
1.82294
1.45899
1.69337
1.78916
1.35008
1.15853
1.3153
1.30231
1.37723
1.4364
1.51405
1.37539
