1.30888
1.29277
1.27079
1.26582
1.11459
0.865374
0.837297
0.894856
0.883541
0.912459
0.938571
0.943675
1.13424
1.21701
1.29724
1.1019
1.07504
0.793362
0.802724
1.03557
1.30656
1.14164
1.0601
0.958184
0.935352
1.0111
1.00997
0.982545
1.02708
0.845654
0.844759
0.730146
0.773308
0.873044
0.853787
0.790776
0.92822
0.937696
0.857145
0.844675
1.10281
1.01934
0.80796
0.759498
0.646795
0.563194
0.552415
0.965732
0.958287
1.01348
0.995955
0.948522
1.15902
1.24027
1.21711
1.10273
1.09965
1.11283
1.06763
1.08735
1.18965
1.07972
1.10357
1.14008
1.14097
0.655298
0.626154
0.650156
0.754564
0.551948
0.858184
0.632753
0.734196
0.624178
0.568473
0.667282
0.674416
1.04264
0.808206
0.861201
0.7386
0.673171
0.64706
0.71725
0.588747
0.5673
0.711863
0.812784
0.692126
0.872441
1.04369
0.805791
0.794777
0.953587
0.617271
0.902001
1.15365
1.14783
1.14394
1.10998
0.5553
1.15868
1.20017
1.15765
1.30139
1.10331
1.37207
1.27113
1.20513
1.22589
1.02159
0.885397
0.926012
0.601621
0.652122
0.894375
0.781746
1.00758
0.84573
0.807652
0.853133
0.987165
1.03337
0.915899
0.932822
1.03162
0.982222
1.13054
0.934535
1.01585
1.36101
1.37596
1.62792
1.31139
1.23275
1.22048
1.14946
1.0095
1.10856
1.0731
1.09218
1.0444
1.02021
0.976506
0.940561
1.00138
0.98251
1.04466
1.01524
0.958521
1.04935
1.01714
1.00596
0.914174
1.00956
1.03009
0.961198
1.00642
0.997151
1.00857
1.06671
1.0303
1.01916
1.06863
1.08319
1.01783
1.01228
0.893785
0.987956
0.934906
1.06651
0.907438
1.0792
0.920327
0.988454
1.01924
1.10362
0.975144
1.15103
1.05422
1.15369
1.10013
0.947254
1.01326
1.08723
1.11942
1.00933
1.04578
1.01319
0.950808
0.741219
0.767755
0.851678
0.812722
0.841784
0.860475
0.806159
0.814703
0.772848
0.785512
0.744963
0.763566
0.78229
0.757858
0.769086
0.782254
0.731792
0.791574
0.832248
0.730276
0.740431
0.74417
0.67877
0.73998
0.764034
0.699728
0.71017
0.746179
0.702542
0.750167
0.728191
0.690715
0.762147
0.70106
0.651323
0.657722
0.620398
0.669434
0.686423
0.650657
0.675615
0.745923
0.597987
0.794781
0.682841
0.64608
0.697274
0.636674
0.577676
0.677431
0.629436
0.567949
0.596187
0.616775
0.577679
0.577363
0.572971
0.626455
0.575288
0.587979
0.567243
0.578914
0.567579
0.608312
0.617954
0.57363
0.605929
0.582683
0.588708
0.554581
0.602123
0.561915
0.603447
0.551156
0.596597
0.603677
0.569047
0.492553
0.596922
0.529112
0.603409
0.502043
0.645901
0.576868
0.573439
0.540067
0.518868
0.544599
0.517602
0.50933
0.547085
0.512165
0.471241
0.513095
0.514927
0.497808
0.542247
0.545153
0.481959
0.448523
0.427013
0.490946
0.453685
0.490249
0.489436
0.51231
0.507826
0.555996
0.495474
0.463036
0.515275
0.472903
0.465261
0.429344
0.492895
0.450307
0.494343
0.493351
0.484253
0.559026
0.607187
0.541326
0.517933
0.619973
0.676516
0.587214
0.662479
0.718821
0.65969
0.687908
0.657196
0.704957
0.639981
0.688964
0.629067
0.67778
0.625045
0.653766
0.682476
0.656274
0.606334
0.528105
0.539152
0.618284
0.616664
0.597147
0.599877
0.627492
0.558809
0.581143
0.639665
0.539182
0.611454
0.699993
0.548475
0.580159
0.534884
0.530121
0.504058
0.54504
0.462713
0.461795
0.506016
0.453037
0.479266
0.42292
0.470353
0.477595
0.440239
0.450576
0.387045
0.381856
0.37754
0.474387
0.441354
0.398948
0.399318
0.419328
0.451877
0.437148
0.39793
0.432388
0.408905
0.406607
0.435072
0.386805
0.452579
0.413561
0.434228
0.402068
0.422365
0.426207
0.427333
0.392798
0.420806
0.42305
0.491137
0.399555
0.451436
0.406375
0.460951
0.373087
0.411985
0.412947
0.385378
0.464254
0.401951
0.396124
0.414345
0.445174
0.440356
0.379751
0.43337
0.424649
0.450879
0.368512
0.438298
0.351359
0.404317
0.399815
0.407933
0.386741
0.399823
0.448995
0.408115
0.410965
0.426116
0.452115
0.429626
0.389652
0.443844
0.44322
0.372442
0.468611
0.34476
0.493189
0.426582
0.41275
0.399471
0.442914
0.394735
0.40385
0.373045
0.35909
0.415383
0.395488
0.356659
0.399539
0.460899
0.403275
0.397193
0.413171
0.406938
0.376051
0.393481
0.360968
0.388914
0.363519
0.3769
0.43301
0.399384
0.41541
0.413574
0.391725
0.384815
0.441138
0.509481
0.375275
0.417366
0.464571
0.405564
0.403034
0.348851
0.471995
0.363633
0.418602
0.396003
0.398551
0.338884
0.422449
0.372456
0.339675
0.399917
0.397481
0.438023
0.379588
0.367439
0.308816
0.419622
0.374372
0.376364
0.369614
0.365716
0.320298
0.331318
0.380501
0.402193
0.394757
0.351298
0.372052
0.363368
0.418065
0.397179
0.418253
0.472511
0.367466
0.416375
0.474465
0.382309
0.437062
0.402934
0.367767
0.399106
0.423121
0.413698
0.388863
0.441713
0.451729
0.484777
0.452792
0.458772
0.456376
0.44648
0.401658
0.411755
0.418548
0.422596
0.429532
0.426143
0.468638
0.394327
0.426722
0.418956
0.458787
0.402941
0.435825
0.456881
0.414722
0.403169
0.443534
0.517104
0.426277
0.471413
0.431327
0.444601
0.361962
0.415716
0.35641
0.373696
0.364268
0.338312
0.338082
0.321916
0.309963
0.365182
0.294397
0.310747
0.315795
0.290051
0.285178
0.229811
0.306079
0.263948
0.251934
0.255147
0.242949
0.255199
0.283758
0.277507
0.271623
0.261582
0.2843
0.269502
0.286758
0.250319
0.251048
0.234862
0.235659
0.255234
0.238146
0.259728
0.236863
0.262787
0.254757
0.235379
0.245263
0.240471
0.211671
0.231681
0.245086
0.207329
0.223292
0.216255
0.21883
0.277191
0.234599
0.231463
0.2396
0.256854
0.271689
0.26186
0.232828
0.259491
0.263256
0.233803
0.236979
0.218776
0.279704
0.233703
0.249922
0.245501
0.240774
0.224831
0.259882
0.241061
0.229168
0.256642
0.286375
0.261801
0.307173
0.300456
0.28542
0.245681
0.249623
0.232543
0.23193
0.239628
0.218024
0.257751
0.229153
0.248391
0.246806
0.219378
0.24031
0.236841
0.239421
0.24402
0.219544
0.224918
0.23249
0.228349
0.228598
0.196898
0.220195
0.215567
0.205532
0.22287
0.219913
0.217045
0.236719
0.212192
0.224044
0.224772
0.244889
0.242836
0.239323
0.255066
0.240535
0.245169
0.265904
0.251449
0.269051
0.260418
0.226465
0.259129
0.227089
0.239432
0.243885
0.243389
0.241623
0.239816
0.232406
0.22471
0.261067
0.265899
0.257773
0.242969
0.228709
0.228404
0.244208
0.233637
0.256919
0.266503
0.268105
0.229383
0.210484
0.217067
0.217228
0.206106
0.224779
0.222293
0.251605
0.223497
0.218071
0.234936
0.209261
0.20336
0.217187
0.208673
0.207652
0.187867
0.209108
0.204094
0.206538
0.197893
0.216121
0.196206
0.2021
0.180767
0.179278
0.199056
0.190741
0.195128
0.164824
0.188347
0.169241
0.183419
0.181444
0.158237
0.151488
0.178165
0.182861
0.185743
0.179283
0.175812
0.162859
0.167627
0.17877
0.167698
0.165265
0.173327
0.152964
0.160394
0.153828
0.177961
0.152143
0.137618
0.157344
0.137013
0.133268
0.117147
0.129924
