3.32535
3.27669
3.79281
4.24417
3.14666
3.18007
3.13375
4.93754
4.42933
3.60279
3.11381
7.77111
4.50027
3.79744
4.53064
2.94292
3.94684
6.66114
3.90498
6.38366
2.67217
5.18587
8.49895
8.75212
4.57168
4.45777
11.5066
7.53827
9.11117
6.22
6.66521
10.6463
5.04667
7.00368
9.91828
7.13317
9.24623
7.55589
6.21586
7.75403
9.76221
9.85265
9.64128
7.01928
13.0312
7.38509
5.40704
8.11043
14.2508
6.95077
10.4478
9.54934
11.2895
12.877
10.9673
7.7616
8.75106
7.71184
11.1407
9.91204
9.29503
7.22895
8.44621
5.94671
4.53783
6.6635
9.91556
8.05695
6.39937
6.1115
6.05124
6.35016
6.53201
4.20386
8.20813
6.36127
8.80467
9.93584
9.54072
10.361
12.4021
10.718
11.0123
10.4581
10.9483
9.31165
11.8905
11.464
8.13649
9.63004
9.68331
9.45862
8.50364
6.90798
7.43927
6.14583
9.98233
10.2184
8.49273
6.77847
5.76227
6.05734
8.03381
8.68927
6.46903
12.7831
9.90498
11.4851
6.08391
5.08804
4.57825
5.26753
3.86649
5.06884
4.1958
5.50099
5.18258
4.58101
