6.74477
15.3503
12.7527
14.2078
13.5032
14.1354
13.9743
13.8462
14.6991
13.8496
11.4155
9.36014
9.63357
10.2247
8.92401
9.04254
11.1805
11.5281
9.31223
11.7172
10.303
11.4702
11.8128
9.48262
9.52372
11.0555
9.73238
11.2831
8.86798
13.5143
13.3359
10.563
11.0776
11.2642
11.8403
11.7217
10.735
10.7226
11.6579
11.5578
13.9883
11.3904
9.87695
12.3427
10.9506
10.5225
10.4714
10.339
10.344
10.9849
11.4014
12.2483
11.5499
10.7161
10.381
10.9993
10.7478
9.77752
11.707
11.9602
9.1212
10.0198
10.8388
10.3637
7.94233
9.93506
9.79185
9.63788
9.61761
10.1849
9.94595
11.0543
10.8444
10.7797
8.88002
9.5818
8.95415
9.06814
11.4166
8.9834
10.1011
9.87188
7.25768
7.21978
8.1694
8.89743
9.38219
8.68622
9.30796
10.4943
7.42411
9.5836
7.98422
8.22301
8.06063
7.46728
6.12196
6.94257
6.48512
6.38825
7.41897
7.36217
6.53887
6.42862
6.26199
6.92485
7.28079
7.34905
8.8501
6.39877
5.33771
6.42554
6.85162
7.63992
8.42187
8.32208
6.17789
6.44145
5.91709
7.21671
5.25373
7.19651
7.19842
7.28009
6.68765
6.34966
7.51276
5.93795
6.1209
6.46664
5.87907
