0.432602
0.550418
0.648794
0.559351
0.611109
0.59112
0.567476
0.538226
0.649899
0.657985
0.641472
0.656336
0.5586
0.653285
0.750003
0.738524
0.703557
0.778471
0.802868
0.901203
0.891392
0.931752
1.01415
0.89546
1.04483
0.988067
1.01823
1.00174
1.1594
1.13373
0.984601
0.973512
0.926967
1.02511
1.12241
1.05221
1.06424
1.01709
0.950107
1.12072
1.33194
1.18375
1.17273
1.12167
1.56111
1.14531
1.20556
1.29687
1.86155
1.54263
1.44959
1.67085
1.54893
1.47847
1.29638
1.52184
1.39192
1.47894
1.43402
1.22378
1.60656
1.54836
1.48508
1.33504
1.3961
1.46191
1.54076
1.34809
1.26293
1.08506
1.23309
1.37181
1.74679
1.73598
1.56101
1.57873
1.46477
1.39389
1.49543
1.63972
1.67795
1.38197
1.25235
1.43062
1.547
1.53835
1.56717
1.29281
1.60485
1.3829
1.70953
1.58844
1.79262
1.53433
1.68742
1.76758
1.65005
1.54836
1.36981
1.69413
1.90234
1.62249
1.67685
1.61519
1.54796
1.55786
1.7567
1.79973
1.41895
1.76882
1.57953
1.5455
1.65659
1.62471
1.86877
1.46859
1.57343
1.61378
1.6679
1.98243
1.66209
1.78906
1.64945
2.21138
1.79016
1.72226
2.03734
1.8325
2.16332
2.07487
2.29873
2.39485
2.4234
2.14207
1.86873
2.26011
1.58417
1.70052
1.71331
1.69337
1.68031
1.73615
1.7301
1.79251
1.77526
1.78935
1.78276
1.89134
1.82559
1.94009
1.8641
2.10946
2.38847
1.93261
2.0529
2.08684
2.08433
2.07723
2.17644
2.18356
1.85249
2.03498
2.23304
2.17823
1.97157
1.87061
2.28513
2.11271
2.31594
2.24724
2.01369
2.06717
2.00576
2.00094
1.95172
1.95802
2.19408
1.92957
2.11041
2.05771
2.00745
2.23669
2.1403
2.26672
2.17607
2.39595
2.46438
2.42053
2.27779
2.3151
2.19406
2.44317
2.17129
2.35351
2.21891
2.42686
2.46919
2.5186
2.57558
2.8835
2.84373
3.05006
2.97645
2.63069
2.61557
3.04526
2.90895
3.0811
2.84114
3.00267
3.58104
3.05256
2.78927
3.20758
3.02362
2.8482
3.1375
2.86975
3.02734
2.87677
2.88015
2.75641
2.90698
4.70602
5.28159
3.96988
3.10277
4.37358
5.10356
3.36377
3.71881
5.72049
5.97059
4.2888
2.71756
2.33861
4.42951
5.56984
4.93362
5.83525
3.12098
5.71912
4.08688
3.40296
6.57533
4.42399
4.24624
5.62457
4.65678
4.54029
3.83964
3.26454
3.66507
4.03717
4.97903
3.17716
2.5844
4.0684
3.49626
5.40712
4.23333
2.81097
3.40583
3.77435
3.59225
4.55131
6.68232
5.41896
4.55906
4.22538
5.21723
3.13494
3.31813
4.11602
4.77037
3.92999
2.25201
3.84566
3.3356
3.26562
3.85275
8.21836
4.73471
2.89651
3.28424
2.60004
5.73069
9.52932
8.54432
6.41957
4.20273
5.45106
3.58002
4.11495
4.53314
5.8607
4.80488
5.27177
4.54702
3.46854
2.35579
