1.94977
2.18806
2.15027
1.93216
2.22467
2.19444
2.09276
1.90764
2.22849
1.93853
1.99801
2.5476
2.89949
2.3389
4.51549
3.75935
4.601
3.47512
7.73963
7.18085
10.4399
7.16187
8.80674
4.35911
10.2591
7.53127
8.24187
9.67799
7.51237
6.30339
7.0777
6.40332
7.6943
7.74796
6.97344
7.85621
6.5517
8.60014
5.8329
12.3124
7.38344
7.1855
6.39477
6.15484
6.61705
6.55926
5.80817
6.22666
6.48859
5.68448
5.96172
5.22699
6.54026
5.949
6.56167
5.74734
5.4809
7.03292
6.05975
6.34334
8.09649
6.39331
7.03106
7.38727
6.97558
8.26996
8.94547
7.53777
7.54441
8.38695
7.84471
6.31736
7.74526
7.14047
6.5249
6.75478
6.06189
6.00098
7.75306
6.8885
5.258
6.21471
5.89032
6.49743
6.7876
6.00333
6.62291
5.84287
6.22643
5.58265
6.28116
6.05937
5.35626
6.13788
6.10786
4.98267
6.15818
5.8671
5.97578
4.70767
5.07936
5.80229
5.62968
6.06197
5.76722
5.01385
5.48316
5.78482
6.11451
5.47251
6.07591
4.67476
6.10743
5.43172
5.59906
5.3706
5.53155
5.71571
5.82664
5.53909
6.78842
5.30591
5.57765
6.70585
6.51186
6.48898
6.33275
6.62445
5.91784
6.15506
5.03307
7.22701
6.74918
6.28256
6.9568
5.86444
5.8131
6.21477
6.3672
6.43345
6.59074
5.53085
7.31573
4.79882
5.82095
6.56665
5.95513
6.47154
5.92888
6.37046
6.03997
4.98366
4.41869
4.58258
4.87441
4.26881
4.34836
4.58375
4.28462
3.71439
3.74071
4.41491
3.7401
4.1782
4.25241
3.84143
3.89177
3.78207
4.10268
3.76088
3.45708
3.95885
4.22289
3.79913
3.93019
3.861
3.68124
3.6964
3.7367
4.02255
3.85565
3.77307
3.66625
3.92518
3.79733
3.5964
4.00111
3.73635
3.74235
3.48657
3.77856
3.37466
3.14912
3.16848
3.10473
3.18101
2.80225
3.15326
4.02001
4.40503
4.27495
4.24733
4.10511
4.04484
3.82974
3.9311
3.87992
4.02532
3.85703
3.83074
3.34296
3.28864
3.36495
3.59754
3.69515
3.19319
3.24989
3.31396
3.46163
4.37153
3.67662
3.29041
3.79762
3.39619
2.55604
2.71959
3.1305
3.35478
3.80532
3.16013
3.12075
2.84926
3.20187
3.2652
3.52212
3.8047
3.72847
4.24895
3.85604
3.07273
3.71212
3.27709
3.42403
3.43293
3.16355
2.9876
2.66779
3.02654
2.87594
