0.385235
0.600048
0.410525
0.521114
0.500723
0.462186
0.582037
0.731534
0.511048
0.534052
0.53533
0.612306
0.548271
0.670873
0.472468
0.761816
0.684175
0.533638
0.896826
0.67952
0.708468
0.86248
0.958805
0.613947
0.797581
0.861242
0.805506
1.01683
0.552663
1.05517
0.815546
0.839893
1.11994
1.01966
1.0267
1.17747
0.992539
1.03995
1.18556
0.938561
0.811848
1.15434
1.25942
1.05768
0.816007
1.11446
1.18823
0.952724
1.17527
0.95899
1.08013
1.27002
1.12446
1.05765
1.55537
1.06578
1.28441
1.4365
1.12235
1.3898
1.00958
1.29541
1.24902
1.21076
1.07166
1.58563
1.7836
1.75756
1.08923
1.55804
1.41642
1.39876
0.882313
1.50214
1.40547
1.42234
1.70466
1.35149
1.23388
1.47192
1.36436
1.05394
1.36455
1.60818
1.63202
1.65623
1.31361
1.47261
1.47695
1.65108
1.49225
1.48945
1.43102
1.60283
1.61208
1.28696
1.01577
1.74498
1.81388
1.3212
1.69927
1.61673
1.7245
1.21754
1.18311
1.85444
1.28207
1.81114
1.37927
1.44556
1.13
1.39357
1.20688
1.60684
1.30092
0.888517
1.03998
