0.62072
0.613267
0.612494
0.609162
0.608259
0.620118
0.660064
0.625527
0.614188
0.600027
0.652662
0.605921
0.583514
0.645297
0.620745
0.64149
0.645715
0.58921
0.592212
0.626977
0.591699
0.623825
0.60805
0.609608
0.623039
0.602103
0.595295
0.554102
0.562994
0.583102
0.557007
0.531682
0.528119
0.539258
0.556836
0.545218
0.500361
0.494874
0.500261
0.465804
0.449537
0.470837
0.473238
0.429215
0.438106
0.460561
0.404754
0.381475
0.38737
0.404396
0.398583
0.393151
0.396047
0.393981
0.378312
0.370525
0.322296
0.334487
0.353334
0.326287
0.336728
0.3287
0.326528
0.318448
0.31173
0.310981
0.283461
0.306106
0.303646
0.289932
0.292115
0.302161
0.279222
0.294305
0.294926
0.32472
0.309389
0.307138
0.309655
0.303797
0.304291
0.29689
0.278902
0.295134
0.291444
0.267821
0.262286
0.26627
0.281106
0.252695
0.265393
0.271644
0.273658
0.249043
0.303124
0.283335
0.264113
0.252091
0.261326
0.26557
0.296213
0.276288
0.271781
0.254627
0.238188
0.260323
0.240255
0.27616
0.272583
0.26914
0.263625
0.270642
0.266782
0.263579
0.251864
0.257928
0.232084
0.259827
0.253838
0.245129
0.225155
0.22605
0.256705
0.235148
0.231996
0.215959
0.213212
0.218943
0.229576
0.216787
0.193788
0.201949
0.208058
0.203577
0.212443
0.237809
0.212695
0.264408
0.223169
0.229705
0.20956
0.216319
0.2464
0.218263
0.238213
0.221635
0.225867
0.212516
0.206884
0.217559
0.204075
0.234622
0.213784
0.243963
0.217813
0.219875
0.203866
0.217478
0.200191
0.223689
0.217079
0.210556
0.196017
0.194974
0.191049
0.212434
0.197988
0.199642
0.197232
0.205091
0.204829
0.232272
0.190825
0.196293
0.208117
0.187937
0.200389
0.182255
0.189973
0.169265
0.193693
0.172168
0.181662
0.190423
0.17248
0.194652
0.196734
0.188132
0.171923
0.180671
0.170259
0.197612
0.179913
0.177078
0.187296
0.19808
0.177829
0.179874
0.168744
0.179958
0.175673
0.16549
0.194306
0.177906
0.182932
0.170828
0.178888
0.188473
0.184779
0.174105
0.18337
0.198268
0.185622
0.161936
0.148375
0.177018
0.170765
0.20549
0.186694
0.206829
0.187728
0.200985
0.192943
0.20678
0.188202
0.145938
0.178043
0.181433
0.176784
0.179854
0.203328
0.182276
0.175745
0.168368
0.175729
0.187433
0.168042
0.164862
0.160241
0.183401
0.182932
0.179559
0.184787
0.161775
0.19899
0.181276
0.194782
0.195452
0.198468
0.198711
0.176291
0.202302
0.191365
0.188409
0.187858
0.21033
0.190529
0.179567
0.21347
0.204283
0.204458
0.188499
0.209288
0.195726
0.214297
0.192806
0.209514
0.214552
0.2028
0.205385
0.195926
0.181671
0.243531
0.204822
0.213267
0.189331
0.198056
0.214778
0.229742
0.193443
0.224469
0.246932
0.257459
0.234722
0.22227
0.209282
0.217327
0.243682
0.245008
0.244797
0.230384
0.214661
0.23215
0.214615
0.228671
0.217993
0.203549
0.199015
0.224521
0.203434
0.2266
0.223887
0.220572
0.231254
0.208219
0.236441
0.226192
0.247133
0.247673
0.2253
0.233381
0.262647
0.251164
0.232442
0.249298
0.239473
0.222331
0.247202
0.24459
0.257478
0.219062
0.257191
0.235625
0.238244
0.236565
0.231697
0.212711
0.238899
0.223865
0.257498
0.283393
0.23855
0.219364
0.239461
0.236145
0.252513
0.244655
0.216795
0.250816
0.259495
0.248235
0.223838
0.264295
0.247538
0.235293
0.204303
0.208179
0.215932
0.256138
0.261875
0.218412
0.23309
0.260063
0.250704
0.249297
0.264448
0.246145
0.268464
0.232716
0.268326
0.271189
0.295368
0.281326
0.268924
0.28739
0.294889
0.293861
0.242398
0.26711
0.308504
0.25923
0.27551
0.282907
0.234619
0.245731
0.215876
0.229952
0.278075
0.259896
0.258524
0.277291
0.226894
0.275032
0.343212
0.30801
0.353059
0.283387
0.325936
0.288909
0.300911
0.299409
0.257807
0.354622
0.265351
0.294018
0.29125
0.276686
0.312128
0.245348
0.324395
0.367617
0.239606
0.298201
0.339669
0.223216
0.28808
0.241647
0.339325
0.29332
0.320916
0.305758
0.325243
0.324555
0.294387
0.264528
0.280626
0.38574
0.309455
0.286911
0.305029
0.293864
0.324601
0.364057
0.349023
0.346127
0.287401
0.314863
0.35667
0.363099
0.38515
0.387397
0.371137
0.380807
0.389525
0.369544
0.36391
0.437128
0.418515
0.411557
0.417229
0.466119
0.478919
0.468094
0.457206
0.486839
0.469233
0.430006
0.48105
0.496381
0.411281
0.44389
0.442266
0.447127
0.454159
0.464016
0.497802
0.572531
0.48629
0.562227
0.517553
0.551263
0.547093
0.592091
0.53886
0.579771
0.550665
0.603373
0.538868
0.610106
0.567431
0.531494
0.588595
0.604617
0.526764
0.581762
0.568429
0.60267
0.622458
0.55992
0.633964
0.542128
0.557081
0.57873
0.549465
0.643365
0.588239
0.611468
0.611457
0.617032
0.54809
0.661933
0.596375
0.60516
0.557563
0.59962
0.605024
0.606653
0.598702
0.685575
0.663003
0.660181
0.628476
0.58716
0.6274
0.661207
0.637833
0.666821
0.696588
0.7384
0.6676
0.614827
0.640669
0.684437
0.733539
0.657471
0.710014
0.722992
0.68815
0.629914
0.663839
0.6301
0.615823
0.62468
0.64816
0.734086
0.670473
0.680727
0.724461
0.664112
0.69502
0.621763
0.646179
0.657258
0.629251
0.648449
0.6867
0.665843
0.629594
0.621854
0.719003
0.69941
0.732256
0.613069
0.71347
0.694422
0.69097
0.672008
0.710639
0.708576
0.685116
0.775389
0.792336
0.738551
0.77105
0.814972
0.753486
0.758378
0.775862
0.721492
0.738321
0.691382
0.695092
0.703334
0.686947
0.719323
0.659833
0.733702
0.745216
0.732369
0.721834
0.72757
0.723235
0.677897
0.773277
0.718021
0.77181
0.707883
0.788372
0.804012
0.748497
0.764947
0.709351
0.716801
0.739899
0.716665
0.778533
0.741432
0.763405
0.802506
0.790647
0.784558
0.778699
0.801862
0.807869
0.796852
0.818136
0.768601
0.789814
0.784213
0.794053
0.813858
0.905578
0.804561
0.852117
0.782605
0.721762
0.725182
0.773053
0.765183
0.81301
0.869962
0.808245
0.822946
0.83672
0.821842
0.853633
0.825293
0.854278
0.883213
0.871627
0.883974
0.916116
0.847749
0.959624
0.957246
0.916377
0.895157
0.979393
0.965634
0.912903
1.07594
1.03356
1.02258
1.04184
0.9977
1.07633
1.06108
1.00664
1.07709
1.02012
1.05657
0.993704
1.01236
1.07715
1.09409
1.05071
1.03095
1.08926
1.09328
1.14862
1.15325
1.14961
1.13947
1.11059
1.1055
1.10143
1.09055
1.0477
1.09514
1.03572
1.17776
1.09816
1.12178
1.13968
1.1776
1.10511
1.11793
1.04722
1.10813
1.10195
1.18921
0.939993
1.11744
1.06065
1.06112
1.11809
1.1479
1.07354
1.08895
1.1074
1.01889
1.09614
1.13022
1.09747
1.10634
1.11559
1.05277
1.11662
1.03078
1.1135
1.10331
1.07982
1.05627
1.13742
1.10736
1.07852
1.07677
1.1265
1.189
1.07682
1.09123
1.1686
1.16472
1.16633
1.09761
1.12957
1.08863
1.11139
1.13613
1.16609
1.08145
1.15391
1.10179
1.1604
1.08352
1.09578
1.08309
1.08193
0.990179
1.02154
1.08065
1.0335
1.04929
1.06692
1.00686
1.07983
1.12415
1.03282
0.976345
1.03363
1.18427
1.06178
0.995666
0.939918
0.994101
0.95099
1.01738
1.02279
1.00541
1.01246
0.936067
0.928562
1.06003
1.1534
1.17632
0.908079
0.938636
1.01354
0.988547
1.09741
1.07027
1.01307
1.04527
1.06517
0.947107
0.890491
1.05281
1.00675
1.10977
0.936327
1.01204
1.04423
1.04062
1.13429
1.16036
1.1502
1.13936
1.14663
1.09736
1.14378
1.2635
1.19128
1.17149
1.17415
1.18265
1.17664
1.19929
1.20911
1.14098
1.13227
1.11504
1.17732
1.23419
1.21955
1.16631
1.23854
1.20196
1.20384
1.18116
1.18736
1.1009
1.16218
1.17395
1.17386
1.21167
1.17305
1.22733
1.20257
1.16115
1.24246
1.2613
1.20704
1.1229
1.16304
1.21203
1.1576
1.18499
1.18612
1.14258
1.20509
1.18925
1.21921
1.12968
1.19698
1.27072
1.13714
1.0976
1.12198
1.16597
1.05482
1.12982
1.05002
1.09991
1.20877
1.15461
1.0868
1.14328
1.16734
1.21347
1.17392
1.21594
1.27261
1.22681
1.29647
1.366
1.2282
1.22218
1.31937
1.29265
1.31677
1.32183
1.37009
1.3166
1.31447
1.21468
1.27158
1.28014
1.39857
1.3485
1.22625
1.27649
1.28212
1.29358
1.33069
1.34092
1.28611
1.34964
1.24194
1.28672
1.21296
1.29192
1.46575
1.45632
1.28929
1.25832
1.32322
1.38401
1.39563
1.61437
1.44925
1.64032
1.40416
1.53089
1.4829
1.58083
1.61826
1.52022
1.59005
1.54238
1.45516
1.6602
1.51811
1.67549
1.37135
1.36593
1.42408
1.32273
1.31978
1.40929
1.34401
1.46552
1.35227
1.28515
1.4119
1.49107
1.41697
1.36012
1.36091
1.57462
0.908004
0.679844
0.650211
0.708961
0.701857
1.87924
1.83271
1.46359
1.38817
1.19445
1.33948
1.35675
1.15631
1.1997
1.2366
1.31638
1.05635
1.59612
1.11184
1.39639
1.12257
1.38205
1.40347
1.29813
1.15463
1.28621
1.11712
1.10594
1.09529
1.0782
1.10186
0.942097
0.869988
0.923584
1.0175
0.792772
1.17836
1.12162
1.13779
1.25372
1.28489
1.37703
1.27539
1.19544
1.26461
1.21573
1.21689
1.10445
1.3369
1.36203
1.36508
1.21171
1.44889
0.957642
0.911275
1.04726
0.907902
1.00624
0.883667
1.03543
1.3809
1.14394
1.4675
1.3675
1.47032
1.32956
1.23125
0.852598
1.0196
0.910681
0.860979
1.0506
0.893153
0.870206
0.931972
0.894942
1.00045
0.903111
0.921939
0.841682
0.929317
0.942047
0.933805
0.958657
0.979399
0.956235
0.809997
0.773147
0.78997
0.814885
0.805938
0.890713
0.90549
1.26258
1.41211
