1.44222
1.63351
1.7668
2.76732
2.39924
2.7142
5.20933
5.51814
3.94729
7.91334
5.44878
5.39065
7.3954
7.0606
5.64339
5.24161
4.36885
4.61258
4.34878
3.35599
3.88379
3.34396
4.21502
5.33327
5.12022
4.91698
4.67428
4.4131
4.50533
4.9449
4.94678
4.19601
5.73473
4.38255
5.39752
4.66051
5.6926
4.93619
5.14986
5.06474
5.70805
5.26493
4.84217
4.70862
4.81258
4.65246
5.51594
4.34827
5.1088
5.11086
4.9522
5.02996
4.82806
5.01
5.34375
5.22558
4.03503
4.75083
5.64695
4.16759
3.79576
5.42145
5.18717
5.93926
5.20872
5.08465
4.98287
5.01781
5.22932
4.08219
4.61084
6.69954
4.93407
6.40909
4.63049
4.80178
6.80926
5.17406
5.33195
5.72343
4.89336
4.39585
4.13282
4.13184
3.95973
5.09082
5.3935
3.81496
4.1869
4.5018
3.07256
3.58592
3.87309
3.93526
4.03139
4.0973
4.07584
4.30226
2.82964
3.52933
3.4862
4.10852
3.04425
2.83149
4.06416
4.2808
3.04531
3.82197
3.14753
3.64098
3.01336
3.23671
2.44907
2.87054
3.31887
2.60927
3.14898
2.93032
2.46781
2.6386
2.56728
1.79403
1.79866
2.38742
2.25406
2.11934
1.72506
1.86509
1.84114
1.83165
1.87724
