0.530516
0.500889
0.51696
0.608622
0.522348
0.523791
0.621971
0.740258
0.805786
1.13537
1.09856
1.40681
1.53357
1.58489
1.79317
2.74487
5.33732
3.4802
3.07747
2.58881
2.88612
2.51028
2.78985
2.55328
2.42821
2.38738
2.69814
2.60383
2.69965
1.99454
2.27533
2.09082
2.20579
2.13323
1.86924
1.68886
1.80654
2.00744
1.4997
1.80812
1.78847
1.91643
1.88921
1.86456
1.85713
1.48861
1.62207
1.61785
2.0331
1.47494
1.47068
1.92229
1.60535
1.49082
1.76
1.20558
1.4052
1.19361
1.7965
1.40221
1.35336
1.28241
1.2938
1.31484
1.24568
1.52509
1.64179
1.24712
1.45011
1.27791
1.263
1.36479
2.11827
1.29703
1.42618
1.55632
1.54528
1.88752
2.53654
1.55498
1.4147
1.3719
1.42319
1.2133
1.29906
1.1911
1.18229
1.25677
1.36814
1.28877
1.18715
1.24938
1.29011
1.42278
1.04699
1.28324
1.0815
1.62544
0.958715
0.714442
1.03261
1.42374
1.34435
1.16194
0.998984
0.895507
0.833529
1.04028
0.992977
1.00038
1.03677
0.872108
1.09296
0.898414
0.683982
0.764991
0.711338
0.882031
0.824775
0.906193
0.676607
0.583283
0.73558
0.759545
0.656957
0.644419
0.605731
0.573848
0.476474
0.490262
0.542584
0.606601
0.535929
0.506541
0.497516
0.570901
0.489701
0.465036
0.476564
0.493673
0.495378
0.378807
0.397831
