0.565632
0.587937
0.509877
0.493199
0.616895
0.607357
0.687464
0.567115
0.551327
0.647611
0.566045
0.557012
0.644038
0.733658
0.613486
0.709526
0.598176
0.7667
0.733004
0.77475
0.584052
0.69225
0.746889
0.662788
0.645867
0.692499
0.624819
0.677539
0.520824
0.594606
0.68086
0.65558
0.778526
0.726768
0.627865
0.699682
0.767898
0.808269
0.783779
0.829994
0.727742
0.764251
0.769302
0.732072
0.740142
0.673619
0.687366
0.683394
0.718385
0.758173
0.71557
0.720119
0.633624
0.76085
0.73125
0.677271
0.713138
0.742602
0.727891
0.717152
0.704415
0.726383
0.680778
0.746087
0.714011
0.754159
0.773942
0.737358
0.821437
0.774884
0.737608
0.761473
0.760504
0.737545
0.815731
0.754217
0.749637
0.793069
0.819037
0.766496
0.84402
0.765942
0.78296
0.75371
0.719133
0.709138
0.733585
0.666787
0.646455
0.639252
0.746261
0.773525
0.696443
0.73292
0.663032
0.848997
0.705453
0.650739
0.722613
0.607043
0.787556
0.692202
0.656605
0.673605
0.648652
0.621072
0.629903
0.696862
0.670328
0.718862
0.728581
0.700229
0.632776
0.651767
0.629613
0.649892
0.629
0.676882
0.792547
0.699166
0.768108
0.652375
0.679269
0.698873
0.657343
0.696304
0.62084
0.638975
0.727464
0.642121
0.619556
0.716784
0.654803
0.691813
0.75608
0.673894
0.654689
0.745409
0.677303
0.811369
0.770564
0.746266
0.714257
0.707038
0.672953
0.706011
0.744042
0.655414
0.683549
0.67074
0.607302
0.6874
0.784991
0.68148
0.788494
0.593633
0.68486
0.625564
0.622299
0.700087
0.696069
0.717664
0.715504
0.74909
0.694025
0.695509
0.667483
0.705014
0.656639
0.671269
0.723839
0.681879
0.646286
0.65554
0.675195
0.743672
0.754487
0.876709
0.803668
0.718127
0.583827
0.680783
0.646182
0.625864
0.737975
0.779552
0.77128
0.848589
0.785656
0.678705
0.859955
0.889383
0.840584
0.775532
0.799565
0.749358
0.868472
0.81191
0.677479
0.803144
0.740691
0.789059
0.786332
0.788568
0.789967
0.840839
0.811043
0.83255
0.795822
0.745362
0.713453
0.777134
0.83211
0.847986
0.738721
0.779109
0.737677
0.777433
0.705221
0.828531
0.908833
0.789069
0.927054
1.00299
1.11695
1.0576
0.971014
1.08312
0.965264
1.03971
1.01342
0.921817
0.98159
1.02526
1.07914
0.918047
1.06817
1.02777
0.985618
1.0001
0.972751
1.0068
0.929561
1.01112
0.990671
0.859008
0.955012
0.887889
0.955479
1.02003
1.01104
0.983013
0.944558
1.19155
0.982686
0.982017
1.03038
1.04512
0.996029
1.16258
0.971541
1.14313
1.0361
1.04932
0.868411
0.956956
1.00457
0.804326
1.02385
1.14165
1.0481
1.18986
1.10839
1.22123
1.16194
1.12744
1.02622
1.1546
1.04774
0.973437
1.16276
1.07266
1.32828
1.10639
1.17815
1.04612
1.09133
1.35859
1.26325
1.05084
1.17316
1.09819
1.18501
1.10178
1.09929
1.13431
1.11477
1.16616
1.08817
1.18662
1.13562
1.10326
1.09296
1.21749
1.08786
1.01122
1.04282
1.17528
1.1336
1.19004
1.34571
1.28666
1.24794
1.20802
1.03634
1.1388
1.24503
1.16904
1.18862
1.26842
1.41939
1.35342
1.36701
1.26962
1.29967
1.22952
1.17874
1.07477
1.26323
1.44403
1.54912
1.36293
1.39603
1.28947
1.35585
1.42607
1.32194
1.43011
1.49166
1.37286
1.40627
1.39526
1.24625
1.35344
1.34177
1.26396
1.3589
1.3832
1.22802
1.35995
1.24168
1.24206
1.17192
1.35186
1.46659
1.37898
1.42554
1.34925
1.28206
1.32239
1.42354
1.35994
1.4209
1.47231
1.58601
1.74321
1.63618
1.67623
1.58837
1.72758
1.65413
1.69822
1.32094
1.60686
1.52893
1.33024
1.51209
1.23112
1.60721
1.62708
1.66372
1.49367
1.56809
1.65979
1.50594
1.57799
1.39754
1.52347
1.48693
1.55476
1.67582
1.45901
1.50751
1.40321
1.6513
1.61057
1.58217
1.38718
1.54077
1.60817
1.44463
1.76451
1.37786
1.70493
1.47404
1.51577
1.50561
1.51549
1.45077
1.44275
1.25562
1.54955
1.74189
1.42604
1.38719
1.4517
1.43348
1.49143
1.63799
1.54479
1.45314
1.49295
1.7381
1.45739
1.6225
1.62217
1.68175
1.42531
1.60215
1.56832
1.46426
1.70522
1.59164
1.58969
1.66009
1.5905
1.57641
1.58678
1.64801
1.56721
1.45589
1.71628
1.63812
1.83048
1.58361
1.80701
1.76194
1.63047
1.83678
1.83603
1.74551
1.70866
1.69573
1.90789
1.8814
1.64494
1.75818
1.68619
2.17035
1.65725
1.96072
1.89821
1.8693
2.05698
1.70939
1.93728
1.9245
1.96351
1.99024
1.7163
1.75581
1.8544
1.81821
1.78873
1.83669
1.92451
1.87672
2.05077
1.8405
2.05672
1.97354
1.8529
1.81033
2.12306
1.83545
2.0031
2.07439
1.92098
1.82134
1.97485
1.85945
1.72788
2.05273
1.90846
1.8316
2.18505
1.96814
2.05359
1.92491
1.88989
1.88727
1.83747
1.79931
1.88941
2.05303
1.85422
2.05544
1.97601
2.00361
1.85396
1.90208
1.83525
1.9521
1.9219
1.84018
1.76695
1.878
1.93086
1.86121
2.02175
2.03709
1.97676
2.07463
2.03594
2.13603
2.04997
2.12558
1.95492
1.92828
2.34771
2.15534
2.27062
2.07773
2.04883
2.05858
2.07128
2.21786
2.05849
2.09228
2.12925
2.15339
1.98924
2.02286
2.13946
2.09177
2.31926
2.01862
2.02384
2.01654
1.84624
1.95502
2.09117
2.51414
2.40354
2.46799
2.48817
2.63677
2.46293
2.98173
2.5324
2.46963
2.22524
2.9013
2.20213
2.13995
2.39162
2.47833
2.45436
2.77646
3.44364
2.83632
2.97699
2.6012
2.67772
2.89642
2.56447
2.59296
2.36337
2.65564
2.39042
2.48731
2.85337
2.77036
2.39149
2.65801
2.39022
2.56476
2.4881
2.46122
3.02283
2.66688
2.57615
2.47023
2.91654
2.86007
2.80792
3.07382
2.81792
2.86035
2.42275
2.57106
2.70713
2.98018
3.05109
2.8881
2.93868
2.27269
2.5685
2.90909
3.07276
2.99764
2.72808
2.42624
3.03281
3.86057
2.81239
3.64336
3.41115
4.27877
4.83715
4.13252
3.0069
3.16846
2.8576
2.48378
3.04031
3.17124
2.71657
2.94891
2.73468
2.27538
2.75618
2.79903
2.60226
2.50188
2.85707
2.43793
2.76695
2.72769
3.03425
3.01852
2.74819
2.87687
2.58054
2.68758
2.911
2.87966
2.78776
2.9044
2.88906
2.77961
2.85817
2.87549
2.76639
2.83407
3.11289
2.70022
2.70597
3.03012
2.72576
2.79218
2.3659
2.50022
2.83698
2.92035
3.0748
