0.26901
0.288607
0.275382
0.279953
0.27568
0.268952
0.279788
0.278365
0.277401
0.267867
0.276323
0.279383
0.281131
0.303498
0.274705
0.285645
0.282115
0.266271
0.234004
0.254193
0.263663
0.254629
0.243437
0.257443
0.261239
0.247904
0.272643
0.293457
0.26671
0.271962
0.275965
0.257458
0.26858
0.272801
0.260625
0.256061
0.272094
0.258738
0.284261
0.262892
0.264234
0.248086
0.262006
0.281923
0.271697
0.269736
0.280188
0.262385
0.260055
0.279671
0.278346
0.279697
0.267942
0.2604
0.261777
0.257337
0.265845
0.277648
0.242356
0.274972
0.262912
0.244229
0.269332
0.261385
0.270266
0.275484
0.280737
0.257865
0.273777
0.27338
0.247529
0.279783
0.255449
0.237258
0.233503
0.268408
0.274276
0.272831
0.248513
0.275371
0.273903
0.279574
0.25491
0.260657
0.274484
0.273579
0.245635
0.270846
0.263712
0.268251
0.261179
0.250296
0.257494
0.285351
0.273878
0.270541
0.266209
0.246026
0.261208
0.261567
0.259914
0.264792
0.2566
0.25525
0.245142
0.257506
0.237761
0.237169
0.255456
0.263314
0.256358
0.255803
0.215335
0.246082
0.23209
0.255939
0.222401
0.214959
0.236784
0.237979
0.252443
0.238814
0.220911
0.255065
0.250107
0.233421
0.225539
0.219985
0.263876
0.26405
0.236606
0.241638
0.248123
0.256471
0.231246
0.23993
0.230577
0.22166
0.219161
0.23006
0.231782
0.22079
0.244891
0.230466
0.240097
0.227811
0.222473
0.235787
0.235396
0.24676
0.231086
0.25186
0.258247
0.252104
0.228786
0.275002
0.268018
0.254052
0.237832
0.244642
0.24711
0.243973
0.236532
0.240458
0.252891
0.226509
0.234669
0.224466
0.232155
0.226075
0.219937
0.265797
0.238574
0.249576
0.248972
0.219428
0.221335
0.256007
0.23663
0.224642
0.233807
0.229618
0.234434
0.236757
0.230713
0.246938
0.206597
0.253756
0.247856
0.247016
0.220889
0.25514
0.244991
0.231349
0.260696
0.24704
0.235907
0.229917
0.246155
0.251344
0.215433
0.228469
0.233235
0.244993
0.23557
0.240198
0.254306
0.262327
0.246209
0.258669
0.272162
0.251173
0.255009
0.269899
0.241588
0.266956
0.240359
0.253526
0.266115
0.263273
0.260229
0.236621
0.263272
0.249274
0.244552
0.251689
0.258996
0.240167
0.271079
0.282133
0.245802
0.249681
0.294304
0.308476
0.308555
0.302587
0.270119
0.284706
0.303197
0.295172
0.264785
0.271046
0.30474
0.289978
0.29814
0.271191
0.261902
0.274098
0.275821
0.317532
0.315039
0.281215
0.319417
0.307299
0.293208
0.274404
0.306911
0.303963
0.307473
0.274515
0.294592
0.286174
0.337572
0.326401
0.309185
0.289202
0.302637
0.270962
0.270502
0.258851
0.30833
0.269651
0.274166
0.295259
0.272054
0.268967
0.248864
0.26928
0.259534
0.253364
0.283579
0.26043
0.268818
0.281053
0.298269
0.252945
0.260127
0.260774
0.270652
0.284857
0.280319
0.273718
0.28446
0.281869
0.284129
0.266678
0.282034
0.260533
0.284507
0.300556
0.300951
0.313634
0.291247
0.271912
0.288948
0.300303
0.302827
0.294495
0.25558
0.332856
0.314592
0.293021
0.280524
0.280864
0.285194
0.273673
0.328344
0.27087
0.311078
0.306733
0.314614
0.30348
0.322211
0.31621
0.30807
0.295341
0.340235
0.314809
0.297305
0.33423
0.300985
0.306399
0.301945
0.350438
0.344816
0.303417
0.303564
0.355213
0.31814
0.331686
0.31792
0.31563
0.314131
0.310306
0.312534
0.287259
0.296052
0.304816
0.341998
0.314318
0.314449
0.299737
0.301296
0.314345
0.304751
0.342355
0.299443
0.319329
0.318277
0.328469
0.334645
0.306553
0.31588
0.364939
0.325643
0.331967
0.382446
0.373032
0.359636
0.319586
0.309839
0.374842
0.378776
0.38428
0.402632
0.358932
0.365402
0.382671
0.363237
0.398216
0.381934
0.359008
0.434776
0.393547
0.35136
0.379553
0.395722
0.360924
0.396335
0.377609
0.387417
0.388947
0.403039
0.3946
0.37353
0.433826
0.399136
0.394332
0.442661
0.445503
0.415299
0.429482
0.408491
0.4294
0.415479
0.421238
0.441799
0.398565
0.423531
0.435758
0.434029
0.449726
0.463912
0.455118
0.420294
0.460085
0.451273
0.450843
0.449906
0.429045
0.423928
0.427547
0.471071
0.434054
0.488566
0.483555
0.518906
0.491134
0.523834
0.525872
0.511926
0.474729
0.509266
0.500502
0.493574
0.471134
0.534653
0.515842
0.486448
0.511361
0.517306
0.555474
0.517699
0.481257
0.5036
0.525127
0.513388
0.568273
0.529853
0.493226
0.539678
0.543717
0.527988
0.506699
0.573115
0.569577
0.527727
0.493043
0.567797
0.531816
0.528924
0.560399
0.565381
0.473097
0.516579
0.544133
0.558547
0.543439
0.514613
0.577842
0.526474
0.556909
0.531836
0.528929
0.554957
0.564671
0.515607
0.548104
0.546057
0.594187
0.511149
0.547864
0.534543
0.594381
0.556173
0.568334
0.57367
0.581405
0.562545
0.555766
0.607773
0.618361
0.602111
0.561228
0.611484
0.579255
0.634042
0.595434
0.593396
0.627183
0.603683
0.627774
0.648635
0.620367
0.679705
0.694213
0.626043
0.654967
0.611917
0.621322
0.61077
0.584588
0.600752
0.56652
0.586514
0.644026
0.610743
0.573286
0.57189
0.639061
0.613255
0.620871
0.683812
0.60936
0.618437
0.583175
0.609209
0.610052
0.610139
0.580598
0.599471
0.641861
0.635226
0.649625
0.608577
0.669526
0.616248
0.684996
0.638731
0.616158
0.63226
0.610109
0.565661
0.632354
0.639665
0.602533
0.629644
0.626757
0.64718
0.616652
0.657339
0.631301
0.665882
0.695434
0.648578
0.650648
0.653749
0.68342
0.686863
0.698654
0.679367
0.645618
0.683989
0.700606
0.721133
0.677755
0.646487
0.667979
0.652378
0.674753
0.677256
0.667427
0.734104
0.729297
0.769494
0.684655
0.744353
0.709139
0.694263
0.723197
0.706659
0.671691
0.713067
0.704351
0.673444
0.759427
0.736679
0.713092
0.738574
0.751579
0.75524
0.723838
0.77117
0.789216
0.79424
0.771507
0.79057
0.796579
0.758827
0.782376
0.770401
0.7991
0.7842
0.733386
0.74484
0.759204
0.752626
0.788316
0.774109
0.733529
0.777906
0.716299
0.767902
0.743321
0.815265
0.750691
0.786252
0.776537
0.785875
0.769412
0.703412
0.7719
0.80522
0.752923
0.777776
0.823248
0.778497
0.754506
0.749626
0.760325
0.758748
0.775842
0.710965
0.737779
0.763202
0.753504
0.731027
0.760013
0.761234
0.733379
0.707642
0.773888
0.757427
0.77481
0.784611
0.828073
0.770489
0.74007
0.805159
0.782783
0.698284
0.818871
0.767761
0.734516
0.768072
0.749326
0.747063
0.763385
0.789408
0.822914
0.700442
0.786631
0.785675
0.808207
0.85784
0.765533
0.789696
0.811344
0.806821
0.786614
0.82548
0.771988
0.852013
0.802705
0.818208
0.749329
0.766107
0.76713
0.8419
0.791063
0.775392
0.76541
0.740588
0.706504
0.80702
0.813543
0.816089
0.802816
0.850572
0.817451
0.843643
0.810359
0.788463
0.8093
0.777519
0.727006
0.753158
0.765938
0.779958
0.795903
0.783837
0.802798
0.757027
0.762448
0.763764
0.819268
0.791881
0.761327
0.754802
0.76112
0.750644
0.830122
0.82891
0.824394
0.832752
0.824017
0.810308
0.860369
0.878959
0.773176
0.77631
0.882565
0.817262
0.829959
0.785356
0.832897
0.843723
0.846485
0.920733
0.876959
0.846349
0.882271
0.956296
0.925668
0.917656
0.919127
0.868852
0.921085
0.997682
0.942771
0.972312
0.957907
0.910306
0.980771
0.974308
0.938209
0.959404
0.91721
0.906308
0.876599
0.920334
0.960394
0.980934
0.957054
0.915371
0.963773
1.05267
0.949775
0.985191
0.893037
1.0191
1.0125
0.990271
0.939667
1.09377
1.09238
0.988868
0.998788
1.02982
0.937655
0.932606
1.03816
1.05888
1.15968
1.12014
1.00066
1.06758
1.10337
0.98723
1.05016
1.08603
1.02567
1.09244
1.00588
1.04316
1.00732
1.004
1.00185
0.990792
0.95109
1.02942
1.04344
1.05276
1.00347
1.06608
1.04957
0.983339
0.972508
1.06416
1.08013
1.05855
1.02657
1.0619
1.02188
1.02515
0.984429
1.05238
1.09168
1.04957
1.05272
1.09774
1.10641
1.08579
1.13518
1.09318
1.19351
1.15093
1.1126
1.04297
1.12604
1.1583
1.17756
1.18605
1.17465
1.19161
1.21352
1.18077
1.11823
1.1978
1.27041
1.17725
1.11792
1.10399
1.05329
1.10831
1.21614
1.08948
1.08579
1.1427
1.18112
1.08868
1.14023
1.10515
1.02355
1.11272
1.03469
1.05233
0.83936
1.02501
0.999481
1.08992
0.973691
1.01511
1.06895
1.06473
1.10233
1.06343
1.117
1.06786
1.00705
1.05
0.969879
0.993805
1.0164
0.95425
0.964347
1.05591
1.00265
1.02112
1.0113
1.00978
1.02954
1.06524
1.18724
0.984354
1.02555
1.05449
0.976619
1.05327
1.02161
1.07926
1.0465
1.00011
1.07406
1.12978
0.995821
1.0225
0.864928
1.06623
1.03468
1.10101
1.08437
1.00362
0.988005
1.09135
1.05895
1.0248
1.13676
1.1836
1.14941
1.09778
1.16945
1.16605
1.14792
1.08025
1.15721
0.988965
1.09433
0.988648
1.03799
1.02331
1.09528
0.940393
1.07803
1.01148
1.11282
1.03493
1.0123
1.01199
0.950836
1.08185
1.32738
1.17828
1.10273
1.25834
1.27951
1.21286
1.09376
1.05301
0.845738
1.051
0.864491
0.966606
1.0119
0.945055
0.907752
0.927396
1.08575
1.048
1.01568
0.990094
1.00814
1.01773
1.02305
0.854794
0.879887
1.05322
1.03939
0.834061
1.03905
0.828335
1.04865
1.13149
0.974738
1.23409
1.23381
1.17465
1.28624
1.29921
1.39472
1.5645
1.35595
1.40237
1.43449
1.60907
1.62132
1.6308
1.52455
1.59802
1.32812
1.79768
1.31836
1.39869
1.59037
1.40052
1.52624
1.54257
1.51226
1.65536
1.56644
1.36443
1.39886
1.34818
1.42765
1.2743
1.54572
1.51182
1.69484
1.78254
1.91878
2.02774
1.84844
1.64653
1.36745
1.45129
1.41961
1.21541
1.23377
1.23315
1.31378
1.25796
1.3217
1.2658
1.07343
0.99787
1.24006
1.41837
1.32995
1.64067
1.87488
1.96972
2.29756
1.85085
1.9082
2.09434
2.05901
2.15409
2.11684
2.03311
1.98402
2.16554
2.30878
2.24259
2.04083
1.95995
1.86651
1.9336
2.00474
1.98657
1.98733
2.0931
2.12546
