0.608654
0.530203
0.737009
0.605537
0.675985
0.802622
1.00652
1.11694
1.55898
1.70645
1.34819
1.21671
1.22081
1.07388
1.15513
1.03678
1.00646
1.1122
1.04107
1.26245
0.938669
0.958223
1.12184
1.12784
1.10846
1.05739
0.898742
0.896495
0.909113
1.06462
1.00253
1.23692
1.14806
1.06503
1.06044
1.05751
1.14148
0.891093
1.13106
1.1763
1.15442
1.14192
1.07976
1.09534
1.12727
1.07445
1.07108
1.19097
0.955756
1.03909
1.16353
1.08565
1.07724
1.34619
1.10359
1.2292
1.09592
0.948994
1.09297
1.06884
1.02707
1.05295
1.01489
1.0863
1.00588
1.08869
1.09091
0.987666
1.10451
1.15386
1.01196
1.2312
1.03336
0.953442
1.05966
1.1833
0.938186
1.00488
1.15252
1.22232
1.10308
1.00895
1.0842
1.0582
1.1594
0.998509
1.1167
1.05158
1.06988
0.855647
1.08447
0.948426
1.03343
0.983495
1.07417
0.983781
1.06918
0.955798
0.958869
1.02596
0.996987
0.990499
0.951775
0.967991
1.09804
0.999468
0.994645
0.956619
1.16503
1.20278
1.20866
0.991944
1.02795
0.952669
1.09408
0.886355
0.863068
0.866052
0.937389
1.09509
0.943016
0.932711
0.882364
0.823809
1.03637
0.84381
0.876247
1.02878
0.714865
0.93114
0.823322
0.761097
0.964879
0.891997
0.924392
0.791101
0.776641
0.795879
0.775108
0.688373
0.910628
1.18268
1.91669
2.66838
3.49237
4.37318
4.23266
3.35032
2.80362
1.84095
1.22683
0.78063
0.709776
0.574152
0.60905
0.579069
0.732136
0.835011
