1.13037
1.62675
2.14149
2.52747
2.18927
3.25138
3.09608
3.13588
2.91311
2.82738
2.38709
2.45103
2.31041
2.11735
2.15643
2.09525
2.06039
2.10745
2.01582
2.22651
2.20556
2.11684
1.9119
2.37087
2.03387
2.16101
2.13327
1.98251
1.84174
1.87258
1.92079
2.30987
1.99927
2.12706
2.13785
1.64038
2.4328
1.83522
1.99832
2.34181
2.03949
1.86341
2.15717
2.19991
1.71951
1.96227
1.78175
1.8545
1.95118
1.09572
1.48757
1.2545
1.48973
1.68725
1.86329
1.54412
2.87879
1.21143
2.35492
2.09037
1.3646
2.25671
2.87598
1.29803
1.70153
1.60422
1.41965
0.926676
1.3492
1.15589
1.88004
1.80924
1.03385
1.08506
2.13163
1.72878
0.857274
2.13331
1.02306
0.984029
2.08526
1.51299
1.84973
2.43572
1.55861
1.61089
1.60175
1.56902
1.49411
1.30382
1.2014
1.37258
1.71121
1.98892
1.67907
1.47435
1.21517
1.37094
2.1222
1.1936
1.93246
2.34023
2.46562
1.56038
2.34927
1.73871
1.53915
1.4623
1.56113
1.62201
1.66118
1.41978
1.59881
1.81007
1.33611
1.46861
1.27029
1.5021
1.37437
1.94527
1.58225
1.62066
1.66001
1.37963
1.51982
1.57928
1.65231
1.64641
1.45458
1.59074
1.62884
1.7094
1.47835
1.85528
1.34587
1.65295
1.31443
1.36287
1.49307
1.3522
1.52066
1.53478
1.55654
1.37549
1.39395
1.33122
1.46638
1.37147
1.47725
1.57438
1.4177
1.46778
1.49054
1.30641
1.44432
1.26799
1.07187
1.35989
1.36049
1.24646
1.14465
1.09502
1.2239
1.04282
1.05739
1.33493
1.16499
1.07423
0.983807
0.985343
1.17008
1.35079
1.0995
1.06958
1.09338
1.07623
1.25968
1.09541
1.03676
0.943291
0.939982
0.816476
1.00612
0.865533
0.94291
1.07927
1.012
0.803395
0.98981
0.936374
0.976931
0.992829
1.01346
0.996056
1.10679
0.987749
1.13946
1.02423
0.899695
1.02635
0.968514
0.961815
0.938678
0.967352
1.0272
0.97768
0.820558
0.999646
1.11035
1.12019
1.01997
0.974873
0.89859
1.09884
0.950455
0.950519
1.14596
1.03257
1.08206
1.04687
1.06623
0.996643
0.942742
0.99835
1.00591
0.87643
0.822059
0.966635
0.783939
0.633442
0.930528
1.02096
0.830311
0.89961
0.817167
0.977294
1.0067
0.810471
0.827341
0.789087
0.862836
0.84094
0.825956
0.710211
0.748182
0.806595
0.772907
0.65759
0.762625
0.874463
0.902675
0.687911
0.866605
0.745269
0.679641
0.917773
0.576808
0.599104
0.4941
0.684357
0.666178
0.57074
0.658696
0.433545
0.710173
0.461102
0.376336
0.667477
0.462495
0.663158
0.673835
0.611188
0.580357
0.544217
0.61369
0.51154
0.629873
0.561707
0.522271
0.504663
0.498759
0.602586
0.393035
0.583431
0.525164
0.528319
0.593271
0.474616
0.439958
0.421752
0.565869
0.513796
0.469136
0.517499
0.499395
0.493173
0.507881
0.489769
0.47515
0.472334
0.618657
0.427512
0.4555
0.504025
0.449663
0.459682
0.432728
0.426191
0.595296
0.552801
0.488518
0.519972
0.5275
0.526916
0.459679
0.419737
0.416911
0.578313
0.467355
0.517135
0.548068
0.676286
0.690828
0.660171
0.58959
0.625
0.593919
0.693235
0.641076
0.648069
0.481309
0.631157
0.53912
0.591706
0.554661
0.633051
0.641884
0.601113
0.549703
0.616885
0.49502
0.699143
0.513098
0.560843
0.822054
0.728229
0.626609
0.733865
1.03285
0.796036
0.602053
0.687266
0.704291
0.69077
0.469346
0.605468
0.567108
0.392563
0.508746
0.475301
0.605621
0.733282
0.529831
0.648117
0.552639
0.410405
0.42145
0.663874
0.51868
0.631609
0.636769
0.503009
0.534504
0.475847
0.743236
0.547676
0.815222
0.625577
0.616557
0.758474
0.764052
0.853341
0.729916
1.00526
0.865259
0.86019
0.813651
0.975064
0.954056
0.917923
0.829504
0.716996
0.695516
0.848953
0.568226
0.60231
0.83549
0.796545
0.483559
0.664579
0.608256
1.0277
0.957685
0.741304
0.8178
0.910031
0.785819
0.90016
0.788201
0.699601
0.70951
0.934331
0.696177
0.858008
0.969084
0.888961
0.698368
0.97377
0.907968
0.762993
0.803571
0.968746
0.737355
0.771496
0.68488
0.5467
0.43263
0.431154
0.670619
0.4724
0.443177
0.488801
0.316328
0.364308
0.306636
0.237887
0.248549
0.266533
0.283919
0.267374
0.275813
0.263444
0.227182
0.246974
0.26773
0.27998
0.248752
0.293801
0.277818
0.331874
0.330807
0.36568
0.360297
0.339091
0.480473
0.631328
0.443028
0.45742
0.378634
0.465853
0.361513
0.39549
0.31381
0.423434
0.373237
0.467536
0.417033
0.287379
0.35345
0.276777
0.304663
0.35769
0.294431
0.283292
0.372776
0.300768
0.303118
0.24699
0.27331
0.306669
0.366785
0.364866
0.325371
0.378304
0.401284
0.267335
0.273456
0.328912
0.322367
0.253705
0.201183
0.194852
0.209727
0.236014
0.230885
0.282022
0.234513
0.232492
0.208717
0.250086
0.219213
0.272306
0.261217
0.314536
0.201489
0.28452
0.310778
0.254426
0.216914
0.238146
0.259285
0.237335
0.257373
0.236871
0.193507
0.209198
0.200993
0.184826
0.173762
0.184533
0.171131
0.214903
0.222407
