0.653186
0.698962
0.693895
0.805075
1.00026
1.04233
0.868271
0.677764
0.555828
0.443265
0.476731
0.627876
0.449303
0.614148
0.824417
0.454021
0.505503
1.16796
1.67527
1.10223
1.02612
1.30304
1.06359
0.975084
1.28202
1.27084
1.3527
1.11945
0.951641
0.7807
0.625437
0.787924
0.787789
0.747108
0.763088
0.847002
1.02494
0.880655
0.969813
1.23361
0.91899
1.12266
1.74839
1.7078
1.31002
1.15849
2.07872
2.50493
1.43052
1.59762
1.10755
1.02129
1.73627
1.89427
2.60116
1.68204
1.99935
1.92003
1.44724
1.77215
1.45084
1.50371
1.20851
1.39139
2.06285
2.18424
2.55142
1.90858
2.50562
2.22499
2.21888
1.89753
1.92036
1.74114
1.97382
1.97539
2.56014
2.16332
1.91445
2.06833
2.18461
2.23545
2.46295
3.31946
2.35402
2.04931
2.53128
1.94127
2.2411
3.15056
1.61341
1.80522
2.15636
2.13692
3.14237
2.46764
2.9728
2.62282
3.43868
3.17979
3.06798
2.92239
2.73532
3.57844
3.54088
2.73471
2.95526
2.62967
3.1906
3.1703
3.31939
2.97053
3.32335
3.73507
3.16423
2.63997
2.83294
3.45138
2.83595
2.69033
3.67733
2.98322
2.57228
3.38576
3.41877
3.4217
3.43173
3.33267
3.6491
3.561
3.87819
2.75312
3.88259
2.56713
2.94192
3.80084
3.42409
2.85661
2.60385
3.46828
3.93257
3.97144
3.97239
3.11147
4.95267
3.0814
3.26409
3.29137
3.09589
3.03733
2.63574
2.81756
2.82573
3.17649
2.91118
3.91069
4.22775
4.52518
5.49278
4.36278
3.31594
3.79888
3.43672
3.93987
3.85133
4.33207
4.57798
3.90441
3.07549
