0.24116
0.33111
0.197659
0.187339
0.233276
0.198797
0.161373
0.374017
0.324543
0.252512
0.280475
0.264989
0.37665
0.364855
0.361016
0.392871
0.347212
0.335347
0.425957
0.273378
0.331403
0.329443
0.392443
0.444239
0.42734
0.35126
0.454427
0.431035
0.416987
0.432066
0.507612
0.475251
0.462265
0.39429
0.619575
0.537426
0.563599
0.485905
0.392598
0.38414
0.40723
0.60295
0.601754
0.467968
0.546325
0.565681
0.550464
0.566574
0.539851
0.774214
0.979499
0.852841
0.886771
0.780426
0.590003
0.71917
0.587649
0.870371
0.633864
0.693123
0.809109
0.684517
0.915356
0.759198
0.823029
0.908714
0.908091
0.925582
0.788606
0.962176
0.853811
0.914861
0.829344
0.613417
0.680024
0.627462
0.801759
0.770314
0.854171
0.821307
1.03043
0.878957
0.881073
0.812743
0.881016
1.03084
1.03107
0.989329
1.14415
1.24275
0.789514
1.06046
0.973058
1.06055
0.939804
1.03977
1.11492
1.09459
0.750161
1.12848
1.17303
1.29792
1.04015
0.823788
0.983144
1.12028
0.985782
1.16985
0.968649
0.850677
1.13096
1.06423
0.838377
0.691739
0.988541
1.1193
1.15483
0.902349
0.796204
1.56633
1.02216
1.43838
1.13149
0.836015
1.11199
1.38076
1.41811
0.93421
0.989917
1.08572
1.18534
1.51307
1.17832
1.22398
1.22364
0.931801
1.40213
1.28269
1.11582
1.2803
1.68512
1.6708
1.57012
1.56756
1.14353
1.43402
1.32159
1.73062
1.12543
1.4452
1.41233
1.09261
1.40759
1.28898
1.54772
1.26612
1.0619
1.13608
1.31093
1.37012
1.10393
1.36026
1.43934
1.50896
1.7754
1.22811
1.4226
1.58175
0.934857
0.953262
