1.21872
1.03615
1.21631
1.06344
0.902783
1.33506
1.21411
2.29119
1.05183
1.10576
0.825074
1.0258
1.38548
1.22348
1.20134
1.52238
1.62811
1.82779
1.40481
1.68384
1.64469
2.94895
2.20511
1.59806
1.70453
1.38003
1.16526
1.16763
1.43509
1.9477
2.2517
1.28891
1.46205
1.99349
2.19898
1.41798
2.84545
1.94329
1.53661
1.78196
3.53383
1.22632
1.88733
1.69531
1.76479
1.20212
1.48833
1.42289
1.3048
2.11771
2.68344
1.61767
2.05325
4.29503
2.5055
3.93167
3.36169
1.78335
1.80203
1.33577
1.85517
2.13251
1.7849
1.82283
1.99365
1.80846
2.68308
2.64559
2.70461
2.57913
2.01351
2.4306
2.10487
2.24467
1.88316
1.56857
1.7747
1.32543
1.88157
2.36637
1.73855
1.13725
2.13845
3.11946
2.97084
2.05534
2.78669
2.94009
3.17341
2.80009
3.07451
2.63843
2.56262
2.6689
2.67317
2.36429
2.34769
2.35281
1.54237
2.08993
1.86275
1.42704
1.75883
3.52294
3.02817
2.13029
2.44033
1.68801
1.48031
1.37171
2.09265
2.50933
2.48326
1.64857
2.07372
1.72303
1.65589
1.40379
1.16214
1.34125
0.920458
0.971136
0.880078
0.970023
0.863975
0.901672
1.13391
1.27335
1.09156
1.012
0.908182
0.947162
0.881041
0.90248
0.913419
1.18248
1.13225
0.817501
0.997371
1.02772
0.960484
1.01786
0.886978
