0.197721
0.229194
0.197236
0.185873
0.198368
0.166313
0.214214
0.233878
0.292602
0.304051
0.3621
0.410499
0.384108
0.396136
0.409375
0.467166
0.522434
0.557582
0.556457
0.547696
0.579675
0.56276
0.667605
0.616717
0.690614
0.697206
0.689662
0.587155
0.576944
0.566963
0.570965
0.563872
0.693364
0.672494
0.564751
0.678602
0.798352
0.677696
0.694759
0.767361
0.781933
0.892381
0.818166
0.79445
0.835012
0.626946
0.812893
0.858874
0.979783
1.14607
0.898091
1.06562
0.864408
1.02492
1.09743
1.14414
1.15331
1.37539
1.08365
1.16797
1.00823
1.32801
1.11123
0.88931
1.15922
1.35052
1.07472
1.19573
1.22237
1.06084
1.53934
1.20952
1.15254
1.2374
2.07558
1.46877
1.54198
1.25966
1.44503
1.49335
1.20538
1.91129
1.86415
2.14219
1.83655
1.9431
1.94104
1.77757
1.58504
1.69096
1.468
1.94371
1.82585
1.59923
2.07365
2.00483
1.99245
2.12933
1.8071
2.0646
2.42522
1.73534
1.97947
2.55009
1.92306
1.78235
2.31488
2.2335
2.22267
2.71865
2.60021
2.39983
2.06882
2.69196
2.36678
2.47276
3.19706
3.1033
3.20819
3.00031
2.35063
2.5451
3.09361
2.53187
2.73529
2.46598
2.65604
2.59885
2.32824
2.53022
3.10853
2.68343
2.88004
2.53396
3.26232
2.85193
2.97112
3.15794
3.04003
2.53936
2.86449
2.39434
2.88484
2.92396
3.25995
2.73814
2.58165
2.19607
2.53286
2.94792
2.55798
2.93392
2.40878
3.36938
2.83692
3.03816
3.36227
3.03092
2.77062
3.16998
3.18807
3.51017
3.11049
3.57198
3.28066
2.98503
3.40188
3.263
3.47302
3.09807
3.15905
2.62729
2.9973
3.25311
3.29787
3.51223
3.19056
3.91162
3.27252
3.3531
3.37735
3.05968
3.19096
3.25386
2.9907
3.25836
3.7016
3.11199
3.17994
3.24583
2.94988
3.26941
3.31212
3.08402
3.56478
3.14018
3.14838
3.61086
3.4096
3.04847
3.3011
3.32313
3.23504
3.33856
3.12074
3.07683
3.3403
3.39768
3.42407
3.68369
3.79245
3.06576
3.53711
3.54254
3.57709
2.90282
3.59037
2.83555
2.78474
3.16527
3.14805
2.4526
2.21683
3.22386
3.0155
2.44592
3.26392
3.65701
3.64804
3.84723
3.81609
3.72447
2.69117
2.60264
2.81332
2.34228
3.22829
2.38032
2.92061
2.57635
2.64466
2.88727
2.89366
3.48208
3.08018
4.0005
4.26686
4.37473
