2.10977
1.70907
1.58585
1.74143
1.83806
1.78865
1.67856
1.49511
1.66294
1.37397
1.43375
1.28481
1.33249
1.39402
1.3935
1.3979
1.63084
1.58394
1.45454
1.60551
1.44294
1.56863
1.16907
1.14723
1.12772
1.18263
1.28854
1.22731
1.29621
1.19597
1.24784
1.29736
1.2507
1.30075
1.21792
1.32331
1.37285
1.36827
1.39568
1.38165
1.28011
1.35253
1.45822
1.24698
1.52732
1.56046
1.08763
1.34338
1.39006
1.14903
1.36139
1.42441
0.912682
1.47794
1.01208
1.27326
1.215
1.24651
1.06486
1.53955
1.39323
1.334
1.40523
1.51886
1.96874
1.28
1.03618
1.18931
1.17455
1.16887
1.14013
0.99431
1.07629
1.06713
1.15777
1.14979
1.11188
1.0618
0.892411
0.911951
1.28245
1.28955
1.09719
1.03063
1.05728
0.95157
0.918512
0.884343
1.00955
0.937063
0.854018
0.732349
0.960882
1.24123
0.905585
1.08839
1.01553
0.886998
0.901582
0.812567
0.788536
0.872621
0.836183
0.77855
0.762679
0.694991
0.770546
0.765927
0.76328
0.808466
0.921252
0.99217
0.875346
0.56264
0.640229
0.87295
0.615304
0.821594
0.748627
0.84976
0.906235
0.68965
0.947942
0.597527
0.899499
0.739545
0.893537
0.919137
0.72135
0.757396
0.781669
0.604779
0.667347
0.792702
0.861846
0.658961
0.496725
1.04503
0.685202
0.861282
1.06143
0.877926
0.740918
0.647567
0.489409
0.821954
0.674858
0.617819
0.669552
1.07023
0.820062
1.09175
0.667625
0.789899
0.848766
0.869139
0.837425
0.864589
0.968487
0.739474
0.576704
0.453607
0.596918
0.677227
0.610401
0.657813
0.598762
0.570163
0.920665
1.30372
0.532307
0.708302
0.766656
0.667838
0.512277
0.692808
0.64292
0.415372
0.623862
0.585691
0.43694
0.583281
0.638539
0.567513
0.809733
0.780952
0.736429
0.650317
0.664004
0.744035
0.571474
0.456289
0.420338
0.576552
0.510747
0.464414
0.453815
0.55986
0.559975
0.759841
0.546389
0.523733
0.472731
0.441814
0.603791
0.690983
0.521982
0.477869
0.487344
0.496283
0.462836
0.43305
0.466188
0.435725
0.427062
0.420699
0.497085
0.468463
0.575077
0.510334
0.44838
0.470579
0.438347
0.548244
0.480846
0.449329
0.35709
0.435729
0.268735
0.348242
0.384941
0.446034
0.544387
0.504785
0.427672
0.464922
0.431777
0.507174
0.517734
0.411666
0.560962
0.568002
0.376434
0.571412
0.374067
0.749968
0.47216
0.46511
0.470146
0.633305
0.555071
0.412441
0.497589
0.456217
0.382642
0.561572
0.591541
0.39451
0.435079
0.425873
0.464518
0.551376
0.490458
0.409605
0.46109
0.480562
0.41532
0.496185
0.582167
0.505947
0.326736
0.379936
0.441265
0.47267
0.396303
0.402641
0.414827
0.454374
0.438564
0.453302
0.688674
0.331023
0.441204
0.399147
0.479268
0.596006
0.500051
0.472219
0.402779
0.462592
0.546101
0.499267
0.516682
0.39479
0.393955
0.49219
0.476235
0.440665
0.571981
0.593783
0.534563
0.521214
0.535971
0.507555
0.450555
0.476435
0.449688
0.485895
0.477773
0.492028
0.515879
0.461533
0.479803
0.449156
0.401878
0.472871
0.496765
0.462727
0.386979
0.354938
0.391498
0.310245
0.250652
0.276562
0.370274
0.402844
0.354578
0.308345
0.478403
0.319353
0.393044
0.300901
0.320624
0.376205
0.463991
0.386339
0.479214
0.499005
0.395555
0.393142
0.356421
0.351476
0.400808
0.356728
0.257748
0.30506
0.367893
0.341033
0.281247
0.387378
0.249436
0.348834
0.284762
0.335382
0.293565
0.288195
0.34286
0.268687
0.369846
0.37491
0.282522
0.218515
0.234465
0.285153
0.253883
0.222895
0.243224
0.256731
0.331026
0.456444
0.439507
0.421549
0.295399
0.269613
0.346121
0.315232
0.373377
0.291501
0.31688
0.315429
0.30981
0.277336
0.327897
0.326103
0.278031
0.280406
0.287746
0.395283
0.394135
0.294462
0.281574
0.225947
0.231189
0.289199
0.313893
0.291251
0.28108
0.306457
0.296177
0.250097
0.240583
0.294036
0.263405
0.316819
0.280798
0.316307
0.270921
0.267664
0.240914
0.244871
0.238874
0.267803
0.315009
0.247788
0.287804
0.22363
0.188646
0.263688
0.321285
0.275885
0.280915
0.243943
0.336516
0.397066
0.326754
0.386956
0.385991
0.303552
0.300624
0.253827
0.233403
0.314102
0.271409
0.271323
0.257979
0.211617
0.234325
0.165925
0.310883
0.174296
0.172711
0.187145
0.280851
0.238207
0.326732
0.370075
0.334325
0.371708
0.350367
0.255758
0.220268
0.274338
0.374082
0.20044
0.205901
0.283285
0.654452
0.606105
0.452634
0.176585
0.190977
0.280716
0.304916
0.240814
0.303605
0.207033
0.190983
0.245367
0.313183
0.287717
0.466604
0.265151
0.237944
0.231118
0.266526
0.224874
0.248208
0.22019
0.22912
0.253656
0.188973
0.337037
0.251246
0.276963
0.297684
0.269941
0.239217
0.184103
0.18274
0.277956
0.223262
0.223627
0.250285
0.224117
0.239473
0.19138
0.259217
0.223178
0.239506
0.202121
0.228221
0.273981
0.248692
0.251081
0.231951
0.2518
0.219631
0.288178
0.304791
0.303052
0.34572
0.309285
0.362883
0.364058
0.328787
0.334011
0.352792
0.306708
0.294524
0.238484
0.296604
0.346633
