0.795326
0.795491
0.890673
0.944331
0.799261
0.829686
0.835935
0.830808
0.911644
0.890374
0.908369
0.911435
0.993766
0.863041
0.864461
0.899955
0.768998
0.850977
0.821601
0.805474
0.841578
0.753707
0.692775
0.833989
0.834415
0.833706
0.824333
0.846647
0.795915
0.780832
0.768512
0.789499
0.85787
0.840924
0.794128
0.791665
0.866601
0.782398
0.789141
0.803612
0.779957
0.682963
0.749081
0.730203
0.780853
0.775318
0.771984
0.778233
0.755493
0.670667
0.772819
0.817823
0.749102
0.719074
0.734443
0.731597
0.70625
0.746763
0.741659
0.75093
0.689506
0.669492
0.742336
0.722715
0.743853
0.696273
0.722639
0.704427
0.702912
0.689716
0.696301
0.70455
0.717653
0.705334
0.75483
0.744496
0.671654
0.750503
0.689977
0.719419
0.633659
0.606276
0.644202
0.674454
0.751344
0.712636
0.756795
0.77068
0.770826
0.82025
0.743214
0.776837
0.902503
0.759492
0.772406
0.739693
0.778319
0.82009
0.840434
0.797504
0.819089
0.748032
0.81954
0.740321
0.760156
0.728985
0.671188
0.773556
0.769248
0.730168
0.683776
0.696366
0.802413
0.686844
0.790787
0.681075
0.685997
0.695711
0.835272
0.797896
0.64884
0.702184
0.615812
0.683573
0.698262
0.683904
0.704863
0.685608
0.56058
0.566595
0.648485
0.648334
0.685747
0.583206
0.677306
0.689614
0.576449
0.748047
0.675828
0.669892
0.734549
0.687112
0.731429
0.802065
0.865703
0.837568
0.71556
0.75953
0.750824
0.702261
0.697489
0.624225
0.557158
0.650435
0.529995
0.594533
0.567
0.609112
0.651737
0.525045
0.67988
0.6865
0.632716
0.630195
0.649005
0.55706
0.655068
0.653932
0.694688
0.547501
0.593613
0.638168
0.73841
0.640702
0.771351
0.685567
0.746603
0.771171
0.711637
0.781804
0.617571
0.621931
0.938971
0.718953
0.658215
0.640109
0.744441
0.786644
0.788493
0.640763
0.830268
0.772695
0.786961
0.734315
0.68643
0.698937
0.704093
0.667393
0.716207
1.00181
0.68591
0.729715
0.698547
0.863849
0.651713
0.758459
0.822303
0.773726
1.00397
0.762656
0.689467
0.965429
0.910553
0.699822
0.892736
0.846065
0.740153
0.608363
0.682543
0.693015
0.751238
0.766401
0.61509
0.549126
0.583227
0.664374
0.499375
0.527153
0.553345
0.522428
0.41704
0.477211
0.358598
0.465952
0.395955
0.527091
0.463016
0.438496
0.464707
0.390188
0.374649
0.427145
0.474104
0.406196
0.363202
0.562889
0.410734
0.354708
0.498716
0.345562
0.352155
0.383139
0.397089
0.43289
0.362211
0.419131
0.443595
0.45831
0.512809
0.449522
0.346978
0.404096
0.50583
0.505247
0.560785
0.600051
0.548464
0.452763
0.544111
0.566563
0.566708
0.531712
0.485245
0.523628
0.56424
0.501905
0.467289
0.621007
0.430883
0.429517
0.579447
0.602462
0.426757
0.494026
0.56569
0.526856
0.554389
0.424865
0.543659
0.55908
0.468523
0.541591
0.565044
0.567108
0.427273
0.484284
0.495519
0.509616
0.430294
0.457929
0.407369
0.450982
0.415471
0.402388
0.506527
0.481717
0.403544
0.48183
0.399072
0.606289
0.482113
0.504496
0.511435
0.49573
0.630248
0.485487
0.494384
0.505365
0.775979
0.590755
0.64771
0.546753
0.571626
0.628093
0.738372
0.683308
0.546383
0.625066
0.657689
0.679399
0.774312
0.615748
0.698615
0.789612
0.811163
0.687524
0.718284
0.70142
0.753129
0.709657
0.707596
0.674884
0.665873
0.667111
0.638
0.536244
0.664149
0.641246
0.620676
0.688997
0.733228
0.691608
0.55485
0.598573
0.68899
0.625226
0.594661
0.640165
0.777335
0.705696
0.630265
0.610364
0.814331
0.420319
0.833495
0.622232
0.572523
0.532367
0.632358
0.480043
0.515411
0.540345
0.509817
0.518642
0.534374
0.537049
0.436725
0.408946
0.429352
0.43852
0.416323
0.435024
0.399315
0.415535
0.456248
0.40576
0.485047
0.499168
0.379774
0.346246
0.324579
0.407789
0.568131
0.41753
0.374963
0.45422
0.466059
0.424916
0.473051
0.276153
0.287711
0.332418
0.271056
0.407005
0.248153
0.368275
0.267954
0.288726
0.286705
0.304601
0.251319
0.230947
0.221638
0.251064
0.26095
0.251621
0.315963
0.431778
0.429558
0.881462
0.813847
0.670782
0.487694
0.657679
0.460262
0.440923
0.364921
0.393611
0.305018
0.432909
0.441114
0.486085
0.328947
0.308429
0.366268
0.478985
0.403836
0.500034
0.327184
0.331423
0.369425
0.384345
0.35735
0.398604
0.480932
0.558379
0.474449
0.3169
0.381553
0.33587
0.331806
0.369619
0.350591
0.298242
0.313553
0.290611
0.462895
0.390545
0.364929
0.422261
0.357924
0.395949
0.860128
0.459758
0.535615
0.582427
0.435351
0.482733
0.572094
0.530502
0.392229
0.525202
0.617387
0.470761
0.401711
0.355985
0.443736
0.562415
0.478128
0.51016
0.386113
0.380273
0.327069
0.366807
0.503919
0.509429
0.450827
0.359516
0.362386
0.3504
0.345294
0.311785
0.308845
0.319124
0.333181
0.295615
0.308088
0.306662
0.346491
0.350794
0.320714
0.265744
0.267395
0.286982
0.300531
0.349649
0.274883
0.277001
0.247653
0.30951
0.303026
0.285814
0.307092
0.401324
0.35212
0.303695
0.263109
0.228676
0.260845
0.293473
0.283048
0.231303
0.184906
0.237946
0.199243
0.167396
0.174732
0.191594
0.206303
0.176105
0.168848
0.147263
0.159881
0.137903
0.133096
0.128528
0.125596
0.13326
0.128535
0.111009
0.125117
0.107997
0.113902
0.108427
0.070697
0.0732609
0.0636604
0.0518715
0.0505384
0.0635693
0.0734943
0.0717851
0.0724559
0.0891003
0.0964378
0.0902556
0.113456
0.0710021
0.098824
0.10275
0.0496638
0.0425373
