1.431620
3.427090
4.132390
3.829610
2.218280
2.201110
2.087990
1.905040
1.752730
2.034140
3.141910
1.887640
2.138820
2.454880
2.066270
2.291500
1.773750
1.990970
2.233850
2.160770
2.455440
2.369830
2.571040
2.353100
3.087790
2.278050
3.512120
2.885440
3.691190
3.359950
1.948650
2.993870
2.523170
2.353990
1.913680
3.329180
2.006960
2.924440
2.449330
2.616280
2.759090
2.576790
4.413490
2.753620
2.776070
3.242680
2.893210
2.476920
3.058810
2.316720
3.266430
3.299500
3.155280
2.927500
4.476160
5.092430
5.011130
3.727910
4.250850
3.931790
4.215900
3.295950
3.165300
3.764480
4.711240
3.979670
4.264900
6.392700
8.714340
4.848290
7.323420
6.804230
6.037950
5.427930
7.052380
8.231350
7.340620
4.380800
4.443100
3.715780
4.268530
4.707280
6.110270
2.275770
3.172660
2.860500
2.843160
3.411880
4.002600
3.228500
3.336450
3.293820
3.456230
3.014300
4.921210
2.858440
3.227220
2.822320
3.863120
3.781740
3.494450
3.290420
4.130300
5.034420
4.302680
3.917990
4.653020
4.477020
4.362060
3.729840
5.474560
3.852470
4.231140
3.961980
4.902710
4.952470
5.728840
5.911610
5.238390
4.199070
5.158570
4.674070
3.894840
5.646970
6.074310
4.886490
3.871770
4.533380
3.821740
4.592390
5.451170
5.959200
5.153780
4.375360
5.169820
5.352480
5.678680
5.764320
5.820410
6.043480
6.143220
7.846670
6.078430
5.891100
6.250360
5.831070
5.427260
5.489540
5.668910
7.128690
4.931430
6.134450
3.951910
3.905860
5.540150
3.929040
4.629950
4.484540
4.935510
4.619340
3.899280
4.361820
4.990290
4.987150
4.582900
2.635910
3.144120
2.800340
2.937600
2.652960
3.300890
4.021410
5.077080
6.200210
5.087370
4.735670
4.117460
3.814410
3.718570
3.162210
2.678750
2.520200
3.773590
3.806150
2.857670
3.031010
4.395860
2.686220
2.935680
2.689080
3.169940
2.615530
3.829570
3.034490
2.772440
2.420730
2.578340
2.967440
2.276550
2.446670
2.594030
2.545780
2.529460
2.483970
2.429070
2.891290
1.944560
2.216950
2.692780
2.594580
2.068550
2.923960
2.540800
2.601160
3.209600
2.393110
3.199160
3.239120
2.788610
2.866820
2.703690
2.618670
2.353120
2.408980
2.904450
3.132840
2.436070
2.325200
3.099420
2.589380
2.935400
2.433270
2.307470
2.989510
2.870760
2.859730
2.802140
2.383740
2.045700
2.350510
2.206820
2.153470
2.697710
2.130970
2.115030
2.384050
2.384180
2.843190
2.461940
2.547370
2.155500
2.147470
2.685130
3.293670
3.038240
2.560850
3.300800
2.970860
2.292710
2.958710
3.062440
2.981090
3.489400
2.568870
3.734750
3.423250
3.083540
2.689740
2.522480
3.110570
3.750090
3.662060
4.323930
5.391590
3.523330
3.417490
3.290580
3.551270
3.330400
3.332190
3.222630
3.096550
4.313600
4.596350
6.254550
5.314370
4.181070
4.610790
2.972290
3.972180
3.546310
3.614410
3.054450
3.119050
2.726250
3.321910
2.899910
3.503960
3.118890
3.191020
2.770960
4.890960
5.785370
3.559420
4.915690
5.759840
6.025720
5.670730
5.577330
5.421040
4.703920
4.701840
4.593000
4.291580
4.603430
4.679100
4.248700
3.892660
5.143200
4.398430
4.543020
3.966720
3.903680
4.218490
4.032980
4.390310
4.928020
3.490200
3.895600
3.612640
4.696660
4.309360
4.442150
3.776880
3.751120
3.424480
3.931530
4.842000
3.724850
4.001330
4.030960
4.330040
4.031940
3.668650
4.033760
4.608780
3.644770
3.271930
3.631470
3.840700
3.723420
3.692720
3.521290
3.165070
3.371250
2.981460
2.835100
3.314810
2.969980
3.252710
3.103460
3.739660
2.598290
2.749500
3.418930
3.134150
2.417780
3.264200
3.071610
3.087670
2.358870
2.226920
2.555280
2.099110
2.379740
2.523950
2.282400
2.442990
2.685910
2.590240
2.995830
2.042500
2.534650
2.371270
2.979040
2.625720
2.691270
2.492350
2.286260
2.798430
2.917630
2.748200
2.610590
2.404000
2.998290
2.384040
2.175430
2.355750
2.596060
2.602560
2.468720
2.283250
2.304800
2.446160
2.453590
2.166990
2.575720
2.104710
2.488790
2.210530
2.594940
2.393620
3.002680
2.419200
2.230760
2.070420
2.692130
2.191370
2.225920
2.496700
2.778150
2.346870
1.821370
2.101250
2.258690
2.120690
2.026600
2.264430
2.406660
2.074360
2.352920
2.201070
2.735420
2.697610
2.827030
2.418070
2.463020
2.977700
2.618760
2.833430
2.346820
2.135150
1.831020
2.709480
2.028610
2.140330
2.314210
2.553370
2.053060
2.063270
2.340390
1.961510
2.222050
2.243640
2.317280
2.193490
1.934920
2.191480
2.363400
1.670100
2.042160
2.161290
2.145440
2.255790
2.279060
2.259120
2.226910
2.436840
2.234360
2.049520
1.820940
2.315340
2.240310
2.025300
2.491100
2.102090
2.056850
2.011970
1.990740
2.020750
1.784830
2.106060
1.726840
1.997460
1.649450
1.993190
1.881800
1.654020
1.598720
1.740410
1.856850
2.482190
2.581940
1.687120
2.701190
2.554270
2.644030
2.043300
2.687590
2.339340
2.681860
2.383680
2.330490
2.151900
2.302700
2.421020
2.559030
2.453940
2.339730
2.838250
3.194090
3.062900
2.799380
2.801800
2.358390
2.501900
2.660520
2.502960
2.285740
2.154840
2.132630
2.214500
1.786890
1.899060
1.950130
2.173890
2.084530
2.064700
2.595090
2.295530
2.307060
2.429870
2.357050
2.455030
2.265420
1.985500
1.995810
2.174090
2.307460
2.348880
2.064400
2.039560
1.948990
2.105560
2.093270
2.004730
2.583190
2.195690
2.293490
1.976650
1.674480
2.379200
2.779130
2.571490
2.682860
3.192870
2.204620
2.229300
1.530170
1.447020
1.763610
2.042690
2.867200
3.370240
2.570220
2.360490
2.620120
1.924810
2.029010
2.441570
1.928950
2.196050
2.140960
1.777070
2.281950
1.770490
1.962280
2.136420
2.150750
2.109080
2.480650
1.835580
2.152130
1.902760
1.979840
2.197650
2.281490
1.845370
1.764470
1.785010
1.792070
1.965180
2.182670
1.685530
1.812110
2.045540
1.820330
1.603640
1.929420
1.661280
2.010300
1.907710
1.644530
1.667410
1.574190
1.538360
1.719830
1.424160
1.664870
1.580040
1.553860
1.438880
1.694940
1.362300
1.488060
1.603530
1.820520
2.266800
1.801840
2.009840
1.992050
2.093280
1.948040
2.081940
2.008070
1.997620
1.722800
1.684330
1.621930
1.746480
1.645580
1.381860
1.596730
1.409990
1.480060
1.406320
1.405230
1.400530
1.451250
1.631190
1.545970
1.485230
1.334450
1.338600
1.230510
1.206620
1.590870
1.559370
1.436050
1.411340
1.445920
1.364500
1.322940
1.396040
1.381610
1.128580
1.248850
1.160840
1.293370
1.440600
1.372590
1.286550
1.316390
1.562670
1.385860
1.313850
1.240710
1.333430
1.413290
1.354860
1.599630
1.398210
1.426180
1.438190
1.436260
1.451730
1.522400
1.597300
1.498560
1.553510
1.560210
1.571710
1.832860
1.344130
1.399600
1.518660
1.379730
1.387470
1.685060
1.561640
1.440700
1.528360
1.487900
1.491480
1.304780
1.467110
1.433320
1.454040
1.503840
1.469730
1.570500
1.520580
1.573270
1.516160
1.529820
1.484920
1.492130
1.543920
1.473540
1.505880
1.485060
1.517390
1.389990
1.651440
1.651620
1.499930
1.559470
1.633790
1.454990
1.597300
1.702020
1.590700
1.537190
1.492390
1.515360
1.601180
1.464070
1.652900
1.655250
1.567280
1.640330
1.660010
1.548090
1.499820
1.644430
1.625170
1.435310
1.583550
1.476400
1.529840
1.808340
1.613900
1.909910
1.788710
1.685300
1.691180
1.623190
1.952380
1.661510
1.826820
1.549050
1.731890
1.807810
1.780510
1.706630
1.476340
1.523560
1.592200
1.487530
1.616180
1.401980
1.410700
1.371950
1.627300
1.603540
1.838100
1.674010
1.614030
1.687170
1.713230
2.072480
1.817100
1.691890
1.708290
1.805670
1.704700
1.692390
1.816840
1.831440
1.644170
1.778230
1.749530
1.776420
2.208300
2.012800
2.047810
2.308910
2.202170
2.090920
1.907640
1.945450
1.979650
1.842310
2.102410
2.264260
1.768920
2.037240
2.121400
2.326580
2.120410
1.712270
1.978650
1.994480
2.026480
2.198390
2.013050
1.936320
2.064550
1.912050
1.766540
1.793750
1.832950
1.840080
1.893260
2.147430
1.847570
2.393620
1.819260
1.969390
2.045330
2.396980
2.661230
2.540220
1.852780
1.837770
1.667070
1.659590
1.659100
2.088460
1.792940
2.042890
1.914610
2.011810
2.187590
2.024160
2.065030
1.898050
2.028150
1.691860
1.721720
1.602110
1.709740
1.904460
1.841830
1.472600
1.458940
1.635190
1.730680
1.523850
2.071480
2.094620
1.627690
1.680190
1.937460
2.076580
2.089320
1.893760
2.147490
1.922470
2.024180
1.877900
1.882690
1.882980
1.934160
