0.75305
0.876937
3.1753
2.00586
1.28364
1.01774
1.10062
1.85301
1.85697
1.55077
1.99917
3.44397
2.63373
4.74997
3.92234
2.31385
2.73761
1.7175
2.927
4.05112
3.31647
4.6242
2.33753
4.53767
4.28082
3.09229
2.12542
2.20731
4.32804
3.62807
3.30087
2.68849
3.0097
3.22489
3.97049
5.21364
5.21826
2.72506
2.84122
3.34604
5.09263
4.02071
1.9825
4.57668
4.86803
3.77105
2.78188
2.73682
2.49561
6.1201
4.24121
3.27635
3.71092
3.71989
3.00216
2.47539
2.60619
2.26772
3.45466
2.91288
2.38771
2.45225
2.54893
2.14989
4.40482
3.42183
2.72715
3.17553
4.39607
3.46138
2.52159
3.02066
4.17386
4.51978
3.2277
3.09624
3.87335
4.07635
3.85689
3.33349
3.01884
3.15134
2.51436
1.8932
2.49425
2.60791
2.98676
3.74436
3.3507
3.37351
2.87994
2.93177
2.95959
2.97063
3.13933
4.6366
4.1371
3.71402
5.40098
5.14868
4.64409
5.00768
4.63253
5.19133
6.56037
6.38899
5.47283
4.99828
4.25512
4.96083
3.58489
2.836
2.50616
2.36395
2.4814
2.85777
2.23018
