0.694876
0.709444
0.739418
0.74279
0.830744
0.828193
0.88963
0.892877
0.803923
0.852635
0.75341
2.04101
3.37013
2.76506
2.47762
2.96904
2.13882
1.74986
2.84266
2.04871
2.07588
2.36296
2.17846
2.18673
2.28417
2.25274
1.86624
2.73759
2.28764
2.30565
2.53941
1.80901
1.46065
1.51616
2.59065
2.03549
2.61998
2.28039
1.77747
1.97847
1.98885
1.71834
1.4989
1.48382
1.73351
2.63136
3.18853
2.46965
2.88215
1.36699
0.623351
0.607427
0.606072
0.619614
0.628524
1.01591
1.16672
2.99047
3.2108
1.61188
1.84744
1.28331
1.75798
1.48624
1.87951
1.65817
2.25669
1.50169
2.32407
2.08736
2.12918
2.37343
1.49443
1.93676
2.26658
1.82571
2.22825
1.70006
1.7792
1.89442
1.39609
1.54819
1.32516
1.28291
1.68499
1.61732
1.57521
1.4797
1.70074
1.80844
1.5554
1.60703
1.97729
1.5872
1.96966
2.04428
1.85591
1.93528
1.65435
1.97368
2.34843
1.62707
1.58073
1.47559
1.25646
1.54906
2.01052
1.31939
1.73695
1.94795
1.49956
1.67591
1.47125
1.6771
1.56823
1.39455
1.78313
1.51929
1.84137
1.6193
1.74595
1.28553
1.36317
1.59854
1.45954
1.20001
1.37565
1.37576
1.42945
1.48935
1.48035
1.48786
1.50873
1.40001
1.34886
1.41571
1.50794
1.39826
1.65162
1.56607
1.48332
1.44537
1.32515
1.48761
1.46068
1.56548
1.44999
1.35787
1.46002
1.53906
1.29636
1.48141
1.51387
1.33247
1.33756
1.46906
1.3659
1.50203
1.5015
1.39206
1.25891
1.51193
1.56921
1.505
1.67439
1.94679
1.52716
1.58429
1.58265
1.56813
1.56463
1.61056
1.70894
1.91566
1.79101
1.81954
1.89053
2.10375
1.85163
1.66297
1.93674
2.10004
1.99163
2.17185
1.79027
1.29891
1.29114
1.64221
1.52773
1.32836
1.31836
1.26135
1.39675
1.26111
1.34734
1.43887
1.47912
1.43001
1.38619
1.23267
1.30775
1.28785
1.12878
1.2851
1.32779
1.30543
1.36995
1.36863
1.30117
1.31376
1.1475
1.54997
1.25206
1.29271
1.59525
1.65412
1.65387
1.33974
1.38074
1.17564
1.27867
1.36816
1.54675
1.3761
1.28445
1.55554
1.47806
1.2743
1.64606
1.29142
1.27879
1.3729
1.46186
1.37755
1.37677
1.58805
1.40981
1.36709
1.46965
1.14036
1.35992
1.29622
1.51039
1.4254
1.68118
1.60932
1.45521
1.55266
1.43834
1.4733
1.38755
1.34386
1.45499
1.38501
1.3251
1.18269
1.38197
1.24585
1.50786
1.16796
1.47139
1.4555
1.46091
1.23924
1.30774
0.997769
1.49611
1.19259
1.24315
1.38576
1.15168
1.29164
1.31416
1.3872
1.12622
1.35355
1.35273
1.29759
1.14776
1.12424
1.2605
1.02136
1.155
1.02583
1.1339
1.52757
1.44818
1.17432
1.33667
1.05873
1.12809
1.36462
1.70917
1.19591
1.33044
1.26884
1.50528
1.35252
1.11069
1.06375
1.05214
1.24983
1.18391
1.26534
1.50342
1.09632
1.22074
1.24474
1.08373
1.12551
1.18402
1.0271
1.16017
1.41341
1.02818
1.44627
1.54137
1.18039
1.28167
1.26498
1.30891
0.980344
1.26326
0.880287
1.01907
0.961601
0.989288
1.0053
0.83438
0.998338
0.874106
0.879496
0.876517
0.96305
1.21621
1.04228
1.21489
0.987067
1.1282
1.44136
1.35869
1.46413
1.29148
1.49545
1.45167
1.78552
1.38931
1.45743
1.51626
1.69838
1.3893
1.25383
1.35449
1.30914
1.3294
1.6135
1.301
2.20519
1.25087
0.998226
0.912346
0.826021
1.0541
1.42695
0.940059
1.28555
1.22631
0.922681
0.920503
0.736526
0.799793
1.17062
0.935235
1.24264
1.47323
1.08762
0.978149
0.944919
1.20856
1.07394
0.655891
1.23805
0.840157
1.03192
1.06986
1.43052
0.987679
1.13325
0.961259
1.02334
0.85841
1.22862
0.523769
0.94241
1.1664
1.4956
0.514878
1.00937
1.7416
0.868993
0.5609
1.20051
0.483804
0.971952
0.767331
0.961484
1.56704
1.05302
1.36928
0.854872
1.21471
0.620759
0.463608
0.563388
0.525012
0.857089
0.459429
0.820418
1.28983
0.851993
0.900679
0.697011
0.707516
0.632283
0.581936
0.660782
0.808449
0.659137
0.933507
0.841349
0.700972
0.724126
0.890664
0.608256
0.730072
0.739922
0.940286
1.61061
1.83279
1.31165
1.76941
1.6004
1.51388
2.26629
1.29925
1.23884
0.839978
1.22757
1.22696
0.672661
0.63538
0.875255
0.721398
1.04079
1.01637
0.950991
0.822515
0.908301
0.805602
0.588717
0.735584
0.752037
0.752641
0.685061
0.633165
0.60067
0.601269
0.615654
0.580222
0.63941
0.582098
0.724503
0.474152
0.52679
0.542852
0.604874
0.473914
0.488808
0.49628
0.530683
0.457387
0.557256
0.520538
0.550721
0.541042
0.569837
0.603679
0.557583
0.636727
0.60058
0.538557
0.622418
0.553167
0.58891
0.732158
0.59336
0.532491
0.473279
0.65852
0.646694
0.598388
0.599529
0.516088
0.589005
0.574128
0.594806
0.643837
0.576552
0.681407
0.545582
0.631891
0.571014
0.505171
0.602379
0.689276
0.604935
0.581498
0.636604
0.627613
0.544725
0.543335
0.432139
0.478595
0.537755
0.503117
0.554288
0.519942
0.597929
0.537429
0.404414
0.436673
0.520303
0.56944
0.569648
0.588475
0.497065
0.51011
0.604627
0.736266
0.677434
0.695048
0.687135
0.471346
0.638542
0.692013
0.543992
0.57871
0.576268
0.603169
0.613769
0.551142
0.514223
0.418838
0.52939
0.538198
0.488851
0.582286
0.688499
0.738399
0.608095
0.743774
0.69246
0.520007
0.514553
0.648678
0.735391
0.558625
0.631683
0.559949
0.64198
0.473398
0.46009
0.413082
0.422932
0.472054
0.346882
0.36485
0.407995
0.405895
0.336027
0.386469
0.43513
0.384141
0.399547
0.36549
0.380426
0.36753
0.40817
0.418882
0.50017
0.630199
0.530396
0.446334
0.443817
0.488545
0.394581
0.501986
0.386188
0.432674
0.411862
0.40545
0.468363
0.498181
0.48629
0.447066
0.414598
0.452357
0.527785
0.429399
0.437647
0.457293
0.503079
0.497909
0.475059
0.420327
0.478357
0.528601
0.504813
0.520873
0.461726
0.459745
0.43881
0.554235
0.55385
0.468861
0.462073
0.489113
0.546111
0.520508
0.455486
0.41028
0.413262
0.399507
0.418818
0.440675
0.443992
0.4402
0.461327
0.486983
0.403006
