0.591998
0.546972
0.546768
0.509354
0.454583
0.622688
0.83012
0.900927
1.05116
1.30708
1.0604
1.15026
1.16382
1.33982
1.34251
1.28435
1.3011
1.17503
1.26468
1.32782
1.40341
1.41496
1.39622
1.18853
1.44378
1.59952
1.45663
1.37876
1.4098
1.63239
1.3278
1.27729
1.24888
1.21097
1.46402
1.56208
1.65399
1.50024
1.43017
1.62754
1.43297
1.76863
1.53359
1.37913
1.29808
1.53734
1.60294
1.75728
1.58392
1.80052
1.35024
1.41208
1.52071
1.84338
1.8041
1.85529
1.71265
1.46476
1.48467
1.41391
1.84746
1.73584
2.01298
1.88029
1.55956
1.97607
2.3384
2.00033
1.62348
2.09656
1.87548
1.71112
1.67975
1.74742
1.65709
2.04763
1.75741
2.10908
1.72025
2.22862
2.01114
2.07345
1.92927
2.07089
2.31242
2.62305
2.1496
2.46347
2.2456
2.2865
2.26314
1.92884
2.75827
2.0809
2.16834
2.12191
2.02415
3.0322
2.7041
2.07167
2.58832
2.57054
2.51461
2.80887
2.56568
2.9384
2.58376
2.93867
2.83893
2.56795
2.3157
2.75822
2.91956
2.76373
2.40911
2.64259
2.81577
2.89461
2.74379
2.94497
2.61644
2.61865
2.66161
2.69014
2.87905
2.9158
3.05331
2.7839
3.12612
3.14293
2.58219
2.88785
2.99166
2.42426
2.92224
2.8919
3.16244
3.25491
3.39814
2.92861
3.33453
3.67837
3.27846
3.27586
3.64474
3.05771
2.98447
3.20318
3.35696
3.40028
3.18572
3.87249
3.62444
3.68501
3.32357
3.50182
3.83032
3.29552
3.50505
3.25101
3.88584
3.78204
3.15432
3.83398
4.0047
3.68404
3.62453
3.40037
4.2854
3.8135
3.2333
4.2135
3.97499
3.65877
3.32267
3.35517
3.73236
3.63124
3.70466
3.59803
3.49816
3.83767
3.84036
3.37813
3.64266
3.79701
3.52425
4.01055
3.46019
3.39516
3.67692
3.53866
4.11789
3.33133
3.78918
3.80971
4.35734
3.96478
4.51789
4.80125
4.13604
4.60722
4.19694
4.03165
4.21671
3.9289
4.09478
3.91039
4.28337
4.80661
4.28537
3.5458
4.12509
4.23424
4.42699
4.03532
3.79856
4.6627
4.19747
3.82115
4.87533
4.6473
4.82444
6.22864
6.66702
4.92847
4.85856
5.68374
5.53406
4.40959
5.00903
4.7061
5.36806
5.36386
4.32414
6.10041
6.73336
5.29425
4.7979
5.40949
3.9533
4.0693
4.24337
5.12694
4.92667
5.42937
4.32562
5.47211
5.29064
4.60364
6.00737
6.60291
5.33864
6.54458
6.53967
6.28087
6.66552
6.49545
4.84714
9.19102
7.30543
