1.80903
1.40098
2.34834
1.48155
1.43874
1.91861
3.17459
2.70074
1.36406
1.34562
2.54521
1.29077
1.38433
1.49577
1.37841
2.30896
1.10192
1.6884
1.81097
1.90084
1.18968
1.68445
1.88003
1.64795
0.560264
1.96572
1.83133
1.5606
1.58811
1.53081
1.78901
1.96423
1.0162
1.79097
2.17899
2.03788
2.25157
1.53252
1.62528
1.72339
1.57769
1.46236
1.29586
2.01873
1.97054
1.75164
2.30986
1.68847
1.00218
1.43237
2.09571
1.51037
1.12248
2.31689
2.12354
1.43599
1.22551
2.35917
2.13663
1.35771
1.31297
1.91109
1.45526
1.60645
1.41149
1.29377
1.75245
1.61903
1.27035
1.505
2.14572
1.37638
1.26784
1.91942
1.54707
1.34196
1.4269
1.45904
1.13761
1.39259
1.23272
1.43155
1.60637
1.54066
1.1219
1.55253
1.56467
1.27717
1.38686
1.71378
1.11878
1.11992
1.44516
1.48237
1.64549
1.49455
1.35974
1.65749
1.48411
1.33729
1.30465
1.96039
1.50899
1.15821
1.58176
1.29913
1.14164
1.71733
1.04107
1.25956
1.28275
1.26844
1.53409
1.10157
1.07231
1.19548
1.1516
0.995236
0.617822
1.38879
1.41447
1.26911
1.49521
1.50365
1.5449
1.56638
1.59295
1.32946
1.28882
1.66445
1.53377
1.53267
0.955805
1.43565
1.29349
1.26612
1.39667
1.30775
1.64467
1.5782
1.35914
1.47248
1.37525
