0.716492
0.833474
0.778907
0.920248
0.850011
0.868451
0.795377
0.822454
0.717918
0.755218
0.767795
0.819296
0.841979
0.749332
0.727561
0.850507
0.889819
0.853263
0.827183
0.835474
0.78119
0.716863
0.645107
0.771712
0.719204
0.824579
0.946253
0.84246
0.851081
0.884459
0.777601
1.14337
0.99653
0.98424
1.09513
1.08344
1.04578
1.00984
1.0113
0.642526
0.991911
1.07526
1.2768
1.05222
1.178
1.16756
1.18741
1.26974
1.05274
0.959686
1.05433
0.91076
0.956413
0.945942
1.11069
1.01632
0.98878
1.25766
0.940305
1.29411
0.946045
0.954372
1.229
1.48539
1.26951
1.04961
1.175
1.15358
1.10462
1.01696
1.14513
1.04713
1.16505
1.19781
1.24107
1.18317
1.08356
1.18938
1.27462
1.37417
1.35062
1.20331
1.42884
1.3602
1.37236
1.26301
1.20848
1.26728
1.16447
1.28745
1.34355
1.51102
1.57348
1.234
1.3597
1.28797
1.26479
1.26906
1.29891
1.29291
1.33126
1.33476
1.60181
1.525
1.35139
1.37393
1.35395
1.29247
1.34115
1.5438
1.81337
1.33882
1.65592
1.49048
1.35573
1.43523
1.40052
1.47874
1.64701
1.57393
1.48105
1.69764
1.53755
1.39863
1.6903
1.50075
1.83451
1.48872
1.53003
1.43444
1.70761
1.53116
1.66399
1.56657
1.57124
1.52599
1.7265
1.5052
1.82253
1.59341
1.74705
1.89046
1.89511
1.58708
1.82701
1.79909
1.6918
1.84871
1.63547
1.6737
1.47378
1.75336
1.79416
1.93797
1.64823
1.92729
1.85277
1.77523
1.77594
2.03477
1.56483
2.29697
1.99961
1.94678
1.88726
1.76383
1.63616
1.88495
2.46912
2.12837
2.00018
2.00391
1.77823
1.87317
1.6274
1.49504
1.85626
1.65476
1.71152
1.60963
1.77354
1.78942
2.09462
1.43783
2.07689
1.84026
2.19137
1.8964
1.95449
1.7805
2.00438
1.97547
2.01446
2.15168
1.77096
2.08509
2.04818
1.65639
2.00487
2.11493
1.77244
1.6229
1.66009
2.22197
1.84039
1.63596
2.00331
1.89052
1.81502
1.83354
2.30936
1.76006
2.08298
1.99314
2.03731
2.23358
2.23617
1.83612
1.75966
2.11008
1.97687
1.88426
1.84517
2.18956
1.78319
2.17209
1.77835
1.69967
2.03792
1.89805
2.29251
2.03904
2.29764
2.31411
2.45307
1.65309
2.12024
2.21784
2.44174
2.18574
2.23722
2.15746
2.02449
2.22412
2.04684
2.71385
2.72689
2.30012
2.24608
2.39936
2.2946
2.15218
2.22025
2.1887
2.53268
2.16875
2.37649
2.05647
2.58581
2.08953
2.49539
2.06414
2.41038
2.19365
2.14721
2.32331
2.34611
2.14432
2.62255
2.64483
2.2626
2.12517
2.22889
2.75504
2.51339
2.0552
2.59104
2.18538
2.31558
2.35801
2.6225
2.37907
2.10037
2.54811
2.55167
2.60878
2.25475
2.19105
2.2589
2.20629
2.44969
2.25817
2.53265
2.42057
2.43884
2.04041
2.88052
2.35759
1.75908
2.65826
3.19134
2.30589
2.05787
2.77967
2.69689
2.56419
2.38645
2.55041
2.21971
2.20618
2.46703
2.17442
2.30782
2.11263
2.27212
2.16851
2.40613
2.72309
2.5482
2.5019
2.27974
2.91071
2.29842
2.26993
2.43441
1.94326
2.32793
2.01359
2.0762
2.36059
2.98928
1.92947
2.54435
1.99292
2.4711
3.29974
2.2189
3.46399
2.90489
3.22951
3.00869
2.73778
3.04497
2.99191
1.80552
1.52433
1.6509
1.8121
2.17854
1.79397
2.61861
2.36026
2.1791
1.78506
1.82569
1.95836
1.74206
2.31741
2.32085
2.0637
3.21403
3.5405
2.88512
3.1709
3.06719
3.1101
3.76944
2.67462
2.58531
3.40722
3.29976
3.01779
3.49101
3.53581
3.0687
2.55559
3.42599
3.13456
2.67998
