0.325998
0.213274
0.253258
0.225091
0.258783
0.318251
0.356648
0.458632
0.564801
0.930582
0.746574
0.73812
0.585984
0.721528
0.612418
0.606698
0.629513
0.546692
0.681155
0.63597
0.596305
0.691375
0.58819
0.435157
0.303385
0.345502
0.5869
0.521221
0.245493
0.434749
0.782785
0.849777
0.773704
0.753337
0.929475
0.673187
0.44282
0.540083
0.972418
0.783214
0.551955
0.394059
0.583019
0.550246
0.545312
0.858698
0.894392
0.668421
0.77297
1.21259
0.74055
0.369569
0.446121
0.428729
0.384834
0.436003
1.00356
0.3134
0.438477
0.468749
0.641743
0.794245
0.512759
0.574142
1.02874
0.737762
0.388107
0.786604
0.678924
0.998566
0.6736
1.437
1.11037
1.16708
1.11392
0.948753
0.394522
0.76381
0.963827
0.883812
0.93293
0.821292
1.13714
0.775374
0.708128
0.732332
0.76899
0.909943
0.690016
1.27129
0.9444
1.12542
0.772779
0.646314
0.947437
1.23314
0.865242
0.834063
1.1397
1.00377
0.65555
0.509645
0.520554
0.57238
0.477626
0.861229
1.3624
0.764981
0.771629
0.681571
0.685324
0.859457
1.42955
0.287655
0.254482
0.90238
0.798996
0.618081
1.54035
0.698419
0.324989
0.286517
0.709654
0.704844
0.598845
0.650492
1.53412
0.286838
0.38484
0.713183
0.872248
0.742131
0.979923
0.431067
0.309316
0.327059
0.757879
1.33328
1.2088
0.290289
0.230498
0.205318
0.644878
0.591714
0.848712
1.57536
0.293172
0.257298
1.18853
1.05691
0.676145
0.780059
0.377482
1.16687
0.778646
0.557704
