3.36603
4.8453
4.97937
4.87563
5.07304
5.21765
6.43419
5.46414
4.07982
3.79171
3.04867
3.8286
3.70786
3.87945
4.49117
3.74095
4.16398
4.52007
4.54832
4.2098
4.29341
4.33661
4.37942
4.2422
3.88457
4.39693
3.82391
4.11668
3.78951
4.22537
4.23088
4.66232
4.09781
4.22693
4.60144
4.46045
4.46229
4.15936
4.14748
4.20465
4.4043
5.03406
4.04745
4.28573
4.10955
4.11399
4.34921
4.15894
4.43524
4.64149
5.14023
4.25144
4.53104
3.82219
3.68933
4.19458
4.16524
4.04384
4.1303
3.6707
4.27009
3.90103
4.53821
4.21741
5.10685
4.64625
4.35933
4.78224
4.35408
4.31922
4.06794
4.4978
3.92447
4.14183
5.10389
4.42758
3.7642
4.7312
4.29079
4.54052
4.17642
4.82046
4.27592
4.24255
4.17155
4.84453
3.71068
4.60964
4.43903
5.04591
5.00585
3.99412
4.21907
5.2754
3.61247
4.69634
4.11239
3.52554
3.8148
5.27457
4.03189
4.01888
3.13501
4.34652
3.0197
3.51562
3.83775
3.65925
3.77829
3.07894
4.15605
3.61752
3.88393
3.40122
4.08268
3.82321
3.34786
3.94557
3.36867
3.44823
3.66669
3.57601
3.26039
3.9803
3.8008
3.66808
3.30478
2.701
4.12306
2.60066
3.39524
3.37348
3.6255
3.8992
3.12724
2.75295
3.49484
3.55665
3.4409
3.33381
3.09078
2.65022
2.42453
2.62586
3.319
2.91078
3.0886
2.97352
2.52433
2.46704
2.75182
2.3414
2.59558
2.81372
2.32881
2.51932
2.49199
2.27831
2.0696
2.34483
2.54365
2.63057
2.68829
2.69512
2.41216
2.45756
2.10317
2.05822
2.16024
2.04363
