1.28714
1.34507
1.21434
1.28451
1.27558
1.27451
1.2682
1.30814
1.2847
1.45878
2.13291
2.33758
2.46888
1.73343
1.52493
1.37821
1.30604
1.45771
1.52362
1.66002
1.84264
1.67957
2.31001
3.40481
3.59082
4.99739
5.32769
6.26052
5.38094
5.80352
4.83726
4.79908
5.11552
4.85555
3.59806
3.42159
3.53075
4.04866
3.63324
4.55134
4.77796
4.68046
5.08811
4.59149
4.67031
4.32021
4.44561
4.17491
4.47532
4.6389
4.16817
4.1416
4.33494
3.87776
4.38512
4.91722
4.23477
5.53913
4.76088
4.38891
4.27213
4.47695
4.14165
4.56735
4.16033
3.80437
4.49012
4.10708
4.05041
3.91708
4.26967
4.21791
4.32192
4.38591
4.89854
3.84908
4.22311
4.50816
4.44426
4.69187
4.44622
4.80741
4.22251
4.33575
4.24785
4.48395
4.19516
4.0971
3.9568
4.09558
3.98784
3.78463
4.10347
4.31104
4.16716
4.32357
3.85425
4.02189
3.61802
4.42621
4.78719
3.89145
4.28585
4.56221
4.77025
4.61267
4.15595
4.30833
4.24033
3.50902
3.76533
3.55441
3.65937
3.32576
3.83799
4.19414
3.7794
4.25729
4.00524
4.03915
3.54139
4.35103
4.22135
4.4198
4.07456
4.09929
4.43956
4.19041
4.14899
3.88267
4.25631
4.33565
3.89046
3.86286
4.09758
4.64462
4.12665
4.33387
3.78072
4.0987
4.22706
4.26777
4.42619
4.3204
4.95518
4.66827
4.75729
4.43797
4.59794
4.6022
4.23184
4.72192
4.53536
4.44859
5.21012
5.33669
5.03792
5.42441
4.74377
4.54849
4.33869
5.09457
4.38161
4.72081
4.8878
4.75654
4.64942
4.89563
4.79868
4.7874
4.66475
4.31384
4.62801
4.65891
4.24662
4.02493
4.34427
4.5096
4.01269
4.72762
4.45549
3.92672
4.47768
4.31381
4.58662
4.79381
4.78113
4.36948
4.33863
3.86288
3.77763
3.66809
4.5029
4.87864
4.18717
3.87356
3.54523
3.58452
3.69305
3.37995
3.52105
4.27982
3.23887
3.98894
4.00121
3.89205
3.83067
3.71876
3.34653
3.32523
3.84557
2.96744
2.8152
2.88065
3.52658
3.14769
3.19702
3.14641
3.4845
3.90013
3.14103
3.1719
2.9939
3.55714
3.10296
3.46521
3.10387
3.36407
3.06644
2.80069
3.05208
3.05108
3.78273
2.92403
3.0416
2.7541
2.58259
2.8498
3.03889
3.17241
2.5408
2.59468
3.16335
3.03489
2.82366
3.10538
2.78273
2.23456
2.73869
2.97677
3.07475
2.50488
2.68497
2.76174
3.03363
2.21938
2.46882
2.43895
2.11138
2.74958
2.34448
2.8575
2.62455
2.85888
2.86998
2.48073
2.61277
2.28361
2.31419
2.36313
2.47046
2.27608
2.40432
2.3322
2.29427
1.91762
2.44794
2.45989
2.07918
2.23315
2.38761
2.39371
2.23257
2.23662
2.04533
2.11511
2.02319
2.23924
2.34099
2.35041
2.5763
2.38233
2.59886
2.28839
2.25991
2.14237
1.99503
1.86713
2.13931
2.43591
2.49286
2.50087
4.1081
4.42579
5.02298
4.55498
4.7821
5.56407
8.80058
16.3794
14.1535
11.817
9.72738
6.56624
3.63304
2.52998
1.73471
1.67785
1.45654
1.39951
1.57072
1.4838
1.56395
1.4926
1.36072
1.32123
