0.367929
0.888154
0.819897
0.763574
0.769594
0.617478
0.639099
0.645876
0.763879
0.665259
0.579649
0.552408
0.489603
0.559613
0.638365
0.613202
0.559333
0.485602
0.545053
0.542577
0.575656
0.434219
0.318342
0.374643
0.71199
0.552535
0.481428
0.247369
0.319244
0.526466
0.418312
0.27232
0.453673
0.406838
0.40175
0.507144
0.515184
0.507668
0.364658
0.374375
0.380863
0.433993
0.471453
0.378563
0.340955
0.181802
0.291544
0.371561
0.369971
0.410428
0.267322
0.350445
0.525517
0.211491
0.266091
0.349264
0.326422
0.373121
0.297894
0.213447
0.221452
0.219581
0.378264
0.329564
0.383393
0.318814
0.344829
0.352937
0.405617
0.27066
0.326023
0.282657
0.283208
0.39009
0.318009
0.264479
0.158873
0.446486
0.310149
0.289108
0.28339
0.246997
0.213468
0.220608
0.279457
0.292094
0.316457
0.282551
0.253391
0.307238
0.300381
0.248728
0.219681
0.228406
0.210053
0.255188
0.270211
0.277929
0.233829
0.254912
0.248939
0.196505
0.22312
0.316042
0.30036
0.304418
0.312322
0.256321
0.211059
0.249021
0.275768
0.298296
0.321066
0.220585
0.17206
0.286821
0.285083
0.235444
0.210122
0.243296
0.286334
0.310229
0.256175
0.2695
0.220534
0.20337
0.24416
0.173408
0.175237
0.230041
0.279855
0.149894
0.133909
0.318604
0.258619
0.138604
0.190796
0.186824
0.153037
0.174699
0.185408
0.219845
0.169507
0.235981
0.209834
0.182472
0.228984
0.208136
0.146671
0.168852
0.240959
0.220586
0.203899
0.15626
0.197694
0.138751
0.163176
0.172518
0.186728
0.181427
0.163001
0.158736
0.23018
0.25092
0.176893
0.190895
0.201167
0.228283
0.16403
0.251533
0.214771
0.233004
0.219549
0.164651
0.172574
0.147992
0.132211
0.129278
0.187957
0.18781
0.151464
0.15704
0.171336
0.165937
0.182792
0.172277
0.197701
0.166868
0.104755
0.124323
0.125204
0.175918
0.145008
0.121794
0.125684
0.134029
0.169816
0.178073
0.153983
0.169318
0.163968
0.143501
0.201113
0.163472
0.163746
0.225384
0.20769
0.20245
0.171318
0.153055
0.171811
0.181987
0.201723
0.166633
0.151995
0.115755
0.155325
0.109511
0.166742
0.193311
0.209654
0.155748
0.130829
0.124641
0.167359
0.155283
0.155033
0.138079
0.134262
0.141348
0.162955
0.176528
0.148798
0.142387
0.176198
0.163543
0.129367
0.110803
0.120433
0.115119
0.108148
0.129054
0.143009
0.133382
0.122879
0.149461
0.170235
0.153909
0.161309
0.167433
0.152512
0.14545
0.146745
0.130972
0.14778
0.14039
0.139532
0.134177
0.157424
0.157067
0.153342
0.166158
0.133625
0.11157
0.137328
0.118096
0.1247
0.124148
0.114861
0.114349
0.118641
0.112516
0.126281
0.123989
0.111898
0.139124
0.124515
0.146388
0.139999
0.141672
0.146289
0.115855
0.130423
0.133108
0.145432
0.12297
0.127503
0.116323
0.125849
0.149019
0.109433
0.102854
0.130793
0.140558
0.142788
0.10058
0.130734
0.143756
0.151994
0.121146
0.107298
0.134257
0.107295
0.135639
0.126732
0.128724
0.116979
0.131456
0.130322
0.131111
0.133789
0.115833
0.105689
0.124808
0.103821
0.1222
0.104833
0.126649
0.112027
0.125287
0.121238
0.111549
0.134119
0.122945
0.130767
0.116942
0.12343
0.105607
0.123997
0.1423
0.122583
0.129002
0.086931
0.134002
0.134336
0.118637
0.122612
0.128776
0.103837
0.118641
0.103553
0.113476
0.129656
0.129182
0.108066
0.118897
0.118655
0.103472
0.115455
0.118714
0.12415
0.134989
0.104546
0.111694
0.117554
0.134224
0.13404
0.125113
0.115672
0.106561
0.109676
0.133551
0.130632
0.138633
0.129041
0.119679
0.119373
0.128521
0.125314
0.116876
0.116659
0.138548
0.105192
0.101563
0.115077
0.129722
0.119065
0.123942
0.119053
0.104943
0.111082
0.105996
0.103813
0.110467
0.112969
0.114851
0.124027
0.12171
0.103572
0.119971
0.0917573
0.0952541
0.0927359
0.101493
0.103952
0.120489
0.112486
0.123168
0.131252
0.124743
0.106247
0.115372
0.101155
0.109715
0.105903
0.116529
0.107104
0.0971716
0.111804
0.106096
0.112003
0.12247
0.131235
0.130237
0.12275
0.131697
0.114263
0.103774
