1.82404
2.02452
1.95947
2.4826
4.87253
3.70769
6.41922
6.89291
7.00729
6.0038
7.19935
6.84975
6.64595
6.24382
6.51405
6.02276
4.34594
4.89276
3.88408
3.283
5.07071
5.97527
5.45518
5.42194
5.79024
6.06732
3.59229
4.7089
3.72639
4.60983
4.62432
4.67826
4.55129
5.10331
4.31124
3.52571
4.04224
5.08887
5.15841
4.81005
4.59066
3.62024
4.54522
4.19061
4.30386
4.51059
4.44579
4.16041
4.8521
3.69053
3.77454
3.74449
4.4172
4.18135
4.30188
3.41004
3.80967
4.06828
3.56633
3.92278
3.74829
4.00946
3.37791
3.86623
4.66227
4.33434
3.68641
3.42235
3.70528
3.64608
3.40757
3.61719
4.12454
3.56158
3.45385
4.37195
3.65132
4.12126
3.70077
3.54733
3.30597
3.39949
3.55389
3.2843
4.03226
3.11502
3.23023
3.11317
3.15187
3.49383
3.0784
3.39079
2.90088
3.09084
3.65055
3.24431
3.63051
3.04251
3.32387
2.60809
2.83941
3.20575
3.44638
3.56907
2.93595
3.4508
2.78561
3.36225
2.67996
2.8546
2.91695
3.32697
2.73404
3.14868
2.99603
2.63754
2.85369
3.12196
2.80437
2.99835
3.45146
3.64665
2.47675
3.0467
2.17416
2.65849
2.78647
2.61642
3.18483
3.18148
2.66806
1.99842
2.37349
2.22461
2.95469
2.4827
2.18344
2.72707
2.63922
2.39835
2.67526
2.68962
3.01298
2.19501
2.38336
2.57526
2.50894
2.41471
2.27268
2.60373
2.47575
1.90782
2.08888
2.46741
1.7224
1.8386
2.48044
2.13539
2.02582
2.34763
1.90941
1.88374
2.00121
1.81943
1.58229
1.57215
1.94256
1.63456
1.15148
1.62407
1.89037
1.85896
1.81736
1.50708
1.04225
1.3087
1.24497
1.66436
1.35919
1.20008
1.11259
1.021
1.1535
1.11521
1.15321
1.31867
1.16561
1.06266
1.00737
0.926613
0.825128
0.881306
1.14276
0.993488
1.10224
0.774558
0.84177
0.81936
0.723883
0.873641
0.91297
0.811505
0.921435
0.811561
0.739622
0.706177
0.698252
0.658375
0.554441
0.582186
0.670991
0.634477
0.624267
0.608096
0.563716
0.54099
0.621346
0.535011
0.549335
0.57024
0.49488
0.501013
0.395106
0.424137
0.494503
0.461717
0.442165
0.438974
0.448274
0.381482
0.359451
0.395658
0.395244
0.432053
0.388404
0.295599
0.295719
0.281214
0.26833
0.246843
0.265991
0.223232
0.210516
0.178118
0.161686
0.145632
0.10195
0.10538
