0.0567025
0.068012
0.0600064
0.0658604
0.082069
0.0778152
0.0691084
0.0743198
0.0699128
0.073785
0.0882458
0.065613
0.0648775
0.0622623
0.0730211
0.0701386
0.116
0.122535
0.0854718
0.168357
0.159675
0.168406
0.176094
0.175711
0.139322
0.124173
0.136788
0.127001
0.143181
0.10409
0.0889279
0.113341
0.0871091
0.0814165
0.094172
0.102276
0.0897752
0.132984
0.122084
0.137664
0.111262
0.126648
0.165373
0.166853
0.191572
0.238242
0.195793
0.209437
0.285993
0.244957
0.197611
0.205588
0.158686
0.231286
0.293524
0.230638
0.289781
0.291782
0.28346
0.268618
0.235771
0.254738
0.237694
0.302578
0.234505
0.323386
0.198411
0.24694
0.293356
0.267839
0.295016
0.31404
0.277748
0.344017
0.262419
0.246867
0.217657
0.271052
0.289131
0.296352
0.305457
0.325681
0.287848
0.329407
0.325226
0.252819
0.321633
0.38435
0.411776
0.321698
0.319686
0.318931
0.378369
0.378667
0.330934
0.30264
0.340429
0.337744
0.328595
0.346292
0.31909
0.36112
0.360747
0.384668
0.385258
0.411968
0.316909
0.337145
0.363022
0.313413
0.377841
0.348693
0.380161
0.381446
0.440143
0.412732
0.362988
0.316558
0.402438
0.411161
0.447223
0.391393
0.408633
0.34458
0.46171
0.37391
0.425175
0.431079
0.429681
0.415375
0.42064
0.42986
0.437316
0.487823
0.418065
0.41724
0.453861
0.473229
0.489602
0.435548
0.516389
0.493566
0.448415
0.479182
0.474939
0.433763
0.460002
0.462144
0.438993
0.412492
0.444868
0.364827
0.366379
0.197025
0.213433
0.373296
0.260048
