0.182265
0.205632
0.192683
0.187193
0.186838
0.201068
0.208207
0.189695
0.109404
0.135858
0.179018
0.134208
0.144189
0.138702
0.189581
0.189615
0.165778
0.133351
0.115171
0.106067
0.106473
0.118932
0.10794
0.112513
0.118761
0.142595
0.115784
0.137023
0.109326
0.119882
0.131175
0.12555
0.132602
0.191179
0.165147
0.17031
0.213745
0.229809
0.242168
0.253057
0.272051
0.332897
0.31516
0.25036
0.248166
0.32126
0.43079
0.367204
0.396883
0.335062
0.361918
0.446472
0.463677
0.572384
0.446385
0.392271
0.434705
0.446079
0.669462
0.591683
0.562602
0.691753
0.576451
0.491476
0.594938
0.760656
0.758255
0.678121
0.664837
0.74542
0.807604
0.710359
0.819727
0.825906
0.742786
1.00489
0.777477
0.838237
0.888196
0.894894
1.07021
0.908467
1.07346
0.96813
0.97985
0.994234
0.907465
1.10184
1.11826
1.17523
1.17236
1.21468
1.01998
1.10103
1.07882
1.02751
1.15658
1.03051
1.24458
1.19978
1.09862
1.20989
1.30257
1.09962
1.11433
1.03564
1.13867
1.38261
1.25538
1.38301
1.02613
1.01875
1.35631
1.09145
1.20821
1.07664
1.13276
1.28702
1.16441
1.14982
1.04859
1.13075
1.22616
1.20833
1.1361
1.13522
1.10524
1.19314
1.25951
1.17379
1.42416
1.32091
1.22867
1.32845
1.19697
1.17249
1.26561
1.21345
1.25817
1.26861
1.22696
1.15027
1.22532
1.37322
1.35813
1.39693
1.38306
1.39127
1.25317
1.23273
1.23984
1.2295
1.17816
1.09791
1.42983
1.33046
1.38925
1.36964
1.27622
1.39009
1.36984
1.62414
1.36681
1.32424
1.23051
1.17379
1.41707
1.361
1.22346
1.30453
1.18193
1.47448
1.58071
1.61736
1.88465
2.11561
2.33343
1.68537
1.56749
1.54893
1.51532
0.880316
0.76867
0.883055
1.3337
1.73174
1.16193
0.588237
0.462079
0.420717
0.449117
0.464489
0.561997
0.474072
0.463574
0.47689
