10.3224
11.4498
11.2347
13.7557
15.1068
13.7461
14.5492
14.1819
14.8446
25.1051
30.7473
22.4042
23.4626
26.4595
17.1269
22.7104
20.4459
17.2009
21.4567
19.9155
19.1334
20.8108
18.5909
15.5938
17.4149
17.1305
22.3521
18.9011
18.4347
21.9093
19.5676
25.5667
22.4825
24.7656
21.9435
20.2544
22.7113
23.5238
23.4374
21.5997
20.59
17.3441
24.8577
18.0906
23.2967
22.4292
20.5301
20.6397
17.2888
21.5564
18.9318
20.7179
18.5997
20.1609
20.3225
22.3195
19.2159
18.3521
20.2937
21.1734
18.8192
19.0345
22.3143
17.5338
23.1981
18.8864
22.0593
21.824
22.5785
18.7926
20.8689
21.2431
18.3958
20.8212
20.894
19.135
23.2625
16.566
20.0505
18.3383
22.7407
19.2049
18.2679
19.9595
18.8656
19.413
16.6117
17.8148
20.946
14.9975
17.6326
18.1459
18.566
15.8157
17.1011
15.679
16.2474
16.3055
14.969
17.588
14.7882
13.7051
14.2079
14.3504
14.2645
10.3075
14.0855
14.1808
10.7419
12.9982
16.1465
15.2297
16.0346
11.4592
10.7532
10.1318
10.6164
11.4548
10.457
10.0028
10.1461
9.97602
10.5035
11.2622
11.3377
10.6711
9.85099
10.7958
9.18725
8.29952
9.02981
