0.158819
0.179479
0.164255
0.168185
0.183899
0.180582
0.205848
0.228955
0.219706
0.241872
0.301244
0.597482
0.510242
1.28255
1.12665
0.821478
1.31162
0.9956
1.36847
1.25575
1.23667
1.15143
0.91505
0.84709
0.992364
0.759204
0.421305
0.739083
0.643484
0.629064
0.662327
0.655323
0.625458
0.745717
0.561882
0.799755
0.547736
0.503838
0.481331
0.657875
0.676532
0.684357
0.782603
0.900148
0.740021
0.802431
0.73605
0.649113
0.665704
0.688395
0.610232
0.736282
0.779817
0.547857
0.496873
0.652583
0.75479
0.754729
0.790042
0.642468
0.653504
0.634469
0.844851
0.534934
0.864136
0.651496
0.71516
0.696443
0.707
0.733121
0.772129
0.78692
0.806403
0.625262
0.761527
0.68747
0.702378
0.769867
0.79835
0.708656
0.550361
0.649675
0.724223
0.723178
0.777399
0.695583
0.804123
0.610278
0.781639
0.757012
0.746662
0.828111
0.771887
0.696616
0.735396
0.692551
0.754335
0.659253
0.708844
0.653157
0.704253
0.636737
0.57957
0.690572
0.665953
0.64197
0.550168
0.708005
0.653969
0.628774
0.49631
0.69471
0.863585
0.642258
0.519619
0.769628
0.697356
1.08439
0.651968
0.739931
0.68666
0.688327
0.583357
0.486782
0.734007
0.38132
0.541983
0.621333
0.458238
0.555594
0.596085
0.719702
0.547756
0.66978
0.636954
0.679798
0.743907
0.779974
0.77183
0.646863
0.528016
0.326163
0.479255
0.456019
