0.264028
0.274148
0.278085
0.263671
0.262579
0.404967
1.04423
1.41112
0.585752
1.65654
1.58346
0.994242
1.18954
0.852181
0.955705
0.835087
0.761161
0.770574
0.708073
0.547102
0.561475
0.612617
0.660317
0.713429
0.692872
0.606032
0.618261
0.641547
0.699754
0.562566
0.63671
0.73698
0.702032
0.622116
0.768814
0.671291
0.587778
0.706088
0.690186
0.606782
0.548343
0.578759
0.618445
0.6667
0.596592
0.654207
0.685425
0.647154
0.588145
0.586364
0.84591
0.850017
0.838032
0.689793
0.976244
0.843617
0.883365
0.81587
0.730618
0.882475
0.858719
0.849287
0.799076
0.893416
0.875364
0.788045
0.840654
0.89299
0.904227
0.818156
0.961312
1.01511
0.910298
0.830498
1.06897
0.872817
0.980763
0.826414
0.835912
0.867284
0.829003
0.866517
0.834922
0.93807
0.930273
1.05022
0.982512
0.836268
0.753498
0.835143
0.856001
0.8325
0.861004
0.985585
0.874522
0.938973
0.958007
0.9248
0.917423
0.900101
0.982825
0.917068
0.778878
0.887562
0.930281
1.03417
0.905743
0.959827
1.06196
1.01666
1.11548
1.06916
0.917396
0.792603
0.959256
0.814746
0.952892
0.985611
0.951081
0.832711
0.916172
0.822301
0.973519
0.904515
0.850252
0.888919
0.923837
0.935507
0.999119
0.93354
0.858696
0.718749
0.879912
0.907846
0.942062
0.815332
0.918525
0.996587
0.85123
0.837064
0.901481
1.00982
0.880036
0.97706
0.83326
0.789149
0.943731
0.876705
0.827931
0.850587
0.916047
0.856659
0.977076
0.857061
0.89601
0.998723
0.961466
0.869059
0.813355
0.871787
0.88169
0.986621
0.941824
0.753643
0.854137
0.933996
0.845371
0.932042
0.809524
0.80584
0.77583
0.832871
0.750496
0.904782
0.882246
0.760472
0.786039
0.828716
0.937004
0.858666
0.8137
0.94725
0.760782
0.873694
0.901652
0.816013
0.845168
0.840364
0.630216
0.82925
0.754606
0.849768
0.873125
0.819466
0.690686
0.749879
0.748672
0.76534
0.876512
0.905453
0.783068
0.880866
0.816372
0.831636
0.762828
0.727287
0.854223
0.678379
0.764448
0.906712
0.859545
0.913963
0.745266
0.853246
0.909938
0.967543
0.759825
0.929677
0.912593
0.747426
0.712865
0.631867
0.80395
0.870757
0.755834
0.753553
0.6989
0.750625
0.792611
0.705619
0.776641
0.672633
0.726363
0.609703
0.665384
0.687635
0.659952
0.697944
0.719091
0.766246
0.704553
0.690502
0.603964
0.638004
0.651487
0.665057
0.728539
0.669632
0.683613
0.64973
0.538584
0.591473
0.556071
0.462574
0.580379
0.470434
0.475034
0.506197
0.490659
0.49222
0.414157
0.390407
0.408768
0.411023
0.299634
0.25091
0.259941
0.27808
0.359879
0.273123
0.226663
0.258096
0.289667
0.247962
0.231395
0.282244
0.256962
0.315119
0.4112
0.332552
0.296073
0.423561
0.368156
0.349331
0.389083
0.422032
0.435687
0.395501
0.375502
0.330001
0.333839
0.322719
0.322409
0.429749
0.345317
0.3393
0.333928
0.326126
0.312308
0.302155
0.276098
0.258657
0.248417
0.316627
0.367907
0.289624
0.347803
0.401858
0.371804
0.294771
0.349868
0.44248
0.34455
0.23934
0.403776
0.371235
0.362141
0.29261
0.298944
0.300927
0.277109
0.23971
0.247779
0.236732
0.311958
0.279908
