0.264176
0.249561
0.270715
0.206204
0.235973
0.205407
0.227374
0.240969
0.222803
0.207305
0.183423
0.155691
0.201088
0.18683
0.20227
0.202099
0.170141
0.218647
0.203846
0.171556
0.13856
0.126602
0.202497
0.196238
0.246008
0.237385
0.249076
0.285321
0.239089
0.299023
0.255037
0.233404
0.228818
0.251159
0.248295
0.233526
0.274019
0.285149
0.338918
0.277067
0.312557
0.247795
0.262786
0.286356
0.295685
0.26558
0.252932
0.283865
0.318725
0.208572
0.224704
0.270497
0.244048
0.253706
0.242976
0.277107
0.265638
0.35546
0.387767
0.32912
0.266427
0.322446
0.363344
0.282568
0.325861
0.310469
0.297846
0.317103
0.255962
0.310895
0.367934
0.331021
0.327235
0.34711
0.327563
0.299644
0.342966
0.370807
0.322239
0.339321
0.366233
0.400351
0.329833
0.386353
0.274891
0.295826
0.333133
0.297734
0.264479
0.308117
0.377269
0.397102
0.325635
0.233766
0.306606
0.339773
0.356382
0.350589
0.360034
0.369559
0.350412
0.246479
0.439037
0.265285
0.318329
0.285565
0.245281
0.318441
0.232296
0.342712
0.380019
0.296106
0.308829
0.301021
0.327602
0.328493
0.35785
0.354074
0.26345
0.357786
0.288627
0.317583
0.365406
0.29778
0.275471
0.356005
0.334565
0.389739
0.402276
0.432384
0.329959
0.347169
0.349961
0.409572
0.413173
0.269048
0.398135
0.375919
0.399563
0.40398
0.448536
0.40094
0.333583
0.390691
0.38922
0.425352
0.444697
0.498107
0.487726
0.395499
0.604959
0.453882
0.518298
0.368356
0.463339
0.412445
0.416252
0.5415
0.552608
0.445752
0.37323
0.481101
0.439467
0.493683
0.507167
0.411914
0.518549
0.536178
0.549006
0.444491
0.442129
0.387104
0.492258
0.460823
0.495998
0.419485
0.486269
0.513176
0.521599
0.516542
0.344661
0.519377
0.582815
0.483513
0.520429
0.436669
0.44909
0.431249
0.412554
0.389574
0.53933
0.567628
0.522809
0.436841
0.579475
0.484708
0.422743
0.439664
0.625321
0.516244
0.527562
0.561716
0.584707
0.545065
0.470998
0.445845
0.52682
0.453495
0.424488
0.534813
0.446587
0.345304
0.626067
0.432259
0.366539
0.19189
0.325299
0.605067
0.469366
0.476943
0.969088
0.739658
0.441378
0.348331
0.68421
0.791903
0.726136
0.474588
0.482435
0.53862
1.06517
0.349954
0.476182
0.565879
0.773314
0.893398
0.715422
0.968192
0.913576
0.690556
0.644667
0.65382
0.671246
0.721226
0.607378
0.517667
0.518706
0.531923
0.488451
0.677289
0.65497
0.757708
0.740697
0.714758
0.751589
0.663675
0.547456
0.610687
0.557907
0.647033
0.78815
0.737598
0.771383
0.677675
0.676585
0.752633
0.915581
0.653736
0.687726
0.697968
0.78246
0.926909
0.738026
0.68208
0.79787
0.732184
0.620872
0.647699
0.749093
0.682242
0.894129
0.52572
0.900391
1.00145
0.940161
0.751979
0.72891
0.670912
0.705292
0.664984
0.601336
0.82917
1.20005
0.709053
0.727377
0.530155
0.613063
0.681031
1.03663
1.06581
1.11892
1.7731
0.913193
1.08844
1.30915
1.05979
0.861944
0.971775
1.51145
1.33951
1.13679
1.05063
0.84375
0.926126
1.06425
1.12383
0.882416
0.884679
0.912919
0.843691
0.90176
0.773046
0.934982
0.812752
0.797382
0.760547
0.808374
