1.3059
0.902429
0.773902
0.869631
0.724745
0.664371
0.68026
0.647057
0.65376
0.613096
0.876166
1.491
1.5151
2.92519
1.31183
1.60318
1.71778
3.39059
4.0762
3.50677
3.51609
2.85907
3.65803
3.14807
3.54648
3.71671
3.52422
3.1251
3.72947
3.80695
3.6706
4.00528
3.5961
4.18901
3.38965
3.56725
3.57775
2.83676
3.48024
3.59564
3.10706
3.33662
3.19801
3.09829
3.52984
3.56922
3.09858
3.49695
3.59035
3.49362
3.11907
3.56835
3.11794
3.33733
3.02792
3.45858
3.49712
3.28944
2.87069
3.32275
3.79941
2.88121
3.00775
3.54462
3.07864
3.44969
3.41444
2.59697
3.34332
3.69156
3.15129
3.30063
3.53767
2.84464
3.37073
3.69012
2.85339
3.09647
3.37568
2.8206
2.65427
2.91956
3.08336
3.02775
2.86287
2.71658
2.9894
2.6853
2.75591
2.5004
2.76469
2.75443
2.337
2.36034
2.21606
2.38283
2.18207
1.99624
1.80707
1.56307
1.63095
1.57022
1.7581
1.21599
1.51656
1.50225
1.59097
1.65765
1.52012
1.48357
1.43314
1.45984
1.58392
1.26255
1.59766
1.44013
1.56203
1.22821
1.08991
1.43334
1.43647
1.32599
1.13427
1.24472
1.22834
1.22272
1.29307
1.19653
0.921031
1.19706
1.05005
1.09092
1.03188
0.842627
0.935195
0.897101
0.831225
0.789095
0.741388
0.748861
0.657877
0.670493
0.623954
