0.642233
3.22917
2.52857
2.63387
2.15156
2.0593
2.06679
1.95025
2.01416
1.93184
1.46359
1.44547
1.31804
1.41285
1.79197
1.98261
2.13502
1.69392
1.5408
1.25342
1.29003
1.86181
1.78564
1.38103
1.66837
1.36428
1.55655
1.60632
1.16171
1.61134
1.6674
1.45822
1.1656
1.73179
1.60521
1.61098
1.59173
1.51221
1.84662
1.34994
1.34242
1.37988
1.21523
1.47343
0.808562
1.51691
1.19949
1.69847
1.07322
0.745837
0.781339
0.712025
0.749893
1.52362
1.77626
1.77557
1.39807
1.27903
1.25101
1.44235
1.47284
1.33393
1.09244
1.2365
1.40636
1.09543
1.01677
1.01317
0.913838
1.13689
0.702701
0.712152
0.732604
0.842042
0.676558
0.661221
0.618763
0.73055
0.747412
0.715958
0.657481
0.649458
0.589902
0.598298
0.602125
0.634341
0.628138
0.626908
0.795798
0.481719
0.532198
0.629575
0.597442
0.518489
0.483053
0.448648
0.520598
0.551203
0.545946
0.520057
0.497479
0.624996
0.513718
0.531762
0.641735
0.418512
0.510984
0.484414
0.542688
0.475198
0.580999
0.50872
0.400342
0.52933
0.510841
0.480724
0.474508
0.459413
0.472733
0.443591
0.452108
0.47959
0.456084
0.511075
0.550374
0.426603
0.485483
0.531245
0.528875
0.418309
0.412232
0.424066
0.442789
0.466821
0.431944
0.379356
0.405099
0.4287
0.442049
0.43054
0.410724
0.382595
0.383123
0.381702
0.454369
0.467327
0.372498
0.391376
0.45446
0.341082
0.403048
0.441435
0.445985
0.369175
0.38126
0.407007
0.383873
0.397526
0.430095
0.382483
0.441916
0.421175
0.361391
0.457723
0.40474
0.441289
0.398391
0.446515
0.337125
0.318842
0.28367
0.296393
0.358893
0.376774
0.313081
0.284129
0.325902
0.355067
0.444909
0.395183
0.244307
0.275122
0.347507
0.418531
0.340741
0.338096
0.260586
0.355598
0.340203
0.360204
0.30751
0.245391
0.319391
0.314296
0.368755
0.271434
0.345787
0.39471
0.32993
0.283594
0.381019
0.292029
0.389941
0.383494
0.474217
0.467694
0.303182
0.306778
0.302506
0.218877
0.345458
0.314542
0.329854
0.343459
0.341506
0.257374
0.273644
0.269597
0.312669
0.341215
0.332523
0.231648
0.312358
0.29057
0.374707
0.282159
0.201341
0.26272
0.247208
0.234221
0.212477
0.222797
0.3621
0.193227
0.257734
0.211435
0.260444
0.365939
0.315884
0.334821
0.343585
0.26275
0.263658
0.288298
0.259081
0.227292
0.26915
0.25065
0.275189
0.294102
0.334673
0.339073
0.228989
0.350089
0.206978
0.260155
0.195098
0.229915
0.246973
0.312405
0.298068
0.270793
0.260958
0.205626
0.307409
0.291819
0.238687
0.296781
0.199294
0.235399
0.218741
0.204657
0.190884
0.209481
0.1849
0.149291
0.197
0.248064
0.18836
0.15982
0.144144
0.132712
0.177933
0.281902
0.194513
0.339307
0.278923
0.210855
0.221283
0.253282
0.242424
0.315762
0.195027
0.172581
0.173321
0.243671
0.18665
0.229638
0.227838
0.15809
0.112082
0.12529
0.131477
0.116186
0.11881
0.131901
0.161037
0.147357
0.120838
0.149192
0.158208
0.151512
0.153243
0.157022
0.156764
0.178221
0.185246
0.179078
0.171838
0.185384
0.184057
0.198927
0.200409
0.201592
0.182516
0.190215
0.21403
0.173811
0.217143
0.206302
0.216036
0.225343
0.198511
0.212773
0.279703
0.280244
0.275002
0.267372
0.294716
0.353631
