0.243528
0.18148
0.196732
0.177509
0.184177
0.196548
0.181915
0.197558
0.201963
0.206745
0.19997
0.221757
0.227337
0.234789
0.233672
0.23992
0.256528
0.245307
0.244323
0.258013
0.258315
0.236545
0.272214
0.245873
0.241327
0.233352
0.240837
0.27142
0.245823
0.278241
0.26318
0.271123
0.264543
0.283654
0.283369
0.246665
0.227965
0.271502
0.256038
0.303908
0.286068
0.288706
0.339236
0.330238
0.270524
0.24267
0.266502
0.241208
0.235424
0.235983
0.247711
0.255758
0.227522
0.260508
0.247255
0.295742
0.290298
0.277048
0.292574
0.304973
0.293559
0.349609
0.30395
0.25586
0.273246
0.31669
0.291458
0.269771
0.300035
0.294924
0.312024
0.310343
0.304575
0.286861
0.293294
0.252047
0.310309
0.284213
0.260032
0.323742
0.267068
0.28581
0.258563
0.266687
0.282557
0.28712
0.255874
0.241347
0.25919
0.213008
0.206956
0.230961
0.276774
0.274271
0.280802
0.248323
0.260423
0.250493
0.285274
0.315857
0.341163
0.292114
0.302624
0.306754
0.280037
0.275201
0.305139
0.327392
0.304323
0.2705
0.294375
0.289214
0.269123
0.354544
0.311505
0.306547
0.320779
0.365365
0.350096
0.351199
0.287091
0.278927
0.295076
0.351516
0.303102
0.284554
0.287076
0.396275
0.356239
0.33019
0.329422
0.339415
0.324102
0.333701
0.299215
0.309311
0.307242
0.32267
0.290814
0.287696
0.265583
0.346987
0.319272
0.313312
0.319275
0.303475
0.330258
0.315051
0.361617
0.324413
0.351753
0.341702
0.315534
0.334417
0.325865
0.336417
0.367431
0.351415
0.336584
0.381659
0.382939
0.35781
0.376
0.329132
0.360013
0.38666
0.38645
0.366404
0.343292
0.311288
0.335412
0.353967
0.350106
0.333888
0.360359
0.359476
0.33233
0.331506
0.343969
0.349601
0.359954
0.357697
0.38287
0.307651
0.329439
0.331751
0.321938
0.352713
0.350497
0.344745
0.384483
0.383029
0.307074
0.372306
0.358057
0.346797
0.370169
0.360601
0.395389
0.37764
0.399647
0.383457
0.386918
0.360354
0.327811
0.356128
0.370853
0.456519
0.412216
0.394089
0.418272
0.344581
0.372233
0.394958
0.434926
0.423061
0.398678
0.430355
0.373596
0.411997
0.37134
0.388721
0.390844
0.447898
0.394962
0.427706
0.416677
0.394013
0.403649
0.476726
0.467395
0.400015
0.519579
0.526004
0.489961
0.506234
0.459081
0.484392
0.621871
0.52286
0.446418
0.414119
0.475274
0.487826
0.441969
0.46616
0.410741
0.466237
0.399819
0.401456
0.425366
0.364069
0.455037
0.524456
0.51181
0.418583
0.470836
0.522652
0.473002
0.440962
0.464274
0.465554
0.438695
0.439774
0.426917
0.464765
0.444854
0.457546
0.530238
0.548682
0.511721
0.48153
0.477073
0.433831
0.436668
0.466714
0.487015
0.497508
0.478574
0.428316
0.456587
0.539147
0.521093
0.516477
0.535311
0.541414
0.48584
0.600905
0.589675
0.53865
0.592254
0.464275
0.453567
0.674178
0.563991
0.678511
0.615635
0.488052
0.464691
0.405982
0.507322
0.498201
0.379693
0.449179
0.419469
0.447192
0.533769
0.517975
0.428343
0.380839
0.408044
0.379758
0.383915
0.372591
0.332613
0.382649
0.349431
0.319229
0.352834
0.3405
0.373579
0.35348
0.392166
0.407357
0.392072
0.355905
0.381644
0.378467
0.349537
0.426583
0.388245
0.425959
0.426944
0.397167
0.426078
0.374435
0.407992
0.391198
0.454261
0.413156
0.464882
0.493243
0.434452
0.455179
0.418215
0.419424
0.467736
0.404339
0.428812
0.426257
0.414489
0.428427
0.415545
0.442332
0.436152
0.4462
0.45536
0.456215
0.419559
0.392115
0.419704
0.40841
0.413999
0.434443
0.442596
0.47377
0.463548
0.496846
0.487637
0.517663
0.530262
0.485559
0.521561
0.450348
0.539537
0.531235
0.542496
0.541972
0.459598
0.526418
0.568143
0.521996
0.546265
0.516352
0.545427
0.559265
0.511497
0.564699
0.54241
0.525571
0.566089
0.563668
0.5107
0.536634
0.57422
0.56192
0.556605
0.666961
0.562735
0.527141
0.595369
0.576605
0.598568
0.552664
0.58979
0.576848
0.565514
0.551694
0.572623
0.589472
0.591299
0.555739
0.534401
0.500598
0.556116
0.578853
0.598378
0.579711
0.484509
0.588515
0.580003
0.571865
0.525274
0.488862
0.547871
0.547455
0.511622
0.563479
0.560634
0.564974
0.590994
0.584553
0.651939
0.576464
0.53229
0.499069
0.686999
0.633887
0.560115
0.569493
0.608165
0.626316
0.625245
0.691477
0.654014
0.590175
0.588187
0.508121
0.623154
0.702096
0.622402
0.666341
0.714641
0.877586
0.641757
0.692079
0.644149
0.498612
0.61412
0.642761
0.603799
0.710752
0.684473
0.495988
0.443646
0.518838
0.530604
0.577418
0.51898
0.52821
0.513798
0.492172
0.619967
0.673053
0.449346
0.631541
0.67455
0.615239
0.636848
0.513938
0.622547
0.560732
0.514709
0.495607
0.55422
0.482636
0.626759
0.51346
0.614131
0.641243
0.555884
0.58627
0.633615
0.604672
0.665353
0.554742
0.631209
0.750177
0.588888
0.622102
0.585891
0.591022
0.659297
0.525677
0.606021
0.495834
0.617777
0.565601
0.593825
0.588115
0.575831
0.592116
0.456036
0.584564
0.584733
0.598586
0.535596
0.470998
0.586384
0.524123
0.588253
0.602877
0.663478
0.582143
0.633845
0.548165
0.683706
0.645469
0.619523
0.553853
0.570705
0.485239
0.625387
0.6068
0.604486
