4.71169
4.44666
4.40521
3.95947
3.27449
5.55925
5.34922
4.75675
3.67855
4.86532
3.29741
4.27085
3.9326
3.42216
3.26696
3.26874
3.35092
2.95937
3.01252
2.9956
3.20841
3.61531
2.93017
3.52273
3.63681
3.04525
2.96208
3.21861
2.62297
3.00904
2.69677
3.48297
3.32833
3.43722
3.30321
4.30726
2.86275
3.53598
4.03096
3.50745
3.73424
3.48217
4.35241
3.69959
3.88943
3.61409
3.40121
3.97223
3.5103
5.03395
4.46838
4.16839
4.27669
3.80235
2.63267
3.33523
3.73065
3.83501
4.20291
3.46249
3.13944
4.02913
4.02666
3.91821
4.19575
3.71966
3.83526
4.3051
3.34902
3.48264
3.62222
4.32419
3.99285
4.1339
2.65118
3.11871
3.40537
3.22341
4.13551
3.92918
3.67334
3.61752
3.76641
3.27091
3.2248
2.19119
4.19183
3.26426
3.37483
3.26574
3.72502
3.0364
3.4354
3.51561
2.78831
3.69282
3.12247
3.52005
2.53516
2.73871
3.26213
2.70302
2.90258
3.25225
2.26749
2.93195
2.84989
2.88786
3.23009
3.27462
2.64095
3.09949
3.54795
2.9854
2.45579
3.02404
3.12373
2.93212
