0.129806
0.132842
0.134821
0.134354
0.144661
0.146507
0.142437
0.135868
0.127043
0.129193
0.113529
0.113749
0.150055
0.15942
0.25274
0.254635
0.258096
0.26114
0.257401
0.287156
0.284786
0.319527
0.384481
0.289189
0.379233
0.32917
0.494297
0.424112
0.443461
0.405937
0.346356
0.356463
0.382357
0.446683
0.380961
0.579787
0.413995
0.651818
0.530744
0.629488
0.564491
0.634838
0.48965
0.678708
0.627508
0.594768
0.688438
0.6737
0.758743
0.639708
0.794931
0.621413
0.835067
1.08923
0.736903
0.978401
0.77313
0.943318
0.825596
0.963654
0.782049
0.702574
1.03779
1.23552
1.01069
1.24647
1.21628
1.41918
0.937771
1.25947
0.875491
0.805425
1.25113
1.64488
1.27368
1.36406
1.19528
1.06622
1.24856
1.26189
0.619973
0.996248
1.12397
1.09469
1.01654
1.08223
0.827909
0.96768
0.910063
1.21568
1.03614
1.30422
1.01288
0.794097
1.02138
0.946414
0.78388
1.05033
1.29362
1.14904
1.11868
0.98545
1.14507
1.00579
0.933754
1.1582
1.321
1.17909
1.05245
1.27308
1.31008
1.16518
1.13418
1.14659
0.977015
1.06621
1.13729
1.17924
1.0871
1.07931
1.13625
1.05727
1.2528
1.21024
1.3056
1.34326
1.51494
1.58944
1.68437
1.40522
1.41089
1.57116
1.52553
1.32643
1.41454
1.50911
1.46459
1.52811
1.23465
1.08726
1.4878
1.51976
1.55447
1.42226
1.24212
1.67027
1.07465
1.33469
1.33181
1.23166
1.46411
1.42696
1.4471
1.30762
1.26756
1.48669
1.37204
1.20446
1.47191
1.38384
1.35087
1.50336
1.4031
1.37875
1.51254
1.14725
1.18099
1.49524
1.38643
1.52228
1.31199
1.3554
1.40955
1.69078
1.6299
1.62571
1.69889
1.70064
2.19762
2.17029
1.2463
1.31217
0.864219
