0.611567
0.642215
0.605773
0.612871
0.922331
0.922973
0.916211
1.02729
0.967254
0.885072
0.929598
0.897902
0.887712
0.932714
1.34137
1.37227
1.30657
1.47316
1.30902
1.19722
1.30736
1.37825
1.55893
1.49395
1.80931
1.42684
1.47889
1.98489
1.79973
1.62002
1.53468
1.58942
1.67198
1.67691
2.12501
1.62488
2.00978
2.15635
1.96445
1.96513
2.7719
1.63556
2.22705
2.4077
2.1889
1.82678
1.6867
1.81598
2.71313
2.09982
1.77603
1.92674
2.50174
2.41912
1.9924
2.27562
3.04136
3.85326
2.21526
3.3113
3.93173
3.45325
3.04038
3.56264
2.99112
2.72185
2.69938
2.53844
2.90209
3.31169
4.23049
3.20154
4.71033
3.86282
3.85528
4.11518
3.91461
4.421
4.38271
4.40779
4.60177
3.57539
3.95564
4.07327
4.44414
4.22991
4.64039
4.27967
4.27683
4.46718
5.07572
4.15354
4.33657
4.53743
4.62303
3.84419
4.80363
3.86904
4.49312
4.58181
5.29486
3.1196
3.6385
3.59257
4.75972
5.10282
4.90986
4.37979
4.54349
4.01518
3.76548
4.16429
4.11304
4.86494
4.61288
4.33955
4.61774
4.63839
4.25602
3.87338
4.38602
4.51927
4.40244
4.03114
4.70193
4.93868
6.70529
4.49267
2.72413
1.982
4.45758
6.83245
2.83261
4.24766
4.47826
4.02794
4.62519
3.54622
6.38953
5.05611
4.42191
4.7089
4.39237
4.62784
5.2882
4.41521
4.41772
4.89585
2.85876
4.02126
4.35638
5.47047
4.25778
3.57194
2.99828
5.15315
5.6612
5.20112
4.98847
5.29578
4.1216
5.27396
4.74684
5.69196
5.19693
4.64593
4.96604
5.15061
4.44219
5.28009
4.87663
4.91127
4.82458
4.04888
4.91761
5.42018
4.47893
5.08005
4.42003
4.05284
4.39005
4.20088
3.93411
4.88168
4.02509
4.89504
4.25267
5.28494
5.23248
5.49559
5.99455
5.20902
5.20875
5.02081
4.9083
5.64677
4.55519
4.92311
4.50025
5.34056
6.08721
5.41113
5.52481
6.64212
7.32656
6.70853
3.65439
1.16475
0.933282
0.873062
