1.06655
1.02895
1.6389
1.82449
3.76802
5.31814
6.83466
7.77502
6.46082
6.67392
6.11836
8.10232
7.39329
4.21272
4.0499
5.20347
5.97632
6.94569
7.23588
5.7574
5.44931
5.72207
4.28313
4.054
3.74182
3.56964
5.61067
4.7333
4.45617
4.93415
3.65944
6.43079
5.58023
5.19651
5.05346
5.04539
5.89628
6.79167
4.70984
4.50913
4.57202
4.89267
5.34339
5.12847
5.27979
5.19453
5.27094
4.49504
4.92342
5.21342
5.23352
5.03205
4.51481
4.98767
5.75207
5.08051
4.09808
4.76126
4.97673
5.77794
5.20688
6.10511
5.75416
4.4802
6.46358
4.75846
4.72177
4.81476
5.40759
5.92294
4.50853
3.60839
5.99553
5.37995
5.57433
5.50549
4.82192
5.17753
5.55604
4.71422
5.78507
4.99888
5.15607
5.56278
6.03489
4.65936
5.68507
5.73501
5.05796
4.41156
4.86896
4.53963
6.25509
4.69494
5.14365
4.32452
5.73773
5.96857
4.30913
5.93489
5.20031
4.43033
5.28024
5.02885
5.9361
5.14045
7.03588
5.81077
5.27712
6.60843
5.03794
7.9609
5.59899
6.19894
5.17512
4.75083
4.51975
6.76104
6.54183
4.82534
4.40518
5.68155
5.69177
4.77645
4.62571
4.077
5.58089
5.96632
4.53175
6.28554
6.94224
4.40826
4.50156
7.49546
4.99438
4.84432
5.13374
5.52862
4.93898
5.10051
3.75704
4.10661
4.58022
6.54381
5.36102
5.099
5.38326
5.50748
4.63313
3.69273
5.76817
4.26301
4.84857
3.37164
4.22361
4.01194
5.40847
4.26938
4.56591
4.97588
5.85553
4.95914
3.59449
4.92619
5.41667
4.66612
4.44041
6.0821
8.74598
5.75921
8.88367
6.74821
6.34634
8.69233
5.98042
5.81196
6.11911
5.49393
5.07848
5.79948
4.24743
3.4639
4.40312
4.08153
6.02728
3.26792
3.2306
2.8983
2.91785
4.07335
5.29884
4.48066
3.573
4.42244
5.43141
2.31899
3.59849
2.78046
2.06664
2.08468
3.39266
3.58217
2.76574
2.60342
4.55033
2.5679
2.41751
3.38569
3.02813
1.65226
1.92132
2.54887
3.01148
2.21183
1.78517
1.96041
1.34911
1.35038
1.17379
0.992839
1.18808
1.14759
1.13572
1.34105
1.44169
1.42093
1.12821
1.6181
1.24478
1.25733
1.24372
1.1783
1.24781
1.18389
1.34273
1.2385
