0.667182
0.703668
0.696332
0.59837
0.761064
0.832042
0.707967
0.487646
0.563052
0.683312
0.579495
0.585862
0.551192
0.62661
0.698093
0.69745
0.694167
0.77598
0.713025
0.759234
0.757037
0.770969
0.721657
0.678645
0.700611
0.81779
0.852573
0.760163
0.770335
0.725702
0.80504
0.71569
0.746892
0.725811
0.700263
0.683657
0.737418
0.700584
0.832985
0.783417
0.759556
0.764141
0.728765
0.681987
0.734571
0.698207
0.739185
0.747275
0.646932
0.70346
0.645712
0.69637
0.719414
0.712727
0.699732
0.725911
0.648383
0.74517
0.581546
0.756824
0.714555
0.692376
0.65213
0.693093
0.693124
0.710446
0.735548
0.706903
0.772502
0.704275
0.662102
0.660372
0.747613
0.71915
0.70671
0.735291
0.690844
0.630548
0.61311
0.681562
0.633838
0.663892
0.634897
0.595535
0.607816
0.630994
0.635626
0.648525
0.63265
0.601823
0.649982
0.632749
0.650099
0.64338
0.839425
0.822816
0.869142
0.860025
0.882346
0.829497
0.808669
0.861672
0.819148
0.887045
0.809111
0.893785
0.812551
0.869518
0.791811
0.762551
0.777554
0.762215
0.712802
0.660376
0.732396
0.715843
0.668762
0.758075
0.797631
0.799702
0.747005
0.702689
0.814772
0.781003
0.735342
0.642552
0.693632
0.782748
0.732539
0.724425
0.740248
0.728823
0.693619
0.666366
0.69997
0.65254
0.663637
0.597428
0.586424
0.593228
0.613798
0.589484
0.594545
0.607616
0.594027
0.566565
0.632127
0.624433
0.579502
0.514086
0.594946
0.547029
0.573806
0.595686
0.655476
0.645715
0.602097
0.6333
0.671035
0.598705
0.642671
0.625173
0.639249
0.575804
0.587826
0.566654
0.524983
0.548308
0.537599
0.593055
0.609827
0.655802
0.629318
0.607499
0.571185
0.632776
0.653545
0.659563
0.647782
0.648321
0.636203
0.63031
0.563557
0.621209
0.595505
0.666149
0.590058
0.58987
0.634174
0.599937
0.52329
0.523164
0.593133
0.522876
0.506809
0.599533
0.536111
0.552429
0.571775
0.5763
0.516714
0.566708
0.536494
0.504644
0.596525
0.480849
0.576223
0.565102
0.530609
0.485531
0.545113
0.535627
0.598525
0.524768
0.517624
0.551686
0.547764
0.514105
0.528824
0.51541
0.499173
0.516334
0.496668
0.52165
0.487038
0.522515
0.569514
0.483805
0.536437
0.603022
0.561085
0.504565
0.490959
0.506127
0.530955
0.507133
0.490575
0.464701
0.493125
0.490191
0.485455
0.43279
0.432945
0.410627
0.448989
0.475095
0.443842
0.494316
0.492642
0.477529
0.486046
0.53715
0.481939
0.501774
0.445784
0.440094
0.489311
0.447383
0.432612
0.379966
0.337682
0.372057
0.349535
0.360991
0.388799
0.402218
0.368039
0.30313
0.461623
0.411644
0.41699
0.382548
0.428631
0.373583
0.408257
0.343942
0.364859
0.407043
0.427222
0.352141
0.33356
0.331806
0.337943
0.383045
0.381842
0.375135
0.360141
0.276087
0.353393
0.380703
0.354409
0.37205
0.419678
0.33947
0.401622
0.376511
0.36928
0.33102
0.406053
0.399755
0.406728
0.379777
0.37171
0.354524
0.287862
0.305748
0.330579
0.28961
0.263764
0.30205
0.306896
0.475704
0.50899
0.403675
0.392175
0.345291
0.307887
0.301934
0.329534
0.329246
0.282652
0.321182
0.361718
0.353212
0.340992
0.368947
0.327921
0.345325
0.328871
0.407404
0.4221
0.410074
0.380981
0.366017
0.399479
0.406526
0.324369
0.285396
0.312475
0.446639
0.438481
0.383211
0.358999
0.351958
0.38383
0.385671
0.371835
0.397957
0.364781
0.376632
0.405254
0.408228
0.397617
0.419366
0.407749
0.381667
0.320922
0.324281
0.331584
0.362686
0.346622
0.351399
0.345445
0.340432
0.302933
0.291624
0.332014
0.321671
0.333925
0.358633
0.31375
0.341435
0.317403
0.357078
0.383909
0.356032
0.385462
0.315804
0.315234
0.361646
0.39276
0.3159
0.308015
0.322448
0.280361
0.288256
0.355699
0.339999
0.326996
0.32331
0.297283
0.316215
0.281389
0.296068
0.305286
0.284529
0.307226
0.264926
0.259365
0.292548
0.282887
0.294105
0.298353
0.292388
0.293209
0.322318
0.308529
0.308091
0.296752
0.282011
0.291312
0.25592
0.289436
0.280727
0.314324
0.291527
0.26547
0.29368
0.329976
0.285209
0.215396
0.224209
0.242638
0.292582
0.233738
0.317478
0.253132
0.233803
0.267463
0.29449
0.254135
0.220216
0.216991
0.277182
0.240439
0.242802
0.229581
0.247435
0.25836
0.238381
0.203053
0.237467
0.232949
0.270235
0.211393
0.231183
0.289611
0.248958
0.247723
0.246465
0.240909
0.268847
0.260349
0.243485
0.33901
0.302933
0.303816
0.29349
0.268127
0.277114
0.290807
0.293267
0.34012
0.338863
0.318226
0.291468
0.299815
0.291985
0.269337
0.23002
0.261726
0.254625
0.284373
0.285215
0.265808
0.282854
0.287632
0.240534
0.246656
0.24242
0.235051
0.241484
0.241383
0.220922
0.23192
0.24199
0.217152
0.204393
0.204159
0.23936
0.25407
0.247873
0.229134
0.244275
0.239452
0.22846
0.216755
0.230541
0.209792
0.221749
0.229519
0.222784
0.235666
0.235196
0.216779
0.239042
0.228725
0.237775
0.246017
0.244086
0.241739
0.212721
0.219481
0.250431
0.238484
0.257107
0.265366
0.249965
0.258301
0.229029
0.239071
0.279159
0.259938
0.249741
0.255601
0.26995
0.251311
0.254383
0.230063
0.231965
0.272437
0.300474
0.272752
0.279236
0.261554
0.255143
0.280104
0.28864
0.251615
0.255441
0.255886
0.240763
0.269787
0.257645
0.26676
0.259958
0.261433
0.246399
0.251338
0.25565
0.260397
0.254134
0.267815
0.286791
0.277306
0.267271
0.246907
0.256628
0.226184
0.249353
0.257436
0.230716
0.275876
0.273377
0.239794
0.257661
0.25879
0.259502
0.285851
0.329821
0.371689
0.359998
0.333889
0.32983
0.3189
0.376598
0.384805
0.369273
0.434128
0.42842
0.402759
0.418947
0.411494
0.444507
0.433139
0.420419
0.438177
0.430357
0.422605
0.43396
0.429381
0.427476
0.436314
0.422555
0.447806
0.432483
0.472057
0.419852
0.456563
0.459727
0.470139
0.472665
0.444128
0.444384
0.445949
0.489257
0.451558
0.461445
0.488498
0.516425
0.499388
0.515286
0.561135
0.56888
0.567263
0.578316
0.503004
0.518165
0.548792
0.578997
0.588575
0.602358
0.595854
0.543934
0.568276
0.581644
0.598379
0.567942
0.617645
0.588404
0.590813
0.63429
0.661747
0.652254
0.621282
0.554201
0.630012
0.655383
0.642139
0.68247
0.693566
0.684376
0.638687
0.666203
0.650224
0.591524
0.661344
0.674949
0.701202
0.652909
0.684684
0.68574
0.6713
0.701965
0.668323
0.811044
0.834582
0.826496
0.781414
0.806286
0.764249
0.741445
0.725584
0.675729
0.706341
0.747097
0.73784
0.746113
0.745792
0.747571
0.623379
0.726532
0.612479
0.608953
0.539111
0.575164
0.6351
0.634874
0.618188
0.589687
0.591277
0.541255
0.658434
0.664319
0.600878
0.564567
0.55463
0.523046
0.536577
0.629191
0.66743
0.650659
0.582157
0.576502
0.556226
0.587104
0.596022
0.61338
0.454859
0.448891
0.429266
0.565156
0.562802
0.605424
0.584118
