0.251835
0.216809
0.287656
0.291309
0.311935
0.330666
0.312198
0.355455
0.297041
0.438826
0.568737
0.700693
0.745147
1.05157
0.412804
0.264445
0.514252
1.08013
0.494785
0.736433
0.678781
0.623968
0.624456
0.71564
0.787554
0.955574
1.32434
1.12453
1.15766
0.662681
1.16589
0.68231
1.02295
0.805964
0.979174
1.04948
1.32294
1.34922
1.41574
1.22466
1.37425
1.41548
1.21575
0.92838
1.11449
1.27287
1.2027
1.38847
1.52119
1.24217
1.61838
1.28479
0.917727
1.64191
1.12153
1.52675
2.08944
1.89141
1.85177
1.35483
1.31505
1.65821
2.26191
2.72341
1.63104
1.58636
1.67571
1.74795
2.162
1.6659
2.30537
1.79038
1.98738
2.07396
1.95602
1.93353
1.98722
2.20601
2.12596
2.07146
2.48292
1.68052
2.29734
2.19864
2.45819
2.22644
2.46348
2.51879
2.15798
2.6413
2.17802
2.19723
2.32414
2.1195
2.10881
2.6733
2.44018
2.79125
2.68293
1.78389
2.30046
2.35788
1.48156
1.71925
2.53049
1.64235
1.40921
1.66036
1.58752
1.93073
0.846825
1.81321
3.00605
2.01649
2.27289
1.65747
1.55076
2.60521
1.71938
1.79092
2.44145
1.39064
1.29983
0.985429
2.16547
1.71868
1.14033
1.57516
1.47026
2.47381
1.88938
2.4316
2.82693
2.50982
1.98202
3.15041
1.74643
1.95804
3.9891
1.5136
1.04324
1.68943
3.23065
1.32837
1.11677
1.16747
1.06021
2.51427
1.70593
3.43136
1.49804
2.61959
3.73979
3.21658
4.58283
1.48537
3.5545
4.0269
1.72559
2.02888
5.19969
4.02747
2.56124
3.10032
3.4006
3.42713
1.3522
1.19088
1.10085
1.05779
1.02987
0.903405
0.85975
1.22426
1.83196
1.36813
1.2302
1.09267
1.0329
0.832529
0.771727
0.927828
1.15213
1.13484
1.28832
1.24821
1.30918
3.77235
1.30004
1.11455
1.22865
1.24876
2.11978
3.47946
0.950928
1.38579
1.08112
0.729644
0.913027
1.34963
2.36835
3.45686
1.19486
1.70803
2.45572
1.04177
2.26987
2.07734
1.3127
1.36188
2.84591
2.18936
1.64177
1.47625
1.28005
2.3347
1.87046
1.76098
1.44732
2.82344
0.774981
0.964162
