4.71433
4.96211
5.06479
4.20728
4.70204
5.06577
4.78272
4.7711
7.04342
8.41016
9.32336
7.90986
10.1748
8.35297
8.77167
10.863
13.605
13.8502
14.3875
14.4981
13.5825
13.065
11.1156
15.3317
13.9994
12.6149
13.3892
13.251
13.4242
14.2578
11.1859
12.5772
15.4901
12.9965
12.7965
12.6312
13.9541
13.7834
13.9742
16.0633
16.2794
14.7749
15.2177
13.109
15.6989
17.8486
15.247
15.3717
17.6047
15.0295
16.6531
15.008
14.1917
17.1808
16.2552
15.939
17.2212
18.1084
18.4259
18.0922
19.0338
18.0885
20.8438
18.1128
20.1421
20.1481
19.0389
19.4134
19.1098
20.6073
19.8594
20.9741
21.2153
20.9284
21.4049
21.2313
20.8202
22.0743
20.1936
24.1799
20.6191
22.1664
22.5333
20.7481
21.0438
20.275
20.1571
21.2625
22.8784
23.0563
23.1362
22.6478
22.9981
23.918
20.4934
22.7922
21.5285
24.8607
27.6548
26.6552
25.8394
26.5016
25.1027
23.5147
27.6544
27.3143
23.5593
27.1205
28.2495
28.1132
27.0719
28.505
29.5003
32.088
31.7293
28.816
32.3381
31.1896
32.258
30.5741
30.2988
32.4275
36.8699
33.2355
34.9068
29.5673
32.4553
32.0609
31.2761
31.8448
29.6943
28.5584
28.7383
31.2396
30.2377
32.0513
27.9714
26.3783
29.5918
27.4544
29.5324
27.4761
26.1993
30.5865
27.3139
27.1055
27.1915
29.1086
29.4561
28.4685
28.696
35.7922
30.3235
36.0117
39.2617
38.8499
34.2206
32.0401
39.2356
40.9543
43.5711
55.1689
60.6387
68.9249
60.5625
51.4922
52.201
49.6431
40.2576
26.7328
