0.92755
1.13354
1.39426
1.44316
1.35008
2.53345
1.60343
2.64691
2.50253
2.59747
2.18779
2.17424
2.26639
2.54089
1.83954
1.99674
1.98543
2.10405
2.43217
2.34637
2.23982
1.88952
2.15245
1.9863
2.37953
2.34334
2.60757
2.44921
2.36244
2.5837
1.92186
2.04446
2.36947
2.07887
2.23124
2.26975
2.06807
1.94641
2.13771
2.30138
1.96006
1.60122
1.75975
2.26953
2.08353
2.00023
2.01405
2.0421
2.21757
2.31479
1.9132
1.87473
1.89101
1.97962
1.72567
1.59171
2.42534
1.8685
1.80471
1.33244
1.77546
1.40761
1.3446
1.51249
1.42736
1.62321
1.97636
1.35477
1.34788
1.57817
2.1456
1.72844
0.985423
1.69415
1.35146
1.70897
1.2832
1.53201
1.20298
1.4835
1.37964
1.24052
1.29262
1.40883
1.26137
1.16004
1.77216
1.45106
1.22337
1.39107
1.19964
0.967684
1.27456
1.11303
1.23729
1.1774
1.06759
1.41069
1.58787
1.48937
1.73479
1.47343
1.44821
1.39376
1.28543
1.25038
1.05819
0.940873
1.11894
1.08509
1.07849
0.861159
1.15527
0.886088
0.990473
0.995081
0.88982
