0.244762
0.468315
0.431369
0.413899
0.313967
0.366362
0.367783
0.396201
0.383694
0.473515
0.504544
0.521949
0.48077
0.520348
0.528652
0.475508
0.549338
0.626665
0.602046
0.610341
0.726357
0.716986
0.708288
0.596231
0.78981
0.823302
0.831122
0.898475
1.03277
1.11003
1.21737
0.989966
1.12485
1.02323
1.35183
1.02262
1.30456
1.08585
1.54367
1.34244
1.1871
1.33971
1.69265
1.52196
1.53797
1.43023
1.49623
1.65198
1.84458
1.42807
1.75035
1.90881
1.77316
1.7136
1.89931
1.68373
2.39362
2.08041
2.21109
1.61233
2.52142
1.76313
2.19646
2.36369
2.47763
2.14322
2.8105
2.58027
3.00709
1.72962
1.95264
2.53299
2.41435
3.0936
2.95933
2.88688
3.05743
2.99759
2.94172
3.66487
2.48048
3.07762
3.67694
3.2319
2.85187
2.79111
3.1397
2.60205
3.21151
3.48412
3.20757
3.10685
3.10307
2.91052
2.7049
3.0089
3.08904
2.4246
2.66275
3.24863
2.76929
3.0635
2.94954
3.08158
2.92975
3.01095
2.07574
2.7966
2.80443
3.18388
2.43265
3.14755
3.18772
2.83066
3.11991
3.16957
2.3901
2.13979
2.5153
2.48883
2.44171
2.71573
3.27729
3.03647
2.91064
2.47246
2.88937
2.54291
3.33673
2.74078
1.95934
2.52088
1.98503
2.27877
2.76238
2.72224
2.39995
2.87044
2.93961
3.21392
3.04559
3.40079
3.83049
