1.44855
2.63224
3.07146
0.995772
1.15479
1.28493
3.41531
4.38287
2.89735
3.00743
1.90958
1.19079
1.21425
1.54316
1.98184
3.77774
3.45467
3.07594
2.39723
2.47388
1.67048
1.89032
1.6288
1.71379
2.68865
3.07999
3.48152
3.83364
3.34509
2.74034
3.52278
4.32824
4.27656
3.31769
3.71084
3.63023
3.64336
4.30292
2.93819
2.96845
2.53472
2.51896
3.09943
3.89607
3.85035
3.01038
3.45791
3.27634
3.70012
3.78577
3.43984
2.80102
3.48222
3.09586
2.67914
2.1103
3.14406
3.21013
2.77394
2.0477
1.45265
2.02228
2.41206
2.35261
2.02997
2.33729
2.48236
2.37792
2.17835
2.38368
1.9936
1.8152
1.47841
1.12557
1.11865
1.82379
1.51071
1.76757
