0.687063
0.645586
0.697714
0.648435
0.629806
0.71182
0.656641
0.728079
0.725778
0.69945
0.765141
0.687538
0.728551
0.764866
0.761865
0.699968
0.685979
0.730954
0.710091
0.754391
0.7982
0.741706
0.76347
0.824575
0.797804
0.753901
0.761761
0.755533
0.661056
0.754042
0.764514
0.777622
0.697872
0.792167
0.731537
0.722932
0.730538
0.710623
0.798053
0.778555
0.763405
0.769716
0.788068
0.742919
0.76574
0.761366
0.693628
0.724672
0.684613
0.734421
0.710075
0.769274
0.70556
0.719671
0.714116
0.72606
0.744099
0.777623
0.744734
0.792531
0.707192
0.731851
0.673726
0.710883
0.738228
0.667086
0.664417
0.66868
0.715713
0.715055
0.69205
0.662622
0.671022
0.743933
0.683158
0.689879
0.694467
0.709864
0.700423
0.734073
0.738399
0.725757
0.733753
0.728569
0.731595
0.703664
0.724167
0.735596
0.78272
0.738343
0.732795
0.685405
0.737006
0.682547
0.731902
0.780453
0.689804
0.671489
0.688551
0.678563
0.671638
0.684048
0.660142
0.748583
0.745911
0.757717
0.706633
0.725265
0.709912
0.683644
0.721869
0.731188
0.669828
0.71428
0.770697
0.829825
0.766667
0.742005
0.67371
0.693922
0.736572
0.75027
0.73696
0.708504
0.679656
0.710721
0.704851
0.71584
0.694154
0.746025
0.718422
0.656695
0.748222
0.673851
0.693834
0.690594
0.71802
0.632181
0.702154
0.742074
0.675948
0.731461
0.694912
0.702928
0.732591
0.705615
0.701571
0.720605
0.656035
0.71911
0.703131
0.705109
0.703257
0.673641
0.685364
0.652797
0.617554
0.666171
0.709253
0.665909
0.660787
0.617347
0.70527
0.69409
0.66164
0.694326
0.691412
0.713767
0.658636
0.635098
0.66616
0.70685
0.690342
0.673617
0.677624
0.64739
0.658274
0.676835
0.628879
0.666139
0.659884
0.669537
0.645121
0.669794
0.668052
0.636202
0.621338
0.644766
0.674761
0.712274
0.666113
0.650082
0.679668
0.673564
0.68105
0.685115
0.649003
0.619752
0.702714
0.662976
0.629839
0.698481
0.658989
0.758067
0.694488
0.673329
0.700052
0.612703
0.667235
0.585839
0.646422
0.602729
0.658685
0.636259
0.593466
0.583589
0.575616
0.551267
0.573888
0.557783
0.580204
0.627535
0.588427
0.633949
0.658972
0.575083
0.593832
0.560713
0.603219
0.570003
0.543842
0.549688
0.546552
0.483403
0.586941
0.591533
0.542235
0.507169
0.480291
0.544025
0.552036
0.541299
0.525458
0.556366
0.547551
0.509376
0.536103
0.554688
0.518148
0.575763
0.551226
0.558002
0.537185
0.513335
0.55948
0.542545
0.559256
0.505239
0.536848
0.530217
0.532626
0.538084
0.560251
0.513855
0.494306
0.516377
0.51045
0.477323
0.515242
0.484989
0.446879
0.524437
0.493216
0.517394
0.448022
0.535638
0.529802
0.485287
0.491999
0.510543
0.523287
0.477556
0.495284
0.500395
0.454744
0.48604
0.451312
0.47373
0.523503
0.452658
0.512798
0.467064
0.459575
0.452451
0.487324
0.483256
0.436436
0.536256
0.507811
0.515695
0.486671
0.437622
0.457436
0.451663
0.51559
0.437537
0.430094
0.521163
0.480861
0.554572
0.463978
0.494209
0.487381
0.466698
0.457589
0.454703
0.469402
0.461112
0.469301
0.456689
0.413684
0.42746
0.481878
0.412866
0.447919
0.445276
0.45716
0.424979
0.489263
0.417273
0.445174
0.446198
0.411725
0.456551
0.422805
0.445202
0.431321
0.44055
0.42924
0.453714
0.437007
0.43026
0.402508
0.415053
0.378774
0.378758
0.440936
0.442536
0.406294
0.393455
0.39202
0.393142
0.427527
0.415955
0.439412
0.42579
0.377249
0.455259
0.449772
0.44305
0.395699
0.440688
0.445014
0.383782
0.424335
0.445013
0.404342
0.469405
0.431865
0.410397
0.403725
0.404981
0.418858
0.375632
0.39145
0.405504
0.380895
0.376246
0.405607
0.404172
0.40774
0.377924
0.393199
0.391637
0.43783
0.468977
0.394005
0.432313
0.418315
0.418637
0.369858
0.391358
0.40669
0.420809
0.37019
0.355424
0.358604
0.389777
0.380617
0.401031
0.365855
0.382899
0.385862
0.362409
0.427363
0.3687
0.409927
0.405661
0.385957
0.376228
0.383376
0.388295
0.363619
0.364394
0.369711
0.386432
0.371812
0.388116
0.378832
0.38362
0.413317
0.380449
0.377567
0.35674
0.364347
0.410282
0.365271
0.374875
0.36967
0.353562
0.345995
0.40541
0.359263
0.424015
0.332541
0.392207
0.358331
0.380034
0.355775
0.339827
0.351931
0.34009
0.326213
0.366035
0.382413
0.338778
0.402877
0.377233
0.334221
0.348796
0.342915
0.3838
0.370481
0.355441
0.378235
0.343689
0.325305
0.341168
0.354496
0.310426
0.348464
0.338857
0.35775
0.331119
0.331898
0.326834
0.363315
0.339746
0.338799
0.344881
0.36196
0.37148
0.361336
0.337518
0.345869
0.369156
0.323741
0.29664
0.303611
0.299303
0.308558
0.31161
0.312966
0.331694
0.349126
0.363738
0.340398
0.300484
0.336557
0.316264
0.3229
0.312633
0.307823
0.313158
0.286432
0.326272
0.309782
0.275999
0.296198
0.294157
0.299671
0.289179
0.287634
0.34743
0.293438
0.300952
0.297583
0.29683
0.301038
0.276815
0.303313
0.283794
0.268906
0.304838
0.291652
0.304787
0.301999
0.319977
0.296827
0.260725
0.294572
0.292874
0.295398
0.312782
0.294264
0.274969
0.278564
0.279897
0.277613
0.274373
0.279634
0.279318
0.279416
0.270382
0.282262
0.277622
