0.893637
0.856026
0.941078
0.900998
0.825147
0.771069
0.82029
0.942155
1.09506
1.10827
1.19769
1.1115
1.26868
1.32968
1.4959
1.39248
1.44737
1.40759
1.3312
1.43072
1.33723
1.4696
1.5831
1.63898
1.68847
1.74889
1.58815
1.41063
1.47346
1.45946
1.71
1.6899
1.50971
1.53722
1.72356
1.85298
1.98589
1.63297
1.41753
1.52492
1.55586
1.63538
1.96311
1.60923
1.76504
2.02551
1.80845
1.58892
1.65626
2.26359
1.84589
1.62524
1.86429
1.80672
2.03654
1.79623
1.89611
1.83088
2.04085
1.86039
1.90357
2.01929
1.86945
1.48142
1.9593
2.0759
1.7244
1.52774
1.98484
1.75469
1.96998
1.91039
2.01411
2.00177
2.39931
2.10102
2.45482
1.91399
2.1995
1.78694
1.45675
1.87168
1.76021
1.52288
1.81331
1.73179
2.01708
1.89538
2.13255
1.81244
1.65682
1.74716
1.86685
1.68626
1.69217
1.77227
1.84867
1.8672
1.83316
1.87582
1.65359
1.85211
1.79459
1.68619
1.65288
1.80701
1.73576
1.76143
1.82634
1.73501
1.97801
1.97866
1.95178
1.61711
1.85697
1.8797
1.92685
2.05173
1.63611
2.07432
1.98033
1.84513
2.04532
1.86113
1.83333
1.83302
1.92488
1.86282
1.72884
2.18933
2.09889
2.12299
2.05324
2.11525
2.02474
2.20661
2.18486
2.20164
2.2277
2.26895
2.14125
2.13275
1.97689
2.29662
2.2184
2.14389
2.00508
1.90284
2.18499
2.38001
1.89569
2.164
2.40546
2.51341
2.83404
2.34113
2.35245
2.69369
2.7671
2.47163
2.55873
2.47341
2.84986
3.05816
2.87893
2.57638
2.20375
2.78307
2.14609
2.08436
2.19215
2.1449
1.7232
1.88218
2.02848
1.95265
2.82849
2.49317
2.69182
2.03612
2.19351
2.25097
2.19276
2.62584
2.34212
2.1026
3.40622
3.76161
3.22386
2.74541
2.63976
2.77797
2.50668
2.68345
2.74086
2.64838
2.92373
3.01644
3.06207
3.3679
3.46341
3.00104
2.4304
3.17306
3.41083
3.32379
3.31633
3.42674
3.50505
3.49747
3.6108
3.75212
3.11088
3.08257
3.66165
3.96279
3.57225
2.71543
2.94745
2.85495
3.3273
2.7895
2.84429
2.91562
4.07938
3.80787
3.38838
3.92667
4.45012
3.38471
3.01148
3.32207
4.86964
4.74344
5.20777
2.59464
2.03424
2.65209
2.70954
2.73919
2.5422
3.02549
2.24345
2.29748
2.3847
3.13541
3.96342
3.87809
3.01536
2.30852
3.14178
3.64652
3.49603
2.60026
2.81594
3.00732
3.87754
3.74836
3.04504
2.79559
3.50363
3.14291
4.20561
3.10135
3.66158
4.78497
3.84613
3.75536
3.39067
2.98168
3.63978
3.50319
2.76892
3.24914
2.77645
2.11012
3.78954
4.8983
3.68177
3.81837
3.94274
3.62231
3.45826
2.59804
2.14817
2.73541
2.79014
3.65499
3.222
2.74064
4.22823
2.73838
3.19418
3.30655
2.80659
3.70465
3.89461
4.02024
3.04307
2.24667
3.36878
3.49932
2.24536
3.84555
3.23955
2.45168
3.09303
2.45694
2.5522
3.59974
2.20727
2.31536
3.984
2.82071
3.05508
2.67379
2.47903
2.48641
2.85707
2.21851
2.86554
1.935
2.40588
2.21567
3.27621
2.404
2.11274
2.43823
