3.01192
2.57063
3.31907
2.56282
3.07705
2.79566
2.93096
3.13526
2.98757
3.05068
3.07296
2.81557
2.97037
3.33214
3.20782
3.26893
3.126
3.203
3.32046
2.99458
2.77145
2.85044
3.11273
2.96942
2.74373
2.81147
2.576
2.4428
2.64971
2.40654
2.38832
2.72937
2.69372
3.14657
2.60212
2.38386
2.82729
3.03718
2.63759
2.83006
2.45505
2.93221
3.28342
2.95044
3.05632
3.21971
2.40439
2.6321
2.78387
2.80303
2.65304
2.21989
3.01208
2.81315
2.86616
2.37212
2.26308
2.32043
2.72667
2.47457
2.51795
2.45235
2.24655
2.39892
2.20247
2.35696
2.19846
2.16816
2.53663
2.54695
2.40208
2.37376
3.05108
2.79455
2.57487
2.81905
2.78071
2.58904
2.64474
2.48505
2.54013
2.4438
2.60743
2.602
2.4798
2.60958
2.32537
2.561
2.62228
2.23116
2.30852
2.12004
2.40766
2.19135
2.56281
2.19019
2.1786
2.25937
2.69626
2.42198
2.55426
2.63501
2.57026
2.78358
2.81061
3.00377
2.83495
2.6616
2.63267
2.71125
2.73488
2.47461
2.81452
3.18265
2.8432
2.49484
2.46165
2.71497
2.37359
2.43257
2.40857
2.33784
1.9672
2.29422
2.14554
2.51098
1.98407
2.07494
2.42529
1.805
2.12681
2.17204
2.21856
2.07818
2.16305
2.62171
2.16483
2.10696
2.42568
2.56283
2.60617
2.3706
2.25038
2.08985
2.22021
2.16934
2.46627
1.91571
2.42556
2.2369
2.64226
2.58209
2.4229
2.31269
1.94883
2.36058
2.54696
2.27219
2.42406
2.37782
1.78022
2.00584
2.18742
2.31968
2.01344
1.79662
2.18598
2.01755
2.18149
2.33658
2.21456
2.39407
2.20076
2.32274
1.98606
1.84092
2.03366
1.96802
1.90014
1.81506
1.88145
2.04577
1.92948
1.99178
1.89038
1.94929
2.15207
2.12835
1.8618
2.12256
1.69794
1.64678
2.10007
1.82662
1.62846
1.71566
1.60525
1.68737
1.79994
1.82301
1.65783
1.64266
1.72073
1.71026
1.76043
1.75594
1.70103
1.59139
1.58569
1.6377
1.85089
1.95989
2.05839
2.04835
2.1033
2.09377
2.04634
1.96626
1.92979
1.92699
2.15229
2.10967
2.13045
2.09802
2.05092
2.04432
1.99328
2.01886
1.97895
1.98444
1.93685
2.08879
1.98193
1.78139
1.93819
2.07893
1.74301
1.97446
1.94274
2.07365
1.99964
1.89759
1.84547
1.85655
1.75307
1.92649
1.8307
1.83341
1.834
1.86125
2.05118
1.70366
1.65526
1.76545
1.72221
1.84512
1.85879
1.93405
1.95253
1.70508
1.7637
1.749
1.90285
1.9498
1.88661
1.93749
1.81664
1.83733
1.93049
1.79448
1.86292
1.79674
1.86266
1.77947
1.88425
1.65353
1.737
1.89902
1.79745
1.74841
1.65434
1.74234
1.77885
1.8297
1.80916
1.73668
1.84491
1.88654
1.97022
1.7022
2.09279
1.94381
2.03345
1.68889
1.55864
1.80538
1.84081
1.75986
1.81013
1.87467
1.78877
1.69952
1.72384
1.84023
1.86331
1.66207
1.50607
1.66256
1.8701
1.76181
1.72983
1.76304
1.52855
1.68913
1.78102
1.63597
1.61299
1.72983
1.72342
1.84286
1.53325
1.71912
1.58928
1.85074
1.65533
1.68447
1.87498
1.53891
1.7187
1.82555
1.81573
1.78683
2.01706
1.98371
1.94803
1.87477
1.61388
1.93831
1.74643
1.78873
1.98251
1.83945
1.69696
1.64262
1.83693
1.83385
1.81705
1.77048
1.89636
1.70851
1.68765
1.65638
1.58085
1.90092
1.59561
1.66708
1.65164
1.66461
1.71483
1.88177
1.70669
1.74097
1.56997
1.58123
1.83438
1.8155
1.81473
1.98085
1.67054
1.72402
1.7397
1.7982
1.68308
1.82683
1.79756
1.63671
1.64183
1.56797
1.56753
1.64309
1.76936
1.30816
1.63665
1.48577
1.6069
1.73244
1.85533
1.72589
1.7928
1.86038
1.69804
1.62745
1.58415
1.523
1.41054
1.41405
1.42781
1.57998
1.49592
1.55535
1.62869
1.61824
1.57387
1.5283
1.46863
1.53108
1.58243
1.65772
1.702
1.54765
1.63163
1.63537
1.80631
1.96872
1.84053
1.60143
1.36789
1.51738
1.37553
1.56138
1.54245
1.5901
1.50581
1.50168
1.57884
1.54558
1.4395
1.48217
1.50014
1.19757
1.40688
1.36426
1.494
0.974572
1.26298
1.09908
1.23195
1.11468
0.80297
0.956893
0.757402
0.941175
1.09063
1.07835
1.33477
1.13689
1.20744
1.05471
1.0033
0.815981
0.991437
1.14432
1.04211
1.18856
1.08599
1.26845
1.27914
1.2521
1.03032
1.09143
1.16389
1.49694
1.40329
1.07487
1.20393
1.23245
1.07717
1.0217
1.23037
1.09202
1.27945
1.05164
1.16221
1.15242
1.16861
1.09658
1.12587
1.22048
1.25856
1.08553
1.11482
1.16301
1.05227
1.112
1.24019
0.816038
0.952577
0.745178
0.95483
0.805027
0.922048
0.789382
1.00845
0.813465
0.910094
0.907327
1.10257
0.971511
0.738588
0.829267
0.974489
0.993965
0.945532
0.926143
0.979164
1.07347
1.04523
1.25962
0.872733
0.792761
0.956744
0.838988
0.975679
0.970897
1.03262
0.966263
0.975921
0.963273
0.886306
0.794741
0.916466
0.918148
0.808643
0.749921
0.919383
0.979126
0.976211
1.03629
1.02695
0.908603
0.822566
0.922064
0.882893
0.997095
1.01326
0.997456
1.0692
1.03962
1.1716
1.15401
1.16741
1.01787
1.03306
0.978671
1.03369
0.967884
1.04051
0.810991
0.837753
0.961381
1.12085
1.14355
0.754694
0.799425
0.924485
0.896861
0.930535
0.861665
0.89206
0.943323
0.898857
0.908021
1.00163
0.914537
0.799147
0.875737
0.877247
0.865565
0.980673
1.01274
1.0423
0.851777
0.884821
1.07998
0.913425
0.854513
1.03462
0.988647
0.891669
0.818186
0.98975
0.945173
0.970045
0.978002
0.845946
0.882161
0.937018
0.993395
1.08055
1.01504
1.01589
1.02562
0.985148
0.977766
0.945256
0.940725
0.880419
0.975509
0.938433
0.972431
0.835914
0.96336
0.913907
0.885169
0.974703
0.956633
0.952551
0.947425
1.00141
1.00596
0.984216
0.896377
0.960035
0.973931
0.972553
0.945538
0.936151
0.98245
0.935469
0.957941
0.967636
0.957173
0.888441
0.896439
0.890767
0.842826
0.894304
0.810789
0.913753
0.85654
0.873743
0.919307
0.824995
0.896748
0.892803
0.921901
0.839556
0.893056
0.935436
0.924175
0.96633
0.922091
0.893532
0.903077
0.869508
0.827179
0.768631
0.903028
0.908129
0.876644
0.803621
0.827585
0.945021
0.862949
1.01037
0.974512
0.921593
0.968843
1.01307
1.01381
1.0997
0.934555
0.994416
0.984899
0.971476
0.944965
1.00696
1.09957
0.998679
1.00683
1.06573
1.09446
1.04763
0.971625
0.927568
0.852241
0.952925
0.978871
1.00259
0.964071
1.05697
0.986169
0.931296
1.00662
0.967423
1.17607
1.09897
1.10724
1.00395
1.00932
1.11869
0.869928
0.954752
0.935406
0.999361
1.02731
1.00019
0.924969
0.975084
0.983991
0.965584
1.06929
0.990231
1.02813
0.913785
0.948827
0.913725
0.95493
1.00072
0.998946
0.989291
1.23578
1.08798
1.04013
0.940556
0.968445
0.980134
1.04024
0.978709
1.08281
1.10415
1.06002
1.06953
1.08017
1.10628
1.1071
1.09493
1.08058
1.14984
1.1219
1.17293
1.14072
1.04386
1.23169
1.15659
1.17951
1.24332
1.25034
1.14005
1.21058
1.2254
1.23448
1.21348
1.21314
1.27694
1.31968
1.18715
1.23631
1.36207
1.28815
1.1577
1.35539
1.31674
1.29455
1.45705
1.39204
1.23449
1.24557
1.22098
1.15005
1.21485
1.21644
1.12248
1.22406
1.3867
1.21366
1.37612
1.46053
1.46342
1.31867
1.49389
1.4209
1.50881
1.41217
1.17977
1.27783
1.16958
0.981227
1.14068
1.03804
1.04772
0.980231
1.07681
1.24389
1.06624
1.02355
0.944511
1.08661
0.898302
1.01593
1.03295
1.38121
1.0364
1.01389
0.939326
1.02682
0.91493
0.946732
0.942705
0.992234
1.05503
1.0152
1.08064
1.11003
0.820782
1.07955
1.16774
1.20507
1.11084
0.980609
0.856527
0.902613
0.884438
0.6759
0.645881
0.602884
0.646609
0.598279
0.627484
0.586672
0.552415
0.60865
0.607328
0.48943
