0.18724
0.209411
0.201005
0.209036
0.161599
0.154705
0.1576
0.148699
0.16381
0.162016
0.190344
0.182587
0.237551
0.235322
0.253233
0.295502
0.237109
0.303352
0.319752
0.32115
0.306542
0.35104
0.325013
0.387344
0.371683
0.384903
0.342996
0.353363
0.42065
0.416182
0.454945
0.512155
0.505259
0.675843
0.460148
0.459304
0.460244
0.549298
0.490025
0.806435
0.49314
0.482176
0.603449
0.499312
0.619297
0.572997
0.604462
0.665475
0.598292
0.606905
0.620675
0.68827
0.686677
0.692859
0.594407
0.778555
0.720079
0.988992
0.791445
0.908399
1.00753
0.823833
0.799248
0.856737
1.05694
0.92842
1.00245
1.14996
0.88874
1.03033
0.791181
0.836145
0.928869
1.1168
1.01516
1.04737
0.80725
0.889186
1.0827
1.0445
1.06961
0.892484
1.09524
1.11157
1.30216
1.07378
1.02047
1.38538
1.02809
1.20166
1.37013
1.14104
1.10609
1.27465
1.166
1.1446
0.947483
1.09844
1.43503
1.31258
1.32338
1.17423
1.51579
1.51255
1.23824
1.51222
1.62523
1.44953
1.38792
1.46987
1.07134
1.20858
1.75597
1.4978
1.04609
1.40026
1.52939
1.80136
2.18402
1.54692
1.74571
1.98201
1.97495
1.93078
1.94308
1.99701
2.00889
1.86282
2.16119
2.21455
2.42777
2.05513
1.97156
2.1067
1.46747
1.73746
2.07352
2.09222
2.26063
2.08946
1.78388
2.07111
2.05441
1.74189
1.94041
1.84691
2.24387
2.06883
1.93815
1.85592
2.33547
1.96226
2.27113
2.09654
2.41123
2.39368
2.87435
2.19133
2.41338
2.247
2.37081
2.2968
2.53917
2.3713
2.07147
2.38526
2.6243
2.28878
2.68283
2.99706
3.1396
2.75243
2.18678
2.60412
2.56289
3.01037
2.04843
2.56418
2.47944
2.85951
2.7246
2.91982
2.62825
2.45978
2.81372
2.39643
2.54932
3.1857
3.15168
3.10215
2.6097
2.03115
2.3596
1.80908
1.9138
1.79965
2.05473
2.44095
2.24474
2.17534
2.53431
3.24756
3.01037
2.74289
2.94291
3.11887
2.764
2.93853
