0.140208
0.135312
0.170439
0.183563
0.227894
0.270167
0.230397
0.223866
0.283181
0.262708
0.304631
0.384331
0.427469
0.491604
0.522829
0.573567
0.573424
0.577306
0.687543
0.863507
0.966024
0.997106
1.01423
1.0145
1.01222
0.89231
1.04181
1.25045
1.11512
1.10853
0.992609
1.12059
1.26352
1.26276
1.33875
1.27523
1.33427
1.54924
1.41918
1.66854
1.70092
1.93612
1.84538
1.7909
1.83606
1.72878
1.71588
1.95811
2.16372
2.10074
2.13159
2.04679
2.10923
2.06431
2.21276
2.19922
1.92829
2.02385
2.42121
2.16042
2.37555
2.3833
2.39679
2.3265
2.53365
2.77398
2.56507
2.5001
2.71437
3.0017
2.36522
2.62003
2.62562
3.02613
3.39741
2.8693
3.01342
2.95989
2.83128
2.96943
2.87675
3.02416
3.10713
3.12779
3.28757
3.33752
3.05886
3.58117
3.19568
3.48145
3.24693
3.05973
4.59588
3.94417
3.48793
3.79139
3.90142
4.37374
4.38955
3.60822
3.74453
3.44197
3.85511
4.21036
4.04038
3.62441
4.49199
4.52224
5.11432
3.84581
3.79589
3.90669
4.00334
4.26551
3.69566
4.21524
4.39663
3.14909
6.85563
2.33317
3.67516
2.63138
2.57365
2.23851
1.37067
1.9263
2.32978
2.30605
2.92153
2.56469
