0.813126
0.847513
0.732586
1.03082
1.5409
1.6114
1.36509
1.37424
1.31779
1.53776
1.85756
2.01057
1.941
1.64959
2.46962
1.53579
2.54499
2.44901
2.53054
1.97493
2.11748
1.75429
2.12833
2.54219
2.59194
0.996979
1.24646
3.03894
2.4095
3.24009
2.1177
2.7273
2.54555
3.10812
2.24567
3.93071
3.10054
2.61632
2.55239
2.22611
3.06232
3.0313
3.43838
3.10065
2.55702
2.93281
3.36628
2.52254
3.74912
3.08434
3.44559
3.35741
2.65754
3.53387
3.71286
2.89017
2.57052
3.76607
2.09494
3.31066
2.90882
2.64426
3.26108
4.24925
3.46491
2.91123
3.46766
4.00613
3.34193
3.0754
3.49602
3.21894
3.67916
3.48985
2.87871
3.61979
3.34406
4.42554
4.34844
3.469
3.37378
4.46406
4.44185
3.66835
4.24937
3.53762
3.15463
5.06915
3.74738
4.56592
3.69626
5.81102
4.40425
4.2972
4.39295
4.23612
4.08785
4.16041
3.34708
4.6284
3.65439
3.96999
4.27752
4.16265
3.90149
4.61277
3.99503
3.79251
4.61394
4.94206
4.85209
4.37144
4.73976
5.041
3.71854
4.29748
4.79714
