1.750860
2.302640
2.320590
2.412500
2.453540
3.222750
3.109780
3.293820
4.670460
3.659670
3.504430
3.292900
4.040810
3.471070
3.389490
4.422090
5.207050
5.434410
4.718270
6.485180
6.260800
5.758690
6.104190
6.283620
7.737410
7.388140
7.349390
7.137140
7.767830
6.554050
7.835440
6.568160
6.974910
6.453730
5.388550
6.607380
6.861700
6.408150
6.439430
6.018200
5.201670
6.904600
6.387690
5.896450
6.252740
6.002880
6.648310
7.623140
5.842530
7.168120
6.361500
6.214410
7.004280
6.932800
7.325600
7.446540
7.229630
6.183740
6.169040
7.250970
7.620750
8.112260
7.340500
6.846250
6.969650
6.575550
7.022130
6.322120
8.268150
6.709090
6.310480
7.682560
7.691300
6.352130
6.819650
7.065460
5.921250
7.423340
6.487450
7.491890
6.949370
6.236350
6.825130
8.493510
7.204600
7.024420
4.974020
4.452380
6.575430
5.943120
7.777620
8.295520
7.918100
8.119750
7.566880
11.392800
10.315400
12.634500
13.030500
10.192600
7.326090
10.487800
8.454480
7.362110
12.423500
5.629080
4.161160
4.857940
3.722120
