1.63478
1.64739
1.71206
1.91276
2.00429
2.60411
3.34963
4.5054
5.80377
6.87022
6.14104
3.53537
3.6491
3.30385
3.53391
3.20338
2.95691
3.20125
3.69059
4.02681
4.61681
6.41564
8.83464
12.6571
10.2654
7.40761
5.71758
5.50128
3.50068
3.28713
3.50702
3.28243
2.83112
3.75764
2.94293
2.8834
3.29553
3.47862
3.61602
3.3347
3.80921
3.26533
2.51414
3.01488
2.76594
2.9142
3.45438
2.69941
2.33057
2.21257
2.31722
2.38573
2.54969
3.05382
2.42782
2.34748
2.16081
2.29108
2.42307
2.22707
3.20125
4.00955
3.27746
3.54085
3.63078
3.16665
3.10514
3.30994
3.20806
3.4502
2.98955
2.82522
3.48997
3.83085
2.91493
2.77675
3.40615
2.7862
3.56687
3.05838
2.86043
2.30195
2.67371
2.80417
2.59568
2.66357
2.64504
2.47714
2.79692
2.38635
2.46002
2.55015
2.37971
2.43109
2.50498
2.44447
2.38824
2.79383
2.35201
2.28681
2.38094
2.40503
2.37866
2.68358
2.36061
2.07771
2.38109
2.2845
2.25411
2.15015
2.12711
2.2287
2.1885
2.32122
2.09358
2.14071
2.05775
2.26486
2.13445
2.0805
2.25095
2.15946
2.10459
2.33555
2.16329
2.13876
2.13381
2.03828
2.18862
2.26079
2.06678
1.92478
1.95405
2.29272
2.01078
1.95091
1.95401
1.94916
1.98372
1.9053
2.13393
1.84261
2.04007
1.97824
2.01971
1.86878
1.83886
2.01871
1.97967
1.87803
1.66008
1.88936
1.96538
1.79103
1.86851
1.75513
1.90725
2.0213
1.81688
1.91827
1.94701
1.69402
1.72252
1.77589
1.80168
1.62718
1.64026
1.73275
1.87853
1.59637
1.7554
1.82273
1.66852
1.61881
1.72857
1.62131
1.80127
1.78921
1.94258
1.84826
1.75482
1.64834
1.50447
1.53218
1.60929
1.61657
1.45765
1.54001
1.44342
1.47848
1.63918
1.59373
1.66623
1.45413
1.36958
1.64914
1.56092
1.51291
1.4552
1.63166
1.60998
1.5978
1.39237
1.5083
1.30895
1.41139
1.46324
1.5055
1.49651
1.57706
1.52852
1.54788
1.5022
1.54465
1.5514
1.524
1.42627
1.4741
1.33322
1.54235
1.5635
1.49848
1.06538
1.59927
1.41923
1.46959
1.50999
1.41593
1.4358
1.51127
1.43544
1.46427
1.4204
1.43619
1.31112
1.38854
1.59028
1.27276
1.18171
1.34
1.35707
1.28521
1.38817
1.35919
1.31961
1.41264
1.4801
1.24295
1.33614
1.22996
1.28165
1.11088
1.28857
1.10966
1.27689
1.60867
1.69801
1.48433
1.34886
1.47422
1.41276
1.56177
1.67384
1.37975
1.26767
1.35597
1.34929
1.45754
1.30184
1.11721
1.13365
1.13413
1.10619
1.27574
