0.196567
0.210997
0.205683
0.19986
0.198085
0.191278
0.196792
0.191619
0.182232
0.207614
0.251999
0.289127
0.292814
0.331022
0.465449
0.366058
0.643145
0.65151
0.830566
0.763471
1.27495
1.5802
1.74597
1.78706
2.01124
1.73628
1.42644
1.53556
1.35454
1.35839
1.29882
1.08735
0.995084
0.663802
0.776631
0.468984
0.507587
0.42336
0.557727
0.715959
0.830496
0.732536
0.778492
0.852594
1.13307
0.839123
0.959577
0.823156
0.420835
0.907747
0.746575
0.775047
0.771646
0.661644
0.888775
0.829082
1.13118
0.98497
0.677343
1.00366
0.691401
0.695441
1.16001
0.577012
0.871368
0.402474
0.457679
0.608405
0.395245
0.764642
0.763109
0.477314
0.5558
0.606093
0.770882
0.501309
0.690787
0.693063
0.833053
0.599135
0.463022
0.501587
0.439825
0.603497
0.527435
0.502053
0.842494
0.888986
0.55979
0.526569
0.639025
0.428117
0.709014
0.700446
0.741207
0.738339
0.707676
0.784987
0.443954
0.833975
0.649398
0.684449
0.510274
0.895371
0.829589
0.640382
0.7253
0.580635
0.360843
0.531804
0.443072
0.649301
0.668603
0.590611
0.249533
0.431489
0.335244
0.26304
0.316269
0.554528
0.51974
0.555391
0.740102
0.449914
0.588334
0.515893
0.267379
0.203821
0.224248
0.174221
0.317
0.39225
0.325324
0.251817
0.330364
0.304363
0.448178
0.36915
0.350392
0.300978
0.261804
0.725398
1.01888
0.3926
0.324823
0.629948
0.577634
0.490859
0.530478
0.578317
0.468872
0.491965
0.467413
0.54316
0.571951
0.611703
0.603919
0.53442
0.561671
0.614188
0.454488
0.425305
0.387391
0.440219
0.531042
0.595844
0.507732
0.453761
0.417876
0.405511
0.347137
0.285383
0.286007
0.302001
0.421883
0.352526
0.314027
0.394648
0.340344
0.333423
0.188073
0.31375
0.367687
0.181113
0.372214
0.427452
0.274789
0.283311
0.369473
0.254967
0.354506
0.406702
0.329433
0.254074
0.26018
0.27297
0.218415
0.311863
0.42035
0.296062
0.312055
0.31783
0.228494
0.267116
0.218923
0.238565
0.178764
0.328632
0.213969
0.232899
0.292514
0.669645
0.385127
0.316883
0.316648
0.114229
0.100024
0.179914
0.244592
0.141094
0.138648
0.13016
0.193954
0.239782
0.156738
0.15548
0.161113
0.257271
0.446409
0.249437
0.202422
0.202393
0.141619
0.213529
0.234015
0.317856
0.153215
0.247293
0.174068
0.214441
0.169361
0.189136
0.256371
0.245965
0.247208
0.243768
0.183469
0.147118
0.253718
0.273445
0.261372
0.22919
0.238397
0.240048
0.17149
0.179229
0.19652
0.169422
0.265094
0.280771
0.181916
0.0846588
0.170063
0.179307
0.237584
0.196913
0.113744
0.235361
0.324886
0.156765
0.126827
0.152673
0.157395
0.297046
0.185232
0.310642
0.223915
0.201908
0.206848
0.154651
0.138525
0.152125
0.17651
0.202033
0.199581
0.196787
0.230672
0.267592
0.264936
0.191231
0.165932
0.185615
0.170045
0.167124
0.171223
0.17311
0.215205
0.200817
0.222526
0.309859
0.213278
0.143159
0.129323
0.195643
0.16641
0.171159
0.16011
0.202103
0.229434
0.161519
0.140242
0.158212
0.198958
0.211507
0.121878
0.287687
0.175215
0.169223
0.104837
0.148522
0.168286
0.200183
0.182787
0.177705
0.165928
0.208977
0.187699
0.162617
0.15813
0.27034
0.290517
0.171831
0.178038
0.195227
0.203156
0.173477
0.177186
0.190163
0.145356
0.217287
0.221582
0.16311
0.108974
0.200722
0.251458
0.247148
0.14929
0.164377
0.164273
0.181394
0.158032
0.202853
0.184241
0.20768
0.206585
0.187765
0.209005
0.232853
0.188273
0.211054
0.14327
0.163743
0.198385
0.214197
0.164697
0.16476
0.212194
0.171908
0.193109
0.215773
0.153854
0.156115
0.177697
0.214532
0.203991
0.168902
0.130536
0.150446
0.23114
0.225575
0.13317
0.224861
0.298598
0.324717
0.317459
0.252025
0.336896
0.231405
0.14279
0.13719
0.214992
0.202803
0.143296
0.124338
0.13424
0.108637
0.118621
0.145661
0.231796
0.23292
0.254691
0.175225
0.204369
0.238065
0.303256
0.227402
0.243118
0.26041
0.213985
0.284691
0.149671
0.198928
0.223813
0.239352
0.21932
0.155961
0.17309
0.17837
0.190796
0.148112
0.252352
0.275517
0.174417
0.190059
0.178439
0.221146
0.18137
0.224251
0.161467
0.167165
0.187544
0.241023
0.258181
0.231609
0.282447
0.347657
0.195843
0.187657
0.166902
0.169033
0.173741
0.21328
0.252253
0.237527
0.225586
0.21206
0.188372
0.197
0.199202
0.198905
0.177484
0.307648
0.189505
0.249258
0.2787
0.257917
0.202363
0.196648
0.222605
0.328627
0.242019
0.209394
0.228739
0.157
0.278626
0.259308
0.249465
0.189428
0.181638
0.204072
0.218609
0.195142
0.217496
0.257336
0.195135
0.154588
0.182869
0.172743
0.192128
0.144909
0.116598
0.132828
0.106697
0.320218
0.382667
0.461458
0.401864
0.252036
0.239387
0.225847
0.251732
0.256015
0.210695
0.1842
0.206822
0.155674
0.188633
0.233618
0.202926
0.206303
0.175648
0.1773
0.205143
0.175788
0.234976
0.213803
0.186475
0.171773
0.245044
0.188978
0.17502
0.153216
0.169509
0.122136
0.159503
0.160882
0.181851
0.16409
0.237516
0.2858
0.246826
0.276469
0.245814
0.237665
0.230092
0.196248
0.164762
0.171696
0.169168
0.244281
0.260963
0.244681
0.313435
0.316769
0.315912
0.349432
0.337475
0.283168
0.288051
0.184819
0.287849
0.21787
0.250958
0.173483
0.211186
0.302685
0.235298
0.240082
0.201781
0.21643
0.224569
0.173953
0.115586
0.248703
0.229583
0.18426
0.186206
0.157649
0.149945
0.282439
0.274204
0.257358
0.297028
0.379551
0.444395
0.347106
0.324138
0.283199
0.230296
0.283958
0.251966
0.234403
0.286701
0.276497
