8.48359
10.929
11.6155
12.073
10.6836
11.1892
11.4256
12.2905
11.107
10.9014
11.86
11.9975
12.2002
12.0401
11.7203
13.6473
13.1497
12.5811
13.003
12.5009
13.219
13.3733
14.3034
13.6428
14.1525
15.4313
13.138
15.873
17.6353
18.3618
17.6539
17.0827
17.2241
17.5698
19.5502
19.2127
21.3158
19.0632
19.8809
21.5667
21.2451
21.8525
22.1188
23.8168
24.1957
23.5827
25.397
25.9472
27.4519
24.9181
24.7482
26.6249
23.1751
25.3274
26.7723
25.3307
24.2366
22.4385
22.1344
27.572
20.7479
20.9126
24.0105
21.6316
21.8603
22.4575
21.9785
24.1957
24.2321
26.9308
26.2085
22.0196
25.4853
24.2056
22.3976
24.9875
20.1789
22.0524
24.3183
25.7343
23.3649
24.8682
30.5974
22.9406
26.5886
27.6243
30.6907
32.8829
35.34
27.3944
37.3952
42.4302
37.4042
44.1518
32.3819
46.2899
39.6745
48.2779
39.1881
30.251
28.3954
42.3765
52.2371
22.714
38.4149
