2.4767
3.76243
2.47427
2.86969
2.26868
3.14895
6.05808
7.40953
5.91551
7.75894
7.93273
7.99099
6.42851
5.24562
4.13641
4.85701
3.682
4.06066
4.34559
4.39628
3.57504
4.15516
4.17806
3.8857
4.34217
3.81596
3.28281
3.12541
2.95181
3.46206
3.2936
3.60346
3.63619
3.70182
2.97242
3.01132
3.03002
2.45635
3.13843
3.04391
3.353
3.27964
3.19433
2.98712
2.56413
2.56678
2.71936
2.64146
2.93627
3.04831
3.20427
3.18608
2.84342
2.93047
2.94103
2.96186
2.96527
2.44801
2.61826
2.53345
3.69596
2.87996
2.77517
2.89275
3.28313
2.33137
2.99755
3.35271
3.02808
2.83239
2.70073
2.9287
2.70107
2.6626
2.84632
2.98667
2.99503
3.00897
2.728
2.42863
3.81879
2.50722
3.2772
2.42465
2.91601
3.02393
2.34523
2.86621
2.51206
2.86834
2.48449
2.60256
2.07492
2.26317
2.79872
2.5099
2.42898
2.44664
2.61044
1.98885
2.7479
2.78176
2.46286
2.93471
2.42773
2.55606
2.7426
2.25032
2.66091
2.25927
2.45805
2.17668
2.20659
2.48835
2.01264
1.9406
2.45972
2.28864
2.6984
2.54052
3.22421
1.9036
2.26791
2.06859
1.97388
2.152
1.95984
2.2607
1.673
2.22643
2.15017
2.22043
2.40331
2.13525
2.68191
1.58224
1.79261
1.83091
2.0851
1.77169
2.11433
1.82208
2.11947
1.73143
1.75216
1.7839
2.39102
1.95428
2.03986
2.11194
1.98635
1.69322
1.58457
2.29732
2.12379
2.34594
2.16532
1.698
2.46218
2.33397
2.09749
1.93847
1.96434
1.6036
1.83365
1.63389
1.58473
1.58856
1.57233
1.57641
1.85153
1.48184
1.42951
1.52193
1.77938
1.49884
1.59183
1.74849
1.57414
1.3585
1.3494
1.48964
1.57923
1.50109
1.51795
1.63294
1.40082
1.4856
1.37938
1.32892
1.56815
1.45874
1.49899
1.29861
1.49158
1.36791
