0.257908
0.285683
0.3309
0.645146
1.15398
1.3955
1.29673
1.43734
1.30544
1.2369
1.39276
1.37069
1.17289
1.55521
1.01161
1.49597
1.35484
1.31555
1.07346
0.940054
1.13043
1.07388
0.914869
0.8753
0.889698
1.11181
1.2225
1.2453
1.09812
1.00172
1.19987
0.995337
1.11508
1.05934
1.10185
0.897583
1.0841
1.12697
0.978251
1.08702
0.936529
1.20348
1.10264
1.19959
1.34289
1.03537
1.02818
1.15858
1.24865
1.11934
1.06261
1.12504
1.16112
1.12524
1.12505
1.3264
1.07992
1.00382
1.08437
1.01687
1.0013
1.30584
1.22643
0.9597
1.16339
1.05236
1.16817
1.27178
1.16489
1.08633
1.15059
0.863068
0.979844
1.20697
1.11807
1.08904
1.26898
1.19062
1.18257
1.26136
1.17165
1.26376
1.01168
0.976663
1.25058
1.1257
1.00612
1.03633
1.11829
0.687068
0.961183
1.14291
1.06729
1.03673
1.25025
1.0642
1.09468
1.00939
1.19927
1.11396
0.896835
1.06009
0.934006
0.951194
1.03873
0.976717
0.802414
0.729963
1.06656
0.866108
0.985659
0.878142
0.911394
1.06664
0.99778
0.953166
0.731216
1.04891
0.917329
0.746601
1.01122
1.06514
1.01272
0.880879
0.870672
0.94953
0.979028
0.931783
1.00723
0.778941
1.01852
1.00519
0.9212
0.713743
0.884774
0.956048
0.742472
0.776388
0.792008
1.03729
0.857058
0.66294
0.956846
0.818758
0.756224
0.745641
0.759426
0.761178
0.907858
0.707224
0.598093
0.735423
0.858843
0.581817
0.82059
0.82916
0.750733
0.777873
0.516572
0.706268
0.591529
0.528637
0.560058
0.653381
0.628568
0.732385
0.679227
0.608633
0.521814
0.474355
