1.26258
1.58053
1.91139
1.9473
2.23522
2.05223
2.62449
2.1967
2.24901
4.00057
5.13784
4.40022
4.74867
4.3786
3.98556
4.32014
4.17898
3.309
2.65961
2.71391
2.62441
2.45989
2.35907
2.38061
2.48389
2.22233
3.02088
3.33587
2.8525
2.97003
3.38526
2.88484
3.50738
3.01392
3.48956
3.40565
3.33464
3.17605
3.56365
3.37955
3.51453
3.42381
3.15843
3.48442
3.6185
3.05566
2.96298
2.9414
2.5842
2.69802
2.8844
2.8532
2.86112
2.99224
3.04972
2.84938
2.51182
2.8625
2.53827
2.51491
2.61154
2.55716
2.21189
3.13867
2.95445
3.01584
2.7402
2.93485
3.09504
3.04117
3.17929
2.90872
3.15854
3.33517
3.23233
2.72921
2.65624
2.97902
2.99429
2.57591
3.04508
2.89024
2.73481
3.08556
3.06775
2.6635
2.78032
3.00576
2.45494
2.80236
2.57516
2.86691
2.79464
2.69243
2.63141
2.64522
3.16976
2.58414
3.08863
2.9232
2.52267
2.56837
2.56983
2.52169
2.75638
2.57261
2.6299
2.5625
2.06515
2.29149
2.38273
2.45587
2.36399
2.23075
2.24553
2.47223
2.34381
2.1834
2.43697
2.10601
2.11851
2.27262
2.19287
2.61125
2.20791
1.93959
2.28516
2.03895
2.32309
1.80907
2.13524
1.97592
2.08989
1.85667
1.81751
1.98579
1.57611
1.86234
1.76925
1.89275
1.6849
1.94715
1.65952
1.80807
1.74212
1.5705
1.4883
1.92704
1.72686
1.49951
1.83073
1.63763
1.62488
1.44923
1.54179
1.59083
1.59652
1.36406
1.50803
1.62199
1.27935
1.51146
1.52964
1.41592
1.36552
1.42809
1.45361
1.2134
1.40319
1.3703
1.17775
1.31255
1.53619
1.27509
1.21069
1.25496
1.27976
1.05167
1.31069
1.2356
1.36707
1.02095
1.05657
1.29355
1.19295
1.28008
1.00604
1.06051
1.13162
1.16074
1.00941
1.07023
1.15204
0.960811
1.03313
1.21512
0.966639
1.07716
1.00296
1.03242
1.03856
1.18084
0.989519
0.772058
1.04925
1.20258
0.953887
1.03029
1.0146
0.968809
0.901934
0.978886
0.819707
0.988079
0.80946
0.916728
0.841832
0.999459
0.816194
0.903118
0.850995
1.1515
0.698827
0.974762
0.910178
0.952309
1.03146
0.828711
1.086
1.07484
0.888622
0.713541
0.810705
0.869767
0.868313
0.907742
0.885694
0.786403
0.706062
0.841848
0.786188
0.864864
0.769677
0.774621
0.685009
0.732624
0.836878
0.88777
0.864311
1.02044
0.869998
0.857876
0.83446
0.895089
0.947475
0.835742
0.818805
0.856242
0.669834
0.856031
0.858797
0.871389
0.721161
0.928483
0.769118
0.792961
0.880084
0.780816
0.806552
0.830273
0.839107
0.804694
0.974135
0.706837
0.826316
0.855177
0.790033
0.979716
0.831389
1.07394
0.800707
0.816196
0.88196
0.76773
0.838881
0.777019
0.84092
0.826335
0.699089
0.755372
0.783313
0.663175
0.791886
0.71457
0.549735
0.616572
0.584617
0.713614
0.646188
0.543315
0.564104
0.603912
0.688959
0.608742
0.555774
0.528106
0.653883
0.521775
0.669202
0.686054
0.514276
0.556103
0.536456
