0.689187
0.614389
0.696812
0.633655
0.653559
0.654916
0.658918
0.711604
0.719
0.743719
0.84871
0.912481
1.04581
1.40209
2.03289
1.7452
1.90476
2.03467
5.81044
5.8504
5.1125
5.48343
5.67693
4.25931
4.85595
5.9763
9.46451
7.71825
2.30177
1.61431
1.68797
1.65025
1.2572
0.939472
0.897543
0.930472
0.884183
0.93428
0.858764
0.878453
0.984108
0.953628
1.04126
1.12316
1.37124
1.32674
1.97328
3.02699
4.97894
5.00402
5.3161
4.73266
5.56744
4.82125
3.8465
3.32162
3.66406
3.56914
3.96759
3.39226
4.08974
4.17334
3.426
4.10033
3.83576
4.67742
3.56816
3.66557
4.34434
4.53085
3.82085
4.65499
3.72398
3.5384
4.19087
4.19717
3.39301
3.87187
3.34878
3.54798
3.7997
4.10155
3.43431
3.7631
3.36672
4.05596
4.31182
3.25233
3.66715
4.13326
3.86375
3.80834
3.20764
3.78141
4.25956
3.88825
2.98639
3.82264
3.67898
2.87584
3.31506
4.08489
3.53946
3.63698
3.26156
3.14494
3.62636
3.41026
3.32696
3.30563
2.85934
3.68118
3.33358
3.93502
3.22022
2.58309
3.64538
3.0171
3.4374
3.04147
3.49503
3.0486
3.11169
2.98588
3.5391
3.2196
3.63136
3.16286
2.74309
2.78723
2.49528
2.93918
3.15599
2.75055
2.62016
2.60885
2.8517
2.4236
3.23751
2.38152
2.23284
2.77049
2.12139
2.39921
2.27342
2.33302
2.13491
1.96267
2.60235
2.53566
1.93817
2.37091
2.11409
2.10115
2.0449
1.89614
2.05205
2.00987
1.91819
2.31536
2.53904
2.02523
2.37798
2.2217
1.93228
1.86302
1.62904
1.76368
1.75503
1.92838
2.30452
2.14114
1.60751
1.68831
1.57948
1.25203
1.81927
1.45528
1.30712
1.49454
1.38845
1.37212
1.27826
1.21403
1.34232
1.29496
1.48137
1.17467
1.19027
1.19133
1.0505
0.992196
0.938055
1.00397
0.847291
0.90397
