0.0630243
0.0478949
0.0483546
0.0534141
0.0569366
0.0465279
0.0634149
0.0774151
0.0761159
0.119229
0.184854
0.246782
0.187185
0.0894173
0.0762742
0.107004
0.0992233
0.0949907
0.104568
0.12593
0.165829
0.164969
0.173104
0.170401
0.19267
0.16911
0.172809
0.249085
0.240502
0.283486
0.278687
0.315568
0.393826
0.457734
0.344586
0.514535
0.370906
0.235737
0.351739
0.34298
0.558469
0.472897
0.610262
0.593164
0.519209
0.472262
0.424539
0.678687
0.412068
0.717833
0.582856
0.696588
0.671633
0.480396
0.805536
0.707635
0.618049
0.361751
0.583289
0.516538
0.639512
0.610216
0.619598
0.664256
0.687135
0.844581
0.663461
0.980725
0.996772
0.692112
1.21688
1.12666
0.710577
0.648856
1.14084
0.981763
1.04871
1.16249
0.812307
1.17446
1.00529
0.959936
1.16491
1.52679
1.29217
1.38919
1.11844
1.35622
1.22985
1.11942
1.13117
1.54414
1.25137
1.2338
1.22283
1.41078
1.56678
1.19643
0.993242
1.10197
1.29714
1.33812
0.964408
1.29418
1.23352
1.12254
1.20993
1.30079
1.28099
1.25367
1.30482
1.53811
1.37133
1.16199
1.05204
1.28316
1.07804
1.15769
1.13938
1.36337
1.18598
1.10777
1.22235
1.20475
1.12449
1.12808
0.946758
0.879751
1.13785
1.29679
1.2029
0.971613
1.37281
1.31895
1.73484
1.17437
1.25849
1.80434
1.66468
2.43251
1.93108
1.43763
1.0587
1.75771
