1.05254
1.04143
1.92892
1.99897
1.20977
1.23542
2.01911
1.30401
0.928006
1.00696
0.998142
0.98773
0.880454
1.06812
2.51175
1.62786
1.85894
1.30895
1.80438
1.7673
2.46697
1.67837
1.33469
1.75616
2.33267
2.32073
5.02152
4.15791
6.99783
6.10615
8.08299
10.418
6.12989
7.416
9.60933
5.14296
5.45654
7.23321
4.96634
5.81508
4.65014
4.29374
3.7448
3.36613
4.55879
3.215
4.33771
4.6315
4.43871
4.38111
5.18629
5.361
4.02008
4.95543
4.67365
4.35146
4.94939
4.30008
4.77446
4.82524
4.32555
4.62413
4.26366
4.6918
4.29152
4.98006
4.41269
4.68685
4.89152
4.62566
4.04373
5.13262
4.69658
5.52637
4.22138
3.94127
4.1358
4.24332
4.17738
4.05814
3.57675
3.67908
4.57863
4.07991
3.79944
3.90221
4.03978
4.49833
3.5777
3.38889
3.60369
4.69415
4.29393
4.11363
3.96516
4.1245
3.19521
4.26629
4.23549
4.01499
3.91252
3.0902
3.82174
3.91448
4.06983
4.60791
3.55785
3.69558
3.06926
3.53167
2.73589
3.04774
3.71423
3.94182
3.23505
2.42396
2.45277
2.71902
3.27677
3.77898
2.47341
3.42114
2.94279
3.34966
2.94159
2.30538
2.61323
2.25472
1.63043
2.61425
3.32991
2.7537
2.83056
3.19842
3.73479
2.77288
2.80832
2.78859
2.01326
2.56558
2.58012
1.81404
2.31476
1.73054
2.17622
3.30912
2.75629
1.66922
1.43726
2.75035
2.14362
2.37427
2.14369
1.89132
1.55377
1.93527
1.53519
1.58664
1.39655
2.45336
1.77201
1.73034
1.61111
2.14869
2.01891
2.14121
2.4307
1.81882
2.21776
