0.375856
0.353457
0.363107
0.374531
0.365958
0.306934
1.32082
2.11441
1.69159
1.6685
0.894317
0.936233
0.8989
1.03585
1.15539
1.00802
1.04074
1.28444
1.15027
0.994286
1.14339
1.07318
0.794963
0.90617
0.993865
1.02359
0.976944
0.944449
0.6592
1.09177
1.21822
1.13135
1.14311
1.31406
0.837664
0.63459
1.29731
1.06201
1.15458
1.10713
0.836121
0.932177
0.945935
0.818479
0.908787
0.996863
0.951522
0.790377
0.761007
0.909704
0.966564
0.859713
0.944386
1.01775
1.01283
1.01115
0.946212
1.04249
0.931286
0.877854
1.00844
1.01767
0.949099
0.751291
0.863216
0.782998
0.843948
1.19282
0.963514
0.948393
0.951041
0.906273
1.13221
0.955243
1.11873
0.731549
0.980231
0.818625
0.886175
1.02961
0.913466
1.00707
0.752358
1.04388
1.13237
0.906698
0.709641
0.945234
0.86269
0.861228
0.686689
0.83702
0.860821
0.909836
0.840424
0.911834
0.800362
1.01885
0.947181
1.0038
1.07137
0.973396
0.871724
0.905702
0.899915
0.872505
0.941149
0.982084
0.755365
0.890711
0.851061
0.738211
0.850238
0.884469
0.867972
0.798092
0.815035
0.855566
0.759767
0.737035
0.633506
0.731394
0.680125
0.680897
0.785221
0.594932
0.637471
0.806312
0.692119
0.757475
0.727994
0.707491
0.835525
0.702153
0.775656
0.713443
0.718089
0.713985
0.712146
0.779783
0.811855
0.807306
0.700326
0.785136
0.567204
0.744362
0.622805
0.69112
0.68763
0.620996
0.66833
0.852542
0.64206
0.722283
0.775785
0.924543
0.84129
0.866532
0.703571
0.799461
0.817302
0.842035
0.770721
0.732599
0.457093
0.523419
0.615999
0.655837
0.6709
0.639015
0.701324
0.51684
0.5603
0.559923
0.553073
0.465894
0.661492
0.728118
0.57873
0.542978
0.688349
0.529765
0.555842
0.693355
0.657036
0.57105
0.642127
0.535136
0.618412
0.619588
0.534738
0.414758
0.612466
0.487729
0.538157
0.608701
0.643635
0.506998
0.531046
0.538081
0.451878
0.452269
0.625753
0.506044
0.517246
0.492009
0.528706
0.436834
0.471418
0.509587
0.632583
0.510384
0.494157
0.591722
0.362645
0.43933
0.447014
0.576867
0.639298
0.501182
0.476596
0.561052
0.455581
0.446847
0.530102
0.430998
0.553443
0.593918
0.522236
0.553029
0.403769
0.508008
0.446818
0.450999
0.418084
0.425713
0.524145
0.475926
0.42331
0.43974
0.429214
0.502347
0.42305
0.361118
0.404089
0.515602
0.574872
0.477519
0.335321
0.412191
0.431096
0.497729
0.366837
0.509316
0.528433
0.320363
0.515407
0.38653
0.3987
0.393309
0.531218
0.59655
0.440384
0.423838
0.392043
0.505801
0.397258
0.458323
0.401521
0.350469
0.273563
0.401155
0.42746
0.520251
0.482067
0.446537
0.500882
0.362103
0.360431
0.368903
0.365983
0.324743
0.300862
0.376542
0.402857
0.334799
0.370116
0.308816
0.347345
0.334155
0.35401
0.30612
0.277489
0.361923
0.338778
0.321204
0.372526
0.346984
0.307912
0.362578
0.355863
0.301677
0.327242
0.4504
0.371123
0.296293
0.388004
0.448647
0.371692
0.395715
0.338067
0.324393
0.340116
0.358177
0.277111
0.438987
0.338715
0.308578
0.261807
0.298656
0.364522
0.406271
0.337332
0.289191
0.266518
0.325681
0.290723
0.207707
0.249456
0.237437
0.214009
0.237304
0.205621
0.243974
0.214827
0.430579
0.361161
0.478032
0.350268
0.2555
0.272507
0.276751
0.259854
0.219878
0.250306
0.196277
0.228907
0.204846
0.214446
0.246585
0.240114
0.242285
0.175047
0.220669
0.188
0.18988
0.246137
0.253649
0.241223
0.246806
0.261401
0.229334
0.223554
0.209968
0.23425
0.224016
0.236257
0.228492
0.256559
0.247599
0.228538
0.229991
0.254514
0.242649
0.254881
0.263478
0.241577
0.223842
0.246031
0.218755
0.209629
0.225107
0.255891
0.259876
0.260632
0.235403
0.248171
0.238732
0.234223
0.265326
0.253945
0.227181
0.221001
0.246049
0.249585
0.263186
0.211615
0.176998
0.175097
0.208168
0.214265
0.207158
0.199183
0.228837
0.234297
0.235455
0.197239
0.204197
0.214242
0.181652
0.201868
0.189816
0.207208
0.210779
0.202099
0.188104
0.214051
