0.454341
0.423757
0.398944
0.52225
0.588533
0.621688
0.582691
0.495787
0.920113
0.659736
0.453344
0.5233
0.457324
0.458285
0.752765
0.463178
0.472557
0.451434
0.547849
0.506179
0.440982
0.539676
0.763767
0.556933
0.751523
0.603328
0.671995
0.924939
0.816044
0.80394
1.53402
0.606491
0.852223
0.84103
0.655607
0.832681
1.04632
1.47356
1.66726
1.36584
1.30844
2.3318
2.16531
1.89142
0.951168
0.621714
0.94089
1.12035
2.63793
1.33471
1.13581
0.396989
1.52172
1.46978
2.01918
1.50912
1.31364
1.42852
1.29269
1.4009
1.41212
1.04965
1.32863
1.56998
1.11882
0.938811
1.06321
1.23459
0.926704
0.552128
0.760049
1.81972
0.911554
1.10323
1.26918
0.842776
1.13319
1.28325
1.03673
1.00878
0.800825
1.26848
1.188
2.20577
1.04621
1.51717
1.4352
0.961122
1.17649
2.16004
1.47466
1.35713
1.44883
1.7038
1.39415
2.08493
1.52082
2.213
1.85375
1.07913
1.11172
2.164
1.47482
1.35241
0.898056
1.64748
1.99347
1.99758
2.31836
2.01052
1.23513
1.68743
1.70012
1.21672
1.12587
0.910266
1.16772
1.61595
1.4564
0.962681
1.03701
0.891521
0.799011
1.06134
1.25942
0.780191
1.021
1.1622
1.18124
1.89457
2.56506
1.64442
1.5583
1.6961
1.56757
1.06834
1.44572
1.35527
0.956513
1.42389
0.961343
1.39903
1.22896
1.18346
0.894544
0.865394
0.718539
0.9077
1.31856
1.26623
1.35336
1.14299
1.35426
1.37785
1.28692
1.115
