0.353962
0.247444
0.768596
0.185104
0.186037
0.184037
0.188279
0.175691
0.20625
0.155544
0.18118
0.177451
0.190423
0.174442
0.173284
0.207044
0.181058
0.188719
0.189142
0.190542
0.199343
0.209454
0.225379
0.213309
0.195637
0.221231
0.190744
0.175716
0.19128
0.186892
0.183575
0.158759
0.175578
0.171015
0.183097
0.171979
0.180988
0.199141
0.186791
0.177445
0.202037
0.167846
0.17545
0.189561
0.173676
0.163332
0.167342
0.169105
0.191265
0.175504
0.194135
0.200434
0.198271
0.229629
0.185351
0.186595
0.184175
0.202541
0.216351
0.190915
0.206698
0.170359
0.212026
0.206102
0.203068
0.178419
0.216701
0.200821
0.24137
0.223813
0.1676
0.19262
0.22817
0.239538
0.226994
0.222282
0.200847
0.199655
0.200082
0.20027
0.203683
0.23745
0.194024
0.185956
0.22676
0.228141
0.187603
0.190933
0.19831
0.201459
0.171676
0.202979
0.216076
0.185255
0.201574
0.17859
0.170858
0.223517
0.209688
0.177353
0.194506
0.237817
0.200696
0.229928
0.245257
0.197584
0.21303
0.193683
0.213372
0.210612
0.236719
0.198903
0.181086
0.201751
0.203144
0.208116
0.20342
0.242695
0.204688
0.217827
0.199552
0.204153
0.203188
0.203912
0.213099
0.231499
0.217138
0.230098
0.254198
0.277036
0.221355
0.215436
0.181001
0.214064
0.207269
0.193153
0.181395
0.207751
0.183983
0.204382
0.202332
0.229133
0.185196
0.220583
0.24148
0.196249
0.189782
0.202581
0.203679
0.236866
0.201645
0.191535
0.177286
0.187138
0.224772
0.198636
0.220609
0.199176
0.184762
0.185273
0.184794
0.183635
0.176938
0.194371
0.239801
0.205817
0.18837
0.178049
0.213564
0.172239
0.214509
0.207554
0.182921
0.191395
0.253181
0.186527
0.228123
0.214927
0.206382
0.180345
0.196405
0.19462
0.177747
0.207331
0.230244
0.224843
0.19852
0.241041
0.229256
0.22623
0.205321
0.194719
0.186389
0.194549
0.211876
0.182996
0.189077
0.201766
0.186692
0.186663
0.19139
0.193947
0.18714
0.191144
0.169994
0.180357
0.184835
0.189965
0.191817
0.184921
0.198403
0.236537
0.213537
0.21462
0.235167
0.193548
0.211288
0.197977
0.204977
0.196569
0.159915
0.187918
0.177323
0.190773
0.234389
0.201705
0.205291
0.212394
0.185772
0.233078
0.201174
0.205424
0.209015
0.170453
0.180313
0.219549
0.192004
0.195197
0.207417
0.187605
0.187025
0.194805
0.191509
0.201985
0.191804
0.200902
0.210444
0.205445
0.191446
0.185166
0.208878
0.213258
0.21006
0.197928
0.216492
0.200103
0.197773
0.195891
0.220282
0.221257
0.209069
0.209739
0.179981
0.207979
0.18233
0.201762
0.221445
0.186862
0.185513
0.202006
0.204142
0.217442
0.202562
0.228767
0.241963
0.201847
0.20248
0.207651
0.221941
0.219237
0.188117
0.184067
0.260701
0.228419
0.220719
0.21317
0.205837
0.216725
0.212521
0.217797
0.215755
0.201244
0.193671
0.213197
0.220756
0.218126
0.213517
0.195461
0.203583
0.215052
0.215024
0.237421
0.197316
0.227713
0.217322
0.23191
0.208343
0.241712
0.242871
0.247375
0.230331
0.22233
0.249169
0.279149
0.225235
0.217181
0.213141
0.220032
0.249124
0.236266
0.224947
0.20384
0.247163
0.198142
0.236477
0.262762
0.247869
0.241868
0.249577
0.264147
0.255065
0.228884
0.221203
0.241214
0.257111
0.262039
0.254842
0.218134
0.274386
0.236274
0.257646
0.239622
0.208065
0.222082
0.256341
0.24548
0.252054
0.253166
0.217838
0.239956
0.267097
0.268933
0.253499
0.229972
0.261973
0.261868
0.250999
0.241339
0.289965
0.260043
0.268214
0.279012
0.25149
0.261925
0.269375
0.227852
0.260691
0.245008
0.221169
0.282369
0.284991
0.297311
0.316367
0.284724
0.293017
0.271038
0.273826
0.322907
0.255065
0.298566
0.269252
0.287188
0.270439
0.296384
0.275983
0.27387
0.271604
0.289074
0.274141
0.242097
0.273215
0.273969
0.274827
0.268491
0.301858
0.245838
0.306073
0.280928
0.283103
0.312522
0.347854
0.316013
0.29258
0.307364
0.293795
0.268798
0.277539
0.239522
0.30547
0.312184
0.287033
0.3108
0.326916
0.287897
0.276682
0.28468
0.269763
0.273176
0.275018
0.260545
0.258962
0.266737
0.28784
0.286474
0.297559
0.266804
0.308636
0.279404
0.311437
0.300719
0.318223
0.33779
0.309234
0.306184
0.28198
0.297827
0.307437
0.299983
0.317872
0.282797
0.289432
0.293036
0.310069
0.302013
0.356513
0.294894
0.324952
0.288378
0.321309
0.309359
0.309141
0.329347
0.341511
0.336947
0.349223
0.327303
0.355735
0.356869
0.319753
0.330772
0.317663
0.299539
0.337108
0.318091
0.418533
0.387587
0.402973
0.381952
0.397625
0.377721
0.396051
0.390908
0.404144
0.462682
0.336948
0.317239
0.38637
0.40783
0.419038
0.405317
0.427048
0.387627
0.392673
0.429168
0.429966
0.491924
0.339386
0.360274
0.34203
0.358819
0.340928
0.398141
0.351321
0.370635
0.359437
0.369119
0.357672
0.42309
0.40941
0.423452
0.380065
0.400322
0.430238
0.446158
0.382908
0.398588
0.427217
0.412079
0.478015
0.439023
0.415384
0.425229
0.454083
0.44327
0.455461
0.564768
0.524372
0.511501
0.482768
0.489682
0.4805
0.444681
0.510031
0.494055
0.519673
0.56694
0.566173
0.524774
0.499341
0.516997
0.5777
0.504186
0.552147
0.501931
0.573765
0.532193
0.629844
0.527812
0.522417
0.531204
0.472942
0.614958
0.594508
0.558594
0.551355
0.531389
0.528824
0.51652
0.556401
0.581043
0.593382
0.496356
0.5599
0.566352
0.560528
0.533016
0.56762
0.541926
0.576628
0.55377
0.567923
0.559781
0.611175
0.658963
0.571874
0.619182
0.571428
0.627736
0.576441
0.564498
0.589921
0.554357
0.604078
0.634898
0.638379
0.647077
0.708532
0.648376
0.714997
0.77245
0.689291
0.813824
0.609963
0.678973
0.703592
0.700563
0.724836
0.696163
0.526329
0.622157
0.501519
0.637061
0.641448
0.549629
0.474842
0.455266
0.532402
0.576695
0.620387
0.58482
0.51792
0.621284
0.644309
0.627595
0.897193
0.836095
0.748895
0.856966
0.802956
0.757569
0.700079
0.610284
0.659849
0.822165
0.706182
0.638189
0.730057
0.653518
0.556309
0.57042
0.605644
0.646821
0.604265
0.576804
0.503545
0.515606
0.825365
0.603324
0.567242
0.540965
0.470432
0.525303
0.81341
0.700583
0.710733
0.931537
0.710273
1.11331
0.851031
0.938582
0.773223
0.977881
0.87346
1.00107
0.830121
0.684031
0.476513
0.391557
0.418291
0.43154
0.468105
0.529897
0.484441
0.603361
0.621258
0.679935
0.750438
0.96119
0.710903
1.13484
1.37769
1.10182
1.15175
1.14533
1.02583
1.17629
1.00831
1.02689
1.06619
1.20595
0.99844
0.976777
1.08788
0.914997
0.961956
0.939933
1.16502
1.02452
1.23573
