2.35632
2.44195
2.20967
2.60879
2.49052
2.89968
3.1274
2.65871
4.0949
2.49171
3.67616
3.2064
2.62145
3.98302
4.02252
3.63779
3.65894
3.62148
3.41961
3.79766
4.20542
3.40722
3.28603
4.3443
3.9838
3.63176
5.84689
5.4988
8.40496
6.56363
9.25474
10.3063
10.6928
12.6948
10.8321
10.4946
12.3588
11.8767
12.2542
12.0369
11.639
11.9106
11.7775
10.985
11.6068
12.8973
11.9582
11.5286
12.3553
11.1682
11.0643
10.9949
9.48069
9.71624
9.5986
9.48222
9.075
8.52302
8.68064
9.08747
8.40667
8.05719
7.98155
8.01749
8.76736
7.97421
8.67455
8.27191
8.77325
8.99824
8.84056
8.36195
9.72807
10.2638
11.0615
10.6935
8.64955
9.53323
10.6359
10.7043
10.0954
10.4027
9.77592
10.8184
11.2513
11.6265
12.7897
11.7786
11.1676
10.3929
10.4669
8.03219
9.33595
9.5059
10.952
9.87017
8.36379
11.4021
9.29122
12.3909
10.3292
9.05121
9.82917
9.05017
8.82222
7.83715
8.37884
8.58888
8.62577
7.63537
7.74107
7.81181
6.36167
6.43633
6.63734
6.36327
6.77038
6.89616
7.79226
8.18526
6.76794
6.20826
5.8292
7.94278
6.85597
7.03773
7.33911
7.8126
8.09917
7.6998
7.86416
7.12131
7.04821
7.04199
7.18642
7.40718
7.42909
7.02102
7.92739
9.13295
8.08965
7.74931
7.70255
7.50625
7.70542
7.30644
5.43875
5.59632
4.4935
5.50441
5.5944
5.66839
5.8736
5.61816
5.07177
5.329
5.40256
6.36082
6.2443
6.49731
6.18504
6.05359
7.59157
5.96876
6.3573
6.05701
7.52559
6.51952
7.35276
6.97896
6.78839
6.25828
5.70806
6.2062
6.89746
6.30487
6.65508
6.47771
6.59299
6.10096
5.06672
5.55027
5.71657
5.59587
5.8017
5.7177
5.55729
6.33787
7.10507
6.29701
6.02387
5.78917
6.09404
6.20372
6.14315
5.98802
5.99068
6.58266
5.91454
5.73493
5.91335
5.9612
5.87136
6.08282
5.99853
5.63581
5.85462
5.75731
6.06304
6.27555
5.31322
5.50321
5.82789
5.7252
5.99264
4.51663
5.02874
4.44569
4.72443
5.11237
4.9278
4.29838
4.73389
5.01976
4.44059
4.62832
4.25376
3.56351
4.60172
4.92586
4.64144
4.67153
3.63108
3.90581
4.81201
4.55852
4.50048
3.9423
4.11596
4.73458
4.19853
4.27234
4.56727
4.20652
3.89549
4.43334
4.14932
4.52775
4.31535
4.01249
4.06943
3.49981
4.31595
3.66265
4.38817
4.03264
3.89864
3.80316
3.29071
3.94869
3.80331
4.09581
4.2829
4.21918
5.56814
4.84257
4.86485
4.67815
5.09237
3.76638
5.06347
4.73195
3.98409
3.85981
4.06226
4.26312
4.57631
4.62544
3.95758
3.7761
4.53161
4.34113
4.67484
4.72107
3.6156
4.52099
4.89405
4.98136
4.66293
4.02122
4.59135
4.50374
4.06075
4.10866
4.80522
3.82287
4.61879
4.08429
4.58925
5.36556
4.19786
4.22645
4.08488
4.48472
4.94477
5.09385
5.3875
4.53525
5.66712
5.2793
4.13409
4.51579
4.80506
5.60859
4.68686
4.02553
5.02892
5.80169
5.17972
5.41031
4.89847
4.4822
3.77312
4.26081
3.61932
4.55902
4.34306
4.60515
4.51676
4.98579
5.06122
4.23045
4.35679
4.33124
4.89265
5.01373
3.45408
4.53367
3.50389
3.49349
3.73518
3.88274
4.27385
4.48751
4.18133
4.36089
4.14098
4.18264
4.25383
5.51113
4.8023
4.5867
4.90106
3.74528
5.09675
3.6149
4.38339
5.15514
5.05989
4.31553
5.24377
5.42146
5.50562
4.39842
3.77743
4.71129
4.49528
4.19564
4.4797
3.55008
3.69023
3.2163
4.13669
3.72728
4.12506
4.07144
3.85999
4.37282
4.93907
3.5025
4.13609
4.54714
3.15882
3.66768
4.69046
5.87807
4.82964
3.98375
3.79852
4.15292
5.50169
3.28762
3.59162
3.41618
2.75714
4.44063
4.00244
4.59523
3.77011
3.54351
3.89171
3.05797
3.81064
3.21123
3.39111
3.67638
3.02678
3.38986
3.56036
3.49775
3.19522
3.0518
3.22879
3.5924
3.81615
2.41939
3.54468
3.36887
3.22275
3.91886
3.60297
4.06475
3.99172
3.49783
4.53021
3.32557
3.34961
3.32084
3.59473
4.16036
3.86042
4.14126
3.17834
3.55256
3.33924
3.86201
2.86886
2.07721
3.65156
3.95353
4.69225
3.26733
3.62331
3.65624
3.35268
3.4594
3.80017
3.62835
3.15141
3.5193
3.00224
2.90082
2.95273
3.0605
3.40148
3.06989
2.68411
2.99302
2.8521
2.67968
2.66997
2.94893
2.9696
3.14698
3.03423
3.12806
3.38067
3.3223
3.64016
3.4636
3.09664
4.07376
3.07536
3.16982
3.77873
4.06227
3.31456
4.11599
3.78445
3.71743
3.85778
3.67546
4.14711
3.59814
4.18551
3.19181
3.38066
4.2781
3.46231
3.77397
2.97444
3.24599
3.19328
3.38547
4.23794
3.75855
3.74331
3.5981
2.80807
3.02473
2.93463
2.97572
3.11243
3.05567
3.01929
3.15713
3.49264
3.1403
3.02577
3.29114
2.89716
3.41057
2.73626
3.27096
3.39024
3.38081
3.35641
3.38372
3.40411
3.37416
2.8422
3.58855
3.57451
3.80668
4.25682
4.50571
3.35161
2.95072
3.22837
3.50067
3.09919
3.50263
2.9075
2.65957
3.19279
3.0332
3.45991
3.04295
2.69594
3.36859
3.66792
3.62425
3.2462
3.52736
3.50281
2.88403
2.9232
2.46039
3.19294
4.35452
3.12938
2.51314
3.02183
2.75937
2.57854
2.45012
2.71945
3.05013
3.61065
3.00889
3.30937
3.2702
3.571
3.19336
2.44703
2.74776
3.14425
3.69285
3.86911
3.47911
3.32138
3.9076
3.2317
2.25974
2.73079
3.69731
2.95732
2.85365
3.32155
3.32387
3.35675
3.01145
3.17978
3.20903
2.93411
2.81437
2.7474
2.78885
2.64457
2.69504
2.27437
2.62163
3.36839
2.75084
3.35072
3.31877
2.83239
2.39419
3.27665
3.93309
4.38617
4.33426
3.87096
4.18804
3.54888
3.17114
3.05125
2.68548
2.72405
2.39193
2.00455
1.91149
1.76717
2.36144
2.67514
2.11117
2.4893
2.35304
2.45084
2.71456
2.52386
2.13024
2.15989
2.13777
1.96366
2.09162
2.08263
2.2582
2.46769
2.26719
2.71019
2.61319
3.55736
3.41174
2.60659
1.93515
1.8739
2.11478
3.0123
3.32184
3.0338
2.53996
2.21746
2.6969
2.9995
3.01172
2.61465
2.68291
2.82108
3.22929
2.94138
2.55231
2.95127
3.33061
3.27324
2.83605
2.39522
2.40232
2.36758
2.48289
1.99548
2.82848
2.25226
2.09498
2.42171
2.78995
2.26135
1.91129
2.19306
2.59735
3.16499
2.94569
2.49779
2.93356
2.12217
1.80855
2.34252
2.22902
1.7821
1.99315
2.81891
2.36249
2.28212
2.00584
2.05704
1.80143
2.27219
2.61768
2.1538
1.87637
2.2751
3.32528
1.55831
2.03372
2.16522
2.35348
1.74047
2.42126
2.30297
1.49151
2.36511
2.3587
2.06311
2.0284
1.78476
2.29053
2.33222
2.4998
2.01372
1.71575
2.34466
2.09085
1.72288
2.65561
2.60972
2.63089
1.8954
2.44281
2.09858
2.08072
2.21614
2.56495
2.21314
1.67951
2.18833
2.22481
2.17215
1.68579
1.67818
1.75725
1.87667
2.05145
2.30688
2.04927
3.23784
2.82627
2.70359
2.07282
2.524
2.38174
1.53993
2.47559
2.11102
1.71593
1.90646
1.75762
1.68448
2.57736
1.93933
2.12494
2.42064
2.05793
1.81067
1.62102
1.45811
1.98194
1.96424
2.42533
2.22294
2.20605
1.88569
1.47818
1.99351
2.3456
2.15621
2.03298
2.42177
2.40251
1.4806
1.87039
2.08106
2.59917
1.94244
2.07062
1.81426
2.02193
2.27864
1.85238
1.87709
1.72124
2.30923
1.56826
1.56614
2.21483
2.1554
2.36148
2.24081
2.49939
2.06153
1.58507
1.36311
1.62314
1.58632
1.92053
1.54372
1.74391
1.92235
2.04252
1.4821
1.83182
2.20171
2.16795
1.64058
1.49085
2.01177
2.25646
1.78888
2.01533
1.91252
2.18582
1.9071
1.40757
2.28085
1.83954
1.6735
1.70581
1.97095
2.34333
1.86932
1.78864
1.77477
2.33845
1.43153
1.28158
1.65834
2.0058
1.86678
2.10516
1.81921
1.61868
1.64774
1.6712
1.75436
1.32032
1.4632
1.52861
1.53365
1.66538
1.44413
1.20226
1.83966
1.68231
1.61314
1.77377
1.37014
1.28254
1.16133
1.4006
1.79943
1.92988
1.75291
1.79371
1.7475
1.77157
1.38108
1.15348
1.59424
1.57915
1.28076
1.64631
1.37201
1.67021
1.54347
1.52257
1.42962
1.5751
1.73424
1.55583
1.77539
1.74219
1.95363
1.86099
1.75774
1.56753
1.48701
1.722
1.70594
1.75526
1.391
1.527
1.63903
1.96313
1.42866
1.55627
1.58188
1.67379
1.60582
2.20605
1.66794
1.59704
1.35836
1.49289
1.7668
1.59206
2.01355
1.70832
1.53525
1.41082
1.86767
1.71775
1.30846
1.10831
1.50354
1.2221
1.41294
1.66606
1.60511
1.34018
1.23549
1.35609
1.26872
1.26726
1.29982
1.17407
1.05425
1.59136
1.6029
1.48069
1.39576
1.4221
1.5793
1.34493
1.47531
1.69371
1.63181
1.54862
1.25467
1.40609
1.77861
1.49949
1.59303
1.74759
1.54525
1.32353
1.49637
1.53084
1.22144
1.07746
1.06785
1.27277
1.56979
1.54881
1.65188
1.56496
1.51316
1.33046
1.39041
1.40986
1.22447
1.24406
1.14095
1.38157
1.78545
1.34448
1.16983
1.43783
1.6038
1.40547
1.304
1.50197
1.49866
1.38773
1.23052
1.58805
1.32363
1.15005
1.51035
1.39443
1.45088
1.13146
1.23024
1.34854
1.42973
1.20442
1.31094
1.371
1.28316
1.51363
1.3111
1.05193
1.33002
1.32098
1.50638
1.46902
1.03461
1.08562
1.13863
1.25976
1.27316
1.21022
1.4209
1.39599
1.31574
1.16137
1.07188
1.00465
1.18968
1.24606
1.32475
1.18748
1.19346
1.09041
1.12074
1.50259
1.37752
1.25213
1.27
1.24715
1.35172
1.40598
1.45413
1.61657
1.50902
1.36824
1.47201
1.24041
1.20517
1.15903
1.04532
1.26349
1.28287
1.2961
1.49699
1.78409
1.5607
1.42838
1.23331
1.06184
1.15137
1.24356
1.34048
1.25637
1.19905
1.15582
1.18481
1.35687
1.3003
1.33075
1.28675
1.09568
0.970622
0.985798
1.07405
1.17172
1.10712
1.23215
1.27309
1.23903
1.43658
1.32879
1.32517
1.30648
1.32478
1.06439
0.958605
1.13593
1.27107
1.1254
1.18183
1.27653
1.39341
1.15299
1.11979
1.07302
0.963174
1.09592
1.04048
1.20827
1.29354
1.29984
1.48315
1.55283
1.33977
1.27746
1.31148
1.00657
1.04268
1.22295
1.13991
1.06955
0.831269
0.889664
1.16107
1.1151
1.01429
1.08094
1.04254
1.14612
1.10295
1.22124
1.15141
1.21692
0.952722
0.994262
0.977991
0.868455
1.07691
0.871363
0.925553
0.983512
0.988746
1.02164
1.01763
1.10743
1.14449
1.05987
1.11544
1.06142
1.01596
1.04543
1.03407
1.04006
1.0689
1.11333
1.02153
1.2
1.28427
1.17969
1.14942
1.17347
1.00727
0.971178
1.01909
1.00292
0.92752
0.953424
0.879275
0.895946
0.93849
0.878138
0.913974
0.935651
0.914745
0.880109
0.848178
0.953118
0.829187
0.909792
0.944573
0.875731
0.932424
0.852142
0.83214
0.958925
0.998745
0.997308
0.910815
0.959288
