0.282941
0.309669
0.304514
0.32617
0.318789
0.283825
0.315397
0.453162
0.700479
0.943449
0.900991
0.775762
0.900141
0.934344
0.819262
0.646037
0.686831
0.744518
0.615197
0.666289
0.685323
0.668022
0.693576
0.653031
0.751762
0.610043
0.767095
0.616931
0.605719
0.728431
0.696829
0.671623
0.618021
0.691944
0.618788
0.664842
0.649224
0.573174
0.67512
0.695844
0.639571
0.656094
0.665554
0.588513
0.69528
0.687741
0.648196
0.64868
0.622081
0.487198
0.556665
0.497808
0.629325
0.578075
0.583952
0.561749
0.659712
0.621325
0.685909
0.589356
0.574014
0.480199
0.611811
0.522037
0.537776
0.555197
0.518526
0.587364
0.531276
0.606029
0.654924
0.727309
0.683609
0.646864
0.64075
0.685031
0.681415
0.716784
0.556173
0.564677
0.479388
0.467328
0.398661
0.553089
0.652728
0.593987
0.730156
0.581199
0.660883
0.523439
0.584864
0.506243
0.514252
0.529059
0.630392
0.674038
0.699429
0.430575
0.452671
0.494729
0.483548
0.458352
0.371224
0.443002
0.462132
0.451228
0.406332
0.41573
0.377336
0.426068
0.401909
0.472766
0.475319
0.392421
0.462293
0.538504
0.349395
0.453869
0.409589
0.439612
0.496767
0.439392
0.434725
0.436428
0.321209
0.392425
0.460311
0.475491
0.451561
0.482974
0.435663
0.509766
0.473872
0.334055
0.435331
0.404989
0.465426
0.526213
0.43555
0.488915
0.595654
0.513205
0.613057
0.547879
0.552893
0.496949
0.488683
0.424259
0.402075
0.410609
0.441947
0.46003
0.489297
0.417434
0.426814
0.520015
0.454985
0.474742
0.469906
0.442541
0.435909
0.400369
0.399342
0.425158
0.402232
0.40086
0.441021
0.365915
0.373974
0.402721
0.388802
0.41681
0.447025
0.346737
0.329855
0.391206
0.482219
0.333412
0.272836
0.289285
0.395521
0.359362
0.328822
0.337345
0.372433
0.35667
0.366571
0.372238
0.33219
0.385183
0.406044
0.381835
0.347556
0.335539
0.359168
0.337045
0.30972
0.399795
0.3046
0.347396
0.340286
0.317274
0.363275
0.347451
0.337535
0.337211
0.348121
0.307702
0.311844
0.355316
0.349816
0.374402
0.366547
0.339198
0.293833
0.413605
0.327381
0.336712
0.274711
0.331116
0.31992
0.35466
0.369033
0.344438
0.447506
0.280091
0.344915
0.370028
0.342219
0.379391
0.335827
0.308054
0.337513
0.297711
0.296914
0.241712
0.31543
0.256624
0.327413
0.333287
0.318588
0.310349
0.282269
0.290831
0.261668
0.205663
0.275161
0.303486
0.260164
0.259672
0.314952
0.250323
0.248813
0.291543
0.323766
0.253141
0.238087
0.289459
0.261332
0.302498
0.269042
0.263228
0.316811
0.341714
0.233316
0.289318
0.246827
0.276841
0.283804
0.246848
0.297114
0.31895
0.247878
0.308512
0.246501
0.278601
0.314765
0.346082
0.332569
0.297417
0.302591
0.27943
0.255023
0.240786
0.235585
0.233268
0.339983
0.294864
0.272095
0.21246
0.27662
0.23943
0.255988
0.263551
0.240192
0.287954
0.254221
0.284165
0.235912
0.26349
0.208638
0.232834
0.253736
0.257077
0.262738
0.286167
0.276134
0.2212
0.180447
0.186763
0.2468
0.161334
0.212683
0.20828
0.180292
0.203386
0.198066
0.154512
0.245015
0.202827
0.127396
0.160679
0.155893
0.308898
0.220745
0.266395
0.144417
0.176273
0.223263
0.252018
0.151914
0.154118
0.141208
0.156759
0.200725
0.159085
0.385107
0.220692
0.215385
0.230036
0.193066
0.0966064
0.101404
0.230056
0.153633
0.277229
0.243227
0.207859
0.104468
0.115299
0.135227
0.12797
0.169932
0.272297
0.261894
0.131689
0.134294
0.183071
0.16271
0.20468
0.172821
0.189645
0.15262
0.133344
0.186822
0.170736
0.178495
0.227148
0.32172
0.140571
0.113636
0.145628
0.170836
0.114743
0.156301
0.14883
0.120563
0.125943
0.0986957
0.125426
0.0908382
0.246101
0.162482
0.14767
0.184735
0.18621
0.157523
0.151712
0.155287
0.289664
0.148548
0.116477
0.157774
0.164503
0.137512
0.101791
0.120132
0.236124
0.168145
0.202368
0.165344
0.265478
0.214947
0.220593
0.143045
0.146325
0.13702
0.176958
0.127159
0.109776
0.173155
0.188896
0.110356
0.11813
0.157829
0.201739
0.275268
0.246583
0.143813
0.200634
0.178618
0.156272
0.107328
0.165921
0.197982
0.123456
0.143591
0.138767
0.136072
0.129052
0.130662
0.127399
0.152677
0.114718
0.130168
0.144757
0.11455
0.130625
0.0890019
0.108359
0.0980715
0.171427
0.115264
0.15523
0.135589
0.132776
0.109694
0.0995506
0.126772
0.134776
0.140207
0.166299
0.0879372
0.189148
0.152661
0.114688
0.124013
0.104125
0.094755
0.0929034
0.104775
0.129896
0.069696
0.0964404
0.0819419
0.0988619
0.108438
0.104532
0.113945
0.11077
0.0826199
0.0911955
0.0946257
0.0783123
0.0803627
0.106222
0.119964
0.103413
0.0870055
0.0746987
0.0890487
0.118523
0.114674
0.099149
0.107401
0.0942946
0.0838814
0.0966046
0.0950522
0.105518
0.116382
0.0804286
0.106575
0.116325
0.0959727
0.11642
0.0976652
0.0981253
0.0819333
0.0798713
0.0810548
0.130061
0.101109
0.0990819
0.121846
0.118095
0.142391
0.1241
0.096885
0.109114
0.126205
0.114196
0.0849691
0.1438
0.113499
0.100202
0.114866
0.0849388
0.119515
0.125587
0.107281
0.0990017
0.10246
0.12802
0.130179
0.16204
0.1188
0.088268
0.0830053
0.0961903
0.138225
0.136688
0.0913549
0.126332
0.128635
0.146909
0.111918
0.130467
0.0872465
0.127325
0.120265
0.134631
0.155409
0.11316
0.120572
0.114669
0.117961
0.115891
0.136869
0.0880253
0.119203
0.137682
0.128952
0.137426
0.139576
0.123206
0.121266
0.132601
0.125616
0.123421
0.131512
0.14916
0.131001
0.107856
0.115592
0.112542
0.108538
0.137594
0.0987921
0.120922
0.145806
0.130869
0.15361
0.119688
0.116843
0.135776
0.11758
0.107001
0.110038
0.152397
0.112963
0.105248
0.130387
0.11228
0.126636
0.116375
0.0973007
0.134586
0.126301
0.136002
0.120405
0.15276
0.156936
0.123449
0.122814
0.131807
0.127779
0.165441
0.148719
0.139071
0.151611
0.137596
0.151196
0.140184
0.142374
0.149688
0.169818
0.160471
0.159576
0.151336
0.151086
0.132113
0.157852
0.144651
0.186296
0.165183
0.176181
0.146419
0.139363
0.117643
0.120203
0.15479
0.150275
0.171034
0.158441
0.141314
0.164169
0.144131
0.148991
0.161396
0.15224
0.170382
0.165646
0.158293
0.168908
0.196444
0.192114
0.198813
0.166854
0.179446
