2.55338
5.14493
7.3987
8.6753
8.51107
8.94356
6.57141
4.83978
5.54857
6.53794
4.71101
5.28688
4.19041
4.97987
4.87153
4.8152
3.29848
4.45816
3.9282
3.80741
4.15408
4.56683
3.43644
3.6145
3.04521
2.97455
4.22802
5.31336
3.69913
3.9008
4.51965
3.84634
4.0017
3.87883
4.72709
3.8347
3.83387
3.58339
4.43731
4.03079
3.40279
4.11358
4.15417
3.56016
4.3572
3.62297
4.2281
3.73504
4.07387
4.23934
3.87002
4.24984
3.32209
3.76483
3.85983
4.37032
4.74536
4.07562
4.75892
4.06001
4.66185
3.82124
4.06334
3.94689
4.06089
4.88921
5.32414
4.90918
4.55992
4.05602
3.65503
3.65419
3.94135
4.73237
4.38786
4.72722
4.86249
3.62068
3.60597
4.21076
4.71166
4.90135
4.3942
3.86045
3.72263
3.76698
3.85148
3.79061
3.33944
3.89095
4.46836
4.18082
3.7974
3.73165
4.04414
3.78932
4.50285
4.1021
4.4943
3.58837
4.07397
3.06602
3.50603
3.77268
3.52874
3.20489
3.61219
3.44133
3.82018
3.86094
3.35236
3.65808
3.95578
3.36145
2.60845
2.72838
3.05961
2.91497
2.66682
3.74312
3.37027
3.51548
3.43748
3.43444
2.75144
2.75987
3.21764
3.80289
3.73499
3.47437
2.99022
2.32382
2.66592
2.32428
2.52189
2.5122
2.4766
2.93965
2.99216
2.71408
3.02836
2.99196
3.15407
3.13345
3.5194
3.07642
3.02621
2.7779
2.74531
2.98631
3.13256
2.78968
2.91512
2.68184
2.8253
3.02568
2.3227
