2.139
2.18363
2.16835
3.00272
2.43995
4.19382
3.17797
4.32611
4.39285
5.82512
5.31644
4.59007
4.25403
4.53185
4.76906
4.96285
4.96641
5.06424
4.60391
3.72656
4.41419
3.94757
4.00397
3.90194
3.49497
3.35567
3.51986
3.4276
3.58221
3.50559
3.97139
3.95886
3.84586
3.52858
3.76038
3.47817
3.32201
3.28252
3.15819
3.303
3.90704
3.76336
3.99448
3.74384
3.80826
3.66967
3.25425
3.61127
3.47356
3.34664
3.3715
3.52392
3.39206
3.43838
2.75493
3.02899
3.09938
2.71578
2.87636
2.42797
2.9824
3.19194
2.59955
2.92141
2.62947
2.90429
2.43726
2.71679
3.02466
2.78605
2.97332
2.44439
2.68719
2.74237
2.30917
2.42984
2.74662
2.26553
2.66406
2.42035
2.26006
2.53935
2.02365
1.96487
2.01737
1.94196
2.17622
2.3715
2.37206
2.00113
2.27109
2.49048
1.91758
1.8073
2.31481
1.93524
1.97251
2.32238
2.25277
1.64899
1.79879
1.88475
1.66252
1.85101
2.18428
1.94139
1.65089
1.95592
1.57914
2.06978
2.03949
1.89047
1.70048
1.40848
1.3323
1.537
1.69783
