0.331639
0.361941
0.339836
0.348332
0.343468
0.320854
0.365277
0.350502
0.345196
0.355062
0.332916
0.398171
0.520236
1.13485
0.697045
1.11609
2.64328
2.29131
1.2422
2.2201
0.791894
2.21225
2.25381
2.1796
2.27809
2.00372
1.86342
1.66177
1.98286
2.19733
2.27172
2.27763
2.17708
1.66369
2.1101
1.78002
1.58296
1.11291
1.15558
1.27664
1.19157
1.51561
1.78673
1.5418
1.41478
1.46896
1.14524
1.23181
1.35769
1.24802
1.32358
1.43577
1.62229
1.46378
1.46072
1.15469
1.30062
1.11479
1.42259
1.56378
1.41106
1.45307
1.18659
1.35113
1.37127
1.5528
1.43787
1.20666
1.61939
1.54945
1.64727
1.42632
1.30224
1.36597
1.4802
1.38262
1.36383
1.18361
1.00511
1.428
1.28713
1.364
1.51732
1.63734
1.37673
1.55471
1.45877
1.56685
1.80376
1.60887
1.53396
1.68215
1.46211
1.72865
1.87624
1.43054
1.46191
1.50078
1.53872
1.46967
1.56829
1.62433
1.64015
1.46545
1.64389
1.30203
1.53405
1.47865
1.52879
1.42485
1.62204
1.40337
1.38019
1.59738
1.48696
1.44951
1.42794
1.1889
1.52527
1.29485
1.36379
1.30139
1.44195
1.51212
1.41331
1.25817
1.35892
1.59038
1.67728
1.42199
1.30339
1.41211
1.36553
1.29458
1.60532
1.28661
1.28153
1.21439
1.23558
1.2931
1.22899
1.21443
1.30704
1.13721
1.12908
1.35692
1.32176
1.27141
1.20518
1.14798
1.08862
1.31251
1.24787
1.37094
1.16836
1.23029
1.26584
1.42674
1.19921
1.2345
1.21826
1.18779
0.920055
1.18537
1.17793
1.16937
1.09836
1.2758
1.33217
1.19827
1.11107
1.13728
1.48857
1.22073
1.3452
1.13638
1.18169
1.3212
1.19436
1.10995
1.18622
1.35008
1.06525
1.24167
1.24609
0.9733
1.33651
1.24938
0.988538
1.44255
1.35265
1.35187
1.35094
1.46855
1.44026
1.30941
1.49291
1.28965
1.48032
1.32083
1.15555
1.37481
1.4498
1.50946
1.58834
1.43286
1.16262
1.07119
1.03019
0.956034
1.28542
0.967877
1.01347
0.928179
0.788473
0.927026
0.984355
1.01226
1.07861
0.822214
0.852734
0.956376
1.08297
0.900065
0.924392
1.00611
0.856584
0.936671
0.769801
0.779584
0.771307
0.84033
0.748953
0.787961
0.730563
0.817663
0.83424
0.711753
0.689158
0.832518
0.781661
0.634655
0.768618
0.64812
0.743636
0.720732
0.673787
0.745891
0.853666
0.668716
0.712544
0.637563
0.5791
0.586943
0.638537
0.590091
0.617619
0.51732
0.540244
0.468168
0.524826
0.557854
