28.470800
19.688400
21.905300
23.085900
24.233300
22.769600
19.530900
16.462300
20.588600
20.312100
19.139200
16.415400
21.208300
22.221100
19.548100
20.804400
20.114900
22.737200
29.257100
25.719100
24.515200
22.893700
19.046400
20.596300
17.457500
18.646800
19.335500
19.278800
18.827700
15.785700
18.662000
17.223900
18.135900
18.914000
17.782800
19.310200
19.212600
17.552000
18.947300
13.142600
14.019700
14.916400
15.395100
13.167300
15.745800
12.535700
15.349400
15.129400
14.515100
13.156500
18.245100
18.155200
14.448400
18.315500
15.296200
15.600500
14.744200
13.501300
13.264100
13.516800
15.592900
18.050500
17.567100
12.641900
14.386100
14.771800
12.112100
12.358000
12.612700
15.115900
12.945400
11.975500
13.857900
14.941300
14.870800
13.170800
3.446280
4.321300
4.279170
3.936330
3.927600
3.684150
15.372600
7.119350
11.602600
12.015000
12.075500
18.092700
14.254100
10.514400
16.053600
18.513800
11.170500
7.688860
9.440630
6.278160
2.176040
3.542950
4.644370
4.323410
2.105720
5.204780
4.048500
4.670840
4.286580
4.939290
4.093200
4.133290
3.822520
3.987270
4.428960
3.674120
3.926330
4.258830
4.482000
4.224440
3.623420
3.761040
5.266910
17.650400
3.479270
4.560600
5.940290
6.227640
8.049510
5.459380
10.283200
7.740360
6.583600
3.715230
2.815200
5.336760
3.882670
5.654070
15.471100
11.578400
9.963860
12.408000
11.742400
11.955300
12.589200
11.194100
9.723380
12.208000
11.217300
8.662770
8.922590
11.280600
6.772670
5.378600
7.548190
9.027890
12.273400
7.803120
7.490440
7.065600
7.711010
8.120300
9.260770
9.337780
8.053890
10.917100
9.800010
11.267100
10.526400
10.015200
10.217500
10.690100
9.284410
9.559720
11.795200
9.196860
11.434600
10.006300
9.213310
10.730200
9.527920
7.772360
8.929010
8.787610
10.346900
9.855340
9.144990
8.826100
9.990980
9.112510
9.495920
9.518590
9.173880
9.279070
8.932020
6.354150
8.616170
9.133900
11.153800
9.137930
8.093440
8.869710
8.561140
10.508700
8.417960
8.371110
7.721520
7.078480
9.186830
8.707280
8.837810
7.886940
10.394300
9.015760
8.196970
8.253450
9.576090
8.783970
8.940290
9.103900
8.763410
9.135040
8.057320
7.752860
7.939230
6.835830
8.616960
8.661960
7.480970
7.511300
8.873670
7.106940
7.498740
6.964450
9.524720
7.912050
7.360990
7.028120
8.321900
7.332700
7.004660
7.921520
7.160140
9.197930
6.361230
7.149920
7.197420
7.122790
6.568000
6.848670
9.335100
10.307000
9.206190
7.554320
7.394760
6.572430
5.927130
7.067250
8.843120
6.921550
8.645380
9.645870
7.556110
9.694290
8.701380
6.586310
7.128000
5.872130
4.807580
5.629430
4.100070
6.879320
6.740870
4.378390
4.370620
5.080970
6.669490
6.603370
5.244590
5.677430
5.414900
5.951610
5.318780
5.773970
6.602670
6.903380
6.044670
4.889720
6.773240
5.577720
7.202370
4.847980
5.360210
6.072430
4.543800
6.587670
5.499020
4.767030
6.649830
5.505460
4.969990
5.234520
5.258890
4.602050
5.380800
5.556500
5.874330
5.744460
5.578860
5.191250
5.892440
3.955210
5.418550
5.763110
5.518910
4.825330
5.316150
4.175440
4.701950
5.387800
5.244830
4.698870
5.685630
4.865210
4.676030
5.456400
4.686280
5.858870
4.222770
5.082750
3.600360
3.484740
4.767260
3.822370
4.721180
4.010970
3.539990
5.270140
3.841810
5.058980
3.629520
5.149710
5.008070
5.238630
5.329390
5.664540
6.305340
5.634140
4.616310
4.903740
4.604460
4.924840
4.925210
4.665780
4.432470
4.126520
4.698860
4.444920
5.016790
4.381050
4.589750
5.279430
4.300970
4.719110
4.531850
4.613980
5.023750
4.345280
4.918890
3.947190
4.826330
4.043020
4.235360
3.403930
3.406810
4.135530
2.894970
3.622050
5.283640
4.634930
4.834510
4.026040
4.177660
4.197140
4.022220
4.301930
4.045940
3.615110
4.857270
3.702460
3.710180
3.197590
3.429580
3.941180
3.959150
3.535730
3.656350
3.831550
3.367670
3.746400
3.650130
3.295690
4.028000
3.775390
4.166280
3.966290
3.904770
4.157960
4.259020
