4.62318
4.62747
4.46753
4.579
4.68848
4.65479
4.60675
5.72879
6.92143
8.05195
8.15438
15.5783
31.7743
20.9224
10.9724
4.68721
4.14722
32.1835
14.3411
10.4144
8.1325
14.0204
11.1912
15.7812
11.5147
13.0766
13.6039
12.8578
10.0078
8.39374
10.1325
10.3088
11.5277
10.9944
8.11933
10.0298
10.0223
9.32358
12.0638
13.5075
7.90252
9.43531
9.71437
9.70561
9.69392
11.3355
11.8433
11.0574
10.4576
9.32818
9.60267
10.1312
8.88609
9.59887
9.36155
9.26913
11.1309
11.1267
10.0615
10.8514
11.8322
12.8149
11.9799
9.71747
10.0174
10.1903
10.1254
9.13151
10.0946
9.79677
9.592
8.82479
10.0383
9.88487
9.1459
9.2892
10.4813
10.4578
10.1364
9.24294
9.14351
9.842
9.46631
9.18648
9.561
8.74298
9.15475
9.0305
9.31652
9.54237
8.96442
8.64056
8.59523
8.39977
7.53157
7.94029
7.52267
7.79122
7.12115
7.44288
7.70124
7.60121
8.23823
8.10465
8.36972
8.20412
8.53354
8.75672
7.04512
7.83038
7.05866
7.61039
7.65049
8.51182
6.89333
7.62185
7.20919
7.23132
8.2853
7.28422
6.43986
7.20932
7.60236
6.83384
7.20122
7.18925
6.60109
6.3754
6.50264
6.27856
6.95725
7.61824
6.75483
6.40044
7.0427
6.57619
6.1355
6.44205
6.61847
5.52205
5.68425
5.80494
6.14217
6.376
6.88006
6.33835
5.88521
5.90493
6.00006
5.94817
5.81328
6.02512
4.87695
4.78381
5.04137
5.01411
6.14721
5.77719
5.78597
5.6122
5.57737
5.96203
5.68819
5.16866
5.85726
6.23848
6.04368
5.80876
5.1492
5.29007
5.50008
4.11371
5.12006
4.6574
5.28723
5.24463
5.68656
5.58243
6.47785
7.21998
7.84192
6.83996
7.24493
7.06753
7.137
7.08851
6.59561
7.42704
6.84193
6.96032
4.48409
4.22777
4.70738
5.44729
5.63181
5.16987
4.76695
6.76125
6.54859
5.56818
4.43631
4.18294
4.25075
3.91407
4.1489
4.75736
4.30522
3.96918
3.39088
4.09338
3.52081
3.67493
3.7535
2.68872
3.74314
3.74729
3.1527
2.73883
2.83616
2.29201
2.48489
2.36081
