0.833367
0.81726
1.27829
3.43944
2.73409
3.8831
1.90572
2.93747
3.23498
2.2802
2.05632
2.71747
1.92032
2.19232
2.26606
2.17105
2.24324
2.32681
2.64507
2.42
2.41757
2.22833
2.49234
2.56344
2.35866
2.48435
2.37207
2.23076
2.68574
2.25477
1.99483
2.44723
2.92089
2.14153
2.48436
2.99917
2.89136
2.88087
2.76168
2.71344
2.57866
2.45669
2.29016
2.85896
2.20826
2.22821
2.07578
1.78625
2.35609
1.9922
1.86201
2.20612
2.13116
2.17915
2.26654
2.07568
2.00833
2.16791
2.36779
2.26988
2.53118
2.10663
2.44327
2.34856
2.45502
2.69892
2.35271
3.03099
3.2456
1.48325
1.06935
3.33082
3.09537
2.17477
2.2078
2.11279
3.28149
2.77708
2.29489
2.8613
2.72646
2.55814
2.83046
2.22355
1.9584
2.53699
2.6877
2.64673
2.45769
2.04573
1.90114
1.66203
2.04607
2.09314
2.67039
2.21479
1.78567
1.82611
1.86619
1.7763
1.98953
1.73958
2.07102
1.99292
2.24424
2.12251
2.11662
2.08093
2.33326
2.20664
2.32869
2.02342
2.03348
1.96608
2.22126
2.50808
2.30819
1.91685
2.04728
1.8877
2.06877
2.08344
2.15037
2.26901
1.86447
2.27375
2.21291
2.26637
2.34745
2.59593
2.4807
2.71093
2.28644
2.27696
2.49095
2.3218
2.41681
2.76494
2.03428
2.31622
2.24635
2.42537
2.23052
2.41387
2.4603
2.58878
2.95822
2.34208
2.0434
2.27607
2.64883
2.93613
2.27686
2.64939
2.485
2.30994
2.53256
2.67055
2.5823
2.35759
2.69889
2.48836
2.49819
2.491
2.26506
2.1446
2.47324
2.4333
2.14436
2.65148
2.625
2.80528
2.45437
2.2322
2.64999
2.52262
2.83454
2.70221
2.94406
2.79956
2.44738
2.62072
2.816
2.66419
2.59233
3.03403
2.52186
2.75838
3.29491
2.50757
2.85488
2.63225
2.61918
2.54549
2.52392
2.79837
2.76635
2.83309
2.47973
2.61115
3.0662
2.80681
2.25812
2.57842
2.24347
2.17941
2.25873
2.28522
2.27323
2.05545
2.14227
2.19917
2.06024
2.11688
2.13561
2.05818
2.14716
2.07922
2.24944
1.84773
2.24941
1.89203
1.88041
1.70275
1.89862
1.80447
1.92834
1.76917
1.84671
1.62702
1.91519
1.89543
1.90387
2.38527
1.81946
2.02643
2.38873
2.58779
2.4601
2.19942
2.37277
2.14824
2.08685
2.212
2.07077
2.42668
2.11713
2.4279
2.03651
1.87661
2.47877
2.30856
2.69322
2.15714
2.56741
2.57092
2.4288
2.5904
2.00639
2.56798
2.69573
2.25746
2.32413
2.23831
2.38113
2.08261
2.22741
2.72495
2.84352
2.70257
2.7995
2.42214
2.1801
2.12864
2.05365
1.73082
2.30027
2.52039
1.9265
1.76877
1.45783
1.3346
1.48008
1.47609
1.21416
1.29087
1.64161
1.32797
1.17998
1.20303
1.07184
0.784783
0.892644
1.17598
0.919466
1.00369
1.32993
0.937131
1.11797
0.793397
0.851977
0.915396
1.14861
0.871916
1.12081
1.17238
1.10167
1.24819
1.00341
1.12862
1.08966
1.06793
0.932312
0.813394
0.883419
0.799124
0.84309
0.865644
0.811218
1.16352
0.978875
1.19798
0.998911
0.944459
0.985672
0.960282
1.21107
1.16041
0.970022
1.05976
1.15357
1.10283
1.22855
1.17291
0.973403
1.17578
0.970699
1.01122
1.11117
1.05607
1.05266
1.25582
1.19406
1.22631
1.12921
1.04833
1.27577
1.21251
1.23122
1.2539
1.11607
1.21997
0.923897
1.15855
0.960933
0.823184
0.75046
1.17166
1.3669
1.07828
1.24204
1.05007
1.06721
1.02735
0.842104
1.00243
1.06448
1.08035
0.864346
1.00541
0.929231
0.939856
1.19587
1.01172
1.12094
0.893491
1.09157
1.0894
0.991015
0.945949
0.820284
0.876013
1.01526
0.769229
0.927464
0.744376
0.650892
0.864933
1.09512
1.07679
1.21294
1.18177
1.09126
0.973798
1.11582
0.926819
0.813899
0.952916
0.876555
0.911106
0.752726
0.824798
0.82109
0.915419
1.00351
0.841088
0.626466
0.962103
0.80412
0.653442
0.990579
0.759385
0.628537
0.699287
0.666646
0.477587
0.524187
0.535568
0.497167
0.64009
0.716514
0.768204
0.609997
0.97045
0.728792
0.796666
0.641199
0.579128
0.676039
0.64324
0.728992
0.777482
0.722556
0.598481
0.668717
0.667693
0.666122
0.685857
0.78336
0.745471
0.82869
0.72704
0.753696
0.725154
0.743039
1.14933
0.782843
1.36136
1.22908
0.942636
0.972395
0.839499
0.970976
0.925322
0.740786
0.831707
0.624245
0.790872
0.78537
0.768393
0.762127
0.799209
0.65953
0.805932
0.860711
0.900052
1.02215
0.756416
0.713686
0.613393
0.75186
0.629905
0.627984
0.706111
0.65566
0.711425
0.580195
0.548801
0.569297
0.618923
0.930099
0.671794
0.901722
0.544577
0.546441
0.65694
0.686232
0.70077
0.664064
0.786199
0.825006
0.700802
0.882386
0.757988
0.738436
0.84836
0.63116
0.608957
0.624759
0.59072
0.544091
0.499799
0.602865
0.566613
0.654833
0.655328
0.514483
0.473897
0.517245
0.647352
0.553851
0.708071
0.549383
0.540737
0.584945
0.611151
0.72857
0.776621
0.455736
0.505118
0.685036
0.893773
1.146
0.863771
0.967677
0.729479
0.796623
0.739751
0.513489
0.527524
0.570856
0.586614
0.684762
0.593753
0.655216
0.633231
0.541987
0.460139
0.488948
0.475437
0.65073
0.625621
0.367136
0.30656
0.457192
0.482691
0.525676
0.381158
0.403378
0.403019
0.459017
0.730492
0.673548
0.563333
0.561503
0.625457
0.422202
0.413102
0.493935
0.484581
0.50241
0.47568
0.63601
0.597326
0.478743
0.483713
0.510772
0.656363
0.506228
0.614139
0.625481
0.655733
0.556646
0.545516
0.498737
0.594928
0.588948
0.543387
0.402652
0.497488
0.718069
0.847154
0.698774
0.669354
0.612949
0.523991
0.577202
0.638814
0.415866
0.358377
0.510777
0.394933
0.370213
0.591601
0.375754
0.539832
0.426875
0.418193
0.382984
0.432586
0.510275
0.501764
0.403763
0.464537
0.444336
0.425775
0.528574
0.453341
0.51691
0.419703
0.430288
0.518526
0.605064
0.566061
0.483587
0.781201
0.592099
0.58872
0.620738
0.482521
0.578341
0.456711
0.473208
0.429722
0.357348
0.492691
0.532677
0.42476
0.48388
0.485695
0.467884
0.47678
0.380046
0.378111
0.462498
0.363087
0.415711
0.379018
0.341061
0.359841
0.291358
0.372446
0.394062
0.479779
0.422342
0.412775
0.428232
0.47896
0.398641
0.373727
0.367864
0.315701
0.556741
0.609342
0.637648
0.688557
0.526118
0.58453
0.516002
0.596632
0.573493
0.552238
0.482075
0.433401
0.529027
0.584119
0.510081
0.616823
0.562914
0.570586
0.749293
0.612497
0.471376
0.423066
0.39861
0.380037
0.30894
0.371941
0.416055
0.349494
0.427108
0.432218
0.354884
0.365681
0.379295
0.364304
0.474073
0.428277
0.411146
0.393535
0.398523
0.540492
0.356292
0.350372
0.421225
0.386424
0.386413
0.358077
0.389853
0.376681
0.447848
0.360795
0.375294
0.369349
0.385401
0.363186
0.377383
0.37356
0.434022
0.436818
0.376797
0.354869
0.356374
0.293043
0.346301
0.51345
0.432296
0.394867
0.362457
0.419392
0.572602
0.354624
0.432237
0.299988
0.447018
0.40219
0.337497
0.33277
0.323346
0.364139
0.360213
0.400562
0.413479
0.531069
0.371952
0.43595
0.447241
0.422898
0.3438
0.363024
0.34291
0.341547
0.347042
0.310369
0.290541
0.342086
0.41395
0.402666
0.407558
0.400023
0.347171
0.38382
0.362792
0.39997
0.409216
0.341154
0.315293
0.358284
0.340585
0.313173
0.321154
0.397713
0.405537
0.433424
0.404853
0.428361
0.403896
0.386616
0.432364
0.437982
0.371945
0.40774
0.370603
0.407929
0.397067
0.393933
0.416313
0.440808
0.400892
0.386313
0.376267
0.361547
0.350113
0.296764
