1.09247
1.07968
1.19581
1.20915
1.21859
1.29882
1.41559
1.64285
1.98077
2.29433
2.96851
2.11198
4.21718
4.37965
5.02097
5.00624
4.63185
5.34226
4.93555
5.93338
4.39356
4.26613
4.65806
3.76213
3.84243
2.85986
2.74522
3.73645
3.00819
2.71069
2.44031
3.8784
3.45558
4.49121
3.9825
4.12344
4.00444
3.58156
4.00127
4.26024
3.68346
4.40492
4.2498
3.92628
3.9894
3.89258
4.15105
4.52483
4.07565
3.92493
3.59256
4.26362
3.50491
3.98801
4.71977
4.31642
3.95502
4.71019
4.83549
4.53647
4.14922
3.64903
5.05578
5.07172
5.10439
5.52809
4.94266
4.00693
4.76249
4.84666
4.23923
5.4057
4.37828
4.81563
4.24561
4.01176
4.35875
4.32564
3.40664
4.67011
3.90013
4.69684
5.2172
4.05128
5.02338
4.83182
4.75677
4.02675
3.97085
4.48638
4.92167
4.23825
4.35324
3.89646
4.02189
4.48092
4.30941
4.67244
5.13808
4.86196
4.39053
4.35727
3.64372
4.07846
4.93847
4.38283
3.89632
3.78908
5.4033
4.49421
5.09638
4.82548
4.71359
4.21097
4.7903
3.61338
3.92043
4.05893
3.7543
4.40555
4.30035
3.65191
4.35093
4.10771
3.41959
4.10998
3.75238
2.5156
2.84411
2.98076
3.15175
3.51306
2.62997
2.95283
3.27683
2.50667
3.38087
2.58839
2.78141
2.35185
2.4002
2.24856
2.18101
2.21782
