0.0607929
0.054704
0.0753774
0.0699937
0.0497965
0.0492768
0.0569557
0.0637145
0.0540385
0.0614747
0.0722525
0.111539
0.132742
0.128717
0.139291
0.151431
0.172088
0.161185
0.171331
0.169495
0.183254
0.184336
0.185581
0.17027
0.180381
0.196071
0.208863
0.211138
0.199646
0.200003
0.213408
0.237832
0.216755
0.220484
0.23335
0.268557
0.259932
0.262094
0.237335
0.288912
0.289287
0.259753
0.288866
0.30858
0.297736
0.264013
0.319109
0.350727
0.342633
0.269646
0.305185
0.290656
0.348679
0.3922
0.335602
0.418916
0.385981
0.382258
0.403017
0.38211
0.356464
0.347905
0.410998
0.46625
0.358528
0.472123
0.403231
0.448277
0.279474
0.303696
0.405538
0.395865
0.397368
0.373559
0.302654
0.385569
0.412187
0.449854
0.364996
0.450855
0.43258
0.435891
0.460836
0.316623
0.397442
0.438478
0.434237
0.336315
0.525548
0.485852
0.605953
0.492459
0.396269
0.428174
0.519779
0.330959
0.429813
0.467617
0.46596
0.419918
0.512326
0.318521
0.48563
0.341335
0.462951
0.450115
0.410645
0.476528
0.494549
0.526377
0.470472
0.437089
0.55407
0.379343
0.454017
0.431023
0.618998
0.362992
0.565509
0.490798
0.63376
0.544861
0.619525
0.606036
0.520921
0.754654
0.49675
0.461142
0.506286
0.468121
0.42614
0.537645
0.602927
0.530608
0.473702
0.564271
0.447655
0.510191
0.582447
0.657139
0.575416
0.547688
0.633529
0.704283
0.636115
0.706231
0.6867
0.845019
0.766575
0.648225
0.674157
0.621766
0.488093
0.70871
0.704096
0.648912
0.91692
0.573285
0.695624
0.74885
0.745825
0.783103
0.595342
0.798092
0.755659
0.80623
0.843195
1.00535
0.623611
0.882445
0.784455
0.658129
0.890008
0.893701
0.842841
0.81577
0.727907
0.594297
0.824248
0.842315
0.89899
0.779398
0.990928
0.672205
0.876346
0.652073
0.603174
0.829266
0.801574
0.952398
0.718187
0.854522
0.920706
0.939282
0.707163
1.03142
0.672333
1.00828
0.749961
0.958578
0.887621
0.917975
0.664108
0.862774
0.905695
0.800017
0.72987
0.77078
0.740333
0.723839
0.84735
0.848551
0.791553
1.37282
1.2038
1.13279
0.803982
1.23786
1.33561
1.30741
1.15818
