4.59985
6.22789
6.85801
6.25702
4.72567
8.08994
7.15603
6.27333
7.67196
7.36708
6.25818
6.37318
5.03297
6.92821
7.83466
9.19487
9.48383
8.5797
8.12173
10.156
9.11066
10.3243
9.54163
10.2527
8.70786
10.6997
9.02619
12.1391
10.5046
9.38047
11.3287
11.0847
11.3188
11.6231
9.41327
10.1803
10.8238
13.1162
13.6672
13.5791
15.8804
13.1762
15.6603
14.4156
13.4133
13.7191
13.1168
16.0995
15.0648
15.5104
14.2426
15.846
16.9146
13.8692
16.0255
16.4532
14.9905
19.9839
16.9478
17.2996
19.3358
17.1066
19.1296
18.263
19.811
19.6371
16.3053
15.9507
18.2586
18.2819
18.6853
18.9097
18.4837
19.0561
17.3376
18.5342
18.9384
19.6132
18.0545
17.5392
21.7421
22.7562
20.9696
20.0083
21.0357
21.3865
17.5537
22.454
19.1335
23.1746
22.0866
19.9738
19.8614
22.1095
20.9168
18.203
15.8324
21.4325
20.5963
22.4346
24.7046
22.382
20.998
20.6886
17.7416
19.9652
19.6616
17.8031
16.3624
13.6911
12.8169
17.0432
21.0699
17.5742
22.4172
22.0592
27.9014
