14.1057
30.7006
24.3933
24.1061
22.0803
22.8231
20.1828
17.6133
12.5355
18.9571
18.8523
17.596
16.7911
14.795
15.5299
16.07
15.6192
17.0678
16.8688
15.6731
15.6553
17.5921
15.3143
15.5827
16.9897
16.4926
16.3675
15.5153
16.8331
16.4575
18.7445
16.0504
14.8456
14.2305
12.9372
14.6132
14.4863
14.8116
15.6556
18.1825
18.5505
17.4794
17.5288
17.4269
17.9844
18.2063
16.8578
17.0341
16.6095
15.4045
17.1701
16.0409
16.6266
16.6254
17.3567
18.1438
16.4479
18.7083
17.8239
14.4593
16.5193
18.0077
17.4114
17.2902
15.8284
15.6785
17.1314
16.6994
17.7702
20.2049
17.9187
18.3053
19.4299
18.1746
18.8562
18.206
20.4318
19.9788
19.5413
18.1789
19.0328
18.2311
17.734
18.2375
18.3125
18.8276
20.1306
18.2957
19.4091
18.5604
19.7226
19.7322
18.0467
20.1939
18.3347
19.7378
18.3093
19.4429
21.248
21.1927
19.9288
22.4695
22.2092
19.9185
21.3644
20.5807
20.5646
22.0758
20.532
19.9093
21.7627
20.2984
19.8925
21.3147
22.6343
20.2473
20.5851
20.2179
21.9578
18.9899
20.7161
22.8019
19.7959
21.0847
20.6025
21.4246
22.5852
20.8509
21.1076
22.6262
22.0915
20.2686
21.8263
20.8314
21.1468
19.1015
22.215
17.6093
20.6442
21.2401
21.0699
21.3183
19.7379
19.0664
17.9061
18.2253
17.2736
22.0929
16.5642
16.976
17.1043
18.3939
16.6643
18.1397
17.115
16.2851
18.3424
16.3728
18.7059
16.6023
18.8403
17.4289
17.6719
18.785
18.7201
19.024
19.7298
17.4194
16.7801
14.6756
14.5845
13.9839
13.943
14.4384
15.1318
15.4252
17.4025
17.0154
16.2224
17.8569
17.5437
16.1692
16.3621
15.9726
16.5884
18.5579
19.8568
18.9921
18.7569
19.8858
18.9394
18.4939
20.1581
18.5355
20.217
21.2453
18.6041
18.1405
16.5456
19.6529
16.6897
17.7445
17.6917
17.1068
16.3126
15.1584
15.6222
17.2329
14.441
16.3386
16.4725
18.495
15.8836
16.3951
14.0538
14.2705
14.4911
14.3875
14.4013
14.5815
14.1656
14.4414
16.2017
14.2352
15.5143
15.536
13.0723
12.6458
15.1329
12.4791
13.899
14.1659
13.7981
15.6296
12.6869
14.2738
13.4131
13.6617
12.5156
12.8421
10.9249
14.3701
10.0842
10.9385
11.1821
12.0698
12.7361
11.5323
14.94
11.3789
10.8927
12.5033
12.0416
11.0536
11.7339
8.94809
10.7633
10.0431
9.76087
10.0052
10.6635
7.46875
8.96226
9.29212
9.45994
9.25584
8.13185
7.8359
8.47505
7.97144
8.6356
7.45801
7.99868
9.11587
7.73654
7.63403
7.36852
7.53744
8.12317
7.81034
7.79756
7.01857
8.35399
5.96701
7.52706
6.90292
8.36311
7.20556
7.4166
7.69862
6.36424
6.88815
6.70962
6.05841
7.35014
7.20278
6.19267
6.6861
6.06896
6.47801
5.75201
6.30649
5.82504
6.44933
6.86187
6.38705
5.60128
6.70005
5.33434
6.56661
5.58842
6.12721
5.35408
5.59837
5.67952
4.97772
5.30705
5.09165
5.80335
5.00729
5.34662
4.87269
5.56285
4.87212
6.19969
4.82935
5.348
6.58794
5.02268
5.34378
5.75598
4.96873
5.18391
4.88481
5.83158
5.4277
5.15512
5.69138
5.93511
5.19477
5.85986
6.38303
5.70327
4.85466
5.13376
4.66269
4.67873
5.12491
4.60475
4.22433
5.14994
5.46435
5.16403
5.2084
5.10133
4.89903
4.78513
5.58214
5.4844
6.88153
6.39588
5.55558
7.49951
7.38673
6.46817
8.45743
4.58622
6.12956
5.12764
4.23689
4.33942
5.40331
5.46217
4.89827
4.50281
4.86628
4.59535
4.03957
3.42233
