10.5779
16.1818
32.6041
39.0276
32.2718
22.8358
20.4744
15.9149
28.0542
18.3628
14.7963
13.0539
13.4674
13.3171
12.2423
13.3518
14.6707
11.8109
14.4496
18.6243
19.4279
15.7595
17.6804
17.6856
16.1882
15.7796
17.7603
17.548
13.2013
14.6749
13.6424
16.7437
13.4279
12.8463
12.5878
13.803
15.3946
14.2974
14.742
12.1874
13.2584
13.528
11.4486
9.89881
11.4979
11.8223
10.9227
10.1436
10.6927
10.8829
11.5415
10.3534
10.114
10.9245
8.68013
7.44844
10.2174
9.82411
9.83518
9.59827
9.55434
8.08411
8.33438
6.89587
7.30239
6.98959
7.87334
7.13292
6.42246
6.70751
5.45813
6.18359
6.04955
6.30826
6.22436
5.87378
5.6173
5.84132
6.28589
6.75825
5.12029
6.04334
5.65912
6.69136
5.08537
4.81004
5.97486
5.28073
4.66915
4.40991
5.04349
5.13561
5.39357
5.52298
6.25845
4.83206
4.99344
5.70022
4.90866
5.64125
5.73704
6.09968
5.21974
4.49488
4.65826
3.76952
5.83262
4.1764
5.72259
4.9331
4.13952
5.21211
5.23661
4.44865
5.20622
4.90718
4.28332
4.9109
4.13653
4.45271
5.01406
5.60387
4.45217
3.81317
3.53152
3.807
3.17157
3.39906
4.06808
4.04072
4.33739
3.80402
3.72567
4.17186
2.97214
3.78038
2.34271
3.52868
3.34896
3.02685
3.6392
3.25127
2.44825
2.5617
3.57729
2.40013
2.22109
2.82019
2.18074
2.52725
2.65577
2.82116
1.9225
1.91968
2.0839
2.191
2.17331
