0.915058
0.920772
0.94054
0.980812
0.922208
0.939566
1.55901
1.54636
1.916
0.977892
1.1003
1.42611
1.99952
1.73873
1.92097
1.7937
1.45272
0.994668
1.36349
1.64406
1.53064
2.27337
1.60578
1.075
1.45415
1.36139
1.26273
1.61347
1.39264
1.16944
1.39935
1.25946
1.66446
1.32211
0.84473
1.10941
1.57758
0.909967
0.92981
1.11444
0.94
0.941714
0.914308
0.91268
0.852259
0.914829
0.916788
0.941534
1.29426
2.80078
2.42552
2.12339
1.82186
2.25012
1.38773
1.62638
1.84393
1.30427
1.79423
1.71037
1.79121
1.98207
2.25449
1.88441
2.07295
2.08273
2.09181
1.78201
1.56192
1.64207
1.47137
1.8302
1.55185
1.6937
1.4405
1.78024
1.63348
1.61737
1.33359
1.45306
1.55781
1.56953
1.83832
1.84981
1.50108
1.37671
1.19482
1.16323
1.58164
1.33004
1.86516
1.31661
1.46927
1.58281
1.49409
1.33812
1.50562
1.73377
1.34508
1.29611
1.50643
1.53426
1.2302
1.76501
1.71113
1.62903
1.57692
1.68813
1.63682
1.57057
1.51338
1.53288
1.65466
1.98108
1.70115
1.85987
1.95058
1.77697
1.68651
1.84194
1.69386
1.58418
1.59291
1.32795
2.11119
1.66008
1.49983
1.34253
1.44079
1.72159
1.58157
1.68826
1.50758
1.37108
1.46572
1.49832
1.442
1.41661
1.48586
1.40797
1.62795
1.78717
1.85702
1.48465
1.43122
1.65205
1.53289
1.88869
2.02652
1.30897
1.40789
1.48693
1.70176
1.67804
1.6748
2.07338
1.53807
1.43287
1.62589
1.75678
1.66615
1.60674
1.59524
1.24451
1.51814
1.71838
1.79914
1.48065
1.57188
1.85878
1.98912
1.5472
1.43062
1.66346
1.43653
1.12364
1.41238
1.53602
1.58449
1.65346
1.27775
1.22455
1.31753
1.28475
1.4725
1.58533
1.23933
1.19227
1.47329
1.83876
1.78904
1.55374
1.19683
1.64151
1.6183
1.45125
1.55265
1.46378
1.54116
1.31079
1.30058
1.8723
1.81484
1.63779
1.34978
1.39062
1.80002
1.6079
1.16047
0.883042
0.719293
1.66582
1.5818
1.07706
1.06694
0.742809
0.835976
1.02074
0.977234
1.17092
1.17845
1.15983
1.24051
0.981714
1.52649
1.35846
1.62277
1.42363
1.40892
1.4974
1.26255
1.50448
1.47049
1.50884
1.27893
1.4028
1.62027
1.44501
1.3135
1.13342
1.32177
1.43155
1.66068
1.32725
1.47279
1.24932
1.0337
1.06297
1.14993
1.29445
1.34934
1.20425
1.38733
1.48341
1.37138
1.55294
1.62142
1.34654
1.25053
1.39057
1.3607
1.42382
1.12774
1.46656
0.982378
0.88728
1.19825
1.26982
1.3077
1.41332
1.12335
0.848753
1.06574
0.986047
1.08498
1.01699
1.05195
1.06072
0.851142
1.02798
1.08132
1.32367
0.975555
1.05974
1.08776
0.899336
0.873604
0.816348
0.69543
1.02973
1.16337
0.922563
0.836533
1.00805
0.878268
0.749258
0.949917
1.09128
1.20904
0.893248
0.741738
0.944872
1.14225
1.35308
1.15127
0.865442
0.647015
0.651361
0.745172
0.869816
1.08368
1.1803
0.996744
0.827747
1.13954
1.17956
1.02731
0.937788
0.793211
0.979244
0.898716
0.943298
0.979384
0.792221
0.742532
0.731342
0.824161
0.801569
0.655311
0.770179
0.742893
0.753927
0.866911
0.890559
0.733857
0.631106
0.604888
0.752625
0.805543
0.644536
0.757565
0.837507
0.815903
0.531863
0.719728
0.903124
0.976142
0.750468
0.749103
0.665853
0.531885
0.708936
0.771578
0.927668
0.768046
0.832081
0.821556
0.613426
0.602084
0.644714
0.73414
0.83495
0.889478
0.643809
0.706357
0.708188
0.629468
0.639187
0.656635
0.723633
0.888798
0.680713
0.600978
0.642904
0.638725
0.581761
0.541857
0.683686
0.655462
0.546636
0.559805
0.619987
0.657675
0.540977
0.609329
0.529252
0.593999
0.593151
0.552514
0.492697
0.677067
0.583858
0.622148
0.922112
0.700502
0.579411
0.665318
0.68846
0.694336
0.443558
0.395746
0.378283
0.358693
0.402884
0.335873
0.39312
0.336657
0.345406
0.311086
0.254415
0.244486
0.289468
0.21477
0.279681
0.234342
0.281655
0.282773
0.273956
0.322156
0.258369
0.241702
0.237838
0.246359
0.264814
0.216963
0.238799
0.22998
0.238204
0.225365
0.191276
0.278159
0.331903
0.219353
0.254413
0.204304
0.270193
0.227176
0.220112
0.212084
0.239648
0.258081
0.243356
0.275227
0.251169
0.238318
0.31273
0.206063
0.214336
0.217836
0.192016
0.221875
0.210502
0.209346
0.220592
0.216355
0.249611
0.221532
0.192627
0.222147
0.197335
0.231026
0.203434
0.195275
0.21891
0.228563
0.237317
0.219269
0.262626
0.275908
0.330581
0.333501
0.271939
0.259271
0.253086
0.259135
0.236993
0.223984
0.2738
0.248404
0.275012
0.264234
0.240391
0.241001
0.216249
0.241041
0.239395
0.209409
0.224643
0.227593
0.252463
0.220362
0.190186
0.212621
0.205997
0.208002
0.196374
0.242425
0.203994
0.190846
0.207771
0.20523
0.179281
0.189081
0.187087
0.205134
0.180164
0.20142
0.224556
0.224505
0.185652
0.202983
0.182016
0.178629
0.202333
0.16383
0.175553
0.188054
0.213725
0.181941
0.188299
0.204934
0.193916
0.188132
0.222407
0.19013
0.208879
0.214187
0.193128
0.203348
0.210453
0.184252
0.18357
0.193948
0.180682
0.202122
0.199612
0.197541
0.175795
0.187582
0.227549
0.195961
0.190152
0.205038
0.184372
0.222491
0.203183
0.215776
0.198335
0.209666
0.228282
0.223809
0.230146
0.231562
0.254161
0.247792
0.240417
0.236258
0.242337
0.230673
0.25188
0.233427
0.240587
0.267307
0.262582
0.256219
0.231479
0.227311
0.2551
0.291286
0.242287
0.230298
0.211207
0.252947
0.244112
