1.04398
1.08258
1.28228
1.13378
1.199
1.28349
1.19922
1.20574
1.24295
1.33746
1.28188
1.4511
1.33166
1.52222
1.48866
1.63267
1.69607
1.88783
2.39536
1.8515
2.17855
2.24491
2.41776
4.4332
4.55224
4.41664
6.83819
6.33973
11.573
8.22861
10.482
8.68621
9.12605
9.60365
7.66399
6.26966
4.45562
4.91931
6.08786
8.34072
6.51109
6.66337
5.43358
5.2992
4.92911
4.66007
5.8407
6.12525
5.54215
6.32455
6.43226
4.82783
5.20033
6.02038
5.24141
5.78464
4.50057
4.93619
5.1127
4.7444
6.74336
5.26634
6.17444
4.7901
6.06539
6.87022
4.86217
6.17565
6.38405
5.61821
6.62431
5.61901
5.04465
5.80054
4.80823
5.26761
4.79765
4.64279
4.96017
5.58166
5.55679
5.52517
4.91586
5.74852
4.79896
4.40473
5.00775
5.64471
5.29194
5.00897
4.37395
3.83735
5.1124
3.80391
3.87818
4.37407
3.77685
4.40277
3.38161
3.67006
3.60508
3.10306
2.32935
3.53707
3.33408
3.32189
3.12995
3.23259
1.87515
2.59797
2.50334
3.35143
2.33847
1.69636
1.92867
2.07982
2.14363
2.06835
2.30505
1.79004
1.5687
1.57585
1.3315
1.52952
1.33113
1.37937
1.25259
1.08709
0.831158
0.752841
