4.928650
4.385670
4.373880
4.248820
4.098970
4.362530
3.917450
3.943680
3.487250
3.583010
3.651420
3.200440
4.232870
3.577630
3.979820
4.571070
4.638100
4.951120
4.545660
5.285720
4.818330
4.871180
5.127930
4.095740
5.196410
4.839280
4.853830
4.354870
3.753560
4.003830
4.607650
4.419760
4.781750
4.362920
4.888390
4.660600
4.754500
4.192230
5.286660
5.041580
5.390110
5.312910
5.009540
6.738880
5.775490
6.017780
6.877910
6.822890
4.982720
5.915440
4.922000
5.111210
4.740980
5.713860
5.250150
5.852230
4.656520
5.691540
5.614230
4.940370
4.842110
4.674460
4.889390
5.057530
5.816470
5.081420
5.028890
4.841480
5.156660
4.395000
5.113470
5.510470
4.571680
4.506840
5.460090
5.093510
4.516590
5.046170
3.616660
4.824680
3.694410
4.230150
3.464960
4.808520
4.080710
3.784400
4.737010
3.574060
3.856210
4.421850
3.450160
4.023560
3.874810
4.125680
4.328600
4.677260
3.904490
4.610710
3.680990
3.649810
4.101010
3.550370
4.346920
5.055860
4.110920
4.342330
3.428960
4.568680
4.797180
3.710810
4.329380
4.162890
4.470320
4.003490
3.576210
3.860440
3.757510
3.849510
5.014810
3.159600
3.775030
3.295700
3.291040
3.716970
4.716220
4.386270
4.685020
4.323700
4.731170
4.385980
3.852660
4.035090
4.310600
3.459330
3.690840
3.330540
4.579770
4.388470
4.230770
4.415460
3.434390
3.915150
3.639350
3.639610
3.914010
4.102550
4.029820
3.516950
3.769900
3.810540
3.991850
3.451760
3.427790
3.948100
3.455900
3.273440
3.847320
3.702590
3.260940
3.618590
3.540710
4.033230
3.976760
3.902500
3.449770
3.791350
3.606700
3.000300
3.875100
3.425770
4.075100
4.298500
3.379220
3.293090
3.877030
3.695010
3.500950
3.849780
3.598450
3.558800
3.433220
3.502720
3.248170
3.420220
3.639950
3.267510
3.895480
3.157470
3.607530
3.379430
3.363520
2.892400
3.510360
3.028110
3.470660
2.844870
2.820700
3.158400
3.278400
2.956860
3.354290
3.445840
2.777010
3.063700
3.226930
3.181150
2.916350
3.330330
3.182390
3.008210
3.206970
3.709920
3.210240
3.166420
3.434160
3.222700
3.046510
3.213190
2.980110
3.193350
2.906060
2.692090
2.916460
2.929330
3.339950
3.216340
2.671170
2.109300
2.223360
2.775690
2.686700
2.625740
2.941340
2.595650
2.604170
2.599140
2.712780
2.950000
2.722500
3.304200
3.215060
3.461980
3.068960
3.236880
3.440520
3.852150
4.105280
3.591130
2.945040
3.281030
3.496660
3.170120
3.677160
3.358210
2.789120
3.195160
3.400160
3.094730
2.907300
3.941090
3.158720
3.505800
2.948120
2.958340
3.262310
3.107470
2.666520
2.997400
2.895950
2.912190
2.958060
3.245170
2.722640
2.903130
2.918340
2.899910
2.851680
2.661200
3.209470
2.594390
2.860470
2.561110
2.752780
2.499360
2.458210
2.694880
2.652840
2.703540
2.472400
2.528340
2.704090
2.608240
2.556840
2.588800
2.710080
2.694790
2.459710
2.603390
2.535540
2.451750
2.572670
2.459400
2.408160
2.494190
2.291890
2.314900
2.555440
2.585280
2.497550
2.347860
2.540670
2.324020
2.481900
2.372050
2.361330
2.641660
2.427300
2.430250
2.391750
2.715520
2.708010
2.595580
2.547940
2.402100
2.599440
2.645440
2.514930
2.532040
2.504170
2.608400
2.466350
2.391610
2.483630
2.558810
2.632210
2.444110
2.451980
2.534100
2.431850
2.602270
2.577430
2.573520
2.469700
2.512400
2.519680
2.252720
2.504080
2.404980
2.406560
2.529970
2.483000
2.430340
2.550680
2.348980
2.610160
2.771270
2.363420
2.528490
2.477250
2.461430
2.549840
2.559300
2.339910
2.300500
2.299400
2.364630
2.308740
2.309470
2.342440
2.159620
2.066450
2.403850
2.515650
2.330990
2.294940
2.063800
1.947430
2.260540
2.303210
2.542020
2.249950
2.212540
2.251330
2.192590
2.267490
2.187340
2.292860
2.186380
2.389710
2.235420
2.339550
2.309490
2.213220
2.452360
2.255130
2.193850
2.332190
2.356850
2.250520
2.188810
2.011020
2.119670
2.168330
2.099290
2.234170
2.063760
2.010170
2.117470
2.160970
2.336880
1.977270
2.161220
1.986890
2.118420
1.956480
1.902100
2.082080
1.776110
2.024650
2.087260
1.908540
1.921620
1.973070
1.799280
1.860470
1.780130
1.891740
1.984250
1.980680
2.127010
1.874130
1.922010
2.075000
2.142680
2.116560
2.196380
2.052300
1.950120
2.057750
1.951000
1.676580
1.758720
1.938730
1.908130
1.850260
1.967540
2.028010
1.956100
2.059170
2.155100
2.029380
1.913120
1.767550
1.913220
1.912130
1.802150
1.985360
1.911820
1.965650
2.096180
2.129050
1.785510
1.948770
1.628490
1.863730
1.809990
1.613540
1.680690
1.752630
1.763760
2.005740
1.707620
1.800090
1.732490
1.833030
1.633780
1.692340
