0.72503
0.661985
0.517716
0.557617
0.846066
0.888258
0.818659
0.743854
0.804677
0.797433
0.988333
0.881465
0.817436
0.794542
0.941511
0.704034
0.822862
0.785984
0.813205
0.90265
0.69849
0.84012
0.707864
0.742735
0.691099
0.612636
0.841222
0.989078
1.04648
1.20403
1.05635
1.10921
1.07926
0.836952
0.863288
1.03467
0.973189
0.990571
1.12097
1.51038
1.2316
1.26403
1.20954
1.41087
1.42154
1.40838
1.41153
1.23427
1.23519
1.21997
1.15856
0.958776
1.37768
1.30253
1.12387
1.0659
1.26777
1.12195
1.28897
1.32316
1.24203
1.30676
1.13567
1.39484
1.29391
1.2645
1.22021
1.40625
1.45855
1.46187
1.39669
1.09951
1.42692
1.34149
1.3754
1.29548
1.20247
1.36649
1.43876
1.28532
1.10425
1.3564
1.4056
1.48141
1.27112
1.46908
1.36013
1.31441
1.43065
1.29073
1.34733
1.42168
1.3406
1.47744
1.55133
1.50121
1.11527
1.24814
1.22952
1.47651
1.2151
1.27994
1.19694
1.3716
1.55922
1.64017
1.4494
1.66452
1.71523
1.64354
1.55371
1.19822
1.41013
1.66097
1.53344
1.60355
1.99655
1.62453
1.43598
1.62276
1.32635
1.77696
1.76397
1.59283
1.75636
1.81282
1.77467
2.00373
1.99309
2.16821
1.94201
1.89474
1.98261
1.77637
1.57872
1.97974
2.05071
2.37034
2.07222
1.79618
1.92905
2.05792
2.02805
1.85898
2.06068
2.24941
1.70344
1.88659
1.68126
1.9171
2.17024
2.0228
1.75689
1.79811
1.83207
2.01368
1.5752
1.73226
1.76912
1.79898
1.63705
1.60501
2.01215
1.81912
1.86188
1.74565
1.66472
1.83481
1.84031
1.94585
1.86358
1.99891
2.07974
2.00394
2.05091
2.36257
2.36366
2.29417
2.3873
2.21685
2.29493
2.1943
2.66443
2.02549
2.16442
2.20944
2.08722
1.81991
1.90596
1.85801
2.17329
1.87649
1.93067
1.94744
1.78751
1.88614
1.98234
2.27638
1.93274
1.80627
1.60202
2.06625
1.91041
2.26982
2.02037
2.39155
2.09344
2.05363
2.17473
2.60724
2.61283
2.30008
1.85379
1.94563
2.00409
2.28661
2.30516
2.06675
2.42706
2.09523
2.20842
2.25859
1.90687
1.86167
2.11422
1.89666
1.88698
1.66143
1.62655
1.60767
1.67069
1.73822
1.21682
1.4687
1.68567
