8.843040
7.802320
5.998380
5.640610
5.502190
5.817220
6.758780
5.079820
6.298900
5.689800
5.152620
6.426000
3.155850
3.415040
5.865180
7.287440
4.666790
3.342570
6.157320
6.347950
6.601370
6.358120
3.657200
7.044840
7.161120
6.903590
7.965700
4.412860
7.064920
6.903130
7.105570
7.320540
5.543440
10.148400
9.066230
6.879830
8.673200
8.184020
8.706030
8.552190
9.264020
7.450350
8.548380
8.306300
7.831130
8.072480
7.153650
6.334640
6.334400
4.227830
5.964010
5.999210
4.730230
8.282810
5.729820
5.477580
6.216260
8.139430
11.428900
7.572400
16.921200
10.637200
8.226250
9.749800
8.168560
7.942460
6.547310
7.449640
5.806080
5.762230
7.280680
5.522070
8.437690
8.988710
8.334820
10.202600
10.001500
7.660590
7.463750
7.605270
13.536600
16.244100
8.975790
13.894100
11.404900
10.651900
10.297600
12.047200
7.079440
9.997600
13.468600
5.647900
7.726360
10.389400
12.812300
12.460300
9.960100
11.086000
7.826750
6.418600
6.902640
4.567020
7.360510
7.161480
6.151820
9.364100
10.559300
7.321550
5.384800
7.195570
8.103050
12.513000
6.439390
8.935120
9.475060
8.951910
9.446320
6.676060
15.940700
6.174970
12.746100
8.148440
9.102420
5.409600
7.727950
7.070860
6.448340
6.378410
6.676190
6.712810
6.187270
5.771340
5.862400
5.971880
6.909080
6.540550
10.450800
7.722790
10.320700
8.553230
5.400070
12.364000
8.680740
5.454180
11.256300
11.643300
8.756110
8.766630
7.400790
10.785600
8.488600
12.687500
10.313600
9.832060
7.781370
13.982300
6.332520
11.320100
7.453790
13.572100
13.832900
9.688560
16.586900
12.572300
16.775100
23.857800
18.209800
21.713800
18.489900
15.379000
22.153000
15.407800
16.689200
14.442200
18.829700
18.923400
20.049700
23.991100
28.529600
17.302700
24.132400
14.907400
26.524200
20.550700
21.490200
19.176100
16.656100
22.895600
14.871100
14.814500
11.475200
19.753800
15.539500
13.261700
14.736600
17.420700
14.478000
12.152500
14.420900
16.719700
16.536100
17.286600
19.031700
17.861100
19.231100
10.724300
16.688800
19.169600
17.186500
11.794700
13.423100
9.511470
12.280500
10.544200
9.332560
11.214700
10.071400
10.718500
10.475700
10.685500
13.105200
12.972700
13.532200
13.281800
14.882600
15.105900
16.495100
25.157200
22.000300
18.066600
21.817900
19.184700
21.885500
16.721700
15.030200
22.806400
25.111200
20.812800
17.592300
14.158700
8.613290
7.884630
9.058850
8.450280
