6.37489
8.55203
6.80679
8.83229
8.57376
11.2402
16.2239
13.9929
14.3597
10.8805
11.9583
11.2397
11.0332
9.94898
9.04853
10.9308
10.0303
9.71153
8.39269
9.43719
9.22446
8.4795
8.50905
8.24912
7.80684
9.70887
8.31514
8.10828
7.99855
7.79694
7.11111
7.0774
7.42498
8.00456
9.40464
6.49447
10.8159
9.8317
9.24432
9.76209
9.60067
8.51399
8.94959
9.57561
9.62759
10.2706
8.89179
7.95919
9.79724
7.74084
8.75116
8.42647
9.54086
8.66754
8.88301
7.60526
8.07718
8.58597
8.6539
8.61875
8.1998
7.93735
7.35023
7.0196
7.94883
8.54576
7.29637
8.49311
7.00575
8.13667
8.41606
7.36028
7.51976
7.66201
6.96453
7.77635
8.86383
7.79289
8.65353
6.80918
7.64996
8.88491
8.00333
8.15493
7.05589
6.88947
7.48388
6.95357
6.73292
6.55317
7.31194
7.45974
6.5426
7.18449
6.65691
5.9992
6.73654
7.15469
6.44359
5.89243
7.02995
6.8017
6.87779
6.60104
6.76404
7.20431
7.22197
6.83623
6.01018
6.2927
7.10815
6.7134
6.60266
7.71905
7.22142
7.12498
7.08001
7.06888
6.02548
6.185
6.83265
6.41758
6.72319
6.66541
6.65116
6.74891
7.21136
7.88707
6.44275
7.47919
7.19734
7.9526
7.42999
7.43511
6.98418
7.52523
5.95752
6.84714
6.7428
7.73041
7.78258
8.10082
7.70785
7.2161
6.76088
8.4508
6.71433
7.23593
7.34237
6.81268
6.91573
7.00486
7.61827
6.20225
6.71743
6.80303
6.45066
6.48698
6.75391
6.56258
6.2852
6.38858
6.40455
7.12234
5.7243
4.69041
6.99039
5.98204
5.51998
6.07045
6.29367
6.68937
6.18288
5.50047
5.66131
6.07979
5.70299
5.337
6.11908
5.86432
5.18073
4.71139
4.24884
