5.86547
6.09945
6.92434
9.03765
10.2037
9.62664
14.2375
27.5969
24.5992
28.3391
24.5494
26.0194
25.7933
19.3329
19.5554
14.7067
18.646
16.6598
14.2138
12.9043
14.1741
16.8341
12.9404
14.1664
16.8125
16.2679
15.8863
16.6458
19.4685
18.0107
16.9253
23.8605
21.213
19.9201
18.5073
18.0378
19.6138
22.3955
17.013
17.2368
18.5797
24.421
16.4587
18.8896
18.2865
18.9515
25.3981
26.8073
18.6792
22.8629
21.9608
21.6273
23.8994
22.1223
20.9761
21.7305
22.283
21.1897
19.7479
24.9441
20.244
21.5485
24.7511
23.3577
18.1967
18.7555
21.4991
18.664
17.389
18.6393
22.2561
21.192
17.0892
15.4357
21.5503
20.6764
17.658
17.4615
19.2975
17.4638
22.869
19.9633
19.1421
16.8486
16.371
17.9337
18.4694
18.0147
16.9148
17.0594
19.8329
17.6864
17.1495
15.8955
16.3168
17.8352
16.9712
17.2561
14.9371
15.515
16.1579
13.7304
17.6562
13.9741
15.9369
12.4737
13.3729
13.6213
13.1938
16.5636
14.4833
14.018
13.9848
13.0396
13.6798
13.4088
11.0613
12.0114
12.0395
9.69975
10.9346
8.75815
8.82413
9.86356
9.16676
10.21
10.3875
9.82742
8.35185
9.62726
