0.212302
0.202285
0.197407
0.179767
0.153939
0.143907
0.130171
0.112476
0.102202
0.0966706
0.0994945
0.0894713
0.0720043
0.0697834
0.0703774
0.0679902
0.0673842
0.0617373
0.0596594
0.053235
0.0573677
0.0496233
0.0415913
0.0307243
0.0387299
0.0254595
0.0262507
0.0300622
0.0171892
0.0218646
0.0223725
0.0445291
0.0650624
0.0685651
0.0582863
0.0616435
0.0760356
0.0693689
0.0961208
0.098306
0.121505
0.139867
0.135241
0.130567
0.136479
0.154876
0.176267
0.190907
0.186463
0.180172
0.183875
0.212293
0.218838
0.21879
0.21447
0.210829
0.228325
0.25423
0.233638
0.308447
0.293476
0.256089
0.278621
0.284996
0.291092
0.281693
0.283884
0.345194
0.30445
0.355141
0.315362
0.409938
0.298598
0.310672
0.394789
0.37026
0.406871
0.454463
0.389902
0.472047
0.508081
0.583884
0.497773
0.569591
0.595368
0.503318
0.576692
0.443174
0.551695
0.550229
0.452126
0.625147
0.627668
0.580739
0.656599
0.476942
0.477334
0.697086
0.723951
0.99309
0.675823
0.94392
0.69276
0.691703
0.896386
0.707379
0.869067
1.08337
0.769972
0.829818
1.21833
1.27054
0.97253
0.892433
1.07738
1.05253
1.00614
1.2908
1.29276
1.09488
1.07562
1.30674
1.16407
1.41032
1.22485
0.962389
1.54731
1.28699
1.37308
1.43188
1.36597
1.29623
1.64858
1.42749
2.0028
1.00931
1.54754
2.27354
1.66853
2.26111
1.65662
1.73385
1.66181
1.83084
1.83726
1.35571
1.61736
1.47027
1.83887
2.28548
1.54793
1.84579
1.55644
1.78749
2.49458
1.72941
1.96094
1.6637
1.50059
2.05492
1.31562
1.97729
2.36937
2.53129
2.42065
2.25155
2.20513
1.9998
2.69697
2.55743
2.24055
2.38417
2.80506
2.24049
2.8807
2.38979
2.75238
2.87673
2.95174
2.35042
1.82521
2.57108
3.06344
2.08188
2.87925
3.21175
2.57939
2.90777
2.71484
2.61189
3.82618
3.20999
3.21906
2.87848
3.61063
2.8271
3.43202
3.20056
3.29349
3.18545
3.60725
3.94853
3.47245
3.51628
3.48291
3.66801
3.46551
3.50662
3.4861
3.12096
3.95429
3.67944
3.43217
3.7253
3.39549
3.49147
3.1439
3.64496
3.53869
4.09238
3.76842
2.65523
3.37525
3.38843
3.13336
3.28844
3.5402
3.90044
1.92968
2.04878
2.30483
3.63164
3.659
4.08572
3.41035
