5.62372
5.54417
5.07556
5.45753
5.48908
5.49141
5.52479
5.59446
5.4382
5.43104
5.52317
5.51159
5.46129
5.41426
5.51751
5.53716
5.50638
5.52896
5.53933
5.55982
5.45249
5.32948
5.59072
5.57707
5.57134
5.54205
5.49653
5.52765
5.49639
5.64666
5.62037
5.20831
5.63282
5.59814
5.5268
5.66312
5.54026
5.59177
5.56877
5.59791
5.55231
5.20945
5.54961
5.60842
5.52248
5.49885
5.53115
5.41064
5.56897
5.30787
5.53711
5.69997
5.51241
5.5655
5.50978
5.5037
5.82386
5.79451
5.64178
5.72029
5.81009
5.79818
5.79944
6.05059
5.85868
5.78189
6.01712
5.70964
5.83178
5.87766
5.90525
5.96437
5.78872
5.8395
5.73524
5.8635
5.74461
5.89315
5.92564
5.68556
5.92441
5.78623
5.94544
5.8453
5.86199
5.97829
5.9947
6.05071
5.84834
5.4218
5.93491
6.10011
5.78698
5.85957
5.81404
5.70272
5.50448
5.07017
4.5812
3.87639
3.24115
2.5232
1.6586
1.28896
1.13449
1.65957
2.20478
2.87229
3.33929
4.29917
5.19775
6.08549
5.94905
4.46987
2.67891
1.37642
1.04424
0.770308
1.01818
1.12188
1.15971
1.13383
1.09271
1.13086
1.05274
1.22058
1.04902
1.09987
1.02725
1.10874
1.07115
1.02742
1.03783
1.21608
1.14069
0.880102
1.18871
0.984548
1.07311
1.14109
1.1148
1.15589
1.14944
1.0501
1.22095
1.16219
1.18088
1.16939
1.25583
1.1847
1.40766
1.36523
1.15338
1.12505
1.3494
1.27189
1.27566
1.13294
1.33132
1.20459
1.196
1.35658
1.30002
1.3623
1.56637
1.60584
1.41753
1.4458
1.49232
1.62731
