0.0974586
0.0975427
0.0955516
0.0689664
0.127216
0.154441
0.195368
0.14454
0.23591
0.184763
0.22286
0.186744
0.156959
0.100475
0.0648368
0.0797787
0.12705
0.134528
0.124803
0.245901
0.226818
0.247381
0.260838
0.228315
0.499405
0.25228
0.27339
0.293607
0.964679
0.611566
0.88254
1.01192
0.774888
1.4112
1.17453
1.51272
1.11012
0.987658
1.08339
0.697151
1.77462
1.20319
0.953507
0.892409
0.629716
0.515845
1.01597
0.863299
0.513806
0.840286
0.962807
1.26288
1.40292
2.0884
2.55519
1.90975
1.6194
2.11225
3.13052
3.10326
2.36607
2.35921
2.62748
3.24039
2.36462
2.28361
2.73464
2.5648
2.42326
3.0377
2.45344
2.4417
3.10049
3.34554
2.93311
2.60777
2.57069
2.85529
3.23695
2.70497
2.63867
3.48376
4.09294
3.16808
3.03366
4.49758
3.15233
2.96911
3.49422
3.61591
3.67061
3.85265
3.48285
3.4103
3.75704
3.9546
3.65958
3.47998
4.1882
4.29277
4.29848
3.71015
4.43834
4.44663
4.70903
4.21587
4.31059
4.29436
3.99864
4.69109
4.50249
2.52033
2.99572
2.88292
3.35012
3.61552
6.01562
5.64139
6.66329
6.66705
5.6043
6.00552
5.97012
6.63766
7.45554
7.3252
7.72788
8.53915
6.06683
8.3885
6.32967
5.4193
6.09535
7.86514
6.31116
5.81654
4.82777
5.5298
5.29786
4.67744
6.37916
5.47264
10.0212
5.74016
