1.28017
1.23643
1.96005
2.12244
2.74813
2.3277
2.7767
2.47177
1.97468
2.04135
2.14685
2.81185
2.34837
2.26412
2.68262
2.00575
2.92021
3.03135
2.89437
2.2324
2.45325
2.36304
2.6776
2.4236
2.41644
2.62704
2.46988
2.7044
3.3479
2.7975
3.36018
2.71737
2.96013
3.53557
2.48463
2.00026
2.01157
2.86288
2.28811
3.09355
2.73597
2.5576
2.37558
2.61692
3.88463
4.31821
2.7779
2.60403
1.86634
2.06831
2.76071
3.1394
2.92044
2.69053
2.18446
2.93606
3.53513
2.96767
3.80119
4.39669
3.18298
4.28937
3.87623
4.16454
3.3725
3.33135
4.19722
3.41149
3.29487
3.25803
3.37352
3.79924
3.09538
3.33195
3.06356
3.18109
3.88686
4.17119
3.34479
3.93329
3.69788
3.58957
3.52746
3.73643
3.45976
4.08697
3.88234
3.58054
3.42753
3.74459
3.65081
4.16391
3.47859
3.60315
4.51986
3.93802
3.45129
3.18353
3.23189
2.83869
2.97945
3.62031
3.29712
4.25224
3.21203
3.20651
3.31035
3.78467
3.8657
3.73497
3.75852
3.72964
3.82803
3.72237
3.14404
3.5912
4.02487
3.75307
3.35091
3.98937
3.78659
3.82322
4.03543
5.2495
5.22302
4.8344
5.02861
5.11403
5.73676
5.01785
