4.14129
4.09443
4.02664
4.32718
4.27601
4.80923
5.64593
6.39673
7.60638
14.8725
18.8074
17.4107
42.9154
43.6417
35.2189
44.623
33.7905
25.0122
21.6593
14.9394
17.941
28.8151
20.565
25.0975
29.4832
21.4225
20.7976
28.2139
20.7866
26.378
22.1705
24.2024
21.0619
19.4219
22.132
22.8049
18.8358
19.6531
20.182
17.0556
20.4844
18.3636
16.3797
17.4969
18.6463
18.0119
17.6832
16.6145
21.1881
16.9936
17.7453
18.8182
17.3661
16.7479
16.1348
18.5175
17.8563
17.4422
18.3816
15.4464
18.5987
15.9015
16.1988
16.4689
18.0231
17.7232
15.6783
15.0077
17.0204
17.725
13.2452
15.2354
19.0806
15.0364
18.9365
16.0188
12.9201
15.2307
16.4278
15.6506
14.7158
17.7109
14.426
16.9573
17.9061
15.7811
12.4164
15.5176
15.1365
16.5095
17.3781
16.3744
16.5904
15.9963
16.7372
12.437
12.8384
14.9857
11.8184
12.7154
15.5318
11.7894
12.81
10.6136
10.4936
10.5745
9.37055
10.794
13.176
10.4105
9.12405
11.3108
12.5879
10.2871
7.27055
7.7563
11.2639
9.60351
7.97882
10.4545
8.53281
6.497
7.93258
6.70955
7.75684
8.13498
7.93663
7.90991
8.27547
7.77977
7.5347
