0.502016
0.491252
0.447034
0.434944
0.413025
0.415801
0.45752
0.442559
0.434554
0.399807
0.462363
0.431538
0.392871
0.426876
0.369492
0.410641
0.423026
0.397292
0.416194
0.432031
0.432712
0.421949
0.564486
0.723897
0.622282
0.745352
0.60352
0.580495
0.612897
0.571574
0.531538
0.575876
0.711506
0.617894
0.546021
0.589812
0.560577
0.646201
0.424563
0.580161
0.526109
0.427037
0.388118
0.438493
0.416561
0.396916
0.510903
0.444965
0.368756
0.352557
0.414906
0.544482
0.514843
0.395168
0.432035
0.426122
0.442654
0.430455
0.485301
0.48449
0.618658
0.516222
0.577258
0.524823
0.489341
0.501319
0.543554
0.483982
0.502851
0.57882
0.474278
0.553216
0.533489
0.54352
0.459899
0.505515
0.563539
0.493502
0.464858
0.627758
0.540565
0.453988
0.555962
0.50672
0.536578
0.493194
0.531186
0.47132
0.504312
0.620616
0.715421
0.630968
0.665668
0.597368
0.596217
0.589453
0.509177
0.532356
0.586775
0.577928
0.572966
0.627567
0.598809
0.546201
0.591182
0.538209
0.569076
0.628924
0.537686
0.54733
0.583626
0.580166
0.596284
0.640401
0.549528
0.558095
0.595201
0.534644
0.573555
0.570793
0.576436
0.589077
0.576287
0.571348
0.565212
0.561575
0.566688
0.534357
0.560171
0.557193
0.543296
0.547755
0.565248
0.580301
0.53388
0.521748
0.556783
0.536328
0.538658
0.514211
0.525784
0.574095
0.559852
0.553876
0.528501
0.530747
0.552062
0.532185
0.53702
0.559657
0.524746
0.532604
0.587506
0.541956
0.541269
0.550751
0.585532
0.604153
0.695852
0.714788
0.655195
0.708664
0.750742
0.663689
0.687627
0.633999
0.592407
0.627676
0.615289
0.647245
0.694223
0.669069
0.660018
0.678586
0.695988
0.670627
0.655402
0.676803
0.658157
0.670102
0.628893
0.631794
0.68749
0.6848
0.651175
0.616765
0.651276
0.707205
0.684979
0.675688
0.702918
0.716269
0.731827
0.653423
0.678862
0.674242
0.626146
0.628222
0.663701
0.669526
0.679181
0.662658
0.602065
0.624513
0.639412
0.631155
0.665275
0.673321
0.636599
0.632246
0.647702
0.613985
0.612429
0.590711
0.628266
0.515752
0.552889
0.577677
0.569695
0.586084
0.600533
0.55955
0.57377
0.56745
0.564366
0.52706
0.592903
0.589833
0.508461
0.561471
0.542069
0.547723
0.527902
0.547656
0.550471
0.546161
0.553915
0.550247
0.540246
0.542264
0.538909
0.539313
0.558798
0.567721
0.580615
0.558748
0.633123
0.619828
0.588392
0.578331
0.582197
0.570207
0.544314
0.579284
0.538247
0.542143
0.594328
0.553944
0.554481
0.556717
0.549377
0.584641
0.558355
0.529358
0.535455
0.565073
0.540265
0.54331
0.560364
0.56274
0.569617
0.575707
0.629569
0.54445
0.577501
0.613689
0.618461
0.657723
0.629414
0.61529
0.603924
0.602131
0.644798
0.610558
0.615715
0.63864
0.594669
0.61577
0.618841
0.635675
0.594116
0.670118
0.580092
0.65827
0.621494
0.645485
0.649251
0.612394
0.640689
0.6539
0.62843
0.596306
0.619087
0.612443
0.643961
0.666646
0.667838
0.628499
0.619638
0.590214
0.781258
0.772039
0.805398
0.677485
0.712284
0.731166
0.70947
0.730386
0.673847
0.692261
0.693873
0.821911
0.712054
0.734511
0.64842
0.656854
0.672558
0.687876
0.618562
0.701388
0.585075
0.605096
0.626879
0.662513
0.658587
0.621499
0.600895
0.623578
0.643792
0.611465
0.619123
0.618318
0.633948
0.672649
0.688416
0.713495
0.645082
0.668309
0.629289
0.649348
0.67072
0.599217
0.689575
0.651582
0.734613
0.630045
0.644124
0.64236
0.594237
0.583203
0.658327
0.633645
0.624408
0.6436
0.638128
0.59144
0.639451
0.647627
0.639943
0.64062
0.621549
0.651999
0.603311
0.643572
0.65294
0.614077
0.629094
0.637046
0.652885
0.606274
0.624928
0.618667
0.566432
0.615256
0.606824
0.621581
0.594968
0.601582
0.596263
0.580834
0.632925
0.53609
0.583661
0.550757
0.589495
0.570439
0.611774
0.484194
0.580014
0.594746
0.610578
0.61031
0.619035
0.632374
0.668622
0.666138
0.607804
0.608222
0.677039
0.622414
0.651688
0.547238
0.614325
0.603873
0.58881
0.600728
0.630407
0.59648
0.592153
0.629308
0.6396
0.570453
0.603954
0.61346
0.638388
0.612093
0.588449
0.509084
0.657627
0.536294
0.594519
0.6338
0.576185
0.60679
0.588409
0.548953
0.581112
0.553241
0.567509
0.547521
0.574841
0.568731
0.536947
0.541788
0.587115
0.586441
0.545502
0.502814
0.590163
0.644024
0.657235
0.619786
0.636164
0.635347
0.587616
0.552233
0.589064
0.581673
0.541016
0.579348
0.570494
0.565126
0.614899
0.587453
0.595789
0.641112
0.597348
0.596102
0.624895
0.547925
0.596951
0.627108
0.543516
0.632098
0.580473
0.560473
0.559969
0.544526
0.563957
0.531633
0.650858
0.652186
0.670327
0.631527
0.635366
0.596312
0.578596
0.626503
0.636103
0.669246
0.623332
0.691016
0.652942
0.611421
0.635595
0.58697
0.633944
0.614596
0.654655
0.650127
0.647517
0.659949
0.62686
0.670069
0.664607
0.626515
0.692307
0.650944
0.720596
0.692738
0.648454
0.646095
0.676181
0.671208
0.639569
0.688843
0.674477
0.66855
0.686322
0.720591
0.766943
0.653393
0.702288
0.709571
0.680631
0.676672
0.676902
0.647766
0.67366
0.671962
0.65494
0.74151
0.637286
0.682518
0.701707
0.679505
0.670765
0.687923
0.699886
0.735268
0.702651
0.648304
0.753558
0.636452
0.577159
0.688542
0.708422
0.71185
0.706929
0.682035
0.657904
0.652686
0.69529
0.576738
0.572688
0.639911
0.691483
0.671837
0.708729
0.708882
0.710739
0.641627
0.695163
0.643641
0.627326
0.69058
0.649263
0.684111
0.714963
0.679912
0.650413
0.663013
0.777606
0.814738
0.723193
0.661882
0.74245
0.718456
0.696708
0.774062
0.706777
0.706858
0.600953
0.696707
0.567302
0.587575
0.741207
0.717377
0.707761
0.702793
0.724908
0.798137
0.838716
0.812181
0.788118
0.786287
0.788596
0.865739
0.797337
0.726659
0.747925
0.871573
0.789745
0.791111
0.822148
0.723882
0.823723
0.744208
0.742279
0.720906
0.759386
0.686887
0.641512
0.652856
0.627647
0.575449
0.575437
0.530474
0.511274
0.483954
0.521977
0.574996
0.570641
0.540305
0.572294
0.581565
0.581891
0.519218
0.538654
0.538308
0.644665
0.540377
0.655563
0.631645
0.653977
0.614749
0.748353
0.789396
0.774478
0.735211
0.743305
0.710191
0.726545
0.693343
0.745122
0.716782
0.77987
0.721493
0.642383
0.743871
0.761767
0.663983
0.668884
0.66365
0.635694
0.884425
0.906271
0.829617
0.799545
0.75687
0.659096
0.793909
0.748504
0.752892
0.763805
0.86792
0.950573
0.848051
0.949728
0.746445
0.751412
0.769113
0.84395
0.766851
0.676792
0.48211
0.634542
0.556187
0.435045
0.444558
0.326427
0.391535
0.487231
0.594008
0.440875
0.391647
0.325934
0.372625
0.392013
0.372897
0.411504
0.463373
0.357636
0.375321
0.326671
0.371424
0.339645
0.336991
0.341444
0.329562
0.349321
0.317503
0.306375
0.335684
0.360596
0.319735
0.338335
0.330004
0.317877
0.295496
0.294462
0.275696
0.268397
0.288468
0.294125
0.2792
0.293792
0.330604
0.299085
0.294202
0.259306
0.246309
0.285125
0.316567
0.293753
0.280632
0.279802
0.281723
0.295276
0.2871
0.282416
0.285631
0.258559
0.247946
0.262245
0.24541
0.226271
0.241308
0.264174
0.21397
0.241049
0.221787
0.252066
0.268548
0.241286
0.275413
0.254385
0.260388
0.267709
0.248221
0.245442
0.230629
0.252578
0.261001
0.28093
0.272001
0.280406
0.261174
