1.48181
1.44489
1.41475
1.41969
1.52015
1.46083
1.4742
1.45952
1.42342
1.42842
1.45343
1.4437
1.43476
1.47555
1.46394
1.46647
1.49767
1.50428
1.4329
1.46688
1.56325
1.57096
1.4921
1.42894
1.4965
1.51443
1.45511
1.49488
1.5482
1.54436
1.46624
1.53807
1.4692
1.52202
1.49202
1.57824
1.54711
1.49567
1.48414
1.55515
1.58263
1.54833
1.59499
1.47547
1.53108
1.59516
1.65697
1.63127
1.70927
1.78949
1.75027
1.65548
1.72241
1.79988
1.71953
1.75225
1.78286
1.73457
1.74706
1.74764
1.8526
1.76266
1.73971
1.75297
1.81272
1.78437
1.75962
1.77985
1.75684
1.75776
1.71931
1.72508
1.72518
1.64136
1.80594
1.78638
1.79205
1.79722
1.77539
1.74548
1.78477
1.92529
1.75049
1.95677
2.03969
1.91498
1.96259
1.96163
1.87739
2.00039
2.04014
1.9914
1.95689
1.92107
2.09963
1.97804
2.07747
1.97287
2.0838
2.02552
1.91498
1.86859
1.80533
1.87724
1.69489
1.69902
1.74158
1.71831
1.6548
1.67073
1.6176
1.66517
1.63652
1.64498
1.74217
1.8138
1.74995
1.74208
1.64454
1.727
1.72772
1.75832
1.70373
1.76834
1.86017
1.76951
1.75162
1.71213
1.84123
1.7532
1.69572
1.84533
1.8142
1.83149
1.81268
1.91467
1.86123
1.84721
1.72892
1.73393
1.8786
1.76968
1.80955
1.72415
1.799
1.82348
1.86844
1.76127
1.79943
1.88543
1.87288
1.96179
1.79175
1.99209
1.89683
1.9955
1.77683
1.85446
1.83261
1.93414
1.99568
1.87296
1.89332
1.80155
1.89149
2.04539
2.02774
1.9154
1.87728
1.90238
1.84461
1.81394
1.94491
1.79957
1.7846
1.8037
1.80796
1.88958
1.8299
1.78894
1.75171
1.94471
1.87299
2.01823
1.94892
1.81126
1.85513
1.85844
1.76852
1.70624
1.87286
1.98144
1.8106
1.83556
2.00542
2.05346
1.74296
1.97754
2.14612
1.68686
2.00921
1.89198
1.95584
1.92188
1.9023
2.11254
1.98007
2.11437
1.95477
1.79161
1.89296
1.94948
2.04544
1.78702
2.03953
1.99253
2.02022
1.93983
2.07157
1.81189
2.0407
1.96789
2.01673
1.87561
1.98602
1.87057
2.14152
1.94194
2.10052
2.03606
2.13201
1.98644
1.93823
2.11259
2.13978
2.15555
2.13008
2.18236
2.30754
2.21072
2.31134
2.41648
2.67853
2.42799
2.54925
2.34479
2.42106
2.53718
2.43006
2.46468
2.30866
2.54573
2.57589
2.54721
2.63645
2.37944
2.6277
2.79255
2.70359
2.90373
3.0178
2.97647
2.82124
2.55284
2.63834
2.77393
2.72788
2.71385
2.58139
2.64169
2.64271
2.44502
2.61719
2.78096
2.79435
2.71064
2.6692
2.84078
2.72905
2.66512
2.70434
2.86281
2.49752
2.82894
2.81189
2.69148
2.64812
2.74942
2.59621
2.71224
2.74191
3.05152
2.96045
2.79709
2.92359
2.91169
2.95819
2.90205
2.9371
3.09351
2.86244
2.95521
3.17295
2.71661
2.8559
3.31335
3.07118
3.29071
3.00021
2.90324
3.12818
3.07912
3.6135
3.46512
3.26943
3.28133
3.40364
3.47043
3.23534
3.44782
3.94177
3.62236
3.47113
3.62696
3.61367
4.10426
3.58123
3.69379
3.57156
3.58496
3.77085
3.59751
3.78411
3.52112
3.62117
3.65615
3.7043
3.30868
2.91801
3.28024
3.53729
2.75045
2.9921
2.91473
2.90708
2.87473
2.78468
2.7822
2.70956
2.829
3.01103
3.02304
2.85395
2.90177
2.9385
2.85856
2.95083
2.87177
3.07365
2.97426
2.96925
2.94174
3.00352
2.96773
2.93389
2.84938
2.92889
2.85329
2.54348
2.55972
2.66832
2.71665
2.75294
2.66509
2.68874
2.82446
2.71952
2.56976
2.59048
2.88713
2.5804
2.75912
2.70548
2.72683
2.74031
2.76959
2.90461
2.49442
2.89708
2.75022
2.9256
2.72289
2.82906
2.89709
3.00525
2.77727
2.77728
2.77784
2.84678
2.87088
2.85589
2.82051
2.97501
3.00046
2.99951
2.75492
2.88856
2.70732
2.80944
2.72838
2.80566
2.8161
2.94472
2.7611
2.78074
2.82025
2.73516
3.03587
2.80276
2.97745
2.87521
2.84969
2.832
2.9846
2.83973
2.93813
2.91137
2.97725
2.89065
2.98174
3.06361
2.98634
3.1302
2.88402
2.96759
2.99333
2.94983
2.8314
2.88739
2.98376
2.85921
2.87227
3.03036
3.02175
2.96208
2.84044
3.27205
3.25299
3.34508
3.38566
3.67777
3.64078
3.89845
3.98894
3.92995
3.79496
4.19009
4.25847
4.15142
4.39332
3.88856
3.99377
3.69283
3.63092
3.81112
3.81776
4.13385
4.12362
3.753
4.20144
3.83359
4.2471
3.93551
4.05209
4.08009
3.95437
3.85361
3.66906
3.96526
3.54031
4.73794
4.70779
4.76136
4.71245
4.57837
3.74037
4.0774
4.69777
4.81718
4.40014
3.90456
4.39777
4.72039
4.39957
4.5709
4.48106
4.222
4.45979
3.96613
3.82343
4.15442
4.75121
4.63641
4.20572
4.24191
3.9274
4.30208
4.21491
4.23465
4.41106
4.77399
4.88429
5.16766
5.18728
4.70707
3.79758
3.53538
3.8033
3.61546
3.57005
3.45825
3.46214
3.64127
3.82229
4.05293
3.80962
3.55453
3.82695
3.80801
4.46745
4.08188
4.32152
4.056
4.15239
3.76062
4.08951
