0.242656
0.362508
0.291915
0.296954
0.316899
0.241506
0.26906
0.300437
0.550575
0.451016
0.342734
0.513258
0.599595
0.600669
0.590923
0.533517
0.534386
0.513919
0.577224
0.623241
0.710861
0.60196
0.562678
0.533265
0.543149
0.526007
0.558721
0.596438
0.50974
0.510494
0.536593
0.518641
0.582174
0.492031
0.459908
0.470329
0.446975
0.470034
0.211027
0.2273
0.319947
0.297393
0.266663
0.277893
0.250241
0.232239
0.196401
0.219118
0.213451
0.295457
0.332068
0.381559
0.312491
0.259172
0.40801
0.335947
0.307988
0.381985
0.337291
0.385344
0.274891
0.231519
0.231877
0.233547
0.184254
0.226561
0.236855
0.266883
0.266256
0.254484
0.223543
0.214156
0.344217
0.195694
0.254716
0.194751
0.256507
0.178001
0.247984
0.292334
0.235431
0.263167
0.230155
0.322457
0.267309
0.340411
0.219302
0.203212
0.210566
0.209228
0.221502
0.176072
0.163914
0.181338
0.267965
0.237774
0.177768
0.240345
0.247729
0.196185
0.200843
0.196716
0.232044
0.225376
0.221293
0.364362
0.24691
0.298824
0.289588
0.218419
0.307777
0.240137
0.270583
0.253977
0.25377
0.256952
0.224474
0.280776
0.311218
0.278628
0.220422
0.311326
0.305505
0.301755
0.293201
0.220946
0.29441
0.29193
0.261293
0.228351
0.324135
0.290406
0.253724
0.195331
0.281986
0.33244
0.261286
0.2233
0.296034
0.279326
0.508242
0.238231
0.278048
0.207116
0.347222
0.549389
0.476443
0.621328
0.411251
0.389344
0.532664
0.423469
0.286292
0.313287
0.376209
0.452307
0.453393
0.398613
0.450193
0.306453
0.280723
0.279475
0.337427
0.329598
0.401297
0.287112
0.270463
0.24361
0.365029
0.295207
0.316166
0.278025
0.247222
0.325918
0.352823
0.340152
0.201104
0.271174
0.309803
0.393142
0.407133
0.356756
0.358915
0.3505
0.250473
0.36876
0.351276
0.388827
0.295248
0.309337
0.426321
0.244635
0.363715
0.294564
0.436003
0.281796
0.341649
0.487772
0.352658
0.348573
0.312269
0.288806
0.347269
0.338672
0.345849
0.324409
0.316846
0.324867
0.260426
0.332203
0.406287
0.43766
0.338508
0.2863
0.327836
0.287682
0.311897
0.336098
0.369669
0.348301
0.261502
0.300842
0.408532
0.406083
0.347697
0.34135
0.388621
0.431178
0.434255
0.400327
0.278144
0.279899
0.287185
0.256796
0.265698
0.322052
0.279046
0.21053
0.200507
0.23343
0.235124
0.338002
0.510319
0.36546
0.344198
0.28589
0.262568
0.288317
0.272048
0.27643
0.254793
0.288479
0.24678
0.239996
0.221253
0.232148
0.259385
0.252833
0.284549
0.355467
0.468773
0.471739
0.428827
0.352517
0.366932
0.361174
0.307895
0.313178
0.341233
0.234932
0.365051
0.369823
0.294317
0.333918
0.313539
0.252353
0.24506
0.253287
0.300481
0.266411
0.288425
0.499128
0.348549
0.305227
0.257554
0.284747
0.311589
0.296923
0.298844
0.314134
0.314423
0.292953
0.266162
0.303506
0.2995
0.228967
0.300667
0.234689
0.256907
0.305842
0.256027
0.319175
0.234607
0.282128
0.239144
0.313912
0.275058
0.243239
0.254835
0.283598
0.290554
0.242444
0.296063
0.28195
0.346074
0.280491
0.304448
0.290662
0.299411
0.270357
0.276907
0.265902
0.263271
0.259227
0.269259
0.307602
0.241623
0.301811
0.317627
0.270653
0.255425
0.357308
0.336933
0.310827
0.314828
0.323583
0.344875
0.356009
0.32489
0.337907
0.350331
0.359233
0.340443
0.388679
0.351994
0.319468
0.370278
0.311624
0.4159
0.379596
0.334097
0.353119
0.368242
0.296706
0.388171
0.358446
0.351607
0.321814
0.366842
0.349676
0.39289
0.316364
0.346765
0.33687
0.351242
0.339992
0.373969
0.358661
0.371965
0.417248
0.369092
0.376253
0.371496
0.384925
0.349366
0.387481
0.376676
0.394011
0.383572
0.368764
0.391515
0.355947
0.310805
0.35948
0.364141
0.329917
0.408896
0.344331
0.382974
0.32196
0.41719
0.371323
0.371994
0.384278
0.364869
0.354566
0.369642
0.413034
0.393689
0.351395
0.381219
0.377338
0.384261
0.347347
0.360939
0.376258
0.401799
0.372912
0.356124
0.525625
0.392291
0.400336
0.385529
0.353802
0.39945
0.351095
0.364602
0.383535
0.355796
0.411093
0.414463
0.355869
0.386798
0.390052
0.365072
0.389526
0.37308
0.370601
0.365159
0.4011
0.386338
0.388568
0.395125
0.419394
0.369395
0.398304
0.387275
0.370813
0.373164
0.390912
0.40882
0.364405
0.421048
0.419534
0.380248
0.41925
0.420984
0.398458
0.403607
0.432709
0.410735
0.411136
0.405199
0.464009
0.434631
0.448356
0.390114
0.416791
0.446354
0.436388
0.481063
0.414613
0.451202
0.445498
0.424092
0.407264
0.454703
0.455341
0.441158
0.467399
0.421771
0.44318
0.452041
0.418454
0.439718
0.458974
0.450135
0.452416
0.42669
0.431751
0.438096
0.488489
0.433759
0.445478
0.458632
0.42368
0.44633
0.454869
0.468332
0.455817
0.464603
0.476237
0.449897
0.479654
0.461277
0.496539
0.43897
0.484233
0.464622
0.484523
0.462037
0.474961
0.537937
0.501035
0.497908
0.479383
0.481677
0.489474
0.477166
0.478626
0.480052
0.495261
0.500132
0.4735
0.52174
0.480676
0.512973
0.491711
0.488007
0.514001
0.488246
0.499021
0.484131
0.523299
0.543439
0.541433
0.523181
0.509742
0.534017
0.520432
0.531612
0.580248
0.552148
0.547436
0.573553
0.528786
0.551927
0.55978
0.498506
0.519205
0.511749
0.53891
0.51345
0.563534
0.5175
0.559381
0.571516
0.523771
0.562899
0.579186
0.602442
0.607809
0.545148
0.558541
0.60204
0.565496
0.590329
0.583185
0.60947
0.565991
0.592944
0.630959
0.573382
0.561357
0.611303
0.654252
0.618175
0.594082
0.58842
0.601403
0.60173
0.583607
0.606555
0.595163
0.596251
0.589626
0.585468
0.644311
0.639775
0.613802
0.636369
0.58448
0.601221
0.574003
0.601251
0.615984
0.619404
0.608079
0.599445
0.590268
0.630876
0.591208
0.633556
0.62479
0.590458
0.583041
0.625051
0.622682
0.644375
0.61988
0.623214
0.620265
0.631424
0.588987
0.615637
0.611194
0.577639
0.638721
0.651616
0.600415
0.627262
0.628811
0.621571
0.672596
0.652106
0.645982
0.625274
0.58396
0.642562
0.62085
0.614959
0.65318
0.633976
0.652314
0.656355
0.62873
0.630229
0.645807
0.65338
0.672312
0.679576
0.623002
0.6439
0.661606
0.663759
0.659159
0.679676
0.656847
0.645215
0.611261
0.651527
0.665189
0.678254
0.648144
0.629613
0.617832
0.588639
0.631822
0.596654
0.581033
0.585082
0.54378
0.548258
0.517298
0.533635
0.533014
0.508133
0.434912
0.426654
0.405565
0.383509
0.336283
0.366382
0.341184
0.33963
0.337757
0.341827
0.32633
0.305052
0.313962
0.312271
0.305925
0.316192
0.315759
0.30533
0.292477
0.284868
0.267711
0.293993
0.282623
0.266372
0.278228
0.2792
0.265715
0.285393
0.274717
0.254539
0.256748
0.265458
0.250141
0.24015
0.24549
0.241808
0.244586
0.221219
0.238538
0.21543
0.233856
0.230813
0.194754
0.200521
0.210855
0.207087
0.203652
0.198388
0.193418
0.184203
0.186993
0.178089
0.175524
0.169392
0.17012
0.183559
0.173444
0.179007
0.184413
0.186675
0.192412
0.198868
0.205451
0.220571
0.225402
0.22545
0.225607
0.227089
0.230942
0.240946
0.238405
0.245357
0.222196
0.219152
0.22771
0.230143
0.264119
0.241511
0.251259
0.256552
0.250351
0.235581
0.250581
0.232323
0.238201
0.256105
0.227975
0.239992
0.246883
0.226466
0.232635
0.240117
0.236984
0.231993
0.232274
0.238925
0.227229
0.233654
0.22491
0.238357
0.225701
0.221222
0.216673
0.205106
0.225092
0.206582
0.216895
0.21753
0.215427
0.214098
0.221309
0.221214
0.232292
0.230598
