5.83076
10.1561
8.56015
11.1045
10.0391
9.68246
6.5739
7.47313
9.12016
7.71592
8.15309
8.15621
8.33682
8.81553
7.87032
4.53264
6.29726
6.42448
4.95237
5.08768
7.01356
7.35815
8.47435
7.28359
8.18077
7.09034
9.59294
7.2201
7.55104
7.09612
7.51933
7.23281
6.82724
8.58924
8.14905
7.85147
8.42803
9.55845
7.42138
7.6493
8.8107
9.15842
8.33502
6.49152
7.47208
8.06447
6.97836
7.26496
6.45987
7.32895
7.95437
7.48806
7.2347
8.51113
7.65451
6.97891
8.07655
8.58259
8.67071
7.61499
6.90691
7.21719
6.87802
6.98223
6.65624
8.4183
8.99848
7.15952
6.86451
7.49423
7.16517
9.75672
8.06361
7.01874
8.25084
8.33792
7.4245
7.25203
7.09455
6.44344
6.43911
7.79873
7.29023
7.11016
6.83713
7.43458
7.87612
4.43881
6.33424
6.25691
6.78398
5.59523
6.14268
8.57629
6.52537
7.39006
6.47655
7.76587
6.56328
6.22554
5.77392
5.1031
5.71616
5.4328
6.1473
4.89065
5.16716
4.97429
4.53307
5.13153
4.77878
4.35665
3.83924
4.00692
4.38094
4.4214
4.66619
3.79132
4.54119
3.80305
3.93091
4.12613
2.90849
2.80107
3.22341
2.78684
2.60234
2.76242
2.61595
2.40671
2.2161
2.13371
1.42572
0.805871
0.997427
0.980701
0.83618
0.903961
0.93741
0.911074
0.738892
1.08659
1.0067
