0.475569
0.453895
0.464432
0.472684
0.454287
0.558411
0.522979
0.523972
0.548451
0.470119
0.530412
0.691413
0.577992
0.506444
0.494037
0.743489
0.583292
0.56898
0.653636
0.719025
0.846834
0.694256
0.570931
0.625458
0.685244
0.663095
0.958578
0.995892
0.942988
0.632368
0.692528
0.667409
0.831927
1.06471
0.924565
1.99018
1.42723
3.06722
2.77233
2.13677
2.79499
1.95559
2.4306
1.54145
1.85581
2.07235
2.52194
1.75653
2.00638
2.09124
2.57423
2.12642
2.54191
2.35314
2.59848
2.61518
2.49948
2.65813
2.57862
2.45056
2.10033
2.23162
2.22915
2.15658
1.77315
2.15071
2.11623
2.05489
1.84179
1.89173
1.90244
2.01785
1.80801
1.85666
1.93834
2.09004
2.03251
1.95117
1.89872
1.60901
1.78167
1.74087
1.85332
1.8441
1.67441
1.8898
2.13373
1.88161
1.74833
1.78472
1.85811
1.6454
1.85523
1.96966
1.76753
2.0253
1.73307
1.9269
1.78209
2.02342
1.9114
1.72192
1.77506
1.53988
1.78488
1.80936
1.95443
1.80342
2.02606
1.87027
2.01184
1.89579
1.96134
1.88487
1.89918
1.83501
2.12606
1.80297
1.80088
1.92136
2.05803
1.63656
2.12353
1.53124
1.66725
1.96346
1.6527
1.98375
1.81315
1.69407
1.94654
2.38374
1.82155
2.39275
2.06093
1.92526
1.78297
1.98041
1.6482
1.75925
1.81954
1.98703
1.991
1.97677
2.05939
1.6926
2.53324
2.13212
2.05202
1.82225
1.74808
1.62035
1.79697
1.60667
1.59865
1.67022
1.87939
1.70298
1.57565
1.57727
1.79626
1.52026
1.61041
1.48047
1.2869
1.36036
1.40382
1.05896
1.3126
1.00895
1.26899
1.14531
1.00424
1.26466
1.16338
1.60632
1.14062
1.32635
1.21756
1.35407
0.992675
1.02722
0.84246
1.02081
0.912553
0.880905
0.809356
0.886542
0.82207
0.866623
0.742418
0.647703
0.622614
0.595049
0.672539
0.602851
