1.93267
1.51988
1.3482
2.62002
2.27413
2.70943
3.06283
3.60857
2.12092
3.89885
3.23013
3.61845
3.18986
2.77876
3.33436
3.38254
2.82632
2.84017
3.32161
2.96223
3.1928
3.81112
3.55412
3.72323
3.60402
3.47883
4.03666
4.17862
3.70468
3.91005
3.60427
4.29842
3.51357
4.57646
4.20803
3.65647
3.91108
4.31364
4.51986
4.35388
4.65908
4.21777
4.25136
4.60008
4.16153
3.9366
4.29154
4.26089
3.77224
4.633
3.91333
3.35966
4.08852
4.64536
3.99637
4.57092
4.25024
3.50634
3.84815
4.82725
3.6832
4.5999
4.46381
3.91832
4.13046
5.00884
4.67511
4.53833
5.14773
5.07563
4.5373
4.93615
5.14312
5.3873
4.97579
4.77941
4.75926
4.56945
5.94494
5.40125
4.8787
4.14878
5.02486
4.563
3.98419
4.9523
4.76665
4.81967
4.20432
4.65598
4.3784
4.76647
4.90896
4.48928
4.39475
4.14798
4.11507
4.71846
4.33148
4.37557
4.67512
5.09762
4.18394
4.27822
5.68658
5.38611
5.29291
5.05135
4.7656
5.21709
5.13302
4.87022
5.02583
5.16607
5.00232
4.95585
5.90995
5.34553
4.92494
5.08186
5.25668
5.12478
5.68832
5.47282
5.63251
5.3998
5.14331
5.59473
5.6245
5.16855
5.07302
4.32055
4.60135
4.55039
4.10669
4.58945
4.13582
4.42048
3.93106
4.12059
3.70391
3.80278
4.01762
4.09835
3.89705
3.73405
3.60023
3.58756
3.49269
3.52942
4.16679
3.77234
3.7703
3.90905
3.49778
4.14594
3.97511
3.70597
3.7738
3.71085
3.82167
3.43709
3.79264
3.90398
3.76032
3.8127
3.30396
3.34991
3.5297
3.38969
3.2317
3.1009
3.38576
3.23348
3.40328
3.48876
2.98775
3.02113
2.81481
3.0718
3.02138
3.28693
3.12134
2.79413
3.16091
3.3042
3.25973
3.09369
2.92111
3.40852
2.95394
3.51827
3.24737
3.46451
3.40604
2.90442
3.00152
3.17528
3.04586
2.74109
3.00252
3.16603
3.61753
3.56751
3.30046
3.8148
3.59929
3.28801
3.18988
3.02791
2.95463
3.19886
3.23119
3.00254
3.23057
2.90416
2.92406
2.6382
2.775
2.83871
2.87191
2.91498
2.79921
3.07466
2.64352
2.81509
3.07934
2.5655
2.86115
3.39922
2.50825
2.91534
2.74508
2.42844
2.55006
2.64785
2.56062
2.14866
2.51228
2.21326
2.53793
2.31689
2.32301
2.33007
2.30397
2.16215
1.8842
2.26782
2.32666
1.8374
2.28772
2.45597
2.56368
2.31504
2.00272
1.99162
2.10779
2.02773
1.67713
2.09532
1.78707
1.79002
1.78817
1.56437
1.52843
2.02249
2.02299
1.90936
1.71136
1.77071
1.44024
1.52496
1.3388
1.27718
1.3381
1.42176
1.18615
1.31801
1.09585
1.2025
1.10058
1.11131
0.947976
0.83278
0.88315
0.870213
0.864129
0.871412
0.814859
0.803635
0.767761
0.728941
0.680171
0.714242
0.717335
0.677377
0.659904
0.592854
0.711733
0.686202
0.672224
0.623706
0.632065
0.647815
0.569863
0.561319
0.560764
0.541075
0.512304
0.534868
0.514159
0.547115
0.469467
