3.370840
3.438790
3.522270
3.167850
3.620710
3.459140
11.097300
9.921230
9.210150
8.954110
8.506620
6.649850
8.487690
5.768090
5.503550
4.918740
3.535140
4.006080
4.417010
3.875700
3.549710
3.946580
3.941540
3.684850
4.007170
3.249900
4.374730
3.518960
3.387650
3.519920
3.569850
3.171660
3.362390
3.191860
3.680740
5.300480
4.255220
3.943990
4.007390
3.279940
3.924620
3.507580
3.499010
3.174690
3.509770
3.554460
3.674240
4.142100
3.534020
3.524860
3.291510
3.364570
3.300600
3.194050
3.684510
3.292860
3.438110
3.497690
3.458700
3.382440
4.098650
4.107660
8.458970
9.900340
7.638690
8.112400
8.059990
7.704070
8.612020
8.637670
8.915260
8.135990
6.548950
7.642110
6.487990
7.823420
7.072830
7.181790
7.105860
6.740500
7.469490
7.160040
7.009190
8.069510
6.080420
7.500640
6.385700
7.153010
7.427780
6.999060
8.103800
7.789920
7.115240
7.940110
6.832400
7.571260
7.396010
6.826600
7.084090
6.585380
6.681030
7.940150
7.267170
7.139160
6.864970
7.330680
6.953880
6.896900
6.482210
5.159680
6.050210
6.906720
5.654490
6.973340
6.056860
6.267380
6.332800
6.571650
6.261580
5.884420
7.148260
6.815360
6.059890
6.328290
6.896140
7.216360
5.741750
5.910340
6.268030
6.505100
7.082330
5.900940
7.229730
6.363060
6.730230
6.417330
6.671350
6.260660
6.706420
6.197390
6.756660
6.321810
7.256180
6.810960
6.153340
6.048410
6.679280
6.633050
7.132570
6.014550
7.027550
6.919360
7.052090
6.565440
7.388860
6.252390
8.659240
7.895440
8.833390
7.721290
6.812880
7.505930
6.990620
7.773970
6.839110
7.997400
6.175360
7.254120
8.274610
5.146250
6.213500
8.033400
7.652450
6.501360
7.342340
7.934290
6.966470
6.663970
6.365400
8.501580
5.794190
7.534140
7.596220
7.139230
6.020080
7.144260
7.701760
6.581730
6.346340
6.451830
6.223340
7.539860
5.953080
6.657550
6.234440
6.475140
6.974260
7.104450
6.893180
7.382760
6.768110
8.044750
7.836580
9.425410
9.459520
10.501900
9.340530
10.150800
9.972200
6.563830
7.900160
7.969680
6.155820
9.671900
8.856600
9.955130
8.591270
5.932450
5.648620
6.057320
7.711500
6.633520
6.602930
8.937270
8.725770
8.379640
8.196990
9.786570
8.465630
8.800250
6.020860
6.622020
6.988980
7.346550
5.983400
8.407660
7.531970
