2.47698
2.44463
2.46887
2.5955
2.42963
2.34722
2.88879
3.76717
3.72359
3.40914
3.56565
3.43255
4.24058
3.97952
3.97867
4.62124
4.95366
5.41271
5.77119
6.04428
3.41079
2.21063
2.30627
2.20348
1.75289
2.48258
2.482
2.63013
2.81343
3.92146
3.67495
3.52189
3.50374
3.43077
2.91967
3.27003
2.87214
2.79591
3.62335
3.84472
3.51142
4.38873
5.68631
5.59538
4.26296
4.80211
5.26166
5.77245
5.5546
5.89095
6.97405
10.7716
10.8933
12.7519
7.32371
6.48649
5.16551
4.63679
5.38515
6.31926
7.52584
8.32114
7.56608
6.49998
6.77014
7.67333
6.98547
8.09799
7.92208
8.38272
8.74821
7.87089
8.11061
8.93713
6.82857
7.69839
8.22728
7.27882
8.21764
7.82907
8.94542
8.11029
7.70029
8.05362
6.82891
7.76873
7.67941
8.32794
8.63153
9.72762
8.27557
8.12908
9.91214
9.0109
9.06831
10.2963
7.98441
9.24169
8.14448
8.18083
8.85776
8.79907
8.08137
8.48352
7.58128
7.51985
6.00197
6.32204
6.7784
7.74025
7.30946
8.34985
8.9799
9.7729
9.98492
7.29452
5.87424
7.31622
3.68551
3.53231
4.11715
9.48925
8.19594
7.41548
7.83465
7.16849
9.27062
10.3868
11.6545
12.3764
9.31575
8.03572
8.22231
9.19705
8.90469
7.88127
8.66259
9.36523
8.58313
10.5428
7.8057
5.62335
8.27002
10.0684
10.733
9.99642
5.59429
9.64164
11.3971
9.64328
9.83574
7.70532
11.252
9.57266
15.2498
12.7468
13.969
11.8904
10.353
12.7423
11.8382
17.5806
4.07465
2.76528
2.27483
5.94493
11.2533
13.1649
9.18398
12.2931
9.87496
10.8048
6.32218
1.6617
1.39403
1.61646
1.74983
1.7334
1.67478
1.77453
1.62973
1.85051
20.3919
13.6249
12.5046
16.2119
15.8769
13.8571
14.8015
10.9727
10.6852
9.88618
9.99863
9.35081
9.90296
10.4912
10.3772
9.44061
9.59554
11.5937
10.2354
11.4956
11.0408
10.8475
10.005
8.23192
8.05268
7.12399
7.35684
7.26923
8.26485
7.65556
6.64316
6.70983
6.07053
6.89611
6.58327
7.13635
6.35109
6.72029
5.99174
6.78004
6.45168
7.02527
7.22597
6.77232
6.40503
6.10951
6.21214
6.81424
5.7459
5.46436
5.74554
5.71034
6.26002
6.27221
5.15278
6.31103
5.65136
5.62653
7.63356
7.06164
6.69024
10.87
9.45893
8.968
8.86605
10.5438
11.4912
6.68989
8.85806
10.1258
7.67161
5.74702
5.97114
9.44965
9.32159
8.53612
8.57951
8.42003
7.88368
8.72
7.54578
8.07414
8.43542
7.33327
8.43225
7.24768
7.57078
8.10508
5.70867
7.10981
6.72109
6.50255
7.1226
7.66135
6.32536
6.09344
6.93823
6.51798
7.48665
8.05451
6.41384
7.79199
5.95954
7.31052
5.89271
5.32566
5.17503
5.18141
6.83833
7.4772
6.3194
6.69506
6.22103
8.05612
8.30844
4.39309
5.23081
7.09656
9.04277
8.02547
6.3713
5.85154
6.47775
6.60818
5.9615
4.86031
6.13334
5.2858
5.16212
4.34609
5.15218
4.53014
4.24836
4.82894
4.50501
3.88149
5.13368
5.58659
4.50651
4.54378
4.6793
5.67792
4.35619
4.35591
4.66998
4.87047
4.50974
5.3546
6.13151
5.3371
6.45685
7.63797
1.2811
0.734699
0.766947
0.793203
0.884414
1.22882
4.00358
6.88133
5.02291
4.91187
6.78842
6.51959
6.36379
5.74779
6.01653
5.90227
5.10848
6.31903
5.82965
4.40466
5.15678
5.28301
5.54093
5.79267
5.95293
5.69662
5.56775
4.94558
5.84468
5.01844
4.56531
4.2996
3.8831
5.13394
5.11995
4.45677
4.03677
3.44633
4.6213
5.92788
4.17828
3.33125
3.93916
3.9493
4.19914
5.31302
5.70505
5.04008
6.31632
4.30056
6.63577
0.826653
0.744588
0.706143
0.79842
0.859254
0.837789
0.8509
0.799765
0.880026
0.906755
0.873732
0.931027
0.908802
0.940828
0.966808
0.983397
0.969313
0.974019
1.00192
0.977009
0.971481
0.979027
0.986423
1.03554
0.959982
1.05326
1.11871
1.26646
4.94282
8.12912
6.30217
5.94825
5.95684
6.45371
6.19267
5.41563
4.88009
5.12551
5.13359
5.4167
4.54781
4.84214
3.32435
3.75585
4.84982
