0.150542
0.156494
0.13427
0.128149
0.150262
0.194075
0.269926
0.555278
0.417558
0.493538
0.458522
0.422759
0.430184
0.391504
0.545558
0.525508
0.249149
0.24169
0.257998
0.262741
0.255751
0.23661
0.223759
0.242663
0.291424
0.534566
0.232765
0.265494
0.326779
0.284748
0.299991
0.299154
0.330277
0.420952
0.445766
0.381428
0.436269
0.29604
0.355216
0.384117
0.383237
0.259786
0.32785
0.434252
0.505425
0.463965
0.589878
0.497337
0.478424
0.495611
0.514868
0.433955
0.388981
0.446911
0.462163
0.520156
0.474969
0.512919
0.505614
0.468794
0.509882
0.460599
0.587096
0.671976
0.569291
0.56012
0.62015
0.68221
0.711925
0.685396
0.666984
0.685972
0.476398
0.556848
0.571971
0.566707
0.724146
0.703106
0.585911
0.590208
0.658141
0.502677
0.517804
0.728514
1.00149
0.816234
0.798305
0.687055
0.715594
0.740044
0.743073
0.795498
0.719757
0.682029
0.73087
0.791071
0.735059
0.762152
0.790081
0.697345
0.638554
0.6826
0.663148
0.756921
0.846405
0.820134
0.827012
0.817189
0.774492
0.796924
0.808446
0.861959
0.863828
0.693565
0.799108
0.684793
0.665132
0.765485
0.759237
0.923062
0.911524
0.880967
0.799405
0.729236
0.818793
0.812441
0.74219
0.738036
0.718318
0.870217
0.701532
0.785235
0.897847
0.90157
1.10107
0.7541
0.847579
0.954931
0.974166
0.751409
0.964468
1.19819
0.970131
0.764708
0.851488
0.964869
0.91377
0.974767
0.950119
0.902858
1.2607
0.905239
0.980808
0.891228
0.851372
0.929249
0.869507
1.00472
0.884282
1.07129
0.937247
0.891501
0.870937
0.87289
1.23162
1.00281
1.11622
1.36235
1.30521
1.33241
1.34708
1.55666
1.51364
1.79417
1.69325
1.85868
1.80378
2.5322
1.84332
2.00488
1.72789
1.50659
1.79033
1.48544
1.56068
1.28994
1.9124
1.65835
1.4472
1.38032
1.43843
1.2768
0.969838
1.31785
1.33454
1.36058
1.22822
1.70867
1.80933
1.89675
2.04456
2.42023
2.28483
2.20591
2.55761
1.78166
1.98292
2.27372
2.50785
