1.37445
1.31855
1.34997
1.36451
1.31424
1.38358
1.37949
1.32558
1.31572
1.27276
1.29955
1.31056
1.29882
1.20889
1.27907
1.36129
1.31681
1.35326
1.35385
1.41458
1.32935
1.39855
1.4181
1.33849
1.30029
1.38678
1.44762
1.4568
1.42705
1.49631
1.43942
1.46733
1.4681
1.43097
1.50689
1.54079
1.5565
1.49331
1.58292
1.60752
1.61392
1.66366
1.61776
1.47082
1.64493
1.56569
1.56593
1.55953
1.55413
1.61019
1.59722
1.57769
1.58789
1.50849
1.49133
1.49252
1.4448
1.3868
1.36708
1.36257
1.40428
1.37987
1.3888
1.29104
1.31541
1.37393
1.35369
1.3598
1.39098
1.34648
1.36403
1.29568
1.3295
1.33493
1.25658
1.34342
1.39518
1.36344
1.3486
1.4253
1.46726
1.46014
1.53214
1.44498
1.56824
1.50174
1.55306
1.47471
1.44147
1.36836
1.31317
1.31773
1.33558
1.26323
1.25143
1.28031
1.24185
1.2537
1.27059
1.27447
1.29895
1.29448
1.24542
1.15882
1.1995
1.1693
1.23963
1.20693
1.19596
1.18048
1.19262
1.15994
1.16575
1.13494
1.13619
1.1739
1.2025
1.1716
1.14592
1.17106
1.09122
1.0907
1.19318
1.09439
1.17651
1.07489
1.14287
1.19395
1.10229
1.12985
1.17418
1.21097
1.17468
1.12496
1.22965
1.19909
1.17658
1.18826
1.14088
1.25678
1.23725
1.24907
1.21316
1.20455
1.14101
1.15517
1.18889
1.25426
1.15588
1.18627
1.20637
1.18743
1.30715
1.16129
1.24822
1.22372
1.24608
1.26668
1.23214
1.20923
1.30626
1.20244
1.26217
1.23191
1.21516
1.20645
1.22717
1.21686
1.17017
1.20009
1.27863
1.26502
1.2417
1.2813
1.21324
1.28514
1.24026
1.24253
1.3245
1.21248
1.18339
1.2736
1.29761
1.21263
1.24508
1.16767
1.22378
1.23463
1.33569
1.34013
1.30685
1.27957
1.29221
1.27052
1.33451
1.34119
1.26634
1.28892
1.22225
1.2887
1.22202
1.29973
1.36897
1.24991
1.31475
1.31095
1.39402
1.27581
1.32159
1.25675
1.34858
1.35912
1.31505
1.27812
1.28259
1.30609
1.40901
1.30789
1.30618
1.41712
1.36842
1.48529
1.42301
1.4033
1.36106
1.26468
1.34177
1.3365
1.39206
1.48026
1.42221
1.55291
1.46729
1.40449
1.39348
1.3674
1.48054
1.48094
1.45815
1.52834
1.5365
1.57942
1.44517
1.49479
1.37878
1.45661
1.49177
1.38997
1.49692
1.52184
1.53906
1.40657
1.51771
1.42368
1.46048
1.4641
1.56478
1.63064
1.50535
1.4975
1.52571
1.52338
1.52915
1.54195
1.50785
1.54106
1.45779
1.53872
1.58578
1.52615
1.48965
1.64587
1.57681
1.43892
1.51496
1.67307
1.60553
1.60524
1.70772
1.68608
1.64875
1.72457
1.72434
1.85657
1.84201
1.97745
1.88494
1.84279
1.79448
1.78452
1.93859
1.70029
1.88743
1.673
1.94832
1.80013
1.74239
1.90918
1.89734
1.75758
1.70521
1.76096
1.73676
1.72281
1.66084
1.88931
1.71298
1.92088
1.82439
2.00884
2.04084
1.95848
1.89622
1.88925
2.03301
2.06183
1.84162
1.96257
1.8863
1.96464
1.93548
2.22742
2.0692
1.97181
2.16176
2.09257
2.17827
2.00032
2.0917
1.998
2.02375
1.98164
1.95915
1.97932
1.99415
1.91913
2.07198
1.86519
1.93682
1.87942
1.8416
2.02059
1.854
1.79711
1.79588
1.91282
1.89657
1.90329
2.22239
2.04696
2.12537
1.88988
1.87556
2.09427
1.66341
1.87993
1.90586
1.91639
1.82888
1.95852
2.00499
2.02371
1.87671
2.04661
2.08566
1.99454
1.86306
1.98385
1.97354
2.22035
2.26333
2.04892
2.06367
2.29077
2.10583
1.86767
2.19063
2.38851
2.4729
2.23287
2.29051
2.70741
2.07718
2.53799
2.57569
2.53303
2.38458
2.17235
2.11778
2.29334
2.24067
2.42978
2.24319
2.16429
3.01682
2.41759
2.26232
2.13887
2.84032
2.00966
2.53611
2.43427
2.21653
1.77105
1.54954
1.91149
2.61631
2.38791
2.85429
2.90741
2.75672
2.44173
2.44564
2.36183
2.04117
2.50171
2.17587
2.25685
2.03016
2.47371
2.49469
3.36023
2.91036
2.63112
1.87898
1.61583
2.17552
2.1732
2.02703
1.90771
2.04677
2.16494
2.13169
2.15132
1.98777
2.27302
2.15651
2.23058
2.2356
2.21195
2.12154
2.19949
2.12541
2.1546
2.15365
2.00879
2.26183
2.37675
2.27821
2.13267
2.24466
2.21874
2.30595
2.14155
2.16348
2.20188
2.40024
2.52513
2.4646
2.06921
2.2051
2.14493
2.21446
2.15289
2.31497
2.12215
2.26294
2.29481
2.29112
2.21694
2.2639
2.15069
2.12541
2.27489
2.28811
2.25503
2.48536
2.52581
2.52346
2.45757
2.46831
2.69171
2.6541
2.32745
3.19325
2.33095
2.9221
2.55434
2.48943
2.38441
2.31565
2.27461
2.31477
2.4534
2.46585
2.50674
2.4938
2.62777
2.84896
2.56897
2.47189
2.43506
2.38695
2.34677
2.48016
2.34395
2.79229
2.84311
2.14294
2.39704
2.17793
2.46493
2.70407
2.63201
2.599
2.72433
2.4087
2.60706
2.58163
2.3888
2.56441
3.0317
3.11784
3.71931
3.22794
2.79438
2.81224
2.79695
3.44333
3.11621
2.16628
2.40277
2.61406
2.77789
2.56317
2.80127
2.56878
2.97228
2.48421
2.71128
2.34063
2.48181
2.45154
2.28938
2.74093
2.6092
2.82578
3.00071
2.65344
3.06225
3.23779
3.22398
3.40087
2.43632
2.09435
2.22042
1.9872
2.09189
2.69467
2.22804
2.15547
2.2859
2.35449
2.18382
2.17056
2.19113
2.08044
1.97932
2.17584
1.86099
1.81605
2.02588
2.11011
2.27296
2.33703
2.50373
2.78175
2.50432
4.58414
2.28413
3.36621
2.94953
2.94536
2.97627
3.00157
3.50427
3.03744
2.64882
2.59409
2.8076
3.06222
2.69989
2.94983
2.44628
2.54494
3.30978
3.68679
2.08197
1.77332
1.82721
2.07283
2.02364
1.87338
1.77704
1.83698
1.76264
1.78514
1.85496
1.78668
1.75662
1.72682
1.80468
1.96053
2.39133
3.92728
3.94361
3.40158
3.57678
3.65006
3.40419
3.41026
3.66155
3.85819
3.69353
1.8757
1.73161
1.53276
1.67785
