2.59215
2.87999
2.878
6.57734
5.19606
9.99644
4.94255
11.956
14.6292
15.1346
14.2687
13.6892
13.4793
11.1322
13.6475
13.7455
11.4437
10.2753
10.4363
10.0171
11.2493
8.94831
6.82686
6.32492
7.84597
8.72001
7.68471
6.98243
8.34654
8.37473
10.2764
8.81799
7.02329
5.76717
5.48779
7.23988
7.48772
7.8116
7.22868
5.39284
5.79827
6.32908
6.49164
4.42423
4.82426
6.71362
5.39934
7.2908
8.26324
7.19087
8.26894
7.32981
6.34388
7.12779
7.79786
6.05411
5.09319
7.16953
8.04461
5.55661
7.30178
7.80347
6.2371
6.99001
6.39804
6.60431
7.45225
7.45093
5.95945
7.98859
6.76739
6.36715
5.89883
5.33182
6.32701
6.37731
7.08006
5.98933
6.48667
8.42365
7.48557
6.65975
6.9679
8.98588
6.7452
8.85813
9.46209
8.74377
8.96961
8.16364
8.35385
10.2607
6.4584
5.55906
9.04614
8.37812
8.27612
6.59856
9.23994
6.8306
5.2892
7.54225
6.23362
7.8905
6.14512
6.43403
8.18482
6.35993
7.15188
6.48682
6.43225
8.04168
7.07045
5.60361
8.58702
7.14
6.01609
5.81455
5.97449
6.94163
7.7107
8.08955
7.02365
7.34297
8.73281
7.72833
6.50419
6.34595
6.15844
6.65188
5.18569
5.71567
6.95971
6.61077
6.38203
5.64653
4.43573
5.73939
5.08088
6.06961
5.73028
5.32141
6.25356
6.11266
5.13432
4.86977
6.65282
5.95221
6.19219
6.18855
7.58075
6.69803
5.32766
4.80925
5.75726
6.74404
6.43321
6.64705
4.73857
7.12959
6.15806
5.73171
8.00222
7.72095
7.38288
7.223
5.35603
8.17231
5.11213
6.14167
5.38841
4.90426
5.45635
6.01404
5.58174
3.99075
3.90202
4.54831
4.63283
4.93569
5.4349
4.5598
5.89092
3.89094
4.0594
3.53263
4.46294
2.44575
4.43255
4.48093
4.44812
4.63505
4.57718
4.15148
4.03619
3.95139
4.55247
3.99287
3.48245
3.71643
4.23789
4.74581
3.72768
3.5831
3.61932
3.97684
4.04516
3.45576
3.26947
2.95951
3.60212
3.32149
3.59389
3.78829
3.31647
3.54833
3.2889
3.27985
3.85326
4.40242
4.47829
4.07304
5.01181
3.32405
2.72619
2.08994
2.95492
2.82645
3.06233
2.90649
2.51535
4.45451
3.85343
3.34444
2.57803
2.95674
3.39088
2.72046
2.86886
2.52392
2.86386
2.43757
3.29187
2.75088
2.48631
2.34708
2.25068
1.74335
2.2108
