0.154822
0.150392
0.146933
0.173789
0.152345
0.170968
0.178981
0.188756
0.219909
0.213711
0.185795
0.193671
0.207556
0.216331
0.205932
0.224472
0.204239
0.228486
0.258168
0.307547
0.367593
0.368768
0.307733
0.360743
0.356579
0.378419
0.308192
0.321417
0.412508
0.345496
0.445243
0.433343
0.476726
0.391843
0.418303
0.521925
0.46828
0.334281
0.487241
0.700088
0.573705
0.534957
0.568075
0.55331
0.504812
0.484933
0.535481
0.564251
0.538087
0.510775
0.472172
0.650629
0.517723
0.665161
0.921735
0.655962
0.823217
0.729735
0.527117
0.606703
0.741288
0.908862
0.679229
0.798057
0.698806
0.858618
0.862856
1.23875
0.975652
0.870015
0.820929
0.960497
1.17129
1.12916
0.988819
0.998891
1.07523
1.06477
1.17726
1.18137
1.14187
1.23702
0.886495
1.27937
0.96571
1.35799
1.28405
1.18196
1.32852
1.5111
1.32258
1.29222
1.26738
0.931427
0.922937
1.03804
1.32062
0.995937
1.04492
0.93156
1.14238
1.12646
1.24175
1.34305
1.37079
1.25322
1.36176
1.24759
1.337
0.974981
1.29136
1.12822
1.09002
1.32793
0.979865
1.42378
1.33952
1.27735
1.14374
1.42753
1.32867
1.33504
1.31418
1.34413
1.2059
1.22893
1.35069
1.40926
1.53586
1.22167
1.474
1.67233
1.3297
1.31945
1.43568
1.5652
1.48062
1.40088
2.31854
2.21019
1.86224
2.06106
1.92064
1.45459
1.37032
1.40039
1.45712
1.58629
1.76573
2.16649
2.44423
3.49123
2.3162
2.05841
2.44215
1.49494
0.618333
0.807479
1.10172
2.61027
1.37363
1.60836
1.70238
1.5938
1.60664
1.97554
1.62639
1.97679
1.61504
1.92214
1.7802
1.77142
1.2376
2.26971
1.67965
1.79541
1.39221
1.83298
1.70705
1.66292
1.54332
1.3382
1.99085
2.09351
1.41613
1.42161
1.2446
1.40703
1.14404
1.70813
2.06376
2.49904
0.80876
0.61079
0.450033
0.618161
0.508037
0.462523
0.495992
0.491687
0.454307
0.446762
0.505752
0.496294
0.450041
0.464741
0.419865
0.426427
