1.47558
1.34578
1.31484
1.39298
1.36572
1.82195
1.33054
1.66855
1.69019
1.65693
1.44377
1.50721
1.56791
1.53458
1.61593
1.46336
1.54807
1.55009
1.83227
1.74898
2.02221
1.80959
1.90854
1.69761
1.88512
1.8759
2.18591
2.10061
2.07788
1.9721
2.17179
2.41301
2.04941
1.96779
2.07817
2.13092
2.39918
1.85735
2.39639
2.3193
1.99554
2.57612
2.76421
2.32062
2.12095
2.04553
2.30375
2.70789
2.28949
2.57678
2.19069
2.17199
2.338
2.3291
2.22869
2.44578
2.25749
2.34216
2.59626
2.79012
2.82617
2.58745
2.54813
2.70853
2.81699
2.62148
2.73191
2.63994
2.83992
2.88178
2.94448
2.66117
2.56949
2.78585
2.76505
2.74481
2.41686
2.84054
3.00838
2.9833
3.17743
3.17858
3.21917
2.92791
2.98883
3.05069
2.86972
3.12668
3.02764
3.06791
2.89986
3.11435
3.07544
3.11571
3.14881
3.11574
3.23775
3.06962
3.02841
3.11466
2.96826
2.84434
3.24199
3.79266
