2.43038
2.34375
2.56278
2.60427
2.28179
2.43314
2.43575
2.01975
2.24246
2.49594
2.85619
3.03178
3.03514
3.01395
2.83209
2.91869
3.14899
3.33765
3.7045
3.3237
3.29415
3.76715
3.26653
3.34014
3.82271
3.51012
3.56692
3.66824
4.1794
3.92305
4.23336
4.41448
3.9836
4.08012
3.98073
4.3031
4.61788
4.40552
4.45819
4.68443
5.09218
4.35471
4.9693
5.15312
4.76475
5.21521
5.44257
4.28814
5.27073
5.01123
5.06872
4.37406
5.52797
5.4757
5.84786
5.04489
6.24944
7.08089
7.30574
6.18841
5.2134
7.20485
7.14472
6.37494
7.06176
6.95705
6.26856
5.86057
8.02727
7.32471
6.23421
6.85872
7.97122
6.49657
7.9694
8.11248
7.9752
7.482
8.23924
8.98023
8.72359
8.36937
7.98616
7.60787
7.76796
7.50427
8.94428
7.90173
7.86645
8.05666
8.9249
7.96437
8.36013
8.75166
9.05271
9.63302
7.85113
9.4858
8.13083
8.62828
9.27599
9.4749
9.04286
9.12894
8.20791
12.3633
10.3329
10.387
11.073
10.2584
9.90932
10.6212
10.6462
10.8881
11.5327
10.3581
11.5042
10.4139
10.7712
12.92
11.6579
12.4406
12.0253
14.2623
11.1278
12.2334
11.964
12.2564
14.5119
13.1475
13.0477
12.9932
13.625
15.5283
13.2312
13.9256
13.6641
15.3381
13.5581
13.2514
14.3077
14.4153
14.2704
16.2558
14.8205
15.5645
13.7132
16.7497
14.7204
16.0043
18.6622
16.0796
16.1671
14.0617
17.2986
16.4597
16.896
14.8438
16.2572
17.4071
17.29
16.1308
17.8855
18.8767
16.3771
14.665
16.1768
15.7345
18.7523
19.7602
18.313
18.5798
17.0456
16.4663
17.6502
18.8242
17.3838
19.6358
16.9493
18.4628
18.4505
17.8053
18.128
20.1171
21.1735
20.4192
19.7158
20.8502
20.7549
22.7339
22.8679
22.9289
19.9808
21.2391
19.3589
22.0761
21.3209
21.1736
23.5999
25.0587
22.788
21.1421
22.1234
23.9988
22.5508
20.3302
23.1836
20.8739
26.1366
26.7013
26.6215
25.1479
28.1199
38.3442
28.6239
33.3583
34.6339
21.7246
23.3178
28.3455
25.8533
31.5295
21.5214
27.7827
25.3714
20.2827
19.3719
20.6793
21.518
20.3139
20.2419
21.8567
23.7644
26.2433
23.2325
24.0513
30.0561
31.6164
23.2024
29.5039
23.5831
19.5903
26.6523
24.5249
25.7657
28.1589
28.9823
24.8008
26.3818
25.872
19.4884
27.5542
32.0648
41.4549
40.1423
34.5743
32.3959
38.177
47.1329
46.3945
42.86
46.4947
