1.04756
1.00315
1.11467
1.06693
1.16828
1.17736
1.57699
1.61875
3.9459
4.14411
4.33537
3.82078
3.34744
3.3903
3.63288
3.57947
3.8359
3.76055
3.72123
2.97889
2.41002
2.05004
2.03077
2.7977
2.58604
3.04038
2.6175
2.85533
2.90336
2.91128
2.9631
3.1232
3.10313
2.65056
2.73854
2.72237
2.48413
3.00027
2.87184
2.81012
3.19731
2.88832
2.65178
2.63496
3.0151
3.15711
2.72816
3.0822
3.18067
2.78555
3.35698
2.98836
2.99104
3.42666
3.27224
3.55102
3.59797
2.88233
3.33188
3.35631
3.6957
3.50621
3.11821
3.49391
3.49618
3.18088
3.43323
3.49572
4.00658
3.33938
3.12077
3.49641
3.26771
3.54692
3.40751
3.48285
3.04109
4.50965
3.88186
3.22949
3.35871
3.72973
3.23903
3.50641
3.40699
3.40506
3.82951
3.50851
3.44871
3.33088
3.20957
3.38691
3.55071
3.81901
3.38671
3.21924
3.05499
3.23979
2.77743
3.86036
3.40051
3.39719
2.9984
3.20767
3.15914
2.74533
2.76653
3.38857
2.56752
3.30274
3.08967
3.0238
3.4418
3.24893
3.06569
3.10149
2.90712
2.99571
2.55689
3.12426
3.12216
2.9628
3.15191
2.19724
2.74572
2.75113
3.21762
2.96561
2.70431
2.64309
2.83796
2.30171
3.17271
2.46939
2.75063
2.86284
2.84487
2.71369
2.71643
2.96675
2.20562
2.31876
2.40514
1.87787
1.7965
2.32926
1.98435
1.88452
1.95228
1.75025
1.96335
1.91188
1.96622
1.78373
1.8275
2.46912
1.91073
1.75544
1.68337
1.82904
1.77748
1.66263
1.78598
1.8477
1.83177
1.50362
1.36878
1.51457
1.64731
1.78743
1.7988
1.64918
1.61737
1.51301
1.57196
1.50651
1.50278
1.76633
1.55331
1.56329
1.59467
1.59122
1.4966
