12.146000
16.506200
10.284000
9.942520
16.442400
11.131200
10.896600
9.276550
21.000000
9.099420
10.019400
8.868410
21.085200
9.869930
12.484500
10.107200
25.764000
12.728100
9.589720
10.020400
16.854500
21.570100
25.326300
10.828300
11.848200
12.486800
13.468900
10.989200
10.585400
10.679600
12.430800
15.447500
13.183700
14.327300
12.818900
22.519300
25.882100
25.357000
20.197000
13.046600
19.563500
19.653400
28.267200
14.519600
33.027100
25.035400
23.719000
19.592000
20.717400
23.102600
20.969200
16.405800
18.424100
20.397100
24.224100
15.100900
18.826700
18.208700
27.155400
25.394200
23.036500
13.904400
20.184300
21.482200
21.484900
12.885400
13.258800
13.442800
24.619100
13.545600
17.303100
16.984400
10.408900
19.895000
23.355500
15.400300
17.463500
20.621400
13.978300
12.071500
13.905100
11.931200
10.669800
11.274000
14.036600
12.862600
12.639100
14.945000
12.864600
14.571900
13.950200
13.327400
9.496430
16.397200
14.500100
13.552300
13.933100
11.723500
14.463200
13.277000
16.337100
22.931900
15.228000
15.387000
10.648400
14.831000
12.493300
12.004700
15.261500
17.141400
18.203000
20.331000
21.838600
20.475500
21.254000
18.659400
13.637900
14.158100
14.509400
