1.09236
1.04104
1.16219
1.04881
0.824108
0.819351
1.02875
0.990392
1.22953
1.0039
0.986299
0.947379
0.800476
0.990278
1.00451
0.924956
0.918113
0.819521
0.847497
0.863274
1.06074
1.05101
1.09215
0.796483
0.975663
0.743246
0.684115
0.68416
0.658109
1.01395
0.635358
1.05608
0.939948
0.981345
0.994664
0.922063
0.8584
1.04636
1.05181
0.996165
0.75189
0.943285
0.802373
0.8455
0.949791
0.810868
0.94765
0.949519
0.744684
0.842854
0.922003
0.7896
0.834775
0.911795
0.858989
0.847668
0.749038
0.677808
0.704129
0.775149
0.7039
0.813848
0.794264
0.809205
0.93196
0.830829
0.876404
0.829833
0.76671
0.871082
0.796542
0.762144
0.764737
0.853029
0.958246
0.688438
0.860316
0.870603
0.729778
0.787433
0.769511
0.700861
0.801326
0.82265
0.667915
0.729907
0.730088
0.743006
0.714781
0.710356
0.66514
0.670758
0.782286
0.727365
0.736651
0.767299
0.729161
0.893936
0.76047
0.77131
0.678691
0.818073
0.718628
0.762624
0.721316
0.759146
0.843366
0.881039
0.816299
0.723435
0.784514
0.813379
0.904346
0.942966
0.878639
0.958973
1.09917
0.976812
0.919711
0.872605
0.861033
0.934558
1.02337
0.891421
0.903427
0.870993
1.13712
0.825117
0.750916
0.707038
0.759865
0.642889
0.874049
0.825016
0.885844
0.788026
0.928342
0.892278
0.826559
0.811671
0.742591
0.7654
0.762791
0.72451
0.730301
0.917212
0.817289
0.796696
0.794564
0.803621
0.818739
0.761459
0.803401
0.905088
0.881524
0.777839
0.846002
0.766966
0.747524
0.74159
0.731399
0.943901
0.739282
0.739083
0.752341
0.719649
0.66756
0.730835
0.754401
0.692953
0.768802
0.706952
0.70412
0.694989
0.766934
0.76812
0.692745
0.749454
0.703949
0.747498
0.838555
0.801246
0.733377
0.744773
0.688272
0.812812
0.806701
0.746566
0.773867
0.760627
0.852957
0.692384
0.754591
0.83351
0.805294
0.719451
0.79664
0.777112
0.730981
0.75627
0.684913
0.767076
0.716445
0.604907
0.611072
0.649593
0.731106
0.586994
0.686546
0.734729
0.753524
0.680582
0.751386
0.728564
0.650881
0.663201
0.637064
0.759971
0.764783
0.704219
0.647955
0.659659
0.598256
0.590801
0.574094
0.621428
0.637888
0.624717
0.634937
0.593287
0.590285
0.571453
0.634199
0.581366
0.562589
0.574851
0.577323
0.594444
0.593799
0.539629
0.56564
0.576075
0.563876
0.559612
0.574228
0.584105
0.509477
0.575304
0.579664
0.546777
0.542441
0.65955
0.631817
0.561063
0.55443
0.594443
0.608649
0.597807
0.665214
0.660413
0.656397
0.590225
0.576429
0.645389
0.541349
0.50073
0.543062
0.537967
0.514512
0.508497
0.513411
0.516887
0.539541
0.501496
0.627805
0.604816
0.644808
0.676677
0.585846
0.601745
0.622126
0.69243
0.698381
0.772156
0.86836
0.752482
0.752064
0.700962
0.679023
0.703745
0.636202
0.63969
0.66823
0.636389
0.658774
0.570314
0.563638
0.607817
0.574358
0.560406
0.578732
0.580537
0.605163
0.579662
0.502734
0.51349
0.582167
0.572176
0.559495
0.619588
0.532559
0.580728
0.549163
0.494302
0.60596
0.551575
0.580052
0.578194
0.491872
0.507862
0.541368
0.552026
0.633765
0.478796
0.598859
0.519617
0.569952
0.622884
0.657678
0.644375
0.65465
0.5714
0.567662
0.536014
0.544549
0.656172
0.567666
0.67768
0.707286
0.630651
0.562543
0.582163
0.618598
0.561514
0.51496
0.596724
0.509613
0.528192
0.502992
0.547779
0.585866
0.630346
0.499058
0.531602
0.615809
0.598127
0.560675
0.525467
0.566622
0.51534
0.533205
0.510018
0.504202
0.647561
0.69708
0.590168
0.524895
0.520179
0.568306
0.625386
0.49731
0.552214
0.531695
0.513896
0.565702
0.528365
0.617365
0.565787
0.491752
0.602878
0.55294
0.582289
0.572339
0.594204
0.580809
0.595236
0.729033
0.642799
0.511259
0.535618
0.626193
0.599943
0.527863
0.538669
0.536187
0.53218
0.562228
0.61883
0.572213
0.529302
0.574231
0.480694
0.472703
0.507247
0.603186
0.550805
0.530784
0.517011
0.467936
0.503181
0.467395
0.588481
0.693917
0.665328
0.625426
0.624906
0.665583
0.559539
0.596906
0.656687
0.541256
0.521305
0.52245
0.523346
0.599671
0.459635
0.507254
0.533454
0.485816
0.402647
0.516444
0.495107
0.535313
0.630921
0.520138
0.477927
0.474275
0.491231
0.56426
0.534753
0.534871
0.612235
0.537319
0.424461
0.50646
0.519979
0.455618
0.41369
0.526921
0.577818
0.459044
0.471991
0.456205
0.482842
0.589001
0.545735
0.453487
0.485718
0.481359
0.469618
0.527891
0.621397
0.507143
0.447041
0.432383
0.455809
0.383857
0.481255
0.475789
0.531532
0.486302
0.410821
0.494784
0.441662
0.464355
0.592501
0.524247
0.574711
0.453181
0.504763
0.473348
0.528825
0.507792
0.58865
0.533101
0.617193
0.502517
0.489945
0.697099
0.455612
0.476817
0.407484
0.571683
0.45595
0.619685
0.465226
0.578082
0.534473
0.472356
0.676143
0.518775
0.478571
0.508233
0.463368
0.460838
0.382994
0.450428
0.402316
0.388362
0.456665
0.442894
0.431245
0.388484
0.400677
0.431811
0.431006
0.550498
0.502551
0.477932
0.467736
0.414905
0.415045
0.512384
0.429991
0.517065
0.412576
0.565008
0.446007
0.379226
0.416916
0.518552
0.640146
0.428732
0.358461
0.358565
0.326332
0.390467
0.392605
0.47099
0.375461
0.405385
0.37185
0.323618
0.451977
0.372546
0.368076
0.374783
0.418158
0.421958
0.354509
0.346834
0.42092
0.353788
0.383283
0.371187
0.502578
0.364137
0.328954
0.351798
0.357871
0.35777
0.380594
0.338825
0.375692
0.379841
0.370774
0.28799
0.315794
0.402445
0.376154
0.378354
0.306518
0.321106
0.364161
0.313933
0.332813
0.416724
0.413238
0.463098
0.344107
0.310374
0.359448
0.34112
0.305482
0.36383
0.344648
0.328362
0.315512
0.327086
0.356692
0.346341
0.321254
0.295433
0.312761
0.252636
0.278531
0.30662
0.289362
0.298107
0.420965
0.282035
0.280285
0.278378
0.304085
0.277633
0.2426
0.234731
0.289192
0.309359
0.309308
0.294637
0.276574
0.263208
0.304855
0.331616
0.283164
0.309406
0.315889
0.310806
0.313087
0.282529
0.316708
0.287918
0.261196
0.333738
0.29565
0.299842
0.256734
0.288902
0.259869
0.261831
0.258637
0.27056
0.236724
0.234055
0.228451
0.232396
0.276356
0.243014
0.251222
0.23161
0.262135
0.272886
0.293248
0.237151
0.244862
0.236773
0.208305
0.252738
0.228548
0.25209
0.228453
0.208972
0.214688
0.220744
0.265654
0.244238
0.274538
0.237979
0.235342
0.285392
0.301436
0.265548
0.261492
0.392848
0.436963
0.307229
0.263447
0.226742
0.20826
0.273219
0.220604
0.20878
0.206341
0.226487
0.209299
0.222786
0.304829
0.234485
