0.992321
0.823267
0.969028
1.66069
2.00933
2.4848
2.13833
2.91767
3.29038
2.19709
2.47921
2.05932
1.62374
2.23783
2.66034
2.45129
2.67087
2.60561
1.83317
0.956778
0.516759
0.476331
0.409841
0.438173
0.415636
0.416552
0.402634
0.393505
0.455437
0.3653
0.392909
0.381046
0.356824
0.411113
0.388341
0.70852
1.30355
2.02449
1.63912
2.46966
2.82557
2.26355
2.11543
1.87362
1.8646
2.01408
1.77891
2.32457
2.2655
2.44217
2.22095
1.84435
1.82289
2.07528
2.76021
2.61613
0.977897
0.78972
1.86399
1.36175
2.67293
2.26912
2.36101
1.75985
1.99171
1.75051
1.92095
1.57938
1.52856
1.83824
1.89003
1.91378
1.70728
1.81034
1.91872
2.09828
1.99742
2.48855
1.77607
1.51786
1.62191
1.65982
1.50839
1.68414
1.97008
1.75642
1.70816
1.77325
1.64278
1.99802
2.42637
1.77759
1.76149
2.09095
1.69758
1.93426
1.7277
1.80206
1.83219
1.72652
1.70474
1.98321
1.93511
1.46882
1.74973
1.84289
1.9904
1.84277
1.64206
1.92195
1.73245
1.71648
1.90217
2.2879
1.75154
1.77776
1.63768
1.24844
1.52199
1.33998
1.76969
2.02321
1.60786
1.06714
1.12978
1.17918
1.70157
1.2557
1.25432
1.5749
1.28981
1.83299
1.40172
1.75613
1.40997
1.85869
1.72328
1.43708
1.53679
1.78921
1.31157
1.39374
1.20256
0.836994
1.11805
0.846835
0.975965
0.872358
0.950996
0.884675
1.14171
1.0685
1.26613
1.35908
1.38206
1.1926
1.21105
0.988824
0.981227
1.04788
0.957821
1.03113
1.09716
0.898537
1.19081
1.21232
1.40859
1.05768
1.10103
0.973551
