3.59582
3.77347
3.48613
3.66518
4.07521
4.20913
3.71925
3.20169
3.97923
5.09909
4.78115
4.98423
4.66534
4.0888
4.6614
4.50196
3.60096
3.59724
3.63236
3.57501
3.84013
3.95129
3.70914
4.43092
3.86324
3.58813
3.93492
3.83981
4.42825
4.38483
4.58717
4.48415
4.664
4.30874
4.67062
3.60025
3.86555
4.23099
4.72132
4.05838
3.87827
3.97719
3.01711
3.96581
3.94262
3.57129
4.28907
4.05645
4.04227
3.57613
3.66343
3.95548
4.04454
4.17323
3.61384
4.34979
3.71687
3.773
3.85098
3.6111
3.85139
3.87312
3.74571
3.6073
3.70979
3.90925
4.14353
3.7585
3.98503
3.43061
4.19047
4.18251
3.70765
4.07547
4.49343
3.72529
4.1132
4.13834
4.2495
4.53766
4.25801
2.98305
3.00672
2.71145
3.30285
3.24714
2.54626
3.55023
3.55922
4.70937
4.25048
3.51394
2.97438
3.59708
3.85625
5.46536
5.38488
4.45161
3.78605
4.53459
4.46684
4.39769
4.0619
4.79479
4.04728
4.80334
4.29115
5.09745
4.47443
4.84237
4.32326
4.67927
4.17953
4.77248
4.99654
4.28076
3.8357
5.27069
4.55067
4.58731
4.30642
4.60768
4.45277
4.4252
4.03399
4.23798
4.379
4.87115
4.89163
3.47185
4.06698
3.57833
3.27089
4.53539
3.80487
4.31098
4.05899
3.56058
4.17926
3.44694
3.54681
3.1345
4.02178
4.13886
4.13418
3.45544
3.7023
4.34644
4.65322
4.26384
4.53693
4.14638
3.60078
3.36179
4.12377
5.29239
4.2591
4.63925
4.76329
5.24251
5.40676
5.166
4.25715
5.25781
5.64783
5.22677
4.87407
4.5177
4.35745
4.02638
4.45899
3.63308
3.3677
4.07176
4.36831
3.78694
4.37003
4.29762
4.82426
3.62466
3.34482
3.46903
3.2198
3.59431
3.59171
3.72043
3.84567
3.36517
3.26396
3.12082
2.85387
3.72861
2.67053
3.01609
3.1399
3.15601
3.07364
3.53821
3.11722
3.32443
2.87778
2.89633
3.20438
2.76191
2.80622
2.5957
2.62398
2.73318
2.73884
2.98825
2.95114
3.11852
2.8415
2.8582
2.91813
3.10371
2.75942
2.57856
2.91456
2.49765
2.60252
2.85697
2.5855
3.32757
3.48913
3.51992
3.06696
3.0119
2.64748
2.70875
2.65711
2.4815
2.87408
2.44832
2.81747
2.66264
2.55047
2.67455
2.69689
2.5507
3.31377
3.07488
3.50442
3.03911
2.98384
3.10472
3.27706
3.14261
2.98597
3.12646
3.95298
3.4772
2.48992
2.37305
2.63531
2.54469
2.95785
2.6915
2.57308
2.79322
2.57465
2.66006
2.67748
2.65408
2.17129
2.55101
2.51404
2.37466
2.45711
2.23542
2.41603
2.2357
2.82406
2.07398
2.34245
2.87795
2.50008
2.64398
2.2996
2.20158
2.32773
2.51404
2.23627
1.97119
2.22004
2.56254
2.59514
2.63058
2.81514
2.46856
2.45097
4.30702
3.09469
3.39238
2.99804
3.5987
3.52757
3.05326
3.26539
3.27236
2.83001
2.56264
2.91883
2.29668
3.33207
3.48791
4.09245
4.03428
2.09033
2.66866
2.32922
2.94089
2.64738
2.3594
3.58917
2.6311
2.364
2.5654
3.87881
2.80627
4.86635
2.20268
3.09569
2.16875
3.39509
2.80253
3.01339
3.08831
3.44731
2.6317
2.90749
2.68407
3.25658
3.06958
2.84007
2.85064
2.54482
2.19209
2.6045
2.73298
2.58923
2.60264
3.0284
2.85467
2.33462
2.72365
2.66608
3.0263
2.98794
2.81407
2.48119
2.41272
2.72727
2.92527
3.04951
2.36383
2.73787
3.09445
3.50902
3.05159
2.42255
2.95262
3.12163
2.67154
2.47837
2.45341
2.61525
2.69889
2.88127
2.40196
2.3408
2.4138
2.51713
2.26
2.11246
2.38186
2.19161
1.9349
2.09109
1.7885
2.19287
2.05519
2.12878
1.91312
2.0728
1.88896
1.79312
1.95173
1.97912
1.95521
2.11707
2.04671
1.93601
2.01693
1.87412
2.08947
1.75131
2.14551
2.01903
2.09429
1.99977
2.07092
1.87792
2.06781
1.87327
1.75773
1.72986
1.6771
1.97537
1.64728
1.63193
1.85243
1.80111
1.9251
1.95449
1.96099
1.92815
1.57478
1.82795
1.7557
1.79581
1.86509
1.79717
1.80898
1.66414
1.78232
1.59001
1.51605
1.4524
1.48895
1.41582
1.33935
1.6651
1.89135
2.28862
2.22065
2.39639
2.4608
2.20452
2.27429
2.64653
2.33447
2.06877
2.26345
2.04717
2.01238
1.93927
2.08331
2.18943
2.30583
1.95693
2.1324
1.8127
1.93058
1.95794
1.78387
1.60391
1.80066
1.73257
1.79201
1.6431
1.97534
1.63235
1.65968
1.88811
1.63688
1.59153
1.97154
1.84321
1.68831
1.73268
1.53713
1.53808
1.69842
1.49995
1.59909
1.52529
1.61931
1.90179
1.70746
1.83863
1.83926
1.78361
1.54264
1.54165
1.66322
1.73684
1.86549
2.19466
1.93295
1.85155
2.00803
1.79101
1.67545
1.57462
1.89104
1.79049
1.63503
1.92643
1.55169
1.54012
1.53895
1.62009
1.64284
1.47989
1.65532
1.54786
1.66896
1.47551
1.58937
1.19466
1.33936
1.35855
1.3351
1.4541
1.42082
1.19048
1.28399
1.43186
1.42219
1.45808
1.25542
1.53305
1.1497
1.18385
1.53222
1.4805
1.50562
1.42387
1.21572
1.7485
1.79049
1.57794
1.31396
1.1448
1.19856
1.1623
1.24014
1.21046
1.30306
1.30321
1.46409
1.37324
1.4303
1.42239
1.80263
1.42314
1.12806
1.40911
1.05198
1.46676
1.13049
1.15546
1.24452
1.47872
1.23778
1.60534
1.41766
1.15878
1.15411
1.45212
1.60392
1.43371
1.14559
1.19681
1.21236
1.18494
1.1953
1.1517
1.25375
1.30419
1.26503
1.45291
1.33339
1.39564
1.50152
1.43972
1.45528
1.41023
1.5898
1.27854
1.38456
1.66339
1.4604
1.56996
1.55128
1.51587
1.67561
1.43321
1.47869
1.39852
1.51675
1.53607
1.49516
1.0136
1.22106
1.24537
1.094
1.28909
1.08193
1.26731
1.09923
1.07147
1.08476
1.21264
1.17804
1.13167
1.08891
1.05944
1.13296
1.12286
0.962261
1.14115
1.11044
0.921473
1.0669
1.03181
1.02373
1.08165
1.11252
1.0902
1.00693
1.12937
1.11841
0.94534
1.01894
0.986602
1.02254
1.03634
1.05863
1.02802
1.1233
1.01076
1.14769
0.974149
0.999395
1.00435
1.04614
1.17324
1.1038
1.16731
1.14544
1.30594
1.0747
1.04955
1.06974
1.14935
1.06601
1.0485
1.14473
1.20463
1.18387
1.19828
1.24001
1.19878
1.14671
1.10657
1.148
1.03207
1.07004
1.16728
1.22876
1.15012
1.11121
1.17807
1.16169
1.14255
1.27663
1.11123
1.12969
1.03259
1.23503
1.31807
1.23238
1.25481
1.4371
1.5814
1.43105
1.40862
1.33838
1.29882
1.17354
1.09077
1.03356
1.2269
1.15875
1.22633
1.28864
1.34177
1.30614
1.29
1.30407
1.02034
1.17213
1.25363
1.83867
1.29559
1.15138
1.73738
0.868408
1.21686
1.07882
1.07899
1.23675
1.19668
1.03362
1.37604
1.13258
0.937026
1.04124
1.03876
0.89651
0.845774
0.944683
1.03941
1.05683
0.875235
0.800901
0.742779
0.683984
0.663929
0.58008
0.624802
0.644619
0.728319
0.657174
0.829155
0.779829
0.598629
0.557507
0.549879
0.606839
0.58548
0.612492
0.515892
0.523891
0.334507
0.355406
0.294328
0.330269
0.460951
0.700758
0.764671
0.726963
0.711668
0.68975
0.585446
0.530966
0.476471
0.495119
0.501197
0.562531
0.663278
0.60438
0.728475
0.820333
0.867822
0.895974
0.93088
0.961425
0.952049
1.02738
1.03219
1.02322
1.04639
0.972648
1.07579
1.3155
1.35316
1.05051
1.1022
1.04238
0.989485
0.839858
0.976609
1.25215
1.09683
1.16457
1.05396
1.0446
1.09692
1.09034
1.15374
1.05993
1.15947
0.996912
1.0511
1.07101
1.09821
1.19278
1.31031
1.15367
1.24985
1.3693
1.35149
1.46042
1.27411
1.48495
1.33893
1.03942
0.866401
0.95242
0.914281
0.983187
0.908049
0.931014
0.886072
0.91897
0.866562
0.938142
0.998112
0.87223
0.948131
1.03035
0.941892
0.926176
0.939684
0.944827
1.13813
1.21062
1.16786
1.17231
1.22436
1.14692
