0.548998
0.651595
0.760252
0.756031
0.638011
0.801718
0.691866
0.759401
0.870908
0.91731
3.49434
2.10663
1.78637
1.65746
1.71717
2.05715
2.7488
2.29723
1.39905
2.25878
1.71526
3.77521
3.07031
2.19229
2.22287
1.72834
2.28208
2.38603
2.84409
3.20772
2.49287
2.12931
2.04873
3.57433
3.97051
1.79734
1.98004
1.80839
2.01678
1.83486
1.94481
2.17187
2.10143
1.74655
1.94639
1.95199
2.06881
1.99462
2.07762
1.72485
2.06115
2.01709
2.72968
2.32179
3.14568
2.68248
2.32643
1.84753
1.02022
2.13181
2.11601
2.35723
1.83401
1.03879
1.36729
1.47982
1.74409
2.19779
2.29167
1.57696
1.91431
1.94206
1.63962
1.17095
1.17908
1.01111
1.41634
1.41635
1.75678
2.02505
2.0192
2.14698
1.51803
1.87576
1.42948
1.5028
1.98142
1.77583
2.06635
1.67525
1.8175
1.40758
1.40539
1.58081
2.01444
1.34524
1.22867
1.47023
1.77284
1.53681
1.52277
1.64296
1.72757
1.24643
1.46724
1.82182
1.83654
1.46776
1.6149
1.23331
1.16462
0.875621
1.05306
1.48797
1.10883
0.991429
1.69174
1.23204
0.822841
1.31241
0.938699
0.701158
0.954366
1.24022
1.31041
1.20981
1.07223
1.11904
1.1606
0.952648
0.962249
0.884825
0.745254
0.930849
0.574854
0.807831
0.785831
1.01302
0.793856
0.972791
0.745441
0.886713
0.641575
1.11943
0.876404
0.849932
0.889253
0.77769
1.07201
0.988996
0.665554
0.715313
0.600404
0.951983
0.841922
0.633055
0.659309
0.66095
0.609634
0.805651
1.02525
0.938643
0.911885
0.851495
1.00154
0.759534
0.855251
0.753785
0.916243
0.855424
0.53024
0.458953
0.444142
0.55358
0.457598
0.524104
0.364034
0.468649
0.385632
0.33868
0.519478
0.429987
0.35625
0.369567
0.364588
0.305568
0.377721
0.295691
0.328204
0.240992
0.284937
0.218491
0.293198
0.272804
0.255539
0.257594
0.28461
0.326269
0.262655
0.296418
0.287949
0.296181
0.313031
0.297093
0.28715
0.33464
0.352438
0.292434
0.281683
