0.300105
0.276542
0.258676
0.225104
0.252417
0.314466
0.255112
0.272403
0.291412
0.276774
0.27095
0.238276
0.26764
0.290245
0.284284
0.260668
0.262793
0.324521
0.331509
0.325374
0.379804
0.869755
0.688287
0.260496
0.585665
0.193015
0.290724
0.522331
0.809284
0.506287
0.55813
0.973781
1.00215
0.319969
0.255684
0.241506
0.271143
0.441155
0.636016
0.307114
0.318533
0.504427
0.229029
0.438445
0.314856
0.38721
0.520841
0.682544
0.505882
0.650146
0.86217
0.800949
0.427022
0.370009
0.211835
0.355972
0.249387
0.277567
0.358528
0.289575
0.351348
0.619695
0.552437
0.2015
0.274217
0.452123
1.00726
1.41346
0.82691
0.414576
0.569012
0.56703
0.532023
0.515922
0.753984
0.990139
0.409903
0.301098
0.521106
0.652354
0.356645
0.426583
0.438173
0.525966
0.330198
0.555506
0.485057
0.489473
0.947852
0.78564
0.399684
0.550277
0.57642
1.04878
0.608143
0.553932
0.596121
0.526503
0.525716
0.751732
0.614212
0.621457
0.321768
0.432984
0.530002
0.420256
0.396313
0.502954
0.520058
0.543586
0.365303
0.37968
0.289124
0.484895
0.393859
0.254388
0.296486
0.374985
0.229332
0.298587
0.446592
0.352573
0.245244
0.275645
0.405055
0.342692
0.304435
0.495366
0.644257
0.375097
0.601272
0.77449
0.766308
0.652989
0.496342
0.575937
0.788263
0.505093
0.37775
0.689687
0.324488
0.511227
0.770307
0.492298
0.621761
0.42659
0.812993
0.708957
0.932004
0.528823
0.393893
0.448867
0.453196
0.46584
0.398831
0.387543
0.438642
0.511381
0.42384
0.454439
0.383716
0.342099
0.647447
0.482453
0.468898
0.641986
0.681275
0.482291
0.786042
0.748446
0.458107
0.23738
0.262371
0.416593
0.318673
0.343323
0.355505
0.632171
0.472269
0.337389
0.521261
0.401095
0.317191
0.480593
0.404944
0.296762
0.460368
0.545948
0.431127
0.559519
0.263328
0.559548
0.484496
0.464849
0.52677
0.539907
0.240968
0.442843
1.05839
0.66091
0.771667
0.389914
0.278841
0.30755
0.352028
0.382173
0.174161
0.291971
0.33588
0.411571
0.556522
0.480456
0.328963
0.530993
0.357326
0.42056
0.398695
0.392137
0.432653
0.494296
0.518131
0.361024
0.479827
0.452357
0.571187
0.56663
0.40153
0.438779
0.504951
0.42474
0.327721
0.423623
0.326516
0.444276
0.334673
0.266009
0.264952
0.42585
0.474813
0.401514
0.431922
0.418782
0.335664
0.294474
0.50267
0.476882
0.277528
0.339098
0.22782
0.30014
0.233749
0.250139
0.240019
0.173785
0.207734
0.222974
0.174936
0.148696
0.205574
0.212055
0.181634
0.151545
0.287648
0.268558
0.175905
0.145255
0.206855
0.215638
0.221143
0.137871
0.173377
0.193274
0.170662
0.143344
0.112745
0.222102
0.166895
0.171403
0.208915
0.233325
0.295139
0.192882
0.20071
0.18424
0.311847
0.214389
0.182553
0.155436
0.144261
0.129833
0.163694
0.126271
0.159077
0.16604
0.119367
0.0939307
0.0974865
0.144752
0.122868
0.107394
0.119603
0.0847275
0.108332
0.146583
0.114846
0.108215
0.0869227
0.077051
0.090002
0.0847378
0.0677553
0.0919205
0.0837222
0.0874839
0.0708418
0.0988002
0.0829308
0.0981939
0.120133
0.0814373
0.0714776
0.0985402
0.0877809
0.0724557
0.0848695
0.0811658
0.0815556
0.0865321
0.0880278
0.0992568
0.0890164
0.0905575
0.0820796
0.0916325
0.0877544
0.0840828
0.0701022
0.0734711
0.0829059
0.106881
