4.784350
5.103280
5.602570
5.702990
5.975790
6.508000
6.405900
6.007330
6.157060
6.609590
6.684350
6.929480
6.952930
7.219460
7.504990
7.273140
7.740030
7.323880
7.902380
7.302770
7.587850
7.372420
8.197910
7.957640
8.444830
8.710010
8.337200
9.474630
9.052090
8.816740
9.669010
9.870770
9.352860
11.368800
10.077600
10.259600
10.398400
11.042400
10.883700
10.837000
11.409600
12.994400
11.631100
12.378100
12.024200
12.416100
11.600500
12.776500
12.116300
14.665000
12.460500
11.032400
14.724700
15.008600
14.462200
14.666400
14.634700
14.569000
13.199600
12.536500
14.403800
13.884500
15.573100
16.729700
14.076700
17.532200
18.746500
16.436300
19.752300
18.500100
14.760200
13.757000
21.053800
20.850300
19.326400
22.136700
19.787200
18.323500
16.912100
21.011700
17.379500
20.202800
20.470400
19.147500
20.004200
17.235600
15.945700
22.498900
24.220100
22.047400
18.549700
17.753900
20.994000
23.431400
23.504500
24.373700
23.299100
24.193600
23.042900
24.467400
28.077900
20.165800
25.646800
20.688200
24.676800
23.286600
23.644900
20.050100
29.507700
25.528300
28.120000
25.996600
25.466600
25.697900
25.800900
25.656400
23.487200
26.949000
24.281500
28.578700
25.155400
27.920000
24.048300
28.122000
27.894600
29.197200
26.857500
29.646200
24.736500
27.421000
25.640300
29.657700
31.767200
26.614200
24.987700
27.752400
22.231000
31.149500
27.056000
29.756900
31.795500
29.234600
31.275700
27.937200
29.270400
28.530700
27.616300
25.422300
31.838800
30.985800
31.075500
31.274300
36.532400
31.184600
34.050400
35.960500
32.770900
34.115200
31.231600
40.816400
34.812600
40.190100
35.859400
37.561100
39.372400
35.620400
39.203600
33.614900
33.589200
35.452200
39.825300
36.119000
38.790800
34.793700
39.330500
40.488000
33.471200
40.616300
41.006300
36.776800
37.258900
39.511300
43.620000
37.282000
45.927100
38.279900
38.241400
43.561100
40.316400
39.493400
38.652200
30.585100
28.933500
25.690800
29.007600
24.154500
27.720900
25.155100
29.245500
28.537100
34.776500
30.417300
30.798000
37.752800
31.012000
37.270700
32.342600
35.766400
38.941700
37.183500
36.457500
30.307700
34.387000
37.567000
34.451100
34.261700
42.186500
37.102200
35.553100
47.919800
32.336100
24.844000
39.789300
39.074900
33.747900
32.937100
37.072500
37.086900
43.473600
44.299800
49.042000
52.161900
62.197800
67.026700
70.039100
43.273500
54.445800
52.831200
54.750400
25.626800
30.978900
32.585300
35.427400
