0.812958
0.823767
0.96975
0.937999
1.27593
0.963267
1.05209
1.17602
1.14263
1.60261
1.68891
2.071
2.6817
2.66715
2.99505
5.383
4.28782
3.79847
4.07442
4.07251
3.84921
3.54858
3.61245
3.94982
3.30901
3.14464
3.5155
3.86683
3.58854
4.2834
3.82718
3.70993
3.92896
3.91993
4.1756
4.06277
3.74396
4.11612
3.84332
3.37984
3.76539
4.82305
3.31666
3.22466
3.85473
4.0964
3.66891
4.19019
3.60352
3.18821
3.51242
3.69639
3.58514
3.46992
3.62866
3.11784
3.63699
3.83816
3.66883
3.70516
3.30504
3.14341
4.25121
3.5866
3.82467
3.36311
3.52118
3.69693
3.42745
4.46293
3.17448
3.76715
3.77826
4.05817
3.89439
3.19072
2.51889
3.15448
2.96767
4.10689
2.38858
3.614
4.01084
3.13951
3.24374
2.84468
2.27754
3.78373
3.92474
3.07297
3.76371
3.23078
3.82604
2.92839
3.08809
2.40828
3.00959
2.96345
3.71879
3.00062
3.19872
2.36125
2.99103
3.62147
2.94803
3.02868
2.73565
2.36615
3.41179
2.0884
3.57481
3.46749
3.49587
3.49247
2.76523
1.83681
3.52012
1.99424
1.84207
2.54681
3.13512
2.19285
1.56297
3.05005
2.63066
1.86602
3.3689
2.06705
2.19466
2.93627
3.22089
2.39606
3.05417
2.59335
2.23636
1.88472
1.76955
1.69539
1.63909
1.56325
1.66499
1.56865
1.05784
