0.216911
0.228603
0.274181
0.254289
0.301251
0.28838
0.291712
0.322267
0.346153
0.315665
0.283312
0.255557
0.283168
0.275477
0.236146
0.260079
0.246117
0.299789
0.282742
0.281794
0.371942
0.347467
0.32632
0.413316
0.623093
0.613826
0.721349
1.03849
0.563767
0.601421
1.04188
1.63298
0.857902
1.00886
0.484475
0.378548
0.216848
0.302347
1.06093
0.81211
0.455144
0.658382
0.754472
1.04918
1.34785
0.857103
1.71557
1.57532
1.56606
1.64787
1.81278
1.82575
1.08033
1.7577
2.30999
2.34422
1.93143
1.98961
1.74194
1.61805
1.76224
1.84299
3.24836
2.7866
2.05056
2.68826
3.37407
2.41439
2.61728
2.42167
1.85252
2.8559
2.28705
3.42939
2.801
2.45005
2.98665
3.0181
3.46825
3.36176
2.97253
2.64265
3.10483
3.37253
3.50354
3.6544
3.32659
3.35454
3.56703
4.2097
4.22587
3.43012
3.25877
3.34166
3.26827
4.42029
3.13032
4.22411
3.49105
3.30098
2.53172
3.84464
3.10555
2.05185
3.34939
3.04061
4.3747
2.53962
2.4612
1.82019
3.12697
2.84202
2.21122
3.17343
1.95969
2.15536
1.51809
1.85645
1.70086
1.76884
1.89347
4.9141
4.48749
5.31387
4.70732
3.7293
4.79152
4.39201
3.44047
2.77274
2.84713
4.21808
4.32075
4.82022
4.3107
5.11709
3.47896
5.14374
3.96948
3.77449
3.60219
4.00454
4.38847
4.83949
