1.97087
1.89824
1.08805
1.21125
1.17205
1.16624
1.13189
1.33777
2.86687
2.59083
2.65595
2.87803
2.81316
2.87938
2.59863
3.19568
2.88071
2.67967
2.67203
2.57513
2.51651
2.76757
2.93326
2.8084
2.79846
2.97693
2.55294
3.13947
2.63659
2.30047
2.43105
2.49829
2.39546
2.7552
2.40901
2.26983
2.30932
2.46484
2.3493
2.31046
2.28562
2.44763
2.4857
2.63193
2.57224
2.59865
2.54841
2.51011
2.74073
2.07888
2.10152
2.45377
2.43765
2.75401
2.54912
2.23592
2.30735
2.43166
2.22326
2.29263
2.54799
2.31123
2.03547
2.0296
1.97762
2.08414
1.94202
1.91846
1.94758
1.99759
2.05828
2.03764
2.11172
2.1132
2.20271
2.14717
2.08919
1.97175
2.02652
2.08859
2.04508
2.11044
2.14342
2.13812
2.03712
2.06079
1.84789
1.97992
1.78625
1.7581
1.77432
1.74652
1.81009
1.9197
1.89151
1.89557
2.00331
1.94867
1.9079
1.94141
1.88372
1.91005
1.87928
1.88291
1.74483
1.61693
1.63301
1.71363
1.75482
1.75663
1.75468
1.76289
1.80828
1.79815
1.72449
1.80512
1.81668
1.53213
1.74887
1.79155
1.8436
1.91883
1.87115
1.88471
1.85236
1.877
1.84771
1.86878
1.8519
2.00643
1.87802
1.87112
1.85018
1.85049
1.97426
1.78575
1.83028
1.90678
1.81816
1.82545
1.72528
1.72818
1.49317
1.54991
1.70652
1.56424
1.6592
1.74777
1.67082
1.69425
1.74086
1.82432
1.80681
1.61701
1.55962
1.50852
1.50113
1.62698
1.49572
1.49603
1.49282
1.64488
1.62709
1.62234
1.48955
1.5444
1.58442
1.4939
1.52189
1.54633
1.44704
1.45726
1.3776
1.41463
1.34828
1.4634
1.41184
1.41229
1.39365
1.48924
1.50454
1.53229
1.42831
1.49054
1.44491
1.43453
1.35777
1.36745
1.34964
1.35616
1.38415
1.38056
1.39313
1.21782
1.39772
1.43778
1.41488
1.39882
1.38475
1.47079
1.52417
1.50517
1.50805
1.41049
1.54451
1.51636
1.59074
1.50333
1.5102
1.39959
1.42407
1.36697
1.29736
1.39001
1.44496
1.45382
1.49545
1.49308
1.47718
1.46334
1.42154
1.39777
1.3532
1.49439
1.47926
1.45678
1.48525
1.40026
1.47212
1.43128
1.46497
1.44295
1.47734
1.54988
1.50163
1.5481
1.48578
1.55281
1.4038
1.48269
1.47407
1.34605
1.52772
1.5093
1.6555
1.53629
1.56248
1.54991
1.49893
1.52523
1.53971
1.41389
1.52229
1.45088
1.56074
1.403
1.45419
1.5109
1.50666
1.47655
1.4917
1.48439
1.63703
1.51686
1.45685
1.54144
1.47499
1.72687
1.66559
1.60042
1.72311
1.7378
1.76252
1.53368
1.62208
1.75514
1.71028
1.52509
1.59806
1.61254
1.75626
1.81048
1.75612
1.7429
1.63051
1.68246
1.7798
1.61612
1.90321
1.68223
1.88294
1.8002
1.69217
1.51345
1.4112
1.82555
1.69848
1.64188
1.54641
1.83333
1.77871
1.71332
1.61208
1.86891
1.65639
1.59224
1.50593
1.32734
1.45493
1.66696
1.33371
1.31073
1.37528
1.57324
1.44988
1.44285
1.36035
1.41959
1.38171
1.29339
1.35815
1.34468
1.54217
1.44251
1.37279
1.33882
1.3976
1.60808
1.48172
1.33622
1.34695
1.34556
1.21676
1.27883
1.17541
1.23265
1.28804
1.30916
1.22537
1.25076
1.19338
1.05152
1.15988
1.12096
1.04639
1.10634
1.15201
1.02481
1.10212
1.05099
1.09617
0.958501
1.0188
0.940351
1.04461
0.997735
1.0378
1.09637
0.958176
0.970896
0.992361
0.969101
1.02895
0.90785
0.979277
1.00654
1.02493
1.0811
1.18014
1.25999
1.12578
1.16518
1.50076
1.20986
1.22186
1.12684
1.13274
1.08841
1.08922
1.07486
1.23821
1.23651
1.18056
1.15954
1.13099
1.05057
1.0912
1.20727
1.1526
0.98636
1.01873
1.02349
1.00015
0.998971
0.802716
0.948571
1.05047
1.06559
1.06732
1.04282
0.997818
0.96075
1.06313
0.946911
1.02036
0.958654
1.00412
0.943643
0.865757
0.961283
0.938319
1.02106
1.00127
0.947653
1.03931
1.01592
0.955456
0.93573
0.962082
0.942212
0.948101
0.853427
0.83956
0.865806
0.857938
0.913349
0.895625
0.856459
0.8307
0.718587
0.752626
0.653843
0.692964
0.73273
0.765567
0.774785
0.831518
0.875464
0.9064
0.881586
0.794878
0.915027
0.921387
0.860492
0.82267
0.779034
0.830929
0.771247
0.953353
1.08756
1.00824
0.934696
0.914722
0.822545
0.90101
0.876373
0.929613
0.736926
0.835376
0.992047
0.979811
1.05296
0.902593
1.02454
1.09022
0.981983
0.934181
0.812863
0.787913
0.844205
0.996407
0.922365
0.71026
0.779049
0.731723
0.792969
0.808279
0.783464
1.04726
0.763002
0.866322
0.777178
0.937516
0.896086
0.863559
0.70197
0.777555
0.987679
0.98843
1.06519
0.927569
0.804511
0.88285
0.803999
0.80385
0.929051
0.772184
0.747419
0.690526
0.723835
0.734022
0.709716
0.812071
0.796318
0.735534
0.818221
0.715429
0.604436
0.593065
0.566161
0.50891
0.604244
0.530597
0.753741
0.426324
0.742239
0.952095
0.64618
0.705229
0.549189
0.672244
0.778291
0.726799
0.932275
0.789133
0.755976
0.799101
0.87356
0.748317
0.828552
0.780343
0.730702
0.664222
0.716931
0.710107
0.809694
0.742675
0.702921
0.760295
0.702991
0.61605
0.653657
0.5577
0.567073
0.49603
0.601477
0.559367
0.557938
0.549601
0.543952
0.500944
0.583067
0.708785
0.708358
0.627604
0.599689
0.500858
0.555436
0.542937
0.54088
0.497022
0.52011
0.470324
0.481374
0.531446
0.483127
0.596718
0.548599
0.537053
0.468049
0.437616
0.406525
0.428885
0.501441
0.422826
0.452438
0.37467
0.402539
0.409834
0.356527
0.354386
0.358856
0.40635
0.402301
0.42134
0.426082
0.439149
0.487578
0.457124
0.468592
0.473552
0.495603
0.454987
0.469311
0.441574
0.497501
0.500217
0.476992
0.41306
0.456886
0.433384
0.40999
0.382264
0.382036
0.562844
0.526096
0.525043
0.490016
0.521936
0.52999
0.591882
0.762721
0.448202
0.474046
0.475099
0.568753
0.623053
0.619764
0.716769
0.712808
0.696651
0.62505
0.614179
0.540428
0.536811
0.420848
0.419921
0.42484
0.437014
0.464817
0.410086
0.416925
0.402692
0.380362
0.380129
0.367518
0.379282
0.345272
0.469557
0.345485
0.373738
0.325463
0.348375
0.316075
0.321267
0.324042
0.293213
0.27851
0.290643
0.274706
0.279572
0.314162
0.306046
0.291527
0.291028
0.255585
0.359832
0.335737
0.271855
0.323335
0.431051
0.512664
0.484497
0.406207
0.426044
0.503824
0.281493
0.366122
0.432793
0.391997
0.387467
0.372325
0.349841
0.313209
0.351693
0.321843
0.30527
0.230664
0.247015
0.248804
0.226671
0.253109
0.338458
0.386098
0.355415
0.367376
0.363684
0.415192
0.369663
0.389325
0.361199
0.329674
0.26451
0.319199
0.275412
0.33255
0.361516
0.3697
0.360327
0.346363
0.405185
0.477455
0.416145
0.461206
0.460246
0.38164
0.407744
0.436399
0.45758
0.504425
0.448618
0.427665
0.478582
0.57683
0.617204
0.440544
0.561837
0.522004
0.639958
0.579666
0.568485
0.549082
0.533765
0.514004
0.515793
0.473878
0.541309
0.496516
0.47612
0.521611
0.484764
0.491241
0.520387
0.513979
0.571209
0.560065
0.501781
0.588293
0.630213
0.594706
0.566235
0.537948
0.545457
0.503809
0.514922
0.491245
0.442299
0.428979
0.433575
0.402453
0.43491
0.52481
0.410289
0.43989
0.386892
0.371479
0.317227
0.267321
0.257649
0.258893
0.277008
0.299711
0.303817
0.355996
0.340487
0.345996
0.315099
0.330651
0.326317
0.329281
0.304297
0.325124
0.309882
0.323807
0.32876
0.348777
0.356525
0.365623
0.345803
0.294354
0.350494
0.307594
0.316525
