0.648063
0.76418
0.907024
1.17615
1.28846
2.11112
2.08538
2.37762
2.06231
3.1019
2.61259
2.66447
2.54554
3.04306
1.7849
2.60135
1.68496
2.73862
2.49597
2.21905
1.99599
1.86082
2.45826
1.77958
2.36269
2.20371
2.18514
2.08767
1.75385
2.49456
2.02736
2.02729
1.91311
2.60968
2.2077
2.12971
2.39707
2.44162
2.3738
1.72059
2.28952
1.82501
2.02621
2.16516
2.11525
2.3341
2.18086
2.51683
2.74734
2.0872
2.70054
2.52363
1.95451
2.13894
2.24919
1.66908
2.07633
1.88102
2.18543
2.05495
2.59138
2.24664
2.47386
2.5174
2.1417
2.18324
1.83538
2.06161
2.52093
2.15295
2.14348
2.23877
1.58271
2.27816
2.23654
2.18427
2.17812
1.87906
2.41114
2.19606
2.36469
2.03009
1.63616
1.95398
2.03324
2.23885
2.32701
2.18406
2.21353
1.92427
2.01281
2.02216
1.99451
2.29083
1.80804
1.70429
1.91939
1.98721
1.76908
2.14535
2.03494
1.76998
1.93438
1.99544
1.87284
2.02585
1.53546
1.82325
2.02331
1.77432
1.21004
1.66731
1.64153
1.29386
1.57377
1.35637
1.75309
1.47242
1.72989
1.3861
1.42723
1.69057
1.55386
1.52793
1.52513
1.57901
1.34652
1.25412
1.28872
1.469
1.19339
1.24032
1.21318
1.22225
1.21294
1.15583
1.0352
1.11453
1.05149
0.996284
0.822593
0.854886
0.879279
0.911182
0.864951
0.787873
0.731024
0.710827
0.62466
0.658147
0.692983
0.544994
0.555162
0.487127
0.398006
0.367041
0.317898
