1.58764
1.57693
1.50486
1.57353
1.54246
1.47976
1.57091
1.56894
1.5956
2.70455
5.01189
7.48394
9.44839
10.5997
10.5129
8.92385
7.83805
6.90528
6.13014
6.56761
7.41264
7.11795
8.06746
7.73542
5.00731
5.58466
3.84349
3.47957
5.66863
6.113
5.67337
5.05843
4.35254
4.44478
4.01791
4.58189
4.76943
4.88452
4.81621
4.05031
5.07799
4.69628
4.9
3.92334
5.07081
6.11298
5.14274
3.91295
3.97767
3.92232
4.81366
4.60276
5.04162
5.3586
5.27974
5.04242
4.40354
4.25208
4.5966
4.52057
4.45227
4.50213
4.39904
4.3243
4.9371
4.1547
4.85909
4.33756
4.38866
4.50342
5.0568
4.50085
3.8379
4.48826
4.31877
4.43703
4.48257
4.15035
4.41056
4.02715
4.58778
4.25444
4.2126
4.30917
3.63891
3.8843
4.48441
4.12905
4.58971
4.4764
4.42269
4.06434
3.88798
4.03576
4.72236
4.20019
4.73885
4.66271
4.02151
4.31975
4.28691
3.88538
4.37986
3.78275
3.77318
4.01816
4.3446
3.72282
3.76485
4.0595
3.84113
3.97848
4.34461
3.90436
4.08917
3.82826
4.02674
3.99736
4.0975
4.20153
3.57189
3.75667
3.73065
3.90343
4.01894
4.00115
3.78125
3.79217
3.46172
3.64414
4.0412
4.28305
3.95251
3.63649
3.19027
3.411
3.44964
3.90614
3.54066
3.76474
3.24257
3.33267
3.49537
3.46167
3.70959
3.67187
3.31702
3.43522
3.25323
3.40073
3.399
3.30463
3.6325
3.46146
3.05235
3.10454
2.95748
2.86328
2.61573
3.08914
3.54603
3.24204
3.12855
3.03327
2.84195
2.85888
3.02162
3.05802
3.06841
2.99213
2.91657
2.64156
2.95962
3.43661
3.16071
2.98448
2.7388
3.04788
2.71321
3.10633
3.0371
2.91069
2.93762
2.67148
2.79239
2.70912
2.47764
2.36786
2.54586
2.73537
2.96581
2.56151
2.79918
2.62866
2.39986
2.47833
2.3205
2.40917
2.27016
2.50093
2.61081
2.49136
2.43039
2.31262
2.09984
2.55873
2.37562
2.20559
2.2287
2.35244
2.32779
2.14381
2.43525
2.51519
2.22865
2.15013
2.26288
2.26668
2.24698
2.42411
2.19343
2.33946
2.21821
2.24619
2.44008
2.29584
2.36859
2.11972
2.32344
2.15254
2.11085
2.10749
2.28661
2.01881
2.02646
2.02592
2.04144
2.08372
2.08896
2.09026
2.05523
2.01469
2.10252
2.06328
2.13375
2.08482
2.08535
2.01458
2.14958
2.18092
2.23913
2.20628
1.92847
1.91427
1.80819
1.75117
2.00716
1.73421
1.85227
1.72749
1.8652
2.05646
2.23664
2.03871
1.97148
1.82543
1.92437
1.71437
1.69922
1.85858
1.68409
1.86012
1.88485
1.74208
1.70686
1.67499
1.58621
1.70992
1.64433
1.59362
1.68939
1.52618
1.76699
1.5196
1.8004
1.60524
1.45679
1.43667
1.63479
1.51659
1.52362
1.68682
1.56716
1.5262
1.55337
1.36384
1.7002
1.52481
1.56927
1.55861
1.41566
1.44638
1.33999
1.45243
1.29708
1.53858
1.32017
1.46156
1.44665
1.4094
1.30448
1.41822
1.36933
1.49986
1.34182
1.36351
1.52567
1.28644
1.34986
1.32501
1.32856
1.30074
1.24413
1.22015
1.31972
1.16434
1.27612
1.21566
1.12597
1.28196
1.19039
1.06659
1.04338
1.05969
1.03952
0.947082
0.902435
0.873441
0.79128
0.744346
0.673915
0.74628
0.715273
0.578024
0.601198
0.622905
0.600386
0.684414
0.517767
0.562843
0.63328
0.548751
0.541118
0.525553
0.511323
0.601726
0.544152
0.526159
0.510962
0.585704
0.541837
0.512369
0.578769
0.546648
0.559225
0.526766
0.576269
0.55344
0.530868
0.546211
0.462755
0.461006
0.516337
0.497641
0.548167
0.538311
0.49538
0.468834
0.457538
0.488921
0.461443
0.442024
0.450541
0.538848
0.503566
0.532735
0.450791
0.518067
0.488363
0.543828
0.476423
0.458534
0.489008
0.504066
0.480172
0.477757
0.470668
0.442658
0.454142
0.438692
0.443159
0.530542
0.463414
0.486253
0.475017
0.467857
0.487696
0.412254
0.445038
0.444698
0.423622
0.486133
0.452704
0.452499
0.463676
0.436388
0.444073
0.460792
0.462197
0.482804
0.4031
0.408342
0.375092
0.37016
0.420052
0.442032
0.402616
0.4053
0.394172
0.395503
0.441016
0.395761
0.406185
0.351143
0.368809
0.379985
0.365471
0.384454
0.308947
0.419614
0.355342
0.368698
0.396875
0.37971
0.42894
0.360948
0.361946
0.395945
0.378081
0.384024
0.395393
0.422047
0.371432
0.381824
0.391158
0.413062
0.426746
0.431851
0.402348
0.473725
0.368451
0.410503
0.354091
0.337309
0.404805
0.398015
0.382588
0.467333
0.392417
0.398573
0.318367
0.339738
0.322446
0.326419
0.348258
0.336744
0.376064
0.339452
0.395532
0.372474
0.380068
0.327835
0.396577
0.372438
0.371703
0.380394
0.390779
0.461318
0.376468
0.438781
0.428199
0.435328
0.439386
0.425317
0.412243
0.405805
0.431189
0.42611
0.4542
0.469963
0.442285
0.430477
0.445392
0.455201
0.445879
0.458492
0.47327
0.455043
0.45204
0.458566
0.442181
0.460014
0.420433
0.448233
0.470431
0.487744
0.545858
0.508424
0.544691
0.483126
0.472297
0.488984
0.485893
0.466725
0.46562
0.442629
0.452811
0.445935
0.450071
0.443911
0.433178
0.419966
0.419617
0.409991
0.413323
0.41243
0.401637
0.387584
0.3893
0.409947
0.420066
0.413751
0.423977
0.403552
0.404696
0.396562
0.402779
0.350405
0.348601
0.368349
0.385701
0.366956
0.344714
0.370846
0.364577
0.430314
0.407575
0.408031
0.37684
0.415306
0.412638
0.385119
0.386085
0.405182
0.410924
0.430221
0.406058
0.405685
0.400372
0.400711
0.443576
0.43188
0.440716
0.430609
0.453861
0.42192
0.467849
0.513363
0.597356
0.569418
0.609101
0.604863
0.471971
0.406687
0.56461
0.423833
0.523791
0.500343
0.422955
0.436618
0.618189
0.647031
0.765458
0.675255
0.533428
0.76587
0.660151
0.545172
0.45639
0.403649
0.425837
0.36455
0.386002
0.452134
0.566862
0.455212
0.47334
0.463261
0.449299
0.448084
0.453532
0.457782
0.460087
0.471305
0.503973
0.50652
0.547774
0.47648
0.47262
0.496254
0.482438
0.47641
0.506627
0.447134
0.441955
0.486472
0.502018
0.466107
0.497986
0.482763
0.46248
0.474173
0.454023
0.439879
0.453327
0.451701
0.413641
0.405571
0.416829
