0.198481
0.225416
0.260267
0.238417
0.232661
0.245814
0.25213
0.298903
0.249847
0.278207
0.242326
0.239314
0.235474
0.2623
0.21414
0.297423
0.467988
0.345806
0.354882
0.346421
0.325657
0.52182
0.321348
0.281651
0.41878
0.261889
0.300795
0.338041
0.40702
0.438204
0.328524
0.344916
0.366067
0.405465
0.391035
0.470786
0.470034
0.516013
0.386312
0.508922
0.495377
0.421872
0.483548
0.421749
0.530915
0.44857
0.459323
0.435526
0.43951
0.49568
0.510257
0.465292
0.44986
0.687348
0.705921
0.584322
0.753633
0.725973
0.943011
0.891856
0.794348
0.836266
0.531833
0.712112
0.795981
0.784412
0.734924
0.981402
0.886642
0.949251
0.891867
0.833629
0.773077
0.845649
0.793502
0.815717
0.765258
0.640794
0.980505
0.748654
0.794188
0.977485
0.87551
0.798939
0.907648
0.959742
0.900017
0.956775
1.05703
1.19648
1.37239
1.10753
1.38173
1.29616
0.784625
1.01015
0.973818
1.16688
0.998593
0.925387
1.00226
1.09438
1.10951
1.15816
0.966003
1.2396
1.45965
1.05832
1.26818
1.15009
1.24379
1.0469
1.01346
1.07821
1.18844
1.22176
1.17936
1.31077
1.10208
1.38312
1.14705
1.21176
1.42173
1.38966
1.15053
1.422
1.31032
1.10175
1.21803
1.29909
1.43258
1.36823
1.25966
1.03982
1.20117
1.15575
1.44284
1.51879
1.41546
1.64384
1.11474
1.44026
1.48795
1.40669
1.74632
1.5484
1.54299
1.48814
1.38083
1.41781
1.65177
1.72137
1.65247
1.63813
1.66836
1.66794
1.34683
1.53272
1.57575
1.56739
1.58506
1.64365
1.48192
1.72457
1.82532
1.60027
1.82807
1.78761
1.66298
1.67263
1.7573
1.56546
1.52909
1.66733
1.80505
1.90186
1.89258
1.91385
1.78729
1.84721
2.04602
1.84232
1.90923
1.96447
1.93444
1.83329
2.00154
2.02012
1.97069
1.86402
1.65885
1.86617
1.89029
1.84251
2.03456
1.76708
1.81955
2.00402
1.97711
1.92107
2.01452
1.91527
1.94975
2.05971
1.97209
1.95293
2.06877
1.99612
2.03089
2.02017
1.99232
2.03009
2.06035
2.23599
2.04195
2.30479
2.17688
1.94802
2.13855
2.28929
2.08255
2.5294
2.20489
2.09026
2.15819
2.48376
2.16683
2.18036
2.04165
2.12419
2.08263
2.1534
2.01348
2.27477
2.07833
1.79472
1.87549
1.87296
2.08512
1.94083
2.02839
1.78675
1.66125
2.02567
2.20851
3.12585
3.39258
3.29756
