1.2496
0.953585
1.54434
1.86568
1.62402
1.8085
1.37888
1.97716
2.60117
2.24274
1.87493
2.50661
2.56214
2.40352
2.25634
2.58433
2.64773
3.08927
3.10105
2.5257
2.3152
2.59941
2.99239
3.02153
2.3889
2.55894
2.93211
3.82175
2.44276
2.46116
2.6148
2.82256
4.03291
4.00383
3.05781
3.13704
4.00711
2.38454
3.19481
3.01104
2.79754
4.53381
3.79977
3.2787
3.81529
3.09217
3.25905
3.63567
3.9206
3.42634
4.21174
3.62002
3.49076
4.31723
3.83049
3.94203
3.70187
2.61767
4.10792
3.33153
4.30714
3.27056
4.28244
3.72026
4.57927
4.50288
5.07149
5.6764
4.42588
5.40343
4.83584
5.24444
5.16095
4.35048
3.90494
5.02923
4.78336
5.14228
5.2901
6.02401
4.95614
6.22187
5.04878
6.49079
5.5193
5.16797
6.50095
5.68905
5.21436
6.17054
5.53884
5.47887
5.78526
6.31267
6.13361
5.64373
6.30036
5.71483
5.84556
5.83412
5.92171
6.07441
6.25489
5.848
6.60624
6.34546
5.63121
6.41455
6.50484
5.95473
6.94356
7.18235
6.77243
6.25961
6.58867
6.94474
7.04516
6.37948
7.66366
7.48431
7.27567
7.60497
7.95555
7.50564
8.12618
6.16198
8.02532
7.01451
7.12254
7.61539
7.57969
8.3904
7.4242
7.27285
7.92719
7.31387
7.75786
7.86807
7.42067
7.12883
8.67823
8.61917
8.1755
