1.65812
1.9168
2.21424
2.41821
2.11259
2.14188
2.08226
2.23735
2.37793
2.73863
2.04111
2.23152
1.98048
2.21085
1.87392
1.81726
1.70515
1.90366
1.88696
1.58713
1.80338
1.54912
1.57262
1.47105
1.34385
1.30356
1.6783
1.77142
2.08244
1.90192
1.71837
1.92298
1.79513
1.57485
1.68074
1.54358
1.42392
1.93654
1.75806
1.61149
1.93066
1.58265
1.73001
1.61466
1.46681
1.79235
1.62268
1.68198
1.48043
1.82028
1.82305
1.70267
1.57015
1.5216
1.94874
1.74745
1.60825
1.68288
1.57104
1.84237
1.90675
1.90932
1.74999
1.84279
1.87841
2.06553
1.37919
1.75893
1.57961
1.86742
1.58921
1.99947
1.87215
1.85993
1.66443
1.67923
1.56413
1.62292
1.58784
1.47702
1.76763
1.71327
2.04431
1.73126
1.46306
1.85857
1.75489
2.05198
1.81008
1.62809
2.03571
2.28778
2.10284
2.17633
2.16779
1.86061
1.95458
1.80954
2.02999
1.71609
2.26144
2.01273
2.13489
2.26865
1.97642
1.77304
1.69306
1.90646
1.66848
1.73259
1.78235
1.9169
1.7586
2.20731
2.25934
1.75607
2.00145
2.54907
1.70572
1.69111
2.06857
2.00254
1.84379
1.71791
1.99389
2.203
1.48658
2.00132
1.71687
1.85725
1.78249
1.99742
1.7521
1.73976
2.07844
1.56552
1.95203
1.53968
1.91297
1.4953
1.90446
1.7041
1.65897
1.79701
1.44264
1.91935
1.56688
1.63207
1.5114
1.68646
1.9423
1.48243
1.26967
1.7088
1.71379
1.51833
1.52397
1.74389
1.55903
1.54977
1.25094
1.47753
1.29888
1.46439
1.40308
1.33752
1.45027
1.55025
1.38358
1.46871
1.44421
1.34937
1.20583
1.42836
1.38045
1.31637
1.26828
1.26544
1.38134
1.41533
1.27426
1.23377
1.23721
1.21287
1.24223
1.14688
1.26718
1.21511
1.30831
1.32623
1.28611
1.20933
1.15477
1.06017
1.0538
1.07412
1.06444
1.06013
1.06424
1.03161
0.973622
0.989939
0.990865
0.957702
0.970928
0.920756
0.851012
0.879719
0.870395
0.880069
0.870896
0.865305
0.88524
0.850227
0.815089
0.801846
0.843446
0.832058
0.833729
0.828618
0.815009
