31.7015
63.7942
53.4498
72.2567
46.9387
42.0134
37.0667
38.6285
39.7287
34.6181
33.0336
30.5424
29.1807
27.593
27.9602
25.6582
26.5199
28.8079
30.2369
33.3909
34.2899
28.0935
25.6682
27.0173
33.9599
32.7805
36.4166
35.0676
40.4504
35.2413
36.2998
30.4863
28.7111
31.4671
42.6194
33.1253
35.0264
36.351
40.3347
34.6079
36.205
39.1521
28.9192
35.2331
35.1142
39.4468
36.1878
39.8183
34.222
35.4923
31.1287
29.4222
31.3111
28.3014
27.9841
32.1568
32.3582
32.7807
34.0021
34.6865
33.9943
32.8119
30.2313
33.5818
28.8551
32.5967
33.381
30.3404
29.2806
26.7543
23.9862
22.8531
24.6507
25.9974
24.669
25.9978
22.047
25.2143
21.4198
26.6256
22.3614
19.9077
19.2065
28.0698
26.2873
20.1535
25.5717
23.5577
21.9896
26.2078
20.6027
22.116
22.0585
19.9205
19.0161
15.8836
19.3754
20.2803
17.5437
15.3506
15.4106
13.9366
14.626
13.9391
14.0045
14.7292
11.7155
12.8321
12.6401
13.4429
14.1039
12.6186
11.3513
10.4063
11.6373
8.67758
9.83533
