0.641466
0.626663
0.644512
0.721388
0.736386
0.706102
0.723298
0.753097
0.92607
1.25799
1.65935
1.60995
2.26897
1.66956
3.58944
3.78313
4.38097
4.18685
4.20946
3.99657
3.58877
3.62298
2.60858
2.753
3.10269
2.56655
2.47527
2.17922
2.08115
2.06715
3.01011
1.87363
3.3463
3.58334
3.78508
3.81841
3.61159
3.181
2.90197
3.94522
3.30523
3.43908
2.65554
3.16942
3.0238
3.1407
2.83692
3.38151
2.7455
2.98101
3.53798
2.72043
3.31074
2.7048
3.22406
3.77345
3.71008
3.31885
3.85873
3.0428
3.51793
3.05914
3.61072
3.56957
2.74718
3.01657
3.08831
3.68356
3.24418
3.18419
3.51759
2.98224
2.79836
3.65827
3.36767
2.74765
2.71735
3.00053
3.98342
3.03413
3.13953
3.66973
2.04239
3.23389
2.78392
3.23455
2.56272
2.82844
2.85516
3.21739
4.10816
2.51315
2.8608
2.14762
2.89839
2.22415
2.45673
2.70335
2.29182
2.31021
2.66705
1.79435
1.56769
2.27746
1.71288
2.07517
1.83153
2.17616
2.0633
1.97071
1.59336
2.12965
2.08654
1.92466
2.07195
1.7313
1.57324
1.67195
1.47429
1.26303
1.32777
1.38371
1.52122
1.56943
1.17725
1.16579
1.23178
1.28927
1.23273
1.03259
1.07379
1.16632
1.17221
0.902748
0.8467
0.865675
0.791743
0.796317
0.746709
0.73283
0.745178
0.663793
0.610999
0.552174
0.542982
