2.64129
2.56349
2.50712
3.84786
3.53174
3.77396
5.0212
7.37996
7.64956
12.7348
15.4943
13.3417
11.6267
10.7234
14.6398
13.8452
13.1711
14.272
11.6783
12.1926
11.4582
12.1133
11.7871
11.2043
10.5221
13.2853
14.5245
13.931
12.4989
11.4642
11.6859
6.5353
9.31063
7.00167
12.0681
11.7582
12.2028
11.2559
13.1709
14.0235
12.7063
11.2925
12.1207
10.8184
11.3406
12.2577
10.6887
12.4754
13.9001
10.0727
9.3931
8.15361
9.31433
10.88
9.91079
12.0271
12.1361
11.978
12.6577
11.3083
10.8247
12.9141
11.0925
12.6655
12.7161
12.9642
12.0914
9.44292
10.2307
10.2585
8.92224
11.4078
12.3392
11.2263
10.4115
11.8143
10.3023
9.4509
10.8712
9.04811
12.405
8.94772
10.5003
9.92208
9.37353
11.4772
9.373
10.7909
13.33
9.07305
13.5148
14.6761
14.2874
11.7222
10.8852
9.94444
9.91486
10.5442
10.7496
9.98469
11.0849
7.94364
10.7652
24.3176
5.16835
3.71039
3.07875
2.89586
2.94938
2.68697
2.71326
2.84619
2.74344
2.79191
3.06822
22.291
9.73925
13.9675
11.1393
9.27969
8.81577
9.26975
9.33693
8.64345
8.43937
10.1945
10.4624
8.85023
7.88982
8.19712
8.22097
11.9237
9.43127
10.3602
9.7644
15.6772
3.84462
2.75706
2.64809
2.80074
3.36601
11.5783
17.7851
16.3987
15.4444
8.0453
4.94944
5.85112
4.78108
6.22367
15.8781
12.2041
8.93749
11.1589
5.60716
4.22892
10.3309
9.83154
8.54201
7.67919
7.99037
8.31941
7.45647
8.49406
9.54529
9.52659
8.17005
8.66871
7.45591
9.51111
7.82144
5.83048
7.49147
6.19267
8.08121
6.88777
6.9541
7.08711
6.95059
6.65251
6.15401
6.75574
5.97792
7.11794
6.75822
7.07944
7.72051
5.95388
5.31132
7.31051
6.48618
5.84949
7.70637
8.14053
8.28082
6.76428
6.85549
5.80342
4.72063
5.048
6.312
6.1551
6.81802
6.66047
6.29353
5.75803
5.9362
6.1346
6.54626
6.89707
5.67062
4.61729
6.79863
6.41269
5.10799
5.98983
7.01854
5.59311
6.43626
5.57104
5.56615
4.84345
5.15582
4.4684
6.51766
6.23133
5.51819
6.80846
6.61366
6.14954
5.52669
7.30675
6.5398
5.40649
5.57694
4.72497
5.15115
5.79375
5.36331
5.27612
5.11183
5.29929
5.12277
5.78809
4.1007
5.45025
4.86881
4.97192
4.75447
4.34878
5.08527
3.92211
4.62534
3.9548
4.56946
4.93194
4.0549
3.83918
4.85636
4.05613
4.85567
4.27692
3.58043
4.20543
3.97547
3.0221
3.92955
3.57031
3.4349
4.51658
3.9595
3.673
3.61166
3.3536
3.59086
3.47952
3.30694
3.54165
3.17179
3.69147
3.22316
2.74443
3.48782
2.97175
3.40703
2.97491
2.95934
2.9445
2.63537
3.32291
3.36731
3.40582
2.95306
2.9086
2.19362
3.68291
3.03806
3.1671
3.15946
2.65231
2.71981
2.81701
2.87409
3.41345
2.77924
3.40103
2.6825
2.37409
3.65412
2.53184
2.84307
2.68869
2.92054
2.7476
3.10614
2.88469
3.36436
2.59128
3.04934
2.55054
3.07856
2.82971
2.24693
2.64046
2.92029
2.7153
2.41151
2.71489
2.71986
2.64629
3.08138
2.31546
2.36335
2.22467
1.82139
2.13548
2.30593
2.23406
2.26755
1.83376
2.44666
1.97408
2.84651
2.52389
2.63915
2.07291
2.09025
2.38657
2.13586
1.83686
2.2425
2.34492
2.1977
2.27267
2.03809
1.75751
2.12
1.93075
1.9352
1.78158
2.03828
2.06158
1.48099
2.02606
2.07447
1.80157
1.92791
1.84413
1.99908
2.09835
1.84757
2.04628
1.87544
2.13153
2.07135
1.86092
1.67462
1.82626
1.86906
2.11432
1.39483
1.69592
1.77585
1.54744
1.65119
1.45178
1.50639
1.40628
1.39715
1.51982
1.65372
1.43529
1.69507
1.52488
1.47856
1.40546
1.65583
1.38811
1.33416
1.78246
1.19143
1.59087
1.37794
1.79122
1.5375
1.39456
1.58808
1.14961
1.52533
1.56935
1.46373
1.45615
1.2609
1.17427
1.35006
1.4289
1.31184
1.33468
1.33512
1.17408
1.75933
1.25985
1.33477
1.60222
1.33595
1.26161
1.41635
1.34243
1.46155
1.28117
1.48213
1.05258
1.36392
1.38199
1.25942
1.20364
1.45419
1.17094
1.17464
1.05944
1.14296
1.17838
1.07396
1.067
1.16609
1.22729
1.10073
1.30535
1.23901
1.17024
1.06015
1.27065
1.26641
1.20012
1.22734
1.31527
1.19953
1.0757
1.39849
1.08957
1.16881
1.09615
1.03857
1.1905
1.16356
1.23367
1.16455
1.3362
1.22747
1.1299
1.2335
1.1525
1.13501
1.17975
1.10422
1.12111
1.19752
1.15561
1.21762
1.20859
1.14736
1.27385
1.23967
1.1336
1.13901
1.11479
1.22482
1.23485
1.18686
1.10637
1.08104
1.0093
1.07577
1.03741
1.02861
1.1072
1.00593
1.02273
1.02149
0.952384
0.944745
0.91275
0.991257
0.99929
0.963985
1.00835
0.985271
0.982419
0.9149
0.930693
