0.846386
0.861237
1.31007
1.11763
1.51181
0.815398
1.41214
1.65475
1.645
1.73593
1.31281
2.05481
1.39079
1.55169
1.48762
1.35989
1.37389
1.40016
1.05305
1.08852
1.32268
1.26083
1.04895
1.06848
1.30738
1.17862
1.08675
1.19611
1.34341
1.3447
1.4036
0.969199
1.09683
1.26133
1.09328
1.1276
1.19935
1.33497
1.30731
1.30121
0.977654
1.29213
1.32596
1.24025
1.15828
1.10673
1.05837
1.20108
1.40538
1.24528
1.3961
1.35139
1.25871
1.19508
1.1602
1.1276
1.07496
1.33606
1.18652
1.23747
1.29588
1.28827
1.28257
1.17571
1.33987
1.37043
1.39144
1.19895
1.37511
1.31706
1.26941
0.971836
1.27537
1.18403
1.39665
1.34919
1.63408
1.44968
1.49058
1.23861
1.4155
1.21142
1.24773
1.23929
1.39664
1.26716
1.41686
1.48316
1.50083
1.41711
1.3772
1.38688
1.20303
1.21108
1.16847
1.51725
1.288
1.19598
1.37181
1.29243
1.06936
1.17017
1.16933
1.22163
1.20612
1.13389
1.08963
1.12098
1.21717
1.30447
1.07904
1.11667
1.1724
0.947367
1.48071
1.29047
1.13712
1.32897
1.1461
1.07398
1.39417
1.13223
1.13292
0.977483
1.06886
1.37121
1.19109
1.17643
1.1759
1.12715
1.00156
0.947523
1.1325
1.12806
1.1513
1.16337
0.800414
0.867571
1.16878
0.883202
1.14931
1.02463
0.740929
1.04722
0.815551
1.12339
0.924707
1.02508
0.789433
0.768361
0.762699
0.812858
1.1193
0.673203
0.701928
0.811674
0.559731
0.719139
0.703111
0.838111
0.636952
0.505548
0.546754
0.703408
0.626485
0.691695
0.575516
0.50879
0.714198
0.632458
0.555138
0.601495
0.700056
0.806917
0.618741
0.795395
1.06037
0.6177
0.65057
0.837086
1.1521
0.820086
0.594704
0.730741
1.13018
0.715595
0.689615
0.877969
0.708043
0.637479
0.591196
0.777829
0.619653
0.670828
0.737093
0.741041
0.577587
0.708651
0.722701
0.810557
0.617131
0.67556
0.674849
0.740295
0.779742
0.614662
0.595824
0.726986
0.633633
0.640371
0.553943
0.637369
0.615083
0.609574
0.630439
0.420573
0.597566
0.505703
0.723473
0.537161
0.471917
0.650188
0.631105
0.579768
0.553269
0.586425
0.493411
0.471479
0.413599
0.475806
0.4373
0.472353
0.438985
0.472258
0.477697
0.468138
0.395103
0.434385
0.476032
0.442962
0.510127
0.469013
0.520941
0.515523
0.443367
0.449839
0.454752
0.431192
0.45243
0.497298
0.562659
0.579659
0.647822
0.538499
0.474134
0.44863
0.473574
0.554598
0.535431
0.524636
0.456621
0.497029
0.547732
0.526432
0.47002
0.493951
0.463079
0.464705
0.452652
0.4354
0.467419
0.48141
0.497223
0.502617
0.503116
0.404686
0.462592
0.449274
0.439243
0.465209
0.515517
0.576338
0.698993
0.834681
0.888441
0.866264
0.905497
1.00419
1.03078
1.04271
1.17537
1.22226
1.23189
1.22089
1.28771
1.15985
0.866446
0.667825
0.63153
0.688852
