0.127814
0.114693
0.122393
0.138763
0.140374
0.228233
0.233812
0.376573
0.448144
0.471214
0.480153
0.373174
0.601341
0.562865
0.497455
0.28315
0.257508
0.271028
0.302856
0.31313
0.316087
0.227906
0.251548
0.249817
0.255736
0.279588
0.356611
0.284912
0.320221
0.354712
0.337813
0.374552
0.570182
0.419354
0.422372
0.371857
0.343663
0.279189
0.375901
0.337194
0.290461
0.401057
0.395212
0.437156
0.453783
0.430663
0.465648
0.428636
0.349424
0.370473
0.301982
0.254078
0.39286
0.528422
0.384296
0.376154
0.503923
0.411053
0.33079
0.570028
0.488264
0.427395
0.360647
0.372692
0.354831
0.339468
0.490075
0.346959
0.499565
0.366528
0.455697
0.283134
0.417686
0.413504
0.312944
0.456369
0.410688
0.432883
0.39142
0.50872
0.605679
0.387289
0.387981
0.384652
0.495137
0.481895
0.475699
0.345933
0.508324
0.52535
0.366227
0.464225
0.579866
0.484982
0.36142
0.550571
0.483701
0.477576
0.658068
0.463078
0.377468
0.543837
0.492078
0.425233
0.470038
0.552572
0.506844
0.492987
0.421544
0.445232
0.556439
0.608642
0.457647
0.348766
0.458885
0.445306
0.446833
0.441005
0.401207
0.420957
0.445664
0.373168
0.468387
0.463563
0.363105
0.397753
0.387581
0.319513
0.430521
0.423847
0.367523
0.381852
0.448001
0.361628
0.318524
0.513447
0.389523
0.402324
0.459116
0.474521
0.407032
0.385121
0.341472
0.318284
0.35463
0.316972
0.509144
0.311423
0.317444
0.314972
0.3282
0.414749
0.412341
0.366559
0.392979
0.437798
0.39459
0.421591
0.361888
0.376002
0.471993
0.380744
0.328718
0.367393
0.414226
0.355366
0.479493
0.389195
0.383434
0.360614
0.431606
0.389576
0.386865
0.485928
0.370323
0.470044
0.441876
0.422637
0.443942
0.353001
0.372388
0.484064
0.433526
0.459805
0.378109
0.351342
0.513945
0.419537
0.552301
0.514337
0.472661
0.396632
0.487095
0.510423
0.659621
0.461747
0.612192
0.631524
0.728725
0.684431
0.734106
0.737684
0.851679
0.78085
0.912006
0.86953
0.929834
0.947918
1.06464
0.952661
0.988104
0.96678
0.930145
0.895958
1.07223
0.965941
0.940563
1.00342
0.944042
1.06072
1.1641
0.847237
0.892994
0.942897
0.958258
1.13242
0.95243
0.875701
0.94336
1.02608
0.941202
0.842462
0.835697
0.97165
0.858334
0.919623
0.935021
0.949622
0.930019
0.89076
1.05733
0.989893
0.755925
0.999892
1.19619
1.14006
0.952913
1.06306
1.08206
1.02869
1.02871
0.983682
0.926391
1.0529
1.18531
1.07453
1.15784
1.16976
1.03337
1.0458
1.10641
0.958056
0.714193
0.740727
0.763025
0.780006
0.980869
0.998069
1.12561
1.03215
1.09445
1.18436
1.01065
0.904243
0.997163
1.0028
1.02152
0.93371
0.921256
0.974111
1.11119
0.982542
1.23761
1.40292
1.46391
1.68438
0.946927
