1.75835
1.77169
1.75958
1.8529
1.87594
1.81399
1.78943
1.84924
1.8296
1.85377
1.82472
1.7718
1.70085
1.75606
1.77705
1.78909
1.71555
1.78728
1.72595
1.67986
1.64859
1.69117
1.67989
1.6802
1.68217
1.64976
1.61374
1.66812
1.58126
1.75892
1.70202
1.62221
1.62998
1.72081
1.65109
1.64953
1.59168
1.58631
1.63328
1.58394
1.62082
1.57326
1.65457
1.67398
1.65625
1.5962
1.69263
1.62703
1.59209
1.61269
1.64989
1.75722
1.58576
1.69553
1.64054
1.8348
1.57869
1.60342
1.69062
1.47203
1.62302
1.67548
1.71218
1.75231
1.52185
1.76755
1.73188
1.81499
1.67345
1.84407
1.82042
1.81726
1.84902
1.76944
1.72265
1.76478
1.8898
1.80681
1.91218
1.99124
1.79786
1.92961
1.93602
1.9908
1.87956
2.04352
1.87472
1.72145
2.1833
2.20982
1.97945
1.85168
1.95209
2.07514
2.09648
2.05452
2.05852
2.23033
2.19765
2.12995
1.9307
1.95388
2.00311
2.15319
2.04432
2.03975
2.03542
1.89442
2.47607
2.02566
2.26537
2.30024
2.25726
2.51492
2.58175
2.51246
2.48824
2.69223
1.92055
2.54051
2.3504
2.37952
1.98216
2.16705
3.27472
2.80807
2.80541
2.30796
2.29391
2.24229
2.24738
2.14287
2.06963
2.40446
2.12535
2.64521
2.55057
2.8038
3.43323
2.21923
2.50698
2.26351
2.18664
2.44377
2.14511
1.86244
1.76573
1.66719
1.88703
1.71367
2.10594
1.68176
1.73871
1.77383
1.43043
1.87809
2.3579
2.28575
2.04486
1.94459
1.84033
1.91389
1.78895
1.70106
1.50167
1.67787
1.7839
1.58721
1.68893
2.33103
2.17623
2.36798
1.93127
2.41156
2.3954
2.66475
1.87583
1.82519
1.92511
2.13485
2.40528
1.88998
2.00114
2.41679
2.34287
2.27043
2.10763
1.89325
2.25356
2.22688
3.33564
2.27658
1.92338
2.0353
2.16754
3.48655
4.44253
2.51665
2.64564
2.31562
2.70072
2.78412
3.07826
2.36566
2.71237
2.49122
2.24754
2.31398
1.8507
1.97
1.79814
2.48423
1.61835
1.7328
1.94213
1.83426
1.66788
1.46227
1.85402
1.89749
2.16323
2.663
1.79484
1.62993
1.81671
1.79106
1.43837
1.71542
1.5915
1.60203
1.42014
1.54449
1.60149
1.41051
1.22962
1.46294
1.29433
1.48805
1.7468
1.23802
1.42327
1.47741
1.98867
1.94514
1.26978
1.49984
1.86093
1.44887
1.16749
1.21629
1.88905
2.62545
2.12649
1.23984
1.65382
2.48764
2.77006
1.85545
2.38666
2.48405
1.63519
1.78007
2.04385
1.54824
1.62271
1.91077
2.26022
1.89933
1.74189
1.41016
1.95751
2.25907
2.26246
1.46988
1.36898
2.59545
2.10603
2.62136
1.30989
1.2885
1.41656
2.32328
2.09358
1.77162
2.43963
2.62618
3.57004
2.0785
1.89181
2.27634
2.20416
3.10142
1.54198
3.48368
2.6633
1.84432
3.39946
2.47168
2.45688
3.24319
