0.208741
0.148162
0.157286
0.200456
0.224661
0.198802
0.151434
0.164938
0.260018
0.245356
0.21839
0.121601
0.119719
0.132042
0.125271
0.137887
0.132876
0.154455
0.156401
0.182656
0.146186
0.0982698
0.0926207
0.0878764
0.099783
0.108194
0.0991586
0.119938
0.103989
0.128481
0.101082
0.0957704
0.100889
0.128538
0.117267
0.11118
0.10382
0.110389
0.0932585
0.100966
0.119817
0.116332
0.120887
0.121271
0.113798
0.117264
0.11826
0.111415
0.0940783
0.0962304
0.103124
0.112709
0.115462
0.146276
0.128051
0.119906
0.105488
0.120681
0.107622
0.122055
0.131286
0.143031
0.120703
0.122577
0.124361
0.124044
0.131654
0.180143
0.113181
0.145731
0.113497
0.127716
0.132148
0.107548
0.111534
0.108572
0.126371
0.16823
0.139554
0.136823
0.14243
0.134817
0.133454
0.156082
0.170797
0.114147
0.153128
0.155075
0.123644
0.153593
0.147386
0.112316
0.132945
0.151288
0.130367
0.125041
0.121579
0.168911
0.150331
0.136215
0.135274
0.141223
0.150787
0.142717
0.153663
0.198956
0.13908
0.201504
0.183404
0.213726
0.214868
0.195076
0.137122
0.202887
0.151113
0.216122
0.145804
0.182016
0.215958
0.211246
0.139627
0.174876
0.156376
0.152552
0.168388
0.150901
0.134759
0.168558
0.155852
0.161941
0.126636
0.181626
0.185037
0.139227
0.158526
0.18023
0.176698
0.150039
0.146185
0.163339
0.169689
0.187009
0.129175
0.165429
0.140934
0.17552
0.206668
0.188667
0.206981
0.199728
0.194361
0.192693
0.217314
0.220901
0.228592
0.202484
0.231194
0.188759
0.213443
0.161641
0.20861
0.214488
0.292057
0.216258
0.238154
0.22311
0.209441
0.186917
0.202827
0.227296
0.232798
0.206012
0.236983
0.265412
0.228714
0.25087
0.241899
0.300069
0.250159
0.254934
0.272516
0.249391
0.303211
0.314275
0.258984
0.317359
0.391785
0.310936
0.302621
0.375359
0.414084
0.376157
0.337413
0.438067
0.498897
0.488069
0.567344
0.549682
0.6386
0.535574
0.668545
0.712892
0.761221
0.815989
0.839
0.876399
0.962874
0.877421
0.943755
0.908539
1.02107
1.01636
0.996627
0.947064
1.04258
0.998939
1.02628
1.08348
0.968903
1.15362
1.13449
1.10764
1.12355
1.04436
1.23399
1.01885
1.13149
1.09307
1.07631
1.21232
1.06773
1.16744
1.17671
1.20958
1.24345
1.14286
1.05405
1.1493
1.23232
1.17854
1.12025
1.22891
1.20856
1.20065
1.09906
1.03808
1.17526
1.17185
1.20277
1.55302
1.41695
1.34194
1.32652
1.32671
1.49638
1.58938
1.31953
1.4272
1.48938
1.49255
1.47228
1.37747
1.55541
1.63849
1.50201
1.4546
1.6283
1.46614
1.51836
1.51707
1.45557
1.21959
1.43488
1.42261
1.42588
