9.875570
11.307400
10.166800
10.383000
8.980150
10.161600
9.415210
9.037510
8.397580
8.468230
8.717050
7.105000
10.379100
8.408660
9.042500
9.120470
7.743970
7.579910
8.513850
4.631850
5.646950
5.409680
5.222090
6.312870
4.900200
5.970460
5.793070
7.781180
7.498930
6.742900
8.674450
7.232500
7.834960
6.569530
6.965280
6.433270
7.513160
8.848690
6.474440
6.223310
6.864500
7.268560
7.458750
5.982530
6.149420
6.516660
6.928840
6.678190
6.130640
7.677790
6.498370
6.616570
7.303730
6.559200
6.425430
6.166780
7.052320
6.434440
6.666280
6.446590
6.181490
6.223850
6.282760
6.210270
6.419640
6.116290
4.806230
6.571340
6.342170
6.650950
6.787470
5.729320
6.974140
7.418170
7.176200
6.990720
7.277020
6.778160
7.404160
6.798030
7.434730
5.499580
7.802210
6.483330
7.245860
6.109610
7.151180
7.246240
6.492310
6.979300
7.492720
8.069380
8.401810
8.483820
7.543430
6.268550
7.119740
7.590090
8.055430
7.743370
7.632050
7.193160
7.826810
8.341190
7.573250
8.235460
8.314150
9.442660
8.774760
7.147510
6.992570
7.103650
7.811280
7.315160
6.950170
7.793610
7.230360
7.266920
8.817640
8.393370
8.227320
7.042780
6.426410
7.810310
8.445250
8.155650
8.937960
7.089620
8.004620
7.671390
6.984570
6.734590
7.329510
7.083390
6.372110
8.600830
8.854150
7.893860
6.143380
7.401150
8.054560
7.571340
6.710880
8.639190
9.384370
7.279580
6.678430
7.570430
6.908210
6.208400
6.199880
7.107390
5.561180
6.664370
6.678870
7.043820
6.056700
6.923670
6.678840
6.153960
6.364380
6.403940
7.248550
6.515930
6.410120
6.504790
5.090430
6.343760
5.467790
6.290680
