4.48704
6.44841
5.10482
6.21989
10.1199
9.61891
9.99171
7.0385
14.923
10.9308
14.7778
14.005
10.5953
10.0906
6.53626
5.92189
5.9588
4.72194
5.89078
5.0949
4.59818
5.97706
5.98791
4.68146
4.35195
5.09751
7.10835
8.71052
6.66945
5.9919
6.88162
8.74374
6.93698
6.71145
6.53533
6.73997
6.38827
5.90078
6.27902
7.67278
6.72571
5.82059
5.93877
6.86985
5.41522
7.10484
5.81632
6.08296
5.99168
5.94755
5.80854
6.06776
5.40399
5.89405
6.19044
6.60356
5.40183
7.27726
6.14376
6.28159
6.05256
6.21674
6.03772
5.52041
6.00106
5.60219
5.17259
5.50152
5.27258
5.41653
5.89679
5.82009
7.48738
7.27995
5.76656
8.92136
5.19791
6.66896
6.81295
7.36842
5.61392
5.87325
6.56475
5.24155
6.15956
4.83251
6.5472
5.98001
4.97128
5.64808
5.53477
4.98936
5.46202
5.89128
7.91608
6.66787
5.64235
4.97982
5.87651
7.38093
6.01014
5.97627
6.60348
5.82689
5.23095
5.68939
5.56424
5.72461
5.36915
6.28146
6.05476
6.00239
6.78284
5.7844
7.07391
6.23076
5.95125
5.1425
6.77695
6.01533
5.32861
7.14955
5.60125
6.10772
6.67883
6.66642
6.51027
6.42611
6.41847
7.19695
5.23708
5.44418
5.48092
6.01164
5.83764
6.2023
5.54987
6.30826
5.03089
5.82525
5.19979
4.83284
5.45485
4.91977
4.41092
4.84409
5.03097
4.4763
4.85345
4.73432
5.31852
5.24053
5.67984
5.81428
5.51726
5.5961
5.89259
5.4729
5.54773
5.31559
4.42008
5.92421
5.70743
4.61499
5.1212
4.95448
5.2257
5.38268
4.80944
5.09559
5.3168
5.54027
6.05218
5.33401
4.81067
4.68828
5.66247
5.19594
4.84644
4.10146
5.17469
4.86096
4.80007
3.57015
4.10364
4.29042
4.49621
4.96918
4.06947
4.58433
5.34625
5.4684
4.83855
4.69439
4.84037
4.72517
5.04652
5.17102
4.75483
4.92283
4.76316
6.35034
4.73446
4.70813
4.80117
4.59045
3.43037
4.86769
4.26652
4.59
4.29304
3.41858
3.16986
3.48935
4.23073
3.4876
3.44925
3.10425
3.93548
3.92967
3.91065
3.45559
3.35558
3.04833
3.0824
5.42302
4.38748
4.73115
4.79972
4.40858
3.33346
3.82923
4.53259
2.45398
2.93543
3.50153
3.96541
3.71224
4.26485
4.20835
4.86475
3.78862
2.92608
2.95479
3.38785
3.43949
2.94673
2.99381
2.99906
2.97776
3.22403
3.31835
3.33055
2.66417
3.60852
3.66395
4.58514
3.39158
3.5154
3.90526
2.20241
3.23797
3.12574
2.73944
2.64995
3.53652
2.80054
2.81948
3.37112
2.0146
1.76331
1.96216
2.07508
2.29808
2.47829
3.34345
2.80454
2.5303
3.17691
2.84058
3.38987
3.1692
2.81715
3.20531
3.71673
2.65638
2.49674
2.68095
2.33489
2.26186
2.5722
2.59807
2.09757
1.86706
2.10292
2.33147
2.10987
2.4215
2.33886
2.02202
2.42762
2.16541
2.3042
2.35798
2.3597
2.54187
2.30572
2.78322
2.12816
2.29474
1.72587
1.48643
1.48382
2.43647
1.93039
2.2859
2.02477
1.81392
2.07595
2.66062
2.19335
1.7164
1.9894
2.2252
2.22535
2.08963
2.07224
2.17324
1.7242
1.78455
1.82845
1.67653
1.97042
2.34654
2.01293
1.98481
2.09843
1.86693
1.74343
2.05382
1.9289
2.03451
1.72101
1.60583
1.87518
1.7497
1.5259
1.6479
1.79138
1.90178
1.43173
2.00714
1.84808
1.5983
1.44528
1.38629
1.35615
1.25964
1.49527
1.19075
1.11165
1.15369
1.60217
1.60892
1.48011
1.47438
1.51149
1.11815
1.02952
1.21866
1.15931
1.08014
1.3235
1.20848
1.3483
1.23229
1.05214
1.45023
1.11181
1.063
0.948923
1.11208
1.43482
1.42342
1.15461
1.18956
1.06948
1.10453
1.11507
1.29051
1.08086
1.38902
1.29386
1.16667
1.46322
1.31099
1.28771
1.22292
1.18833
1.14252
1.12116
1.12772
1.15064
1.36007
1.35955
1.30393
1.1653
1.14203
1.095
1.08712
1.12918
1.01666
1.05049
1.32218
1.09079
0.998306
1.17557
1.22089
1.04555
1.15126
0.857365
0.89448
0.861485
1.02496
0.949142
0.886006
1.09334
1.0432
1.29301
1.30379
1.00801
1.11873
1.18551
1.03711
1.14906
1.16728
1.12967
1.06033
1.09731
1.03683
1.00746
0.817298
1.09309
1.20493
1.12958
1.19657
1.04647
1.00651
0.990896
0.964112
0.806666
1.22567
1.1923
1.25163
1.08217
1.17229
0.953836
1.12721
1.08939
0.870002
0.958156
1.0035
1.0046
0.933542
0.831452
0.977827
1.17489
1.10302
1.12314
1.11174
1.02299
0.86023
0.820784
0.854227
0.811386
0.875926
0.910049
0.895158
1.11841
1.08695
1.15342
1.11282
1.16073
1.08382
1.18109
1.20031
1.04905
1.27763
0.976622
0.987806
1.14226
1.0007
0.997104
0.906577
0.901683
0.848108
1.03672
0.889591
0.893033
1.17306
0.978418
0.926299
0.906919
0.874642
0.809179
0.790553
0.833404
0.967212
1.13471
1.07975
1.02952
1.06086
1.11589
1.15635
1.18208
1.09687
1.10816
0.947993
0.868367
1.04601
1.04608
1.04631
1.03809
0.905175
0.912431
0.898432
0.911396
0.947118
0.939511
1.15641
1.01044
0.845385
0.854499
0.96441
0.819127
0.925213
0.800418
0.726681
0.787133
0.82303
0.831982
0.827131
0.841294
0.799372
0.801545
0.74872
0.845368
0.906148
