0.692064
0.791599
1.47136
2.37213
2.45541
2.11854
2.23295
2.10026
2.4819
2.52336
2.24017
2.24412
2.26945
2.48056
2.27116
2.01541
1.90851
2.1226
0.512245
0.548064
0.618711
0.707643
0.867522
0.771805
0.928527
1.06649
0.630687
0.749497
0.541896
0.411733
0.482371
0.364244
0.418133
0.476613
0.603603
0.619763
0.76741
0.775215
0.875765
1.09088
0.747713
0.84188
0.852034
0.815027
0.610058
0.638341
0.596553
0.574795
0.557255
0.605654
0.577761
0.527093
0.713544
0.520267
0.532366
0.781154
0.515113
0.819901
0.96883
0.859404
0.60397
0.626094
0.920562
0.490051
0.575666
0.594397
0.674263
0.676192
0.794356
0.464262
0.377436
0.525144
0.749595
0.509861
0.569159
0.563875
0.735494
0.948562
1.3037
0.631609
0.872352
0.927493
0.934032
0.465726
0.760083
0.731169
0.587716
0.785377
0.762432
1.01915
0.693591
0.655026
0.885858
1.45684
0.67144
1.4685
0.951141
0.76879
0.598158
1.10775
1.08021
1.48383
1.06908
0.886688
1.45488
0.576554
0.971552
1.36166
1.45275
1.79807
1.04811
0.977015
0.799897
0.737787
0.897266
0.836108
0.727693
0.588228
0.433495
0.805813
0.458747
0.724076
0.740427
1.25034
0.765848
0.582284
0.830049
0.95215
0.734215
0.615601
0.714721
0.910994
0.997777
0.908758
0.864039
0.689672
0.599349
0.547207
0.597218
0.632957
1.11985
0.79859
0.858019
1.10254
0.710402
0.84489
0.700551
1.05187
0.564219
0.671223
0.513791
0.434848
0.700043
0.901079
0.656116
0.841734
0.827269
0.976397
0.89224
0.688937
0.638067
0.934756
0.763696
0.521479
0.667787
0.761344
0.630686
1.05864
0.563347
0.778447
1.29671
1.28034
0.995909
0.728934
0.742035
0.794482
0.961745
0.760983
0.474802
0.747811
0.675568
0.458197
0.265972
0.467986
0.459671
0.540437
0.462346
0.760724
0.654205
0.652154
0.449307
1.07413
1.26106
0.650176
0.656777
0.49289
0.803246
0.830857
0.80237
0.412143
0.665018
0.641761
0.575992
0.376676
0.801148
0.809991
0.506731
0.50443
0.545163
0.395208
0.388212
0.605234
0.432039
0.519706
0.483701
0.579892
0.516105
0.826342
0.560739
0.504151
0.562098
0.446058
0.399508
0.450439
1.19456
0.90232
0.825633
0.522793
0.341346
0.376785
0.410979
0.644583
0.561457
0.664387
1.09991
0.763509
0.701182
0.573772
0.839991
0.788769
0.660725
0.620861
0.895534
0.855227
0.890165
0.388011
0.371047
0.38886
0.43279
0.539222
0.525204
0.597236
0.444976
0.305825
0.476166
0.350039
0.284969
0.373201
0.641552
0.688439
0.662817
0.43957
0.35847
0.396368
0.369588
0.427935
0.402381
0.439484
0.349354
0.741967
0.580757
0.703396
0.706466
0.382325
0.31011
0.323882
0.578152
0.663487
0.699166
0.647875
0.836044
0.756595
0.631682
0.65562
0.716963
0.62671
0.569828
0.356028
0.414293
0.402812
0.692741
0.544101
0.557247
0.521363
0.319303
0.42023
0.522654
0.606033
0.542338
0.731379
0.666364
0.923418
0.766644
0.706534
0.581428
0.774956
0.874695
0.580553
0.463861
0.67196
0.5676
0.629184
0.549286
0.515947
0.580523
0.517186
0.51565
0.568555
0.620774
0.668609
0.521508
0.620612
0.476127
0.513078
0.535532
0.536936
0.656312
0.62435
0.581899
0.625757
0.582244
0.533268
0.599422
0.683537
0.617738
0.688457
0.595571
0.588218
0.437451
0.407458
0.555601
0.445325
0.429085
0.53778
0.408856
0.521787
0.591845
0.523634
0.515224
0.455674
0.527199
0.650119
0.477856
0.49735
0.59808
0.478421
0.525111
0.505082
0.457714
0.484504
0.561458
0.415317
0.542984
0.457478
0.441941
0.433686
0.494077
0.560591
0.572407
0.524102
0.511371
0.510683
0.424423
0.429436
0.439966
0.386912
0.38701
0.423028
0.452932
0.408046
0.453528
0.446069
0.415519
0.390173
0.386463
0.358003
0.421554
0.433321
0.439735
0.371664
0.452111
0.417936
0.33029
0.465962
0.365379
0.403095
0.457941
0.445672
0.529476
0.371209
0.339069
0.380629
0.456759
0.35527
0.455224
0.40224
0.359982
0.358556
0.321062
0.375472
0.328768
0.377575
0.461416
0.385795
0.473122
0.473297
0.461896
0.454321
0.358295
0.342204
0.433254
0.362725
0.337514
0.434537
0.341854
0.307559
0.403103
0.315548
0.361201
0.47553
0.295445
0.500588
0.540383
0.376655
0.295509
0.386471
0.333953
0.261103
0.198922
0.206962
0.205024
0.437443
0.414747
0.349874
0.377757
0.498925
0.463353
0.346959
0.222346
0.316988
0.256574
0.351836
0.408814
0.3197
0.308395
0.425473
0.372886
0.205436
0.237905
0.246622
0.298497
0.350717
0.361691
0.38221
0.324196
0.246572
0.371526
0.379356
0.323857
0.348331
0.389142
0.362928
0.262846
0.267769
0.278292
0.286332
0.276793
0.405384
0.248616
0.198214
0.299115
0.252857
0.266303
0.27388
0.189251
0.270471
0.239476
0.213197
0.189755
0.211782
0.242706
0.210846
0.230139
0.224701
0.234542
0.255105
0.292736
0.244723
0.327568
0.279906
0.258941
0.211762
0.188649
0.200726
0.287197
0.25792
0.239437
0.291259
0.323578
0.264155
0.284096
0.22359
0.250496
0.247831
0.329265
0.294746
0.213583
0.257893
0.142941
0.206984
0.241024
0.222853
0.193431
0.16757
0.198395
0.210506
0.263855
0.327273
0.270389
0.22681
0.258918
0.253309
0.249115
0.210647
0.278016
0.239263
0.257733
0.244156
0.260184
0.230662
0.246123
0.273833
0.256933
0.277017
0.279432
0.225539
0.178422
0.234907
0.266756
0.281964
0.249884
0.271855
0.315903
0.292564
0.287174
0.331388
0.322014
0.260934
0.270796
0.255063
0.257674
0.268588
0.221169
0.231778
0.231849
0.257997
0.272972
0.21559
0.276758
0.260986
0.206836
0.211339
0.231008
0.2109
0.249117
