4.489080
5.104130
4.815660
5.647790
4.940680
4.395040
5.052950
5.145390
6.924550
6.315300
5.809550
7.274400
11.630500
11.193400
5.862700
8.083330
9.563730
7.832720
5.997440
6.089190
9.776970
6.815760
8.194500
9.149510
7.351110
5.481690
7.935010
8.395080
8.947870
7.093590
6.683730
7.361230
8.201000
8.762910
12.713900
8.021150
7.031600
8.028130
7.588170
8.400450
7.165390
8.635900
8.355680
5.115790
7.062190
8.511200
11.082800
8.930810
7.602740
9.964290
4.601000
7.422560
8.623820
6.697450
7.237070
8.010660
10.561100
7.665930
6.646470
7.458700
7.009090
8.307010
7.578430
8.186430
6.879370
4.189400
5.488070
11.640700
7.449750
3.004190
11.369800
9.575830
3.340410
6.695170
5.773070
6.249010
3.665450
7.580450
4.811760
3.768240
4.755330
3.771390
4.594020
6.507290
8.133460
4.227800
3.395000
2.996130
5.972830
2.971430
4.260730
4.204340
3.447600
3.340360
3.949050
5.543600
3.323040
3.542080
8.155320
3.349550
3.348230
4.444590
3.354800
3.728180
3.835820
