1.15845
1.78297
1.86246
2.28831
1.96249
1.79316
1.85625
2.20838
2.53888
4.20264
1.11404
1.58155
1.32479
3.91978
1.54853
2.64823
2.87425
1.73337
2.52817
2.27405
2.06001
2.4686
2.30956
2.14135
1.88495
2.95247
2.64682
2.39286
2.91131
2.8671
1.90923
1.60506
2.25699
3.15196
3.65317
2.3638
2.29712
1.65629
3.07866
2.3038
1.84954
2.04551
1.88478
2.2412
2.09076
2.51826
2.41306
2.72918
2.68351
3.46063
2.65043
2.37561
1.88014
2.35752
2.21328
2.07844
2.55672
3.00511
2.64079
2.26248
2.12599
2.45433
2.04223
2.40025
2.90487
3.02004
3.13958
3.05581
1.92121
2.80418
2.77137
3.37479
2.56474
3.09209
3.31269
1.78485
1.85346
2.24792
2.58577
2.25705
1.97867
3.59435
3.21199
2.37403
2.86371
3.16717
2.51123
2.63649
2.29111
1.86591
2.23874
2.52691
1.96182
1.81435
1.89246
2.22717
1.94166
2.17196
2.49091
1.80451
1.97598
2.29444
2.04851
2.13802
1.75689
2.11792
1.95817
1.96315
2.26927
2.29411
2.05947
1.56076
1.85627
1.92272
1.71129
2.43327
2.94116
1.84892
1.44294
1.29704
1.51948
1.39197
1.16986
1.45518
1.57284
1.8533
1.99502
1.80433
0.91535
0.964526
0.96888
0.756965
