0.125436
0.145769
0.133659
0.146668
0.13567
0.16698
0.175961
0.22213
0.271985
0.273722
0.269456
0.272466
0.389059
0.332525
0.368388
0.350548
0.436274
0.365949
0.478536
0.482584
0.507389
0.510332
0.490593
0.535514
0.581577
0.481586
0.570007
0.622589
0.613118
0.653352
0.584656
0.709403
0.727349
0.61318
0.729578
0.676261
0.687527
0.745599
0.730328
0.692738
0.802518
0.847487
0.736547
0.821972
0.820084
0.826915
1.00821
0.810766
0.91534
0.914324
0.919705
0.870836
0.890576
0.80907
0.852558
0.967456
0.962341
1.45448
2.51167
3.84608
4.4918
3.82135
3.25066
2.50086
1.91889
1.46793
1.22414
1.43767
2.38319
2.82523
2.97877
2.87232
2.79822
2.59205
2.52072
1.70358
1.51111
1.33421
1.22708
1.21993
1.08858
1.24535
1.23635
1.23005
1.32642
1.30327
1.34129
1.28975
1.31286
1.26453
1.49738
1.20872
1.20389
1.39241
1.32419
1.29556
1.46849
1.46146
1.37108
1.46974
1.48555
1.55097
1.47203
1.40806
1.51296
1.45338
1.40797
1.61874
1.49402
1.63968
1.47733
1.52896
1.64586
1.60549
1.63347
1.4805
1.74185
1.78941
1.74002
1.69922
1.79052
1.85197
1.73649
2.03626
1.90599
1.92443
2.07662
1.98781
1.98205
1.76842
1.93861
