-5.0840
-4.2150
-6.1070
-9.6650
-10.5310
-9.7660
-8.3490
-4.8170
-3.2900
-4.7880
-4.3120
-3.7600
-5.5530
-7.4440
-7.3410
-7.3790
-9.0540
-9.2830
-5.7900
-4.8110
-7.9540
-9.6630
-9.2140
-9.9930
-11.3320
-9.5440
-7.0590
-6.3730
-5.0120
-5.7360
-8.1660
-9.7170
-9.5460
-6.9960
-6.4100
-5.7260
-4.6360
-3.1430
-1.6020
0.1630
2.8190
3.6840
3.8200
6.6900
7.7540
5.2710
2.2620
3.5780
5.6910
4.8090
4.5620
4.7590
5.9320
7.2580
7.2450
7.1990
7.0060
3.8910
-0.3270
-2.0800
-3.8460
-4.6640
-0.6580
2.9320
2.9690
4.1070
5.7040
5.8660
5.8310
4.6510
2.4450
2.6300
4.0350
4.6210
4.5367
4.4525
4.3682
4.2839
4.1997
4.1154
4.0311
3.9469
3.8626
3.7783
3.6941
3.6098
3.5256
3.4413
3.3570
3.2728
3.1885
3.1042
3.0200
2.9357
2.8514
2.7672
2.6829
2.5986
2.5144
2.4301
2.3458
2.2616
2.1773
2.0930
2.0088
1.9245
1.8402
1.7560
1.6717
1.5874
1.5032
1.4189
1.3347
1.2504
1.1661
1.0819
0.9976
0.9133
0.8291
0.7448
0.6605
0.5763
0.4920
-2.9210
-4.6010
-0.1650
3.5450
2.7310
1.2690
1.2230
2.8980
4.7320
5.5640
5.3940
4.6180
4.4210
4.4220
2.5810
0.4290
0.3040
1.1530
1.0510
0.6850
0.1450
1.0770
4.5710
5.5000
5.6940
5.4010
5.7990
7.7960
8.0280
6.8940
4.4860
2.4110
1.7500
1.3750
3.0290
2.6170
1.8610
3.8990
3.4420
3.4810
2.4620
-0.2560
0.5020
2.3700
3.0030
2.0870
1.2340
0.9240
1.6400
2.7510
2.5540
2.5080
2.6630
1.3110
1.3610
2.5300
2.4470
3.5250
6.0020
5.8540
3.7260
2.7470
2.5440
4.4080
5.6380
3.6460
2.4500
1.2480
0.7050
2.9020
2.1180
0.9790
2.8410
3.8430
3.7170
1.5640
2.3690
6.5460
7.0770
6.0930
5.3230
5.9230
7.0360
7.4910
6.8970
6.4470
6.7100
6.1730
5.4100
5.7950
6.8490
7.0400
5.5310
3.5070
3.4480
4.2640
4.5400
5.1710
4.6070
3.3750
3.1570
2.9260
-0.1320
-2.3280
1.6900
3.8520
1.2830
-0.4950
0.1110
2.0830
3.6600
3.8360
2.0040
0.0610
0.7830
3.0640
4.4390
5.2910
4.7590
1.9220
0.9500
2.6810
2.5360
0.9450
1.5260
3.5770
3.6100
2.8700
2.5950
2.3630
3.7820
4.0270
2.5130
2.6630
2.1990
2.0680
3.6800
3.2000
3.3120
3.9220
1.7920
-1.0320
-1.6460
-0.2390
0.9970
2.9220
4.8770
5.6030
5.0950
5.8260
7.6550
6.8980
3.3480
1.1350
1.5430
1.9970
2.8870
2.8240
1.4180
2.6810
5.7750
7.3870
6.4820
3.3620
2.5850
4.6080
6.0940
6.8710
6.4310
6.6980
8.1410
7.5760
6.3360
5.6930
5.9670
6.7080
7.0370
7.8150
8.9410
8.8490
7.8400
7.3600
5.6250
4.2810
5.2670
5.3660
6.3660
8.7130
9.8740
10.0040
9.4680
9.5690
10.6020
10.9600
10.7680
10.5620
9.7980
8.5490
8.3850
8.7000
8.9400
9.3930
9.5030
9.8220
10.2650
10.8160
10.6850
10.2650
10.0800
9.8890
9.5530
10.1800
10.3730
9.8380
10.0930
9.9830
9.7830
10.2980
10.8840
11.5530
12.4290
12.0980
11.8470
11.5640
10.4330
9.8930
9.9610
10.1520
10.3170
10.2080
9.8060
9.5130
9.3770
9.5590
9.8440
10.1560
10.4740
10.6650
11.2670
11.7590
11.6080
11.5140
11.1770
10.7160
10.5480
10.4840
11.1240
11.7640
12.4040
13.0440
13.6840
13.9650
13.8810
13.2670
12.5870
12.8130
13.3350
12.9630
11.7410
10.5260
9.9280
9.8440
9.7970
9.8493
9.9017
9.9540
9.3760
7.2520
4.5710
3.1910
2.1630
0.9150
0.1750
-0.5140
-1.6760
-2.9030
-3.4780
-3.3060
-3.0290
-2.7000
-2.9730
-3.0610
-2.2540
-2.1260
-2.7050
-3.0670
-2.9080
-2.4060
-2.1770
-2.4770
-2.9750
-3.2630
-3.3740
-3.4130
-2.4060
-1.1430
-0.7170
