-20.2570
-20.5520
-21.9590
-22.2330
-22.9900
-23.9760
-24.0350
-24.1420
-25.4420
-26.4390
-27.8048
-29.1706
-30.5364
-31.9022
-33.2680
-33.0440
-32.7680
-32.8680
-32.9290
-32.8300
-32.3960
-31.5390
-31.5650
-31.6120
-31.5020
-31.2760
-30.8350
-30.6060
-30.6990
-30.7310
-30.6040
-30.8740
-31.2610
-31.1680
-30.7940
-30.9710
-30.6520
-29.8780
-29.6180
-28.3510
-27.8340
-28.2370
-27.3150
-26.6250
-26.1570
-25.3390
-25.8070
-26.4150
-26.0060
-26.0940
-26.3450
-26.1470
-26.1370
-27.0840
-28.2020
-27.5340
-26.8840
-25.9200
-24.1350
-24.3570
-25.0850
-25.3650
-25.2900
-24.9940
-25.2590
-25.1800
-25.4430
-26.1180
-25.6380
-25.1740
-25.2420
-25.9470
-25.7470
-23.8890
-24.2680
-23.9020
-21.7260
-19.6870
-17.6860
-18.7600
-19.5480
-18.8770
-17.2300
-15.8020
-16.5120
-18.0010
-18.7130
-18.2250
-19.3650
-20.7200
-20.8970
-20.6370
-20.5990
-20.9190
-20.9260
-20.4740
-20.4500
-21.6160
-22.2390
-21.5810
-22.1240
-23.4250
-23.6060
-24.1020
-22.8130
-20.6220
-19.3640
-18.4530
-17.6170
-16.4150
-16.7430
-17.8880
-18.5430
-18.2060
-18.7690
-20.3530
-21.4500
-22.3040
-22.0820
-21.2690
-21.0820
-21.2800
-20.8490
-19.8410
-20.7860
-22.3110
-22.2930
-21.6330
-21.5590
-21.4420
-20.2040
-19.4480
-19.6540
-19.7450
-20.3980
-20.6980
-20.4670
-20.7850
-20.4240
-20.5710
-21.2420
-21.4990
-21.0350
-20.8860
-20.8200
-21.0430
-21.3410
-20.9830
-20.7030
-20.6300
-21.0030
-21.0770
-20.2530
-19.2400
-19.2660
-20.2360
-21.0810
-20.6220
-19.6800
-19.9010
-20.4640
-20.4570
-20.4460
-20.1640
-19.4780
-19.5200
-19.5500
-19.5260
-19.8730
-19.4360
-18.6720
-19.1340
-18.7950
-19.0830
-19.9190
-19.4060
-20.0290
-19.8330
-19.7030
-20.2970
-19.9580
-19.8240
-20.1760
-19.5870
-19.0770
-18.9470
-19.1790
-19.8990
-20.3290
-19.7800
-18.7640
-19.4380
-18.9800
-18.5430
-19.0290
-18.9200
-19.0540
-18.7280
-18.1150
-18.0510
-17.7480
-18.7040
-18.8240
-17.5150
-17.6750
-18.1880
-18.1830
-17.9070
-18.1290
-18.7880
-19.3850
-18.1530
-17.7010
-17.7510
-17.2480
-17.0310
-18.1040
-18.7560
-18.0740
-18.2370
-17.5870
-17.8230
-18.9880
-17.9520
-17.5260
-18.2130
-17.3640
-16.3760
-16.6430
-17.0730
-18.2660
-18.8890
-18.2360
-18.4080
-17.8880
-16.3400
-14.9510
-15.0710
-16.3990
-17.0920
-18.4390
-16.7600
-14.6340
-15.8990
-17.2790
-17.5100
-13.2730
-11.9790
-12.0320
-10.2110
-10.9960
-12.5010
-12.3040
-9.6720
-9.0250
-8.1760
-8.9120
-9.7250
-9.0790
-8.0560
-4.9590
-1.1310
-0.4210
1.1120
2.8250
3.2340
4.2920
5.1830
5.7300
7.0680
7.1550
4.7510
4.7870
7.8440
8.6920
5.9300
3.1840
6.5590
7.2470
3.9340
5.0460
8.7710
10.7480
11.2470
11.6810
12.4180
12.7820
11.5490
11.8570
13.1580
14.5130
13.7130
9.9760
8.3300
10.4130
11.9590
11.4590
12.3970
11.5660
11.8410
14.1040
12.0030
10.6380
13.0300
14.5350
14.4900
12.6750
11.1030
11.9970
12.6460
13.0720
13.2590
12.3550
12.4640
13.3910
15.2160
18.0660
18.6700
19.2970
18.6690
18.5100
18.7650
16.1500
13.8680
14.8980
15.6280
12.8510
10.9530
13.2470
18.7720
21.0350
18.6380
17.0860
16.6480
16.2450
15.5130
15.9440
18.5730
19.7080
19.3780
19.0210
18.6740
19.6160
20.5190
20.3580
20.1830
20.8650
20.4030
19.6780
20.1020
18.4680
15.0210
10.6810
8.8560
8.3690
8.1960
8.6190
6.6910
5.6400
6.2900
7.1440
8.1720
8.7420
8.7720
8.5160
7.8200
7.3440
7.3640
7.3560
7.6780
7.7850
7.1910
7.5510
8.2970
8.1230
7.9290
7.8820
7.3540
6.9970
7.0310
6.6960
5.8040
5.2680
5.0140
4.6480
4.4470
4.8790
5.4410
5.1620
5.5030
6.3050
6.1880
5.9150
5.8150
5.9260
6.1110
4.7130
2.7110
1.6420
1.2060
1.3100
1.7850
2.1780
2.0810
2.3770
