5.1390
3.1880
4.4090
7.0030
6.3170
5.8500
5.7590
5.4640
5.1260
4.8350
4.8740
5.4430
5.1700
5.0010
5.3200
4.8750
4.7930
5.1520
5.1660
5.1620
4.9270
4.2730
4.1080
4.5350
4.7330
4.5220
4.6350
4.9250
4.7640
4.8820
4.8460
4.2490
4.0610
4.0090
3.8940
4.0250
4.2560
4.2310
4.1790
4.1990
4.0730
4.0100
3.9490
3.8920
4.1110
4.4140
4.5120
4.3140
4.0910
4.0890
3.9410
3.7220
3.5840
3.7430
3.7760
3.4260
3.3580
3.6400
3.6110
3.4320
3.3950
3.4620
3.6310
3.6590
3.6800
3.5470
3.3980
3.2490
3.2610
3.0560
2.8220
3.1890
3.2200
2.9320
2.8930
2.6970
2.5880
2.6240
2.5930
2.5170
2.6720
3.0560
3.2770
3.0190
2.6220
2.5390
2.4640
2.7720
2.9150
2.8130
3.0720
3.3990
3.3280
3.1140
3.0320
3.3130
3.8990
3.7300
2.7280
1.6220
1.1430
1.6370
2.3520
2.8780
3.0970
3.0570
3.1750
3.3890
3.3950
3.2930
3.1790
3.2820
3.7040
3.6460
3.5070
3.7250
3.6350
3.4330
3.4710
3.9000
4.8330
4.9760
4.4030
4.1170
4.4340
4.7560
4.1680
4.2590
4.2380
3.7610
3.6670
4.0560
4.5960
4.4440
4.1770
4.5500
4.7520
4.3410
3.6320
3.5750
4.2740
4.3300
5.0000
6.9460
7.2450
5.7450
5.8070
6.1340
5.2450
4.2880
5.4350
6.3650
5.5580
5.2820
5.2410
5.6220
5.2060
3.9390
3.5690
3.1210
3.7180
5.2530
7.4850
9.1000
6.9780
6.9060
6.1990
6.1030
7.1080
5.6950
7.1790
10.1080
8.1140
4.7590
3.7650
2.9940
4.3680
5.0400
7.2170
8.9810
7.0420
-1.8470
-7.7570
-0.2250
6.4010
5.2490
6.3910
4.4870
-1.9310
3.6050
6.6990
4.5280
5.8060
5.7850
2.4580
-2.7540
-3.3670
-1.1550
1.3930
3.3660
2.9970
1.3500
-1.7640
-1.9390
1.2060
1.7780
4.8550
3.0460
-3.6370
-1.5840
4.1230
10.1020
15.9090
17.3670
3.6580
-8.2740
-9.9620
-2.7550
5.0950
0.8990
6.6170
14.5060
6.0110
-5.5540
-0.4930
6.5630
5.1370
5.1140
9.7380
6.6690
1.3440
6.4880
-1.2060
-13.9640
-10.6740
-10.2610
-12.4350
-13.1190
-13.0520
-15.3600
-12.6490
-8.0630
-4.4530
-1.7150
5.1570
6.5650
-1.9790
-4.5610
1.9860
-1.9830
-10.3200
-7.2670
-6.4900
-5.9810
-6.3556
-6.7302
-7.1048
-7.4794
-7.8540
-7.7910
-6.2160
-7.4610
-8.9110
-6.6730
-4.9780
-7.1310
-15.8760
-18.0730
-10.1270
-10.0870
-12.8640
-14.1280
-16.2730
-13.9230
-16.4680
-19.5500
-18.3050
-18.5420
-17.5880
-15.8780
-14.8360
-12.5270
-12.6400
-17.9350
-21.0760
-18.7450
-19.0000
-19.6020
-19.3120
-21.9260
-26.1980
-27.2950
-24.6300
-26.1900
-27.4150
-27.5500
-26.7780
-28.5930
-35.0390
-36.2160
-30.9730
-26.6000
-26.0950
-28.7020
-30.7060
-31.3400
-30.7900
-29.2750
-28.4420
-28.1000
-28.0770
-28.6970
-30.6520
-31.5670
-31.1530
