1.7050
0.8450
-0.4050
-0.5870
0.4610
0.4990
0.0690
1.0740
2.1330
2.5810
1.4910
1.0150
1.4420
1.0710
1.9220
1.2850
0.6670
1.3170
1.5780
1.5820
1.3140
1.0990
0.8890
0.7820
0.7610
0.5290
0.4490
0.6440
0.7490
0.8290
0.9210
0.9870
0.5910
0.4280
0.6260
0.5010
0.2300
0.3440
0.4600
0.6280
0.9100
0.4720
0.2380
0.3820
0.1920
-0.1410
-0.3460
-0.5320
-0.7900
-0.5760
0.0840
0.9440
1.2950
1.3150
0.4630
0.0750
0.2930
-0.0570
-0.5400
-0.6300
-0.7290
-0.9210
-0.7490
-0.2460
0.2100
0.7290
2.0270
1.7120
0.8250
0.7340
0.3180
0.6540
0.2570
-1.0840
-1.1560
0.8300
2.1570
2.4750
2.7530
1.3930
-0.5560
-0.8210
-1.1160
-1.2260
-1.0980
-1.1400
-1.3770
-1.3560
-1.1670
-0.9890
-0.9410
-0.9760
-1.0150
-1.0710
-1.0920
-1.0970
-1.1860
-1.2890
-1.3450
-1.4680
-1.4420
-1.2630
-1.3420
-1.5210
-1.5400
-1.6040
-1.7620
-2.1080
-2.0570
-1.8920
-1.9130
-2.0240
-2.3790
-2.2790
-2.0660
-2.2260
-2.4770
-2.7900
-3.0480
-3.2930
-3.3710
-3.6670
-3.6240
-4.1430
-5.0580
-4.8740
-5.5550
-7.7430
-8.4880
-7.8410
-7.4460
-7.1720
-7.4240
-6.7290
-5.5210
-6.1360
-6.4000
-6.4150
-6.4480
-6.3480
-6.0770
-4.4910
-6.0930
-8.0910
-6.0090
-3.6220
-4.5220
-6.3140
-4.4460
-4.2710
-4.3550
-4.9490
-5.0120
-4.2980
-4.5120
-4.8330
-5.3730
-4.3730
-4.3940
-3.3130
-2.1030
-3.5400
-4.0160
-2.9990
-3.1700
-2.8070
-3.2400
-3.3330
-3.2010
-5.1870
-5.0520
-3.6170
-2.3910
-2.8610
-4.1530
-5.1380
-5.0870
-3.5810
-2.4030
-3.7400
-5.2720
-3.0160
-4.1710
-4.4130
-3.5130
-3.9440
-3.5680
-4.2590
-3.9480
-3.4570
-3.1960
-3.1950
-2.4930
-2.8990
-3.4420
-3.2240
-3.9310
-3.5740
-3.5090
-2.4300
-1.7700
-4.2320
-4.9720
-4.3580
-4.4260
-4.8540
-4.9150
-5.5260
-4.9620
-5.3130
-5.1970
-2.8870
-2.5900
-3.7320
-2.9580
-3.4350
-6.1120
-6.0440
-3.6020
-4.1760
-3.8830
-3.1240
-5.4380
-5.6860
-4.7620
-4.5800
-4.5840
-5.1250
-4.5840
-4.5870
-6.1900
-5.5110
-2.0550
-2.4860
-4.1240
-4.0420
-4.1650
-4.3030
-3.4900
-3.9920
-4.6810
-2.8030
-2.1470
-3.1160
-3.7830
-2.7860
-1.4360
-0.6850
-0.9890
-3.3460
-5.0480
-3.1260
-1.1200
-1.2410
-1.3770
-1.3860
-2.9620
-2.9130
-3.5110
-3.1340
-2.5850
-4.0420
-4.1160
-3.9500
-3.7240
-2.1890
-1.9770
-3.1110
-3.1730
-3.5970
-5.1800
-4.8750
-3.6600
-3.7960
-4.0810
-3.2910
-2.0000
-2.3890
-2.4680
-1.5590
-1.9130
-2.2300
-1.5410
-1.9050
-2.9480
-3.5540
-3.1170
-1.4440
-1.2730
-1.5560
-1.1750
-2.5530
-3.0350
-2.9800
-3.1060
-1.3300
-0.9530
-1.5690
-2.0640
-1.5060
-2.0260
-2.5560
-1.3880
-0.5500
1.5500
2.6870
1.7900
1.0730
1.0430
0.7030
1.1530
0.5450
-1.0860
-1.1170
-1.3760
-2.6300
-2.7110
-2.4680
-3.7950
-4.6600
-3.6650
-3.2470
-3.7800
-3.4170
-2.9320
-3.1220
-3.9160
-3.9410
-3.5870
-3.8950
-4.8770
-4.9160
-4.3390
-3.9830
-4.0890
-4.2640
-3.9670
-4.2180
-4.2900
-3.5360
-3.0800
-5.0170
-4.9080
-2.9000
-3.7600
-6.0070
-7.1690
-7.9150
-7.0790
-4.8170
-4.4340
-5.8190
-7.0320
-6.8410
-7.2240
-7.8390
-8.0100
-7.1430
-7.9160
-8.2190
-7.2470
-7.4400
-8.0190
-9.3580
-8.6590
-7.5060
-7.0700
-8.5670
-9.6300
-8.3330
-8.7580
-10.7590
-11.5980
-12.1340
-13.4030
-12.9590
-11.5650
-12.2540
-14.7860
-15.9400
-14.9420
-14.1420
-16.4430
-16.4860
-17.5370
-18.1560
-18.8810
-18.8910
-17.9490
-19.4650
-19.7700
-18.5130
-19.9590
-20.2330
-18.0200
-17.0000
-17.7080
-18.5460
-18.1430
-18.1080
-18.5430
-17.1630
-14.4460
-11.7090
-11.6230
-12.8380
-14.1580
-16.2400
-17.8690
-18.0160
-17.8940
-17.0170
-16.0350
-16.6140
-16.2510
-16.3020
-16.5070
-17.2370
-18.5850
-17.4980
