-4.9960
-4.8090
-4.5540
-5.0270
-5.7780
-5.8500
-5.9980
-6.0230
-6.0070
-6.3420
-6.5750
-6.8110
-7.3420
-7.5130
-7.4910
-7.5220
-7.4640
-7.4450
-7.3920
-7.1530
-7.1160
-7.1800
-6.9170
-6.6300
-6.2300
-6.0960
-6.0820
-5.7590
-5.5000
-5.1900
-4.9540
-5.1710
-4.9020
-3.6450
-3.5360
-4.4030
-4.0740
-5.0550
-6.7330
-6.3440
-6.9040
-8.3540
-9.1050
-9.4730
-9.3380
-9.6020
-9.9630
-9.4670
-9.3350
-10.0490
-10.0370
-9.3400
-9.5030
-9.8520
-9.5640
-9.4670
-9.1390
-7.2310
-5.6900
-5.2780
-3.9340
-3.4940
-4.4390
-5.7360
-6.2850
-5.7440
-6.1710
-7.5540
-8.8510
-9.3800
-9.3910
-10.3660
-10.4490
-10.0500
-12.0400
-12.9650
-11.1630
-9.8820
-9.3540
-9.5180
-10.9020
-10.6050
-7.4430
-5.3580
-6.2560
-7.4550
-7.8550
-9.7500
-10.7190
-9.4780
-9.6030
-10.0320
-9.8870
-9.4250
-9.9350
-13.6250
-11.8580
-7.5910
-7.4830
-7.3690
-7.5080
-7.6590
-7.0310
-6.8220
-7.3150
-7.7480
-8.2550
-8.2110
-8.0900
-10.3870
-12.9520
-11.5600
-8.3420
-8.8850
-9.2700
-9.6100
-9.7800
-10.5300
-12.1620
-16.1100
-20.7980
-13.2690
-4.2350
-5.8920
-9.6140
-12.0740
-10.3610
-8.6770
-9.5430
-10.2170
-3.5380
0.9510
-1.1490
-3.0810
-2.1030
-4.9430
-10.7830
-10.3020
-6.6470
-6.8520
-12.5140
-19.3880
-19.1440
-15.0920
-19.1710
-16.1220
-13.6920
-19.4820
-20.6920
-18.6090
-17.8526
-17.0962
-16.3398
-15.5834
-14.8270
-15.9020
-14.0020
-7.4010
-3.3020
-1.1060
0.5070
-3.7470
-6.8360
-4.6670
-5.2560
-7.8800
-12.6080
-12.6580
-7.6170
-5.6120
-10.6510
-6.2470
-2.0630
-2.7800
-0.0310
-4.2430
-14.7180
-18.5780
-17.7770
-20.1660
-17.9820
-13.0890
-17.6580
-22.2740
-19.5710
-13.9730
-12.5390
-12.1830
-13.8840
-16.8100
-20.5510
-21.7810
-14.2670
-12.2940
-17.2040
-16.6760
-10.2070
-4.5860
-12.1730
-20.8520
-20.2120
-13.7870
-14.4780
-19.7640
-9.1540
2.8130
6.2970
0.3060
-12.8380
-16.1320
-6.6000
0.7250
-0.0040
1.8600
3.9850
3.0600
1.2710
-1.8700
-1.4090
1.6470
-1.0850
-5.9010
0.3810
6.2540
-3.3560
-8.6100
-4.9770
1.6570
6.0530
4.5020
0.9260
-0.4600
-7.9140
-11.8600
-9.2420
-9.6190
-10.4630
-12.3740
-12.7490
-11.1720
-8.9900
-9.3370
-12.0220
-13.3540
-13.0720
-13.0180
-12.4240
-12.9100
-14.7000
-14.8890
-14.2490
-15.7450
-17.3910
-16.0110
-14.4090
-14.6440
-12.0350
-8.8590
-8.9970
-7.0770
-3.1810
-4.8420
-7.6690
-6.4450
-0.8220
0.6950
3.0470
4.1670
0.6640
-0.5360
3.8290
3.0970
1.2810
0.6860
-1.0350
-1.4910
-0.5040
-1.7810
-3.3590
-3.5640
-4.0210
-7.6660
-12.3700
-13.1520
-15.3150
-22.1440
-22.5460
-14.8440
-7.9850
-3.8810
-4.1000
-1.1940
2.5500
-0.3160
-4.6560
-10.3040
-14.6780
-15.0390
-13.1770
-8.0800
-3.8660
-5.1480
-5.6470
-7.1020
-10.7060
-13.2380
-15.3490
-14.7230
-12.5340
-10.9350
-7.9150
-7.1110
-12.9130
-15.1340
-9.0360
-6.1050
-8.1480
-7.3810
-5.1340
-5.6020
-6.5960
-8.9330
-8.9430
-6.2010
-2.6500
3.0160
7.1830
11.3890
13.2520
14.0430
16.8310
18.2410
19.5320
24.2580
26.8530
26.0350
26.9900
25.7460
22.8490
21.3990
22.1710
24.2520
26.4110
26.7350
25.4250
24.0860
23.6930
24.5080
26.3040
28.2710
29.4610
29.7620
30.0710
30.4070
29.5570
28.3470
26.6100
25.0080
23.2640
21.8800
22.1640
22.6230
23.9960
25.3330
25.2130
23.1070
21.3920
22.3110
24.0590
25.9090
27.4620
28.0920
28.4220
28.0490
27.3580
