7.6440
6.7090
7.6680
9.0510
7.2940
6.5450
7.6680
7.0950
7.2590
7.8740
7.8000
8.4650
10.2960
10.6140
10.3610
10.4520
10.4100
10.7370
9.8090
9.9650
9.5070
9.0490
9.6430
9.7040
9.5280
10.0460
9.6830
9.3740
10.0350
8.8480
7.7670
8.5130
9.1910
9.7380
10.0480
9.5240
9.5340
10.2590
10.7110
11.1580
11.2010
11.2810
10.1940
9.2350
9.2950
9.4080
9.6730
9.2590
9.3550
9.9410
9.6460
10.2330
9.7950
9.3970
10.6630
11.0030
10.9260
11.1980
10.8360
9.8780
9.6010
9.6050
9.5010
9.7220
10.1700
10.2880
9.9690
10.0220
10.0010
9.3350
8.9050
9.1980
8.8690
7.2470
8.0730
9.5200
7.8400
6.4180
7.1550
8.6030
8.9290
8.2710
8.2740
8.9460
8.6320
8.7720
9.2800
8.7920
9.1280
9.0860
9.3450
10.0980
9.7890
9.3860
10.5630
12.2490
11.7670
9.7250
8.4520
8.7140
9.0810
10.5860
10.6890
10.6780
11.9610
11.3600
10.6540
10.7850
10.9670
10.8620
10.6640
10.8780
10.9520
10.6100
9.4010
9.1070
9.6180
10.2830
11.1950
11.2450
10.5850
9.9950
10.4270
10.6550
10.1430
9.4520
9.4320
9.5290
9.8300
9.1610
8.8840
9.9310
10.3070
10.3050
10.3170
10.4310
10.0890
10.0920
10.0700
9.9860
10.5760
11.0950
11.6240
11.5580
11.1900
11.1820
10.4500
9.3090
9.0670
9.5110
9.0890
9.6820
10.3440
9.7700
8.9330
8.7820
9.6520
9.1680
8.3380
8.7010
9.0460
9.6350
9.6790
10.0230
10.5150
9.3810
8.3260
7.0230
3.9810
1.9240
1.2790
2.3520
4.1610
2.9390
1.5300
2.6420
1.4460
0.1610
0.7880
-0.4490
-4.0080
-6.8790
-4.9950
0.6520
7.5450
10.3320
9.8720
9.6520
8.9880
9.7620
9.2510
7.5130
7.7470
7.3980
6.8170
7.0640
6.4340
6.0660
4.7540
4.5870
4.5200
4.5860
5.5380
2.9850
2.2870
4.5320
2.8710
1.6550
2.3130
1.8260
3.5890
3.8860
2.9190
2.2010
2.1570
3.3200
2.6120
1.5350
2.6930
3.4000
2.4670
1.3940
-0.4990
1.3890
4.2790
4.1679
4.0568
3.9456
3.8345
3.7234
3.6122
3.5011
3.3900
3.2789
3.1677
3.0566
2.9455
2.8344
2.7232
2.6121
2.5010
2.3899
2.2788
2.1676
2.0565
1.9454
1.8343
1.7231
1.6120
1.5009
1.3898
1.2786
1.1675
1.0564
0.9453
0.8341
0.7230
0.6119
0.5007
0.3896
0.2785
0.1674
0.0563
-0.0549
-0.1660
-0.2771
-0.3882
-0.4994
-0.6105
-0.7216
-0.8328
-0.9439
-1.0550
0.1600
-2.1200
-2.2480
2.2080
4.3190
4.3610
4.4990
5.2660
7.6250
8.5550
8.9040
9.4710
10.8900
11.5120
10.9090
9.3100
6.8580
4.7820
3.9870
3.4600
2.7690
2.0830
2.5110
4.0270
5.8320
5.2580
1.7760
-1.3470
-2.9750
-0.2040
1.5750
0.1100
0.5520
-0.5070
0.3620
1.0080
0.7160
-0.0350
-2.3610
-2.0230
0.1380
1.8180
-1.7070
-0.7950
-3.6790
-12.0020
-12.1030
-12.3930
-17.2840
-14.1180
-11.2010
-12.1370
-9.6580
-6.6800
-5.1540
-4.0320
-10.0880
-10.6340
-3.3870
1.8720
3.9100
-3.8480
-10.5350
-11.3290
-11.5830
-12.9530
-13.0580
-11.6020
-11.4620
-10.0990
-8.3560
-6.2010
-4.0470
0.1980
3.6100
0.0200
-5.2010
-5.4520
-0.9050
7.4050
14.7500
16.6820
16.7740
14.1270
12.3910
14.0550
16.1930
17.9140
18.7220
17.2830
16.9940
19.2460
16.4150
12.4280
14.1030
17.2930
20.6280
21.9130
21.8470
21.9580
20.4710
17.6050
15.6720
18.0360
21.5980
21.8130
19.6580
19.4230
21.7120
23.2350
23.7330
23.8040
23.5990
23.8060
24.3470
24.4750
23.6060
22.5190
22.0430
21.9160
22.3710
22.9880
22.8560
22.7520
22.9990
23.0830
22.4820
21.8680
21.0380
19.8800
19.8930
20.0200
19.5340
18.4490
18.3110
19.2780
19.5970
15.2290
15.2740
15.6560
16.2460
16.4960
15.9540
15.9110
15.9590
13.5260
10.6270
10.2550
12.0670
13.4610
15.4550
13.7830
10.5300
