3.9510
4.2710
4.4570
4.3510
4.1760
4.3430
4.6590
4.7150
4.6170
4.5780
4.7630
4.8030
4.6150
4.4100
4.2960
4.2990
4.4010
4.3510
4.0580
3.8920
3.9220
3.8740
3.7780
3.7440
3.7010
3.6400
3.7100
3.7860
3.6560
3.5940
3.7080
3.7700
3.8500
3.9940
4.0350
3.8790
3.8030
4.0610
4.8550
5.5970
5.8200
5.6600
5.1770
4.9850
4.9980
4.8810
5.0350
5.2930
5.2180
5.1560
5.2280
5.1920
5.1300
5.1620
5.1330
5.0500
5.0050
5.0010
5.1070
5.1890
5.1770
5.2590
5.2020
5.0330
5.1890
5.3160
5.1800
4.9690
4.8950
4.9640
4.9525
4.9410
4.9295
4.9180
4.9065
4.8950
4.9470
5.0590
4.8930
4.8500
4.8920
4.9180
4.9050
4.9230
5.0610
5.1390
5.2750
5.3590
5.0740
4.9160
5.1450
5.3010
5.2850
5.1510
5.2290
5.2810
5.1010
5.2880
5.7410
6.0230
6.7350
6.8920
5.9150
5.5220
5.5510
5.6260
5.6280
5.1960
4.8610
5.0550
5.7200
5.8980
5.3260
4.9460
5.0100
5.0750
4.6930
5.0810
5.3750
4.9630
5.1330
5.4310
5.5250
5.3830
5.3920
5.6330
5.9500
5.9780
5.6860
6.1330
6.5540
5.1910
3.3910
3.6820
4.4800
4.9380
5.7680
6.0590
5.4840
5.8230
6.1880
4.9020
3.6890
3.3710
3.4740
4.3170
5.1720
5.3660
5.1930
4.6650
4.9380
5.6420
6.9160
7.1310
5.5580
3.7500
0.2250
0.9120
4.0470
4.3070
4.0400
4.2840
4.5280
4.3340
4.9310
5.0830
7.5180
11.2860
12.6900
6.9570
-3.1660
-6.4120
-6.8050
-2.7360
4.9580
8.6170
9.7130
7.8280
7.0270
6.5910
7.1220
8.0150
6.5610
6.6970
6.5410
5.1620
4.0640
6.2590
10.3000
7.4240
8.0360
5.4750
-1.4640
-0.5870
1.1060
8.3960
19.5520
20.0320
11.3920
6.7630
5.5850
4.9580
-0.1470
-9.7380
-10.8560
-4.6050
3.3310
-1.2240
-0.4770
10.6880
11.8830
9.2610
3.5020
0.2140
1.4860
-0.9650
-4.0950
-2.3120
-1.1460
-1.1240
-8.3710
-8.4930
1.8370
5.9720
6.2330
3.3690
4.3250
10.3820
11.2660
9.5530
11.8460
13.0300
12.7660
16.0830
15.0570
9.5350
7.1950
6.0170
6.1020
5.3860
4.4520
5.1290
4.5170
3.3430
3.2090
3.7010
4.7040
4.1310
3.0960
0.5310
-0.8900
0.3650
1.1750
2.1970
2.2510
2.9770
2.7820
1.2370
0.8050
-0.0570
0.0700
-1.8030
-2.4330
0.5750
2.4500
2.9960
1.8780
-0.0950
0.1370
0.6670
1.2210
1.6600
2.2780
3.3500
2.9180
1.7750
1.2700
1.3850
1.5330
1.9750
0.4180
-0.5660
0.3330
1.8660
1.3630
-0.0400
0.7990
1.9880
2.1490
3.5470
2.0390
2.0650
2.0780
0.0880
1.8720
2.3150
1.8950
2.1310
1.6050
1.7660
2.8640
2.9820
3.2530
1.8680
3.1620
3.2880
0.8390
2.4760
3.8080
1.2100
0.6220
2.8040
2.0930
1.5620
2.8470
3.7740
4.3120
2.2420
2.2660
5.4190
5.6250
3.8730
3.6030
2.2870
2.8230
3.6000
1.5420
1.9780
2.7930
1.8990
0.2020
-0.8540
1.9440
2.4790
0.9230
2.3440
3.0050
4.0840
4.4300
4.0010
4.4810
4.8930
6.4970
9.1770
7.9650
5.1420
6.8590
8.6170
7.1460
6.0080
6.2870
5.6190
5.6070
7.3200
7.9010
6.7670
5.6830
5.2730
4.3560
3.0130
4.4740
6.7210
6.4890
5.3150
4.9100
5.4750
5.0810
5.5030
5.9890
3.9440
3.1870
5.1070
7.4840
8.4670
9.0230
9.0130
8.6530
9.1360
8.8280
7.8850
6.3240
6.0610
5.5860
4.6820
6.6170
7.1450
6.3510
8.5670
10.2150
11.5360
13.0210
14.0790
15.8500
19.0300
21.3430
20.8240
20.8730
21.4730
21.8940
19.3810
17.4260
14.9490
12.4840
13.7910
17.1430
17.1690
15.1450
9.6520
6.8000
15.6370
18.6650
15.1580
12.9370
13.1810
11.4250
7.4610
8.3360
10.1660
12.0050
8.8230
4.2990
3.9430
-0.4180
-5.7100
-7.7380
-8.5530
-9.9660
-13.3510
-17.9100
-21.8480
-24.0530
-24.5660
-25.4000
-29.0880
-29.3540
