23.3940
22.6910
19.0330
13.1260
8.9470
8.0010
5.2330
2.9480
4.4420
6.7050
7.8320
6.0090
5.9160
10.0620
11.4370
13.1670
13.9070
13.4460
15.5540
17.3410
17.5140
12.0700
0.5920
-3.1830
-5.4190
-14.0260
-26.6790
-21.8830
-5.7360
-1.7810
-2.9100
-7.9100
-4.7220
1.2090
-1.6720
-9.2260
-9.3130
-1.6790
1.0830
-3.6480
-7.6660
-6.6320
-9.3610
-10.6170
-6.0490
-3.8920
-7.0560
-8.8560
-5.7910
-6.1050
-9.0530
-5.9950
-2.7740
-3.4530
-7.4470
-11.0860
-11.5830
-10.6460
-8.3670
-7.4340
-5.2250
-3.6640
-5.9750
-7.1580
-4.1200
-1.9810
-1.4910
-6.4450
-11.2610
-10.1900
-12.6790
-13.6710
-9.7280
-7.3760
-4.9530
-3.0250
-6.8490
-9.3180
-7.1390
-7.0610
-8.5570
-13.2330
-11.1150
-5.1290
-3.6510
-2.7800
0.0800
3.1700
0.5290
-1.2840
0.9470
0.6890
-1.0000
-1.4130
-1.8330
-2.4840
-2.5790
-1.7870
-1.5910
-1.3770
-2.1000
-2.0020
-1.4150
-2.0350
0.2910
1.4540
-0.8160
-1.1930
-1.8880
-4.3240
-4.4170
-1.7640
-1.4840
-3.5650
-4.2470
-5.7470
-4.6400
-4.9690
-5.6080
-5.5920
-7.9950
-8.5540
-7.6950
-7.0010
-7.3130
-5.5280
-2.7310
-0.4920
2.1070
2.5370
-1.1200
-1.1810
-1.0640
-2.2760
-5.7390
-4.7370
0.8770
0.3090
0.2020
2.7560
2.7270
-0.0550
-2.6930
-3.8130
-0.1530
0.4260
-2.0450
-0.7220
-0.9690
-0.3360
-0.0940
-1.6610
-1.4130
-2.6260
-1.3030
1.0930
0.3080
-0.0580
0.5700
-1.5790
-1.0780
-1.7420
-6.6920
-12.0610
-10.9380
-4.1400
-2.6500
-3.6880
-2.2950
-2.4180
-2.8520
-3.1990
-3.4810
-2.1480
-0.7610
-0.6650
-1.8470
-3.2070
-2.9340
-2.5780
-2.8140
-2.8570
-1.7480
-1.8580
-2.2200
-1.8230
-4.4870
-2.3520
1.6280
-1.5660
-0.1680
-0.8910
-4.2880
-1.3050
0.9640
-0.3270
-2.3400
-2.4500
-5.1230
-6.6080
-4.5300
-4.0760
-4.0490
-3.5350
-3.7900
-3.8220
-3.7150
-4.8210
-5.6990
-5.1820
-5.0810
-4.0170
-2.8530
-3.7920
-4.9670
-6.4260
-7.6800
-7.0610
-5.5840
-3.5150
-3.0070
-3.7800
-4.1960
-3.6300
-2.0970
-2.0450
-2.6230
-2.8700
-3.6470
-4.4760
-4.3480
-3.4980
-2.9380
-2.4300
-2.0140
-2.5930
-3.4050
-4.3370
-3.7560
-2.0340
-1.2360
-0.9850
-1.4020
-2.4090
-3.2160
-3.6650
-3.8350
-4.6400
-5.4830
-5.2340
-4.7080
-4.1450
-3.8940
-4.2410
-4.7790
-6.0640
-7.9240
-9.0590
-7.9990
-5.3320
-3.6370
-3.3030
-3.2540
-3.2430
-3.1730
-2.9230
-2.6030
-2.4740
-2.3860
-2.2700
-2.0720
-2.0200
-2.0920
-2.1820
-2.3670
-2.3810
-2.4050
-2.4260
-2.4040
-2.4890
-2.5340
-2.5620
-2.5720
-2.4810
-2.4020
-2.3360
-2.4510
-2.8730
-2.9630
-2.8020
-2.8290
-2.8200
-2.7520
-2.6640
-2.6230
-2.6620
-2.6200
-2.4900
-2.4490
-2.4890
