24.7090
25.4540
27.0980
28.1110
29.3090
29.1310
30.5870
31.9810
29.3030
27.2080
30.2370
30.1420
25.6500
21.6210
18.8250
18.2900
19.7750
18.5320
16.5230
16.6740
15.4960
15.2610
15.9640
19.1490
20.1860
19.4220
18.9300
16.2200
22.6820
31.3100
33.2190
34.2110
34.9160
34.4640
31.8730
31.2580
31.7060
33.4280
37.1720
38.6770
36.9390
33.8840
33.4150
30.9530
20.9460
15.6480
16.0370
18.6010
24.1270
24.3930
25.9100
31.1320
29.4660
24.0240
25.9210
26.9480
12.6780
-6.5850
-19.5900
-18.8580
-11.0710
-10.4530
-12.5540
-12.6850
-10.1920
-3.1650
-5.0400
-9.9660
-3.5460
3.6220
5.9340
-1.0970
-13.1730
-16.5490
-15.3080
-9.7580
0.9600
2.2580
0.4900
3.1550
-0.1240
-7.8000
-7.0690
-8.8600
-13.3290
-15.0060
-15.7240
-8.9750
-9.5060
-1.0650
8.4200
2.0320
-5.5030
-4.9350
0.2640
-4.0480
-11.2980
-12.9950
-6.3850
-1.5990
-1.9750
1.5100
4.4030
2.8280
2.5710
1.1150
-1.3750
-1.9900
-2.6370
-4.8670
-6.3280
-8.0490
-6.5380
-5.6970
-8.2680
-6.3960
-7.3700
-7.5030
-5.1050
-3.2900
-2.7480
-4.7510
-4.5590
-4.9330
-7.3960
-6.1780
-3.7030
-3.4540
-4.0060
-3.8820
-1.6080
2.3720
-0.8530
-10.4820
-17.2640
-20.4440
-18.4200
-12.0150
-2.1790
1.5650
-2.6430
-4.3680
-4.5600
-6.1940
-2.3830
-1.9810
-8.8280
-8.1120
3.1710
4.1370
-3.6250
-3.9520
-6.0860
-1.5720
4.4990
-2.7930
-13.0630
-10.0450
-2.6100
0.0570
-3.8720
-9.7340
-8.6960
-11.0240
-14.7610
-16.0120
-17.5590
-10.6680
-4.1990
-3.2790
-2.9310
1.2710
0.8010
-12.1430
-12.5030
-1.2330
-4.7600
-6.2540
-6.8000
-11.3900
-11.3500
-8.1770
-2.2300
-3.2300
-9.6680
-8.8550
-6.8110
-5.8010
-7.2940
-3.6780
2.2810
1.3050
-1.3670
-3.9040
-8.5930
-8.9950
-6.9760
-6.2870
-8.3500
-12.8800
-12.6770
-7.7090
-2.6970
0.8500
2.6090
1.3840
-0.6530
0.3730
-4.2930
-7.8690
-10.2630
-13.5730
-8.3990
-3.7920
-2.3890
-2.1780
-1.4030
-5.3640
-12.0840
-6.9100
-2.9270
-3.8820
-5.1060
-8.4930
-9.3860
-8.1560
-8.3830
-9.6420
-8.2750
-7.3960
-8.6020
-12.0640
-11.1930
-10.2340
-9.7150
-7.7880
-6.1000
-7.6990
-11.0230
-9.9590
-7.3810
-5.3860
-5.7940
-5.4610
-3.9530
-3.4600
-3.6330
-4.3010
-4.8200
-5.1390
-5.3110
-4.8020
-4.9280
-5.6910
-5.9970
-5.9450
-5.9910
-5.5720
-4.7690
-4.8490
-5.1480
-4.9900
-4.6480
-4.3510
-4.6720
-4.7470
-4.6450
-4.8250
-4.6800
-4.4670
-4.4440
-4.6200
-4.6940
-4.6380
-4.6620
-4.7140
-4.7800
-4.9620
-5.0420
-4.9400
-5.0910
-5.0780
-4.7090
-4.6020
-4.7450
-4.8870
-4.9860
-4.9500
-4.9190
-4.8580
-4.7040
-4.6950
-4.7890
-4.8290
-4.6760
-4.5650
-4.2240
-4.3260
-4.7300
-4.5880
-4.7660
-4.8520
-4.8850
-4.9240
-4.7940
-4.3120
-4.1650
-4.4900
-4.7170
-5.0140
-5.1830
-5.3410
-5.3880
-5.2690
-5.3080
-5.5740
-5.7210
-5.7230
-5.7360
-5.5530
-5.4950
-5.6580
-5.8730
-6.1710
-6.2280
-5.9780
-5.7820
-5.9150
-6.0730
-5.8110
-5.7390
-5.8280
-5.4960
-4.7410
-4.0160
-3.4100
-3.4030
-3.7040