-10.5860
-9.8960
-9.2720
-8.8110
-8.7120
-7.7110
-10.3970
-18.6000
-22.7580
-16.1290
-8.5710
-7.3550
-4.9040
1.1340
1.4600
-7.4680
-14.8520
-17.2210
-18.7340
-16.3370
-12.7780
-7.2590
-2.1790
-3.0220
-9.2030
-16.5570
-17.6770
-14.3330
-11.4600
-16.5510
-18.1750
-10.9600
-9.3720
-19.7830
-29.1650
-24.3730
-17.2910
-17.7150
-14.8740
-12.1260
-11.9130
-12.4440
-12.5340
-13.6430
-12.1140
-8.6090
-12.7740
-14.4930
-10.5090
-12.5920
-8.4900
-6.5170
-11.7760
-10.6200
-9.3540
-7.3500
-4.3630
-6.3670
-8.8710
-7.2890
-7.6600
-5.8210
-5.3940
-14.4210
-18.3280
-9.0590
-9.7400
-13.5420
-8.4790
-5.9750
-2.1310
3.8050
-1.3090
-10.4650
-12.7460
-9.1370
-7.2150
-12.1030
-14.1450
-11.4480
-7.3320
-10.1690
-13.4530
-10.1590
-2.3290
-6.5670
-14.6230
-12.5490
-12.4740
-7.5920
-1.6310
-5.8180
-14.0280
-13.7650
-15.0400
-17.2110
-12.0320
-1.9140
2.7780
2.4850
1.1190
-1.2370
-1.1300
-2.5330
-8.8640
-9.6100
-7.3810
-6.7960
-8.8850
-7.9500
-3.8120
-3.7420
-2.4560
-1.7210
0.6560
1.4700
3.7130
3.3010
2.3508
1.4005
0.4503
-0.5000
-0.8280
-3.6730
-5.2030
-12.2380
-17.0300
-15.3660
-18.3070
-20.6300
-18.6890
-16.5260
-12.6920
-7.9150
-7.9500
-8.4380
-7.8590
-5.5880
-3.1900
-0.9970
0.0100
1.2810
-0.5940
-5.3920
-6.8580
-7.5600
-10.0450
-1.3990
-1.3660
-11.1580
-10.1200
-12.0020
-13.0370
-12.4430
-11.4050
-9.1670
-4.0670
-4.1380
-8.5490
-5.3440
-1.7280
0.6920
-2.2630
-9.3830
-8.9990
-7.1610
-8.6670
-8.3530
-6.5400
-5.5830
-5.5430
-5.3990
-5.3670
-6.5410
-8.1330
-7.7940
-6.9830
-6.6540
-6.3870
-6.2200
-5.7050
-5.5510
-10.6100
-16.4930
-13.8430
-11.7630
-12.1320
-10.9450
-10.7240
-10.9170
-8.7450
-5.5180
-2.7360
0.3790
3.3290
2.0660
-1.7940
-4.3950
-5.8650
-4.8720
-3.9720
-6.9790
-9.6680
-8.4820
-8.4740
-10.0960
-11.1460
-8.9200
-7.0380
-7.4010
-7.5540
-7.0800
-6.7090
-6.5690
-5.7730
-5.6080
-5.4200
-4.8150
-5.3410
-5.9250
-6.7810
-6.4260
-5.7170
-5.3420
-3.9780
-4.0847
-4.1914
-4.2981
-4.4048
-4.5115
-4.6182
-4.7249
-4.8316
-4.9384
-5.0451
-5.1518
-5.2585
-5.3652
-5.4719
-5.5786
-5.6853
-5.7920
-5.8987
-6.0054
-6.1121
-6.2188
-6.3255
-6.4322
-6.5389
-6.6456
-6.7524
-6.8591
-6.9658
-7.0725
-7.1792
-7.2859
-7.3926
-7.4993
-7.6060
-8.1220
-7.8040
-7.6540
-7.5150
-7.2350
-7.1080
-5.6580
-4.9360
-5.4490
-3.7530
-2.9170
-1.8750
-5.7710
-7.4700
-3.9310
-4.0900
-3.9990
-4.5130
-5.5250
-6.1420
-7.3870
-8.7640
-9.6040
-8.4920
-7.1600
-7.4820
-8.3120
-8.0390
-7.4390
-7.2720
-6.9390
-6.5840
-6.6370
-6.5150
-5.9600
-6.0400
-6.6970
-6.9010
-6.6800
-6.2220
-5.8860
-5.6320
-5.4170
-5.4380
-5.2370
-4.9280
-4.6600
-4.3120
-4.1520
-4.1600
-4.4090
-4.4910
-4.3580
-4.6000
-4.6930
-4.2670
-4.1740
-4.3370
-4.3710
-4.5550
-4.1880
-3.4890
-3.9740
-4.3880
-3.8400
