-5.9790
-5.9630
-6.0680
-5.9880
-5.8910
-5.9450
-5.9190
-5.9880
-6.0460
-5.9810
-5.8790
-5.8860
-6.0410
-6.1280
-6.0830
-6.0770
-6.0720
-5.9580
-6.4380
-11.9170
-18.1750
-19.5690
-19.6250
-18.1900
-16.5350
-16.7010
-19.3160
-21.3130
-19.4360
-18.9790
-17.3450
-16.6580
-16.9570
-13.7370
-12.4600
-12.5730
-11.6100
-10.3990
-11.8480
-14.3470
-13.7470
-12.5080
-12.4080
-12.2510
-11.7080
-11.2650
-11.7650
-12.3340
-13.5440
-12.4400
-11.2240
-13.4560
-14.4730
-13.0960
-11.2520
-11.6740
-13.3010
-12.6500
-12.6500
-12.4830
-11.9410
-12.7990
-13.0660
-12.9990
-12.4590
-14.0030
-14.9010
-12.9030
-12.8880
-13.2030
-13.3050
-12.9010
-11.1680
-11.2000
-12.7210
-13.4910
-13.3370
-13.0110
-13.0790
-14.0030
-13.7530
-12.5750
-12.6750
-13.8820
-15.0390
-14.7900
-13.8010
-13.7920
-14.7870
-15.5190
-15.5720
-15.1580
-15.3800
-15.3210
-14.8050
-14.5430
-14.2310
-14.6680
-15.3560
-14.5320
-13.2830
-13.1850
-14.5050
-16.1350
-15.7680
-14.4790
-14.1710
-12.5930
-12.6960
-15.5940
-15.2090
-12.9020
-10.9060
-9.7970
-10.3490
-14.7990
-13.6530
-8.6470
-11.1730
-14.0040
-14.8900
-16.2030
-15.6790
-14.8790
-14.5430
-12.3520
-11.1030
-11.0910
-10.5760
-10.7300
-6.0080
-0.4250
1.2340
-3.5700
-6.1870
-0.8250
-0.0430
-2.0490
-5.1640
-6.3010
-5.6420
-6.7380
-10.1730
-8.7620
-8.0490
-11.2670
-11.2950
-10.6440
-11.2030
-11.6570
-10.8370
-11.4680
-12.0990
-12.7300
-11.9840
-10.4020
-9.9810
-9.6300
-10.3440
-10.5440
-9.9280
-9.3750
-10.1030
-12.0520
-10.9590
-11.2000
-13.0560
-13.2140
-11.4380
-10.1620
-11.1800
-13.6030
-14.7520
-13.0740
-11.2060
-11.9060
-12.9020
-11.9750
-11.7190
-11.0170
-10.5170
-10.9020
-11.3700
-11.6790
-11.2700
-11.0730
-11.0000
-10.3300
-9.3800
-9.3620
-10.2360
-10.5080
-10.6240
-10.8750
-9.8970
-8.7970
-8.6340
-8.9050
-10.5970
-11.6120
-11.2320
-10.8560
-11.4210
-10.4860
-9.2520
-9.9950
-10.3260
-9.5430
-9.0960
-9.9240
-10.3120
-9.6300
-9.3130
-9.1490
-9.5430
-10.1860
-10.5190
-10.6720
-11.2700
-10.7980
-9.2490
-9.0480
-10.1280
-10.1670
-9.9350
-11.2880
-10.3960
-8.2350
-7.8330
-7.1140
-6.8250
-6.6560
-6.4430
-7.5160
-7.6870
-6.5070
-6.2730
-6.3160
-6.2320
-6.4500
-8.2290
-9.6010
-10.0640
-9.6640
-8.6090
-8.7430
-8.2240
-7.6510
-7.0670
-7.6720
-8.6210
-7.9000
-7.6460
-8.2650
-7.7650
-7.5000
-7.9570
-7.9900
-9.5820
-10.3290
-10.0850
-9.2800
-8.7710
-9.1440
-9.1390
-10.1240
-11.4680
-11.6680
-11.0070
-9.4950
-8.8100
-9.4950
-8.3020
-7.2840
-7.9380
-8.6480
-9.9290
-12.4540
-14.0390
-14.3260
-13.0710
-9.3780
-8.0730
-8.3710
-7.8470
-7.2560
-5.3080
-5.8470
-7.6770
-6.9960
-7.0960
-7.2550
-6.2420
-6.4820
-7.7070
-8.7880
-9.1960
-8.3250
-6.9670
-6.3180
-6.3870
-7.2830
-7.6160
-6.5950
-6.5520
-7.4950
-6.6530
-5.5030
-6.0410
-5.9840
-5.6680
-5.4550
-4.4600
-4.4580
-5.3370
-6.9890
-6.3540
-4.7340
-4.8240
-5.4610
-6.1510
-6.9230
-8.4920
-8.4630
-7.2460
-6.5240
-6.5200
-5.9900
-4.4630
-2.9380
-2.2180
-4.5420
-7.1200
-6.6150
-5.4170
-4.6990
-2.6730
0.0880
1.2120
3.7990
7.7260
8.5900
2.2500
2.1880
7.7760
9.8770
12.1810
10.9030
8.6660
5.0950
2.7580
5.4770
3.2840
1.1430
6.3770
9.0100
8.9280
10.7200
12.1090
12.1620
14.0370
8.7020
6.7630
12.8660
11.1040
7.3710
6.8580
7.6520
10.0320
14.2020
18.6630
20.6000
19.5860
16.7500
18.3240
18.1470
17.4080
17.9670
18.4650
19.8680
20.7180
20.0320
19.2630
16.6880
14.1040
13.9360
12.3240
7.9820
5.2220
6.2560
7.8880
10.0880
11.1400
13.2720
14.8000
14.5500
14.9110
15.5400
16.3190
17.3130
18.1000
18.4320
18.9700
18.6290
18.0840
18.0580
18.2140
18.5410
18.6610
18.1440
18.0820
17.6060
16.6680
15.1960
13.2550
12.0980
11.7380
11.4210
12.4880
13.3960
12.6100
12.7740
13.1680
14.5450
14.9480
14.6490
15.6570
15.9750
14.2110
10.2600
5.3960
1.1550
-0.8060
-0.7230
0.1790
1.1100
1.4970
0.6450
-1.0620
-2.2070
-1.8740
-2.4560
-5.2460
-6.8650
-6.7760
-7.4770
-9.0020
-6.2580
-0.1440
2.4140
2.4560
3.4330
4.6060
5.0460
5.4520
6.1170
7.1740
8.5620
10.6030
12.1040
12.0990
12.2470
13.8630
14.8920
14.9620
