9.9750
10.3140
10.2880
10.0050
10.0060
10.1450
9.8700
9.3860
9.8990
10.2890
9.9820
9.9670
10.1520
10.1990
10.2390
10.6200
11.5760
11.6780
9.4620
7.4820
8.5420
10.1740
9.4970
8.8340
10.9850
12.6440
11.7040
10.3820
9.9010
8.9780
9.2640
9.5330
9.3300
9.3150
9.6090
9.7850
9.6120
9.7070
10.3350
10.5110
10.0280
10.2680
10.5750
10.4060
10.6450
10.4280
10.1340
10.2600
10.0750
10.1210
9.8760
9.6010
9.9430
9.8480
9.5820
9.6180
9.5050
9.6740
9.9740
10.0960
10.3220
10.2110
10.0740
9.8320
9.1730
7.6130
8.1510
9.6990
9.7920
11.0620
12.1440
11.5870
10.0940
9.9400
10.3380
10.2320
10.1810
10.1850
10.3750
10.6270
10.5440
10.4950
10.6130
10.5120
10.3080
10.3790
10.5930
10.4720
10.0430
10.2490
10.5010
10.8540
10.8520
10.9310
11.5260
10.5370
9.8390
10.4720
10.5580
10.7030
10.8460
10.4030
10.1430
9.5890
9.3520
9.8730
9.9210
10.2100
10.8810
10.8200
10.4870
10.2740
10.4410
10.6850
10.6240
10.5150
10.2200
10.5130
10.8390
10.7300
11.0900
11.1000
10.3530
9.8160
10.2560
10.9180
11.0060
10.7100
10.9800
10.8430
10.3960
11.1420
12.1810
11.3980
10.2660
10.0050
10.5530
10.5220
9.7720
9.1090
9.0920
9.6480
8.9810
8.8720
8.8070
8.8070
9.4760
9.6350
9.6450
10.9430
11.5760
10.3630
8.7040
8.2600
9.9420
14.6650
13.8170
7.7160
5.3720
7.5060
10.4680
4.4030
4.1370
15.5180
17.5130
12.2770
11.2830
14.1710
14.4840
13.3360
12.8460
13.9740
14.8270
13.7050
12.2570
10.5090
9.9040
10.7350
13.3270
14.0430
12.6060
12.3430
11.5870
10.9940
10.3860
7.8210
5.6690
7.1380
13.9740
18.0940
17.4680
15.1540
5.1460
0.2770
3.5600
4.5500
13.0490
22.5230
24.7070
27.4310
24.8850
22.4220
21.6640
20.3690
24.1470
19.8830
16.7180
26.7780
28.4320
24.3730
25.4660
27.7150
29.2440
27.8860
23.4070
19.4880
18.2550
17.2910
16.6790
10.7310
4.6180
15.7400
25.1290
16.6020
-1.9590
-11.6740
6.3070
15.2570
9.8740
2.6140
-13.4920
-18.2380
-11.9080
-5.8990
-8.5150
-17.2040
-20.3470
-14.0480
-8.1950
-13.3900
-19.4020
-22.1970
-23.6200
-23.8060
-21.7030
-20.4310
-21.5350
-22.9110
-23.8370
-25.2670
-24.8230
-18.9840
-16.2180
-14.4470
-12.2910
-13.0210
-9.7140
-7.0500
-13.6190
-15.6860
-13.0490
-12.8710
-10.0120
-9.6720
-13.9640
-19.5510
-19.0350
-4.8690
-4.9140
-13.9050
-13.1880
0.6910
20.9760
25.7720
25.2740
23.3420
23.1230
28.0600
29.6270
26.1120
25.7450
28.5390
33.6650
38.2520
36.8370
31.3330
29.5020
28.0680
26.1540
27.7200
28.1620
28.5440
29.3160
25.0320
18.5930
13.6780
13.7780
15.5310
16.6720
17.6850
15.3550
15.3640
12.7780
7.3740
3.7950
5.3570
13.7010
21.4580
25.7560
25.5840
21.6200
18.5890
16.8380
15.9920
18.0160
