2.5360
2.6560
2.7300
2.7390
3.1520
3.5900
3.7140
4.0240
4.2560
4.1850
4.3590
4.8080
4.7430
4.3150
4.1970
4.1950
4.0280
4.0220
4.2260
4.2650
4.1290
4.1520
4.1620
3.9710
4.0590
4.1470
4.0760
4.1700
4.2340
4.1850
4.1130
4.1030
4.0870
4.2020
4.3000
4.3890
4.4240
4.1880
4.2530
4.3990
4.4470
4.6170
4.5310
4.3390
4.0480
3.7880
3.7750
3.9850
4.2920
4.1400
3.7580
3.7480
4.0140
4.0510
4.2450
3.8720
3.2880
3.9860
4.6620
4.4490
4.1170
4.1140
4.2400
4.4610
4.4840
4.4550
4.4260
4.1270
3.9010
3.9730
3.9360
3.9200
3.7010
3.3470
3.5170
3.5850
3.2060
3.1660
3.7170
3.8120
3.6950
3.8850
4.4340
4.7500
4.6890
4.4460
4.2520
4.1800
3.9330
4.1250
4.2630
4.3420
4.5940
4.6180
4.4860
4.2640
4.4880
4.7470
5.0630
4.7720
3.9030
3.9670
4.2120
4.1500
3.9370
3.8410
3.9540
4.5200
4.5690
4.1600
4.9170
4.3780
3.1790
3.7160
4.7100
4.5670
4.3800
3.9930
4.3230
2.7650
-0.0100
1.7590
3.5480
2.8350
2.0620
4.4640
5.3350
4.1280
3.2220
3.0280
2.1500
1.0000
0.9140
0.5200
1.1520
0.2760
-0.7350
-3.2560
-4.0420
-1.4700
-1.5890
-2.3070
-1.2490
-1.2100
-2.8420
-0.3510
0.1940
-1.4770
-1.6240
-0.2780
-1.2470
-4.5090
-4.5840
-5.4190
-5.3380
-3.4290
-1.1680
-1.0020
-1.4800
-1.1800
-3.1390
-4.1900
-3.1920
-2.4460
-2.8430
-3.3130
-1.7230
-1.5880
-2.2480
-0.3480
-1.3750
-3.9050
-0.8840
-0.3030
-3.2830
-2.4280
-0.4960
-2.7530
-4.4820
-3.5540
-3.6120
-3.4820
-5.0710
-4.1740
-2.5810
-5.4160
-5.8560
-3.1470
-2.6830
-3.3790
-4.2570
-4.3090
-2.2480
-3.1510
-3.5680
-3.6420
-7.0240
-7.1360
-2.6380
-2.1640
-3.7930
-3.3670
-6.5320
-9.7920
-7.9600
-4.4430
-2.7250
-4.6350
-5.7650
-5.8630
-4.5150
-5.8490
-5.5890
-1.8250
-2.9280
-5.0650
-9.1650
-7.7030
-4.1010
-4.3370
-5.8310
-9.3860
-9.7840
-6.6010
-4.8580
-5.4370
-5.8630
-5.4730
-5.7670
-7.1520
-6.6150
-4.5340
-4.9080
-6.9420
-8.1710
-6.9390
-5.7950
-5.4290
-6.2750
-7.1290
-6.3310
-7.2130
-6.8540
-6.6100
-6.7480
-6.9880
-8.2740
-7.1330
-6.9160
-9.2470
-10.4880
-10.4920
-10.5560
-11.2580
-9.4910
-8.4400
-8.2060
-7.3060
-8.9100
-9.5080
-9.6140
-11.2980
-10.4800
-8.7970
-10.3870
-11.2310
-10.3600
-10.9230
-11.3910
-12.2950
-14.6210
-15.2750
-15.0010
-14.9350
-15.4970
-15.1760
-14.4690
-14.6200
-14.7780
-16.2110
-16.1140
-13.7720
-12.7960
-14.0060
-15.0010
-15.4000
-14.8090
-14.6800
-15.8200
-16.2550
-15.4350
-15.6270
-16.0090
-15.9200
-16.2270
-16.6030
-16.4390
-16.4090
-16.8340
-16.1940
-15.3270
-16.2630
-17.5850
-18.1930
-17.2400
-17.1710
-18.9750
-19.8590
-18.9950
-18.1640
-18.4070
-19.3440
-20.1380
-20.6770
-21.8800
