22.6740
23.6290
24.0380
22.0780
18.6650
15.6970
15.5450
18.9340
25.4820
28.4290
28.6180
28.5910
26.9490
25.9600
25.8840
26.9230
27.5090
26.8160
27.3380
26.7270
25.2360
26.2190
28.7340
29.1320
27.5040
26.5350
25.9270
24.1270
23.1030
25.5880
26.4220
26.8030
26.6720
26.5410
27.0350
27.5010
27.0170
25.3690
23.7520
22.9060
23.5630
23.7450
22.6480
21.7840
21.6350
21.4900
21.5530
21.4750
21.4890
21.5250
21.3410
22.0470
22.6930
23.1400
23.0300
22.3880
21.8800
21.1800
20.1880
19.1810
17.0210
16.0190
15.6020
14.3440
13.2520
12.3240
12.6900
15.6230
18.3150
17.8700
18.5420
20.3650
19.4410
17.3860
15.4010
14.7880
15.8010
13.5370
10.9630
11.7310
10.6910
7.4280
3.6320
5.9610
7.7240
6.0810
5.0650
1.8930
2.5500
3.3470
-0.2770
-1.8490
-3.0140
-3.9340
1.7950
4.3470
2.4220
6.0380
9.2960
8.5520
4.4480
-1.2670
-4.5310
-4.0010
-0.3000
3.1180
1.7230
-1.4620
3.9880
10.1410
5.6290
1.2440
-0.1210
-1.4860
-1.8570
-1.6700
-4.3660
-3.1050
4.4110
8.3320
4.0740
-2.1410
-4.3730
-4.8790
-3.0590
0.2080
1.5360
-0.1600
-0.0200
3.0860
2.0840
-1.2020
-1.9520
2.4340
-0.0070
-6.7020
-9.0580
-8.2820
0.5390
1.2240
-2.1650
2.3350
-0.0990
-5.6430
-4.0830
-3.7780
-3.5060
-3.2640
-4.2390
-5.6670
-6.4570
-7.2480
-2.3140
2.4280
-3.4640
-6.2480
-5.1090
-3.3300
-2.8080
-2.4450
-2.8930
-3.1860
-3.3320
-4.3360
-2.3240
-1.1180
-5.7750
-7.1580
-2.9190
-4.6560
-11.7610
-14.8400
-12.2620
-3.6440
2.2630
-1.8380
1.6030
6.5700
1.0760
-1.7830
-3.5470
-4.3690
-3.8660
-4.1150
4.8720
3.4630
-3.1830
-1.6800
-1.8950
-2.9650
-5.8690
-5.7120
-0.3940
0.3760
-7.2900
-12.2270
-12.7070
-13.6530
-10.6110
-4.4540
-1.7990
-3.5450
-3.4810
-2.2450
-3.2300
-3.5710
0.8610
-3.1900
-12.3870
-14.2190
-8.2520
-6.0920
-13.1770
-14.1150
-8.1720
-8.4240
-8.4401
-8.4562
-8.4723
-8.4884
-8.5046
-8.5207
-8.5368
-8.5529
-8.5690
-10.4540
-9.0030
-6.7650
-5.1360
-3.0460
-3.6110
-7.5070
-9.2000
-4.7760
-5.6690
-10.7240
-7.3480
-6.9080
-6.9400
-13.4880
-17.7510
-7.8800
-9.1060
-15.7090
-15.6650
-14.5410
-12.6300
-14.5370
-13.7490
-6.1860
-6.2920
-9.4570
-5.0170
-5.1730
-5.0510
-3.4560
-8.2710
-10.9620
-7.9270
-10.4140
-17.1030
-15.4630
-12.7160
-13.4200
-15.0500
-12.4490
-10.7170
-12.4740
-12.8220
-12.6412
-12.4604
-12.2796
-12.0988
-11.9180
-11.7372
-11.5564
-11.3755
-11.1947
-11.0139
-10.8331
-10.6523
-10.4715
-10.2907
-10.1099
-9.9291
-9.7483
-9.5675
-9.3867
-9.2059
-9.0251
-8.8443
-8.6635
-8.4826
-8.3018
-8.1210
-7.9402
-7.7594
-7.5786
-7.3978
-7.2170
-6.8010
-6.0430
-6.2740
-5.8900
-5.6920
-6.6060
-6.6680
-6.5670
-6.3630
-6.6870
-6.7740
-6.4450
-6.0970
-6.0960
-6.1370
-6.2070
-6.7810
-6.5570
-6.0160
-6.3140
-6.0330
-5.3880
-6.1310
-6.4280
-6.4440
-6.6650
-5.9210
-5.5660
-5.9490
-5.9640
-5.8860
-5.9350
-6.4320
-6.7670
-6.4910
-6.1820
-6.1860
-6.3550
-6.2560
-6.9960
-7.6490
-7.4560
-7.1100
-6.8230
-6.9010
-6.9890
-7.2140
-7.4550
-7.5520
-7.2320
-6.6740
-6.3950
-6.2930
-6.3370
-6.6270
-7.0920
-7.3280
-7.1320
-7.1430
-7.2400
-7.1900
-7.2250
-7.2650
-7.1972
-7.1294
-7.0616
-6.9938
-6.9260
-6.8380
-6.7850
-6.7600
-6.7010
-6.7510
-6.7850
-6.6180
-6.6390
-6.8620
-6.9060
-6.8290
-6.8370
-6.7940
-6.9640
-7.1000
-7.0990
-7.1640
-7.0070
-6.9240
-6.9660
-6.8910
-6.8710
-6.7980
-6.6810
-6.8850
-7.0060
-6.9200
-6.9350
-7.0170
-7.0910
-7.1760
-7.2440
-7.1570
-7.1390
-7.2660
-7.3330
-7.3220
-7.3280
-7.3430
-7.3020
-7.3060
-7.3800
-7.4050
-7.2570
-7.1470
-7.0930
-7.0580
-7.1600
-7.2090
-7.2480
-7.2900
-7.3230
-7.4450
-7.4800
-7.3310
-7.1370
-6.9460
-6.7620
-6.6540
-6.6270
-6.7420
-7.0700
-7.1150
-7.1940
-7.1850
-7.1150
-7.1130
