27.2980
26.7100
26.2340
26.0910
26.6480
26.4620
25.3800
24.1720
23.6690
23.5150
23.7180
24.4050
23.9170
22.7020
22.1890
23.7020
26.6280
27.4960
25.6440
22.6270
20.3940
18.7800
17.2780
16.4660
15.5360
12.0350
9.0190
15.4380
22.5060
22.7280
21.0260
16.0010
10.4490
11.9170
14.7760
14.4320
13.2960
11.8560
12.2770
12.2930
10.8940
10.9700
13.0950
11.4540
12.7880
15.6430
13.6180
10.7340
6.3200
2.4420
3.2340
6.3010
8.7960
5.9170
0.1970
-2.8010
-0.4180
7.0910
7.3100
4.7500
3.5690
1.7410
0.3670
-0.1780
2.5860
2.8570
-3.4890
-6.8900
-3.8830
-2.0990
-1.8780
2.4910
10.8710
10.5490
3.5700
5.2910
5.3160
3.0590
2.8500
0.7900
3.2940
2.7120
5.8440
9.5980
6.9760
5.2100
2.6200
6.2650
8.5210
-6.8440
-13.9280
-6.8700
-1.1510
-2.2720
-4.1680
1.5060
1.9920
-1.8550
-4.4690
-2.4260
-3.8590
-8.3580
-8.4350
-8.6840
-7.2660
-1.9350
9.0640
11.4700
6.0450
-2.1790
-6.7190
-5.0020
-9.3900
-9.5530
-2.6390
-2.1060
4.1800
13.5760
9.5380
6.6970
8.2030
1.4660
-7.0950
0.7640
16.0750
22.2230
19.0080
14.6360
12.7810
13.9630
10.1000
4.7870
2.5370
2.7660
7.5300
9.8180
8.3750
6.4390
7.2530
14.6950
14.5550
-0.0690
-5.5840
-1.1430
2.8630
4.5210
3.5500
2.2990
2.3700
2.5030
3.8690
0.8350
-0.8180
-0.8460
-7.9430
-10.2760
-7.2040
-2.3430
2.0620
3.8870
4.0160
2.8340
0.1430
-2.5000
-2.6830
0.5570
-0.9380
0.5730
3.0090
-0.6280
2.6480
5.9970
2.3140
0.1730
0.7730
0.5480
-3.8680
-4.6980
0.0400
0.7550
-0.3480
0.1720
3.3020
5.3170
8.2930
10.8200
12.1670
13.5710
11.5810
9.0350
7.1420
7.0970
5.9350
6.0600
10.9340
14.0250
10.5870
7.3390
5.7180
4.2800
5.9090
10.2340
9.9240
7.6190
9.6740
10.3290
7.0070
1.1270
-2.3870
-2.3680
-1.5890
1.0360
3.6430
3.8280
4.1740
5.0850
1.9180
-0.2260
1.1430
3.4170
3.2250
-0.0570
3.1870
11.6030
11.5450
3.9710
1.2420
2.3940
2.4450
4.2900
8.7790
14.2940
12.8270
4.2750
2.6120
6.5490
7.3850
5.2480
3.9520
3.1820
4.5080
1.9300
1.7010
8.3000
9.2900
8.1860
9.3230
6.4710
2.6050
2.7880
6.7710
11.6380
11.5470
10.9180
10.1930
8.0920
6.6010
3.2110
1.8100
2.0830
3.0200
5.8300
10.3660
9.2230
4.3860
3.0510
3.1280
3.2510
3.1430
3.0230
2.9350
2.7870
2.8280
3.0020
3.0290
2.8890
2.6750
2.7900
3.0100
2.8450
2.8170
3.0000
3.1260
3.1400
3.1750
3.2090
3.1350
2.7410
2.3390
2.4630
2.5110
2.4360
2.6680
3.1600
3.4490
3.4070
3.3770
3.3670
3.4000
3.4860
3.5160
3.4940
3.4680
3.4970
3.5190
3.4040
3.2740
3.2570
3.2200
3.1620
3.1580
3.1170
3.1710
3.3850
3.2680
3.0010
2.9490
3.1480
3.6610
4.1530
4.2510
4.2710
4.6940
5.2460
5.2530
4.6400
4.4190
4.6340
4.8530
5.1600
5.1340
4.4650
3.6940
4.5560
4.5920
2.2230
0.6850
0.6810
0.5000
0.8040
0.3910
0.4680
2.6800
1.3790
2.6260
3.8460
2.9300
4.1860
3.7700
3.8750
4.5350
4.8630
4.6350
4.1450
3.8330
3.8400
3.9750
4.1060
4.2800
4.3250
4.2980
4.2840
4.1360
4.0580
4.1130
4.1680
4.1360
3.9660
4.0500
4.0550
4.0260
4.0010
3.7610
3.5080
3.3640
3.4600
3.6320
3.9310
4.1930
4.1280
3.9090
4.0020
4.1900
4.2090
4.1570
3.9210
3.7590
3.8560
3.9160
3.8840
3.9030
3.9100
3.8630
3.7940
3.7800
3.7940
3.7590
3.6880
3.6260
3.2060
2.0660
0.8440
0.2300
-0.5790
-1.3800
-1.3510
-1.1070
-1.0650
-1.0980
-1.0470
-1.1760
-1.4700
-1.6800
-1.7470
-1.7150
-1.7020
-1.7200
-1.7110
-1.6930
-1.6620
