-0.7300
-1.5920
-2.4560
-2.1060
-0.8560
0.4110
-0.2260
-1.4220
-2.6400
-2.1290
-0.4570
7.0550
6.4270
3.9530
3.1590
2.4630
0.3840
-0.9350
-2.0990
-3.9010
-2.9950
0.0670
0.2070
-1.2350
-3.4950
-10.1180
-16.0680
-16.1090
-13.4890
-13.2930
-11.6070
-8.0550
-8.4370
-13.1730
-16.2480
-14.8100
-13.4560
-15.0220
-16.1160
-15.3700
-15.4040
-14.2570
-9.9710
-4.6650
-3.1790
-2.9040
-4.6420
-8.2250
-9.4740
-10.3960
-9.3870
-7.8130
-6.6730
-5.1380
-7.3300
-9.9500
-10.3520
-10.3640
-9.2890
-9.0680
-10.6660
-10.3780
-8.1050
-7.2800
-6.1550
-7.2810
-7.6020
-7.2880
-4.5400
-1.5610
-3.1670
-5.2200
-6.5190
-1.9630
0.4460
0.0300
-1.7070
-4.9500
-6.7080
-5.2520
-3.5930
-1.5650
7.1100
11.1280
4.6720
-4.0330
-9.4100
-3.6020
5.6140
7.0600
3.3680
-0.6780
-0.9440
1.5430
1.2540
0.2920
5.8130
11.1000
7.8180
7.8880
12.5770
14.8660
14.3220
11.2460
9.6860
9.3450
4.5390
2.3940
5.7920
3.7020
4.0370
9.0410
6.2840
1.7540
1.8010
-1.5790
-0.0550
7.7720
10.3050
8.3620
7.2870
8.1200
6.4050
6.5390
7.5990
6.8570
-0.1020
-3.6490
4.4290
9.5300
10.1080
9.0770
6.8940
1.9050
2.8480
8.9750
10.0170
8.3440
9.5140
10.5820
8.0320
6.3950
5.9880
4.5850
3.2730
1.0910
1.1280
8.5760
14.9600
14.2820
10.8960
0.5000
-1.4270
8.9100
11.6690
13.1400
11.5040
9.6580
8.0850
4.7190
3.0180
7.8420
7.7000
6.6330
11.4890
13.8300
12.9960
8.2840
5.3810
7.4710
9.0070
10.1770
12.6210
13.8270
13.2080
8.7700
0.9870
4.6380
11.8230
11.5740
6.2580
-1.9620
-7.1080
-4.7230
7.0010
9.9040
4.1750
2.8760
-2.6630
-1.8030
7.7980
9.7130
7.6500
2.6930
-5.7150
-6.7540
0.2980
5.0660
2.1500
-3.7340
-6.8980
-8.1500
-0.0050
5.9180
0.7370
2.5700
8.2990
10.3860
12.0380
9.1410
2.8290
-1.1060
0.9330
6.2380
12.4650
13.8100
3.2210
-1.8540
-1.2160
-0.6160
6.0310
4.9750
1.2170
4.3960
5.9940
4.4380
6.4460
6.5890
5.3820
4.3650
3.0180
4.6910
6.3090
6.5000
3.7730
2.7090
4.9080
5.9460
5.5070
4.5200
4.9810
6.0400
5.2560
5.3240
5.2950
4.1140
3.2500
3.5170
4.0380
3.5540
2.9600
3.9710
1.7480
0.0470
2.0020
3.5100
7.1660
6.9730
3.8130
4.3750
6.2480
5.3660
2.6510
2.8020
5.7290
7.3110
5.2070
3.5480
3.4880
3.2260
3.6700
3.9870
3.8020
3.7130
3.9530
5.0350
4.5270
1.5080
0.2940
2.9500
5.5800
5.5970
4.2930
3.7270
3.6790
3.7840
4.1160
4.0330
4.3450
3.7830
3.1200
4.4180
5.6450
5.6640
5.5690
5.1180
3.9260
2.9420
3.4640
4.4620
5.7280
5.1300
3.2360
2.2040
3.5370
5.0290
5.3320
6.4630
8.5080
5.1920
0.4140
1.3090
2.8010
2.2470
2.5780
4.2300
5.8020
5.0420
2.5080
1.6830
1.2350
0.9300
2.4340
4.6580
4.9310
3.7200
2.7800
2.1890
2.4870
3.7200
4.7080
5.3570
6.1570
5.5520
3.9670
3.1120
2.8770
3.6270
3.7800
3.1100
3.1130
3.3330
3.6280
4.0800
4.6100
4.2290
3.7820
3.8240
2.1940
1.4060
2.7830
4.2860
5.3610
4.2610
2.4780
2.8230
4.4740
5.3310
5.6910
5.9130
4.6550
3.3640
3.6030
3.7290
4.0160
3.9480
2.1150
2.0870
4.2990
5.8880
6.1570
4.5500
2.8220
3.1430
4.3410
5.4720
5.6760
3.8720
2.7430
3.7200
5.2380
5.8030
4.8110
2.3590
1.6640
3.0500
4.7340
6.1020
5.6800
3.4880
