24.9700
26.2260
27.9870
29.0380
29.3380
28.0390
26.7400
26.8680
25.6540
24.9410
25.9450
26.3000
26.9110
26.6080
24.0040
23.1430
25.7150
27.1660
25.6390
24.0160
23.8210
23.4470
21.0060
18.2350
17.6080
17.8560
17.9900
18.2500
18.9050
19.4890
19.3770
18.5010
17.7440
17.7370
18.9620
19.3930
18.4750
17.2500
16.5940
17.4100
18.6590
19.5620
18.6360
15.9770
14.9010
16.2290
17.0100
16.1000
15.3630
15.3530
15.0790
14.9250
15.8030
17.4390
17.6050
17.1530
17.5790
15.8020
15.1910
14.8100
14.8160
16.1910
14.9540
12.1760
11.7880
13.4190
15.0040
14.7450
13.9220
13.9700
12.8020
10.9930
10.1860
11.3080
13.4030
13.9610
13.4950
12.3700
11.1710
9.8460
8.5420
9.0160
8.8690
9.7580
12.1730
11.2670
9.9180
9.3400
9.4250
10.1750
10.2500
10.0910
11.4970
12.1690
10.5100
9.5540
10.4310
10.5340
10.0570
10.3450
9.6370
10.1610
12.5310
11.2630
6.5440
1.5190
-1.4820
-0.9060
0.9200
3.1400
5.5870
5.9560
6.0760
6.1870
3.5650
1.4950
1.4030
0.8770
0.9890
1.6700
1.5840
2.1980
4.0330
5.2440
4.8330
5.1340
5.2360
6.1110
7.1470
6.6800
6.1030
6.3400
7.3500
7.6080
7.3320
6.7180
6.3480
6.4240
7.0070
8.9380
10.2720
9.2570
6.9450
7.2470
8.7530
8.4790
8.1920
8.7360
8.8770
8.5460
8.4510
8.6810
8.7160
8.2070
7.7380
7.9110
7.9670
7.9890
8.6760
8.8770
8.7840
9.0070
9.0080
9.0590
9.2980
9.6330
9.1040
8.6160
8.6320
8.5680
8.3590
7.0770
5.4880
4.6180
5.9340
6.4030
6.8960
6.3070
5.3690
5.9990
6.1400
5.0130
4.3980
4.5040
4.6150
5.3950
4.9720
3.9680
3.9820
3.6250
2.9830
3.4210
3.9620
4.2220
4.0270
4.0020
4.3320
3.8720
4.0090
3.8670
3.2790
3.5020
3.2070
2.6950
3.4350
2.4860
0.0490
0.9670
2.6780
-1.1780
-5.0230
-6.0600
-6.8800
-6.5040
-5.4400
-2.8040
-0.3580
1.0090
0.4600
-0.3380
-1.0360
-2.0330
-3.0560
-4.1960
-2.2970
-1.5810
-2.8530
-2.5400
-2.3520
-4.0800
-6.1310
-6.7960
-8.1950
-8.4240
-7.3540
-9.4130
-10.6120
-11.0960
-13.8780
-13.4330
-15.4280
-18.6150
-14.8630
-11.1110
-8.4940
-4.3950
-5.6690
-6.6020
-7.3440
-7.1400
-3.2840
1.3940
0.0730
-2.0270
-2.5900
-3.6880
-3.4020
-4.0460
-1.8120
-1.5310
-3.6710
-4.1210
-3.1490
-4.3190
-3.1760
-2.2890
-3.8760
-3.4910
-3.0990
-3.3610
-4.0050
-5.2770
-3.0150
-0.6550
-3.0260
-4.2830
-4.5440
-4.7430
-5.2810
-5.3190
-3.7640
-3.3860
-3.1890
-2.6520
-3.4530
-4.2970
-6.0140
-6.1700
-5.7470
-4.2980
-4.4580
-5.6320
-2.4960
1.8390
6.4600
5.5680
-2.6360
-8.4240
-4.2070
-1.0330
-6.2230
-9.1100
-10.7010
-8.1200
-2.3500
-5.9430
-8.4600
-7.0940
-5.3480
-3.5560
-2.9400
-4.2770
-6.9040
-6.1690
-5.2960
-6.1260
-5.6990
-6.9920
-9.0190
-9.0000
-4.8740
-1.1300
-3.5050
-7.8890
-9.2790
-6.0990
-1.7710
-3.5510
-8.2230
-10.6490
-11.3420
-7.5700
-4.7140
-8.1500
-10.4500
-10.1670
-8.6860
-5.5070
-5.8690
-7.7750
-8.9450
-9.2910
-8.5300
-6.4730
-5.0760
-4.9410
-3.7840
-6.0050
-10.1840
-11.3960
-8.1410
-2.3970
-0.1960
-1.5590
-5.9820
-9.5510
-8.4640
-4.7800
-3.9970
-6.2870
-7.7680
-6.6030
-5.4320
-6.2550
-7.9730
-8.1310
-8.2354
-8.3398
-8.4442
-8.5486
-8.6530
-9.8490
-10.8630
-9.0550
-5.9520
-3.6520
-4.0640
-6.7910
-7.5360
-6.5650
-7.1940
-6.9260
-5.6030
-4.7790
-4.8200
-4.9740
-4.9640
-4.7180
-3.2830
-3.2070
-3.7530
-3.6150
-4.0820
-4.0880
-3.6170
-4.2790
-4.5960
-5.0340
-5.8300
-5.5100
-4.8670
-4.8210
-5.5280
-5.8380
-5.8710
-5.7750
-5.1040
-4.5320
-5.3580
-6.4970
-6.7010
-4.4580
-4.6540
-4.8530
-4.5460
-4.6190
-4.0050
-4.6450
-5.3850
-5.0600
-4.7140
-4.9100
-4.8350
-4.4360
-4.1610
-4.4980
-5.2630
-5.0970
-4.7140
-4.2940
-4.0560
-4.0620
-3.9350
-3.3530
-3.7160
