2.3340
2.5040
2.5150
2.3330
2.2780
2.5690
2.8640
2.9250
2.9400
3.2400
3.5360
3.7800
3.7450
3.5920
2.8860
-0.9780
-4.1140
-4.0450
-3.7240
-3.1720
-2.8500
-2.8980
-2.9300
-2.4350
-1.7970
-1.5140
-1.6140
-1.5150
-1.0300
-0.8250
-0.4500
0.0810
0.2100
0.5120
0.9930
1.4110
1.8420
2.4990
3.1490
3.6330
4.2970
3.5590
2.9960
3.6350
3.6360
3.2180
2.9630
2.7530
2.6300
2.6630
2.4420
2.2170
1.9320
1.8620
1.7610
1.5820
1.8020
2.9610
5.0950
5.9710
5.4130
4.9790
5.5930
5.6430
5.5560
5.8790
5.3990
5.3840
6.1140
6.0580
5.8620
6.1110
6.2230
5.8180
5.3790
5.1160
5.3050
6.2000
6.3090
5.8670
5.1580
5.3980
6.0350
5.8220
5.5050
5.1520
4.8360
5.1330
5.5830
5.6430
5.8490
6.3530
6.3720
6.1750
6.1643
6.1537
6.1430
6.2500
5.8170
5.4990
6.1920
6.4500
5.7000
4.2600
3.3010
4.3200
5.7810
7.4320
7.3190
7.0910
6.9410
5.2580
5.1240
6.1630
6.3270
7.9430
7.8770
4.2320
3.0890
2.6480
2.8100
4.4420
2.6350
2.7580
6.0260
7.1580
7.9250
6.8810
5.8280
6.4080
5.8280
2.9370
6.1900
11.3510
6.5460
2.3780
4.2270
3.9300
5.2040
9.5190
10.1600
7.5460
7.7220
10.7040
10.4010
8.8370
5.3200
3.7840
6.0470
9.0320
9.3000
5.7880
3.8690
4.8300
5.7230
7.8100
8.1560
5.7460
4.6040
3.3930
3.5430
3.5570
4.3080
8.0510
9.6910
9.7390
13.2500
10.3250
5.0200
4.4370
4.0580
4.7170
6.3690
9.2370
10.3050
9.5430
8.7990
5.5290
1.3800
-0.2480
-0.0030
5.5560
8.1630
7.1080
8.6880
8.3790
7.1800
5.3810
2.3030
1.7990
4.8940
5.0200
4.3520
5.5430
6.6890
7.2660
6.7870
6.1920
6.2720
6.2960
6.7710
7.8330
7.7490
8.4930
7.9140
6.2440
4.4640
4.0320
6.6170
7.8080
7.9470
8.8260
7.5550
6.6880
8.1710
8.0480
7.2230
8.8200
9.9620
8.8520
8.7840
6.5160
6.4740
8.1110
2.8720
1.5430
0.2420
1.8900
7.2500
7.0450
3.5310
2.3860
5.2990
6.0580
2.3500
0.3100
2.6120
5.2550
2.9330
-0.2110
1.6630
0.7930
-3.6210
-7.2050
-5.7770
-2.1180
1.8210
5.4910
7.3110
1.2950
-5.0750
-7.5260
-9.9130
-8.8860
-7.4550
-7.8810
-11.2200
-11.4260
-7.0090
-4.9200
-0.6640
1.7030
2.7760
3.0830
-0.4520
-1.4070
2.1300
7.7230
7.1140
1.2800
3.2250
6.6570
4.2630
3.0820
8.4620
9.7960
2.0650
3.6660
7.7490
5.4870
4.8030
3.6940
1.1990
3.5510
9.5210
8.5610
4.5430
6.0660
6.0460
5.5300
0.1810
-3.5420
5.3550
3.8200
-1.7680
1.5930
3.4480
6.0420
6.4070
6.0620
3.3660
-4.9580
-5.3760
-0.0440
-1.6690
-16.7870
-28.0990
-21.4840
-8.9540
-8.6080
-13.5180
-9.3330
-9.4540
-11.9670
-9.3130
