-19.5490
-20.8420
-21.2260
-21.7330
-20.9570
-18.9490
-18.7840
-20.9630
-21.0440
-19.4830
-17.8930
-16.5760
-15.5010
-14.8520
-14.9770
-14.2550
-13.5790
-14.0630
-16.0840
-16.7640
-14.8160
-14.5180
-15.5420
-18.2230
-17.9800
-16.4350
-17.3290
-16.0690
-16.8560
-17.6700
-17.5790
-17.4080
-14.6200
-12.7440
-12.4210
-12.2780
-12.6280
-11.4610
-10.1230
-9.8610
-8.0030
-7.8340
-5.6780
-4.1260
-6.1680
-5.5650
-4.8430
-1.6240
0.4410
-3.4890
-5.0590
-5.1180
-5.9720
-7.7190
-9.2470
-9.2880
-9.6630
-7.6980
-5.7330
-3.7680
-1.8030
0.1620
3.5950
3.7400
0.5720
-1.0740
-2.9910
0.3930
4.0450
5.5960
2.0630
-2.0450
0.8350
1.2570
-1.6500
-1.4140
2.1560
1.0000
-1.5720
-2.8320
-5.6350
-2.7230
0.7450
-2.0470
-2.9730
-1.5160
-1.3300
0.2370
1.8650
4.0180
4.1390
1.8010
-1.1210
-2.9610
-3.6000
-2.8870
1.2380
6.2090
7.7320
8.1610
2.7000
-2.8950
-0.3510
-0.5400
-2.6650
-0.5220
-0.3500
-2.5070
-2.4310
-1.6320
-1.6530
-1.2000
-1.4230
-2.5790
-1.4670
-0.3950
0.0840
-0.0330
-0.4410
0.7450
5.5060
2.6010
-1.3220
1.7360
2.4210
3.5390
2.1320
-0.1220
0.9510
1.3450
1.4690
5.2860
6.1130
4.9230
3.0150
-0.9740
-2.4780
-0.6510
1.1380
4.2910
5.5590
3.1610
4.8850
6.5000
5.6310
5.1390
4.4330
4.0180
4.4680
4.3140
3.8760
3.7680
2.1940
2.5900
2.2800
2.1410
3.9470
4.9110
5.4710
4.6340
4.4880
4.2380
4.6630
5.3110
5.4990
5.5910
4.9800
4.6680
4.9210
5.0670
5.2240
5.2610
5.1980
4.5570
4.1850
4.4390
4.4270
4.2080
4.3480
4.6010
4.3230
3.9910
4.1310
4.2650
4.0050
3.5980
3.5910
4.0120
4.0430
3.6920
3.7440
3.6610
3.3980
3.8150
4.4120
4.2940
4.3070
4.5750
4.6980
4.8380
4.2330
4.1750
4.6730
4.1910
4.5830
4.6950
2.4190
3.0840
3.8010
1.4040
0.4920
0.3790
0.3540
-0.0830
0.1960
2.0700
2.9130
3.1980
1.7670
-0.3520
0.3330
2.3570
1.5010
-0.0940
0.9830
1.4150
1.5830
1.7810
1.7190
1.8900
1.5030
1.2980
1.2530
1.6080
1.9020
1.8390
2.0250
2.1950
1.9810
2.0380
1.9030
1.7090
1.9510
1.9820
1.9390
2.1290
2.2750
2.3030
2.0740
1.8280
1.7660
2.0910
2.3600
2.4250
2.6970
2.6550
2.2390
1.8720
1.6700
1.6930
1.8140
1.8720
1.9650
1.8320
1.6510
1.6730
1.7290
1.7320
1.7680
1.9080
2.0500
1.9160
1.8150
1.9110
2.0050
2.1200
2.0000
1.9340
2.0160
1.9640
1.9240
1.9670
1.9260
1.9310
1.9710
2.0430
2.1010
2.0270
2.0060
2.0040
1.9220
1.8810
1.8910
1.8750
1.8500
1.8250
1.7730
1.7050
1.6270
1.5900
1.5950
1.5890
1.5890
1.6080
1.7060
1.8450
1.9500
2.0200
2.0800
2.1290
1.9910
1.8530
1.8100
1.7700
1.7460
1.7620
1.7680
1.7460
1.7910
1.7330
1.5400
1.4720
1.7310
1.7530
1.5390
1.5590
1.5920
1.6180
1.6130
1.6280
1.5880
1.4500
1.4370
1.3580
1.1660
1.2640
1.4750
1.5590
1.6010
1.6560
1.7170
1.7740
1.7920
1.8710
1.9500
1.9130
1.8090
1.5630
1.4120
1.5790
1.7210
1.6710
1.6270
1.5600
1.4530
1.3980
1.5330
1.7070
1.7040
1.6720
1.6940
1.8060
1.8600
1.8280
1.8410
1.8840
1.9400
1.9590
1.9740
1.9680
1.9870
2.0520
2.0800
2.0130
1.7030
