0.7140
-12.1050
-18.3960
-15.5060
-15.5700
-9.9620
4.4050
8.0720
3.4570
2.6820
1.0480
1.3300
5.8160
-0.0150
-5.9250
0.8170
5.4330
1.0040
1.5160
5.4650
3.7030
3.2840
2.5750
0.4300
1.0530
0.5760
-1.3270
1.0330
5.4560
10.7730
8.5790
1.8550
9.8400
19.4390
12.5380
7.3210
3.1330
-3.9370
-3.0710
1.2700
3.1570
0.2320
-6.5332
-13.2985
-20.0637
-26.8290
-25.3530
-16.9327
-8.5123
-0.0920
-2.5990
-0.6890
0.9930
-1.7600
-5.8840
-4.5300
-1.3760
-1.3110
-1.6640
-3.5580
-5.3870
-0.9210
-3.6030
-4.1960
3.9230
3.5880
-1.5010
-9.5050
-9.6450
-4.7810
-3.1590
-4.3110
-3.0650
-2.8480
-4.2440
-4.5830
-8.5860
-9.2900
-9.0400
-7.6620
-7.6880
-11.4990
-9.5990
-7.2000
-7.2490
-6.7430
-9.3540
-7.5280
-5.3510
-6.0110
-5.4660
-5.7985
-6.1310
-6.8880
-6.1570
-5.8640
-5.8920
-6.1320
-9.3030
-14.1060
-14.0630
-14.9590
-12.8500
-6.8590
-6.4720
-6.1590
-6.5670
-6.5490
-5.5930
-5.2510
-8.6380
-8.1670
-3.5280
-3.9880
-6.0060
-6.7660
-5.9190
-5.2720
-5.5490
-5.6280
-5.8840
-5.9190
-4.8510
-5.1500
-4.5330
-4.6740
-5.6050
-5.1880
-5.8430
-5.9970
-5.5890
-7.8380
-7.5950
-6.1300
-7.0620
-5.7640
-5.2400
-5.4770
-5.1080
-4.8760
-5.5590
-5.6660
-6.2960
-6.9380
-7.8890
-9.4310
-7.1330
-6.2410
-5.5870
-4.4400
-5.7600
-6.4680
-5.5310
-7.1670
-7.3710
-4.2750
-2.2650
-2.0710
-1.7010
-1.4350
-3.4170
-2.5610
-3.8120
-6.3940
-7.4100
-7.1450
-7.4560
-8.4490
-7.3680
-6.9600
-6.7300
-6.1700
-5.7350
-5.5420
-5.4680
-5.4480
-5.3890
-5.3620
-5.3600
-5.2230
-5.1860
-5.2700
-5.2480
-4.9210
-4.6990
-5.0340
-5.3890
-5.4190
-5.3820
-5.3610
-5.3520
-5.3830
-5.3540
-5.3580
-5.4850
-5.6410
-5.6900
-5.7040
-5.5630
-5.4210
-5.7210
-5.9740
-5.9890
-6.0780
-6.0650
-6.0490
-6.1410
-6.0611
-5.9811
-5.9012
-5.8213
-5.7413
-5.6614
-5.5814
-5.5015
-5.4216
-5.3416
-5.2617
-5.1818
-5.1018
-5.0219
-4.9419
-4.8620
-4.7690
-4.7390
-4.9210
-5.1490
-5.0620
-4.9930
-5.1250
-5.1750
-5.1020
-5.0280
-5.1680
-5.1720
-4.9750
-4.9880
-5.1240
-5.0780
-4.9790
-4.9550
-4.8100
-4.7820
-4.9370
-5.0750
-4.9850
-4.5190
-4.6740
-5.1140
-5.2520
-5.2770
-4.9920
-4.7280
-4.6470
-4.7780
-4.8800
-4.7980
-4.7520
-4.8190
-4.8340
-4.8050
-4.7510
-4.6710
-4.5980
-4.5800
-4.7090
-4.8410
-4.8850
-4.9150
-4.9860
-4.9810
-5.0020
-5.0240
-4.9110
-4.8620
-4.8510
-4.8330
-4.8900
-4.9170
-4.9260
-4.9910
-5.0180
-4.8680
-4.7120
-4.6960
-4.7130
-4.6890
-4.7210
-4.7580
-4.5630
-4.6260
-4.9480
-4.9950
-4.9630
-4.9470
-4.9170
-4.8990
-4.9130
-4.9350
-4.9560
