-16.3590
-14.7460
-13.6110
-14.0310
-15.2660
-15.9920
-16.4520
-16.9200
-17.3550
-16.7410
-15.8120
-15.5860
-14.7590
-13.6010
-12.7760
-11.9150
-12.2530
-13.0810
-13.2590
-14.0820
-15.5300
-15.0410
-13.1610
-12.1550
-10.7740
-8.9720
-7.1500
-5.5010
-3.4830
-0.4490
2.8590
3.2250
0.9740
-2.5030
-0.2480
5.7300
5.7891
5.8483
5.9074
5.9666
6.0257
6.0849
6.1440
6.2031
6.2623
6.3214
6.3806
6.4397
6.4989
6.5580
6.6171
6.6763
6.7354
6.7946
6.8537
6.9129
6.9720
7.0311
7.0903
7.1494
7.2086
7.2677
7.3269
7.3860
7.4451
7.5043
7.5634
7.6226
7.6817
7.7409
7.8000
8.3260
6.6140
7.4280
9.6110
7.4730
7.9320
10.3740
11.8730
10.8300
6.5360
2.2020
-0.7540
1.6060
9.9050
12.1060
8.5010
7.9090
7.7520
6.6100
8.1010
10.5880
9.3590
9.4500
10.7890
10.1860
10.8930
10.7760
9.5120
10.2130
10.3320
9.9470
10.5840
11.6040
10.0780
6.4640
9.2840
12.8960
11.0700
9.7670
10.1500
9.1880
6.3470
3.5080
3.1100
7.7550
11.3960
10.3410
8.2470
8.9790
9.7020
10.4480
11.0070
12.3000
14.0690
13.3590
12.1490
11.4480
10.9360
11.4430
12.6540
13.7710
13.7650
12.9250
12.0190
11.3580
12.1340
14.5080
14.9700
13.4810
12.3480
10.6150
10.0880
12.6630
14.2820
14.3510
13.2050
10.7500
10.0120
12.7510
15.5100
15.3090
12.7720
10.1030
12.2890
15.1600
14.4700
12.6670
13.4980
13.0440
11.2910
11.6940
12.4950
13.5180
12.5820
11.0820
12.6010
14.7740
14.1830
12.6890
12.1240
11.4580
12.9610
14.6830
13.5520
12.8880
12.6700
11.9970
11.2890
11.5420
12.8590
13.5320
12.9190
12.2080
11.3630
11.8570
13.4040
13.5450
12.6690
12.0430
10.9560
12.2310
14.8300
13.7690
12.0390
11.6480
11.1700
11.3790
12.9600
14.0460
13.0970
11.6330
12.6900
12.8020
12.3430
13.4820
12.8410
11.7240
11.7320
12.6200
13.0880
13.6440
13.8420
12.4710
11.5520
12.1200
13.3390
13.7500
13.6360
13.2370
12.2020
10.3100
10.8730
13.5760
14.9330
14.1970
12.8280
11.9230
12.0270
12.8860
13.6340
13.2550
13.0630
12.6890
12.2170
13.5600
13.1040
11.4440
12.8330
15.0580
14.0310
14.7690
13.7630
12.8580
15.4410
15.5510
13.8850
13.2190
13.7150
12.8320
13.6970
15.0240
13.5670
13.3090
13.6770
14.1030
14.5370
13.6760
14.7110
14.8220
14.8080
15.3700
14.7430
14.8200
15.0750
14.7530
15.0560
15.2100
14.3040
14.9100
15.8510
14.1820
12.6870
12.3860
12.1080
11.4800
12.6210
14.0150
13.7320
13.0440
11.7830
10.9330
11.0000
11.9050
12.1160
12.8820
13.8720
12.5300
11.6490
13.2860
13.9910
14.9460
14.5970
12.8430
13.1980
12.5200
12.5460
14.3130
15.5080
17.1910
17.3630
17.1020
16.4720
14.6760
13.6210
15.4430
17.4590
16.1230
17.1890
19.4660
17.7270
17.7180
18.2300
16.6570
16.3540
16.7440
16.5360
12.4900
9.4270
9.2500
10.1340
11.2640
10.2310
10.2380
9.4660
7.3060
6.8250
6.9120
6.9390
6.9490
7.0180
7.3630
7.7410
7.6290
7.2010
6.9440
6.8200
6.7790
6.7550
6.7120
6.6870
6.5586
6.4302
6.3018
6.1734
6.0450
6.0730
6.1240
6.0620
5.9640
5.9420
5.9420
5.9060
5.8410
5.8380
5.9150
5.9390
5.8790
5.8240
5.7680
5.7240
5.7070
5.6640
5.6590
5.6770
5.6100
5.5460
5.5640
5.6640
5.7520
5.7320
5.6680
5.6630
5.6850
5.6750
5.7070
5.8400
5.9220
5.8810
5.8400
5.8400
5.8450
5.8420
5.8520
5.9140
5.8910
5.8570
5.8560
5.8500
5.8620
5.8660
5.8920
5.9150
5.9120
5.8860
5.8610
5.8290
5.8070
5.8020
5.7980
5.7920
5.7990
5.8230
5.8400
5.8450
5.8270
5.8250
5.8300
5.8350
5.8420
5.8520
5.8360
5.8380
5.7920
5.7060
5.6960
5.6860
5.6050
5.5590
5.5980
5.6540
5.6580
5.6140
5.6390
5.6310
5.6320
5.6720
5.7020
5.7130
5.6310
5.6260
5.7810
5.8570
5.8500
5.9000
