-7.7230
-8.4270
-9.7500
-11.6310
-14.1760
-12.8720
-8.8030
-8.4730
-9.3760
-9.0210
-9.5230
-9.5870
-8.7460
-9.0680
-9.0980
-8.5990
-8.6400
-9.9510
-11.5800
-11.8420
-11.4850
-11.3110
-12.6530
-14.6320
-14.2270
-12.2860
-11.5350
-12.6990
-10.4350
-6.3540
-5.8960
-5.2160
-4.3070
-5.2580
-6.0680
-5.1620
-5.0870
-6.9000
-7.2650
-5.6350
-4.4020
-4.1560
-4.5020
-4.6690
-4.9080
-5.7160
-6.6780
-5.9250
-5.7730
-8.2300
-8.5180
-6.4790
-6.4990
-8.3810
-10.2660
-9.8650
-9.3380
-9.0980
-7.0730
-2.5500
-1.3050
-5.0360
-10.8970
-12.8160
-10.7020
-8.7870
-7.0970
-6.5980
-6.5360
-9.6100
-11.7480
-9.0510
-10.1900
-11.6320
-7.3100
-9.0880
-9.4460
-6.6700
-10.1620
-12.2600
-9.4650
-6.8860
-9.0580
-10.0740
-6.6150
-6.2680
-7.6570
-7.7110
-6.7730
-6.3110
-6.4110
-8.0550
-10.0990
-10.9770
-9.0640
-8.5160
-9.8600
-11.4310
-9.6310
-8.8000
-11.6020
-10.5080
-8.3540
-7.2170
-7.3360
-8.8390
-8.1140
-8.2780
-10.1540
-9.3990
-7.7120
-8.4090
-8.9960
-8.2410
-8.6760
-8.9170
-7.7360
-7.5670
-8.6480
-8.2030
-7.7670
-8.3800
-9.5040
-9.5810
-10.6810
-10.7070
-8.7640
-9.5220
-9.6560
-8.8330
-9.0740
-9.5050
-8.8410
-9.2720
-10.0050
-8.9810
-9.2310
-10.7120
-10.7430
-9.8380
-9.3560
-9.4190
-9.5220
-8.2420
-7.7257
-7.2094
-6.6931
-6.1768
-5.6605
-5.1442
-4.6279
-4.1116
-3.5953
-3.0790
-5.8120
-7.1140
-8.4190
-6.8510
-6.9910
-10.4170
-9.9250
-6.1170
-4.5890
-4.3240
-4.3270
-6.0570
-6.9030
-7.1000
-11.7510
-15.2700
-12.7310
-11.1160
-10.9500
-10.5830
-10.9770
-10.9210
-11.1590
-11.1650
-9.7870
-8.2020
-7.8360
-9.9650
-10.5420
-8.4410
-7.6020
-8.4250
-9.5000
-10.5280
-10.4140
-9.3080
-8.0070
-8.1000
-8.9080
-6.9460
-6.1350
-7.3070
-4.3200
-0.0810
0.6890
-0.1960
2.0650
3.2030
-4.5070
-8.4900
-5.5260
-8.3370
-13.3380
-13.3400
-12.1720
-4.7180
-0.9090
-4.0830
0.2890
0.5280
2.9070
9.5730
9.8370
8.4710
6.9990
7.7620
9.7550
10.8340
11.2440
11.6800
11.6520
11.5880
11.8140
10.7670
9.1610
10.4010
11.5240
10.1330
10.4750
12.5820
13.7050
9.3670
2.7130
5.1170
5.6630
4.5430
7.3870
4.8960
4.6420
7.4190
11.0090
11.0870
9.5660
10.7410
6.4700
3.5280
7.1940
12.5440
14.2970
13.0870
12.3590
13.7100
14.6380
11.5190
10.4380
11.3270
12.0510
14.3590
14.2490
10.9360
8.1970
6.9450
7.1980
3.9080
0.5680
-2.5210
-6.0970
-2.4480
1.2930
-2.6910
-2.9470
-0.1730
-0.2310
-0.4340
-1.6830
-0.8020
-0.3000
0.5440
1.9000
3.2250
3.0220
-0.4760
3.2310
10.4250
11.6160
11.6030
11.8420
11.6680
11.5740
12.1450
12.6490
12.1270
12.4080
13.0990
13.5610
13.7730
13.7130
14.7150
15.5320
14.6100
13.4460
13.3180
13.7090
13.4750
13.1770
12.9940
12.2560
12.7000
13.5620
13.2740
13.5560
13.8490
13.7850
13.9090
13.4530
12.7530
13.2910
13.0600
12.3170
11.9310
11.8680
12.3590
12.7450
13.0850
11.1250
8.9690
9.9020
10.8330
10.9540
12.6370
13.9100
15.4620
17.6410
15.4410
13.4480
13.3060
13.1200
10.4750
9.8480
10.4980
6.5690
9.3040
10.2480
5.7140
6.0990
7.8920
7.6150
8.9430
9.3950
7.3050
5.4060
5.0570
6.3960
2.8020
2.2170
6.1410
7.0780
6.8990
4.9070
4.9220
5.4050
5.5470
5.8460
5.2330
4.0140
3.8150
2.9860
2.8330
9.7950
14.4770
11.6180
12.2090
15.4960
17.8830
16.9390
12.4030
11.5080
12.3290
11.2330
6.3540
6.4110
12.6800
15.5690
14.1840
11.9360
12.2200
13.1520
13.5610
11.4610
9.0230
10.7010
14.5390
17.4600
18.2670
18.4556
18.6442
18.8328
19.0214
19.2100
20.4500
20.9100
20.3550
19.8090
19.7020
18.9580
18.3310
18.0360
17.6140
17.6770
17.2040
17.5710
19.4480
20.7770
20.7860
20.4430
20.1110
19.7910
20.1930
21.3290
21.3780
21.1630
21.6440
21.8610
21.2590
20.8530
20.9670
20.8930
20.9540
20.5590
20.2230
20.8020
21.3660
21.3950
21.8120
22.3420
21.7430
21.6560
22.3930
21.6930
21.4620
22.1560
22.3460
22.2650
22.3650
22.1280
21.6660
23.1090
25.9660
27.2260
26.9820
26.0170
24.8360
23.7510
23.0030
22.4870
21.3710
20.7570
20.4700
21.8100
24.0130
24.5610
