-13.8740
-11.0000
-6.1200
-4.6650
-1.2850
1.3370
-1.9660
-6.0550
-10.4380
-13.5990
-12.7900
-15.4070
-18.7960
-11.2930
-4.7740
-0.2620
-0.1640
-9.1560
-12.3380
-12.4450
-2.4810
11.7340
12.8400
13.8860
13.5880
9.4820
8.8340
9.4880
4.1410
1.5080
3.7080
-1.0860
-0.4450
6.5450
-2.5200
-15.0640
-13.9580
-6.4110
3.5580
2.9410
1.0200
4.6240
5.9260
2.3890
0.5710
3.7650
-0.8150
-3.4790
2.1510
4.0370
5.2490
1.0480
-0.8270
2.0650
-1.0250
-5.6620
-7.3700
-7.3010
-6.5600
-6.3230
-6.4320
-7.5380
-7.6300
-3.7270
1.9250
8.0440
13.6320
10.7180
2.8660
0.6820
0.3170
2.5930
2.4060
2.2520
-11.5950
-27.2340
-28.2020
-28.1910
-24.5360
-24.2710
-27.8150
-26.9120
-21.7310
-18.8830
-18.8780
-18.5020
-19.1030
-19.9350
-19.3870
-18.3600
-17.5630
-18.8770
-21.4930
-20.9180
-18.4800
-19.0820
-21.1360
-20.6490
-18.5590
-19.1940
-20.1020
-19.0520
-18.4230
-19.0260
-17.6910
-16.3660
-20.7530
-21.9210
-20.6760
-21.0100
-21.2800
-20.5420
-20.5950
-21.3680
-20.5860
-20.1090
-20.6650
-20.2970
-22.1800
-22.4990
-19.9120
-19.4160
-19.8820
-19.3620
-20.3900
-21.4700
-19.0680
-20.0760
-22.1460
-20.4280
-18.3180
-18.2130
-18.8980
-19.3250
-20.0480
-20.4720
-21.1090
-21.4440
-19.8750
-18.3130
-16.0050
-12.5660
-12.5960
-16.2520
-18.7770
-20.5250
-21.3770
-20.0730
-19.6630
-18.8680
-17.9640
-18.1120
-19.9780
-19.7980
-17.8440
-18.6140
-19.8990
-18.1250
-14.7140
-13.8430
-14.8130
-16.6890
-18.2770
-15.1970
-14.1390
-13.5190
-11.7230
-12.4630
-13.6540
-12.9550
-15.2170
-17.5510
-16.8830
-18.1830
-18.7940
-18.1850
-20.8340
-21.7590
-20.2140
-18.4500
-17.5660
-18.1560
-17.8390
-17.4930
-18.2920
-17.9500
-16.1710
-14.9670
-14.2770
-14.0540
-14.0550
-14.7380
-16.0060
-13.9470
-13.4980
-15.8520
-14.7540
-14.7950
-16.2560
-15.7660
-14.2500
-12.6690
-11.9950
-10.0950
-9.0880
-8.7350
-8.1260
-9.8590
-10.5930
-11.4280
-12.0330
-10.4180
-10.7360
-15.0500
-15.6090
-14.4100
-16.1440
-17.4050
-16.4100
-15.4150
-14.4200
-13.4250
-12.4300
-11.4350
-10.4400
-9.4450
-8.4500
-7.4550
-6.4600
-5.4650
-4.4700
-3.4750
-2.4800
-2.0740
-1.4410
-1.4610
-1.8640
-1.6770
-1.5320
-1.6330
-1.6990
-1.9360
-1.9010
-1.5210
-1.0390
-0.7130
-1.0420
-1.9720
-1.7630
-1.4290
-1.8920
-2.1060
-2.1790
-2.1560
-2.1190
-2.1270
-2.1070
-2.0710
-2.0440
-2.0130
-2.0270
-2.0710
-2.1970
-2.3230
-2.3780
-2.4090
-2.4090
-2.3570
-2.1870
-2.1160
-2.1850
-2.1890
-2.0550
-1.9040
-1.8500
-1.9460
-2.1760
-2.2300
-2.2710
-2.4530
-2.4050
-2.2930
-2.2760
-2.2400
-2.2040
-2.2800
-2.2420
-2.6170
-3.0580
-3.1470
-3.1530
-3.0020
-2.9400
-2.9080
-2.8380
-2.8660
-2.9920
-3.1330
-3.1250
-3.1110
-3.0000
-2.8120
-2.8770
-2.9120
-2.8650
-2.9820
-2.9920
-2.9940
-3.0300
-3.0860
-3.0910
-3.0240
-2.9620
-2.8730
-2.9210
-3.0430
-3.1520
-3.3410
-3.4030
-3.2760
-3.1140
-3.0450
-3.0810
-3.1240
-3.1860
-3.2110
-3.2190
-3.2460
-3.2560
-3.2380
-3.2170
-3.2520
-3.3210
-3.3200
-3.3460
-3.4120
-3.4410
-3.4610
-3.4440
-3.4280
-3.4040
-3.4120
-3.4290
-3.3960
-3.4300
-3.5170
-3.4595
-3.4020
-3.4310
-3.4480
-3.3920
-3.3840
-3.4690
-3.5990
-3.5890
-3.4950
-3.4470
-3.3420
-3.2590
-3.2330
