34.8300
30.2150
29.2950
27.2820
24.6010
26.4550
29.6640
31.2320
31.2220
28.8290
27.9150
33.9730
32.6240
26.2220
19.3980
12.7470
15.5090
18.8420
21.4640
21.8030
18.7670
16.5440
14.4920
15.7760
18.1800
20.4000
24.5450
23.1480
21.4300
25.4190
24.6970
17.1770
12.9560
14.5020
17.2050
15.3590
10.4650
8.7750
13.8610
17.3580
9.1130
10.6480
12.3900
4.1450
3.5110
6.2990
-0.4480
0.2520
11.4040
18.6710
23.3080
26.3850
23.8710
18.1930
17.4250
16.4320
13.7350
12.1020
9.9970
7.9060
7.3110
-5.0790
-9.3860
-2.4740
6.8990
14.3070
1.8670
3.2900
-3.4690
-10.9180
-9.4390
-9.3240
-7.2260
-0.2560
-2.0310
-7.3950
-2.2560
-7.7310
-6.2220
-0.9320
2.4760
9.5180
8.9880
-0.1760
-10.6480
-13.7940
-6.9770
4.7700
-1.5410
-2.6730
-2.7370
-10.3870
-12.0180
1.2230
11.0640
0.2560
-9.5210
-10.0770
-8.6480
-10.2750
-12.5730
-13.1520
-7.7710
-0.9540
-0.1010
-1.7630
-4.5670
-6.6010
-6.3060
-8.0100
-7.4610
-5.9510
-6.6510
-8.7850
-9.0120
-9.4400
-9.9660
-8.0700
-7.7960
-8.4390
-8.6600
-7.8670
-6.9380
-7.7870
-8.8100
-8.1510
-7.2500
-7.7860
-7.3460
-6.8240
-7.3800
-9.6930
-10.6150
-11.7300
-11.8300
-8.1520
-6.5140
-6.8330
-7.8420
-10.4620
-11.7110
-9.2570
-5.0620
-4.1470
-7.2450
-9.9230
-13.2070
-11.2360
-8.9820
-7.0360
-6.1310
-8.1570
-11.6210
-12.1830
-10.8000
-9.4130
-6.8690
-8.1880
-11.8620
-12.3680
-9.2970
-8.1900
-8.6090
-8.4540
-9.4050
-9.4660
-8.4430
-9.0810
-9.4640
-8.8770
-8.9880
-9.3890
-9.2450
-8.9690
-9.4810
-9.8690
-8.9260
-8.0290
-8.0360
-7.7070
-7.7300
-9.9940
-11.0690
-9.9260
-9.9040
-9.2350
-8.2270
-8.5280
-9.9340
-10.2810
-9.3930
-8.8490
-9.2640
-9.8080
-9.4290
-8.9930
-7.5290
-7.1540
-8.3800
-9.1680
-10.2670
-14.3790
-13.5560
-10.2110
-8.6560
-8.8060
-9.2210
-9.1440
-9.5020
-9.3470
-9.2360
-9.4500
-9.4990
-9.5650
-9.6630
-9.4650
-9.3980
-9.5810
-9.5930
-9.8990
-10.2950
-9.8080
-9.4310
-9.7960
-10.0540
-10.0280
-9.3480
-9.4710
-9.7460
-9.5910
-9.2190
-8.8730
-8.8120
-8.4370
-9.1410
-10.0120
-10.7030
-10.1020
-9.1590
-9.2510
-9.2900
-9.7340
-9.5980
-9.2080
-9.3160
-9.1760
-9.1420
-9.4570
-9.3410
-9.1490
-8.9650
-8.7810
-8.7460
-8.8000
-8.6930
-8.7720
-8.8540
-8.5310
-8.4790
-8.6060
-8.4650
-8.4860
-8.3930
-7.9380
-8.0030
-8.3650
-8.3850
-8.4420
-8.3920
-8.1290
-8.1420
-8.1940
-8.3410
-8.3490
-8.2860
-8.1610
-7.8040
-7.5680
-7.7670
-8.0500
-7.8990
-7.8380
-8.1110
-8.2300
-8.0460
-8.1520
-8.5020
-8.5630
-8.4850
-8.7790
-8.8640
-8.2830
-7.3900
-6.7470
-6.3380
-5.8780
-5.7460
-5.7290
-5.9440
-6.1740
-6.2180
-6.3090
-6.1340
-5.9090
-5.8190
-5.8130
-5.8320
-5.6790
-5.5510
-5.4710
-5.3040
-4.8960
-3.8830
-3.0760
-2.7370
-3.9800
-5.6990
-6.1130
-6.4360
-6.5930
-5.7040
-4.7460
-4.8110
-4.7330
-4.8730
