-13.5220
-13.6400
-14.0890
-14.5810
-15.5820
-16.4850
-16.1600
-16.4610
-15.8660
-14.7160
-15.5640
-15.5730
-15.2540
-15.2990
-15.2470
-15.1570
-14.8180
-14.1130
-14.1360
-14.6000
-15.3940
-14.9500
-14.3050
-13.4480
-12.0590
-12.1850
-13.2560
-13.7440
-13.9230
-12.9130
-13.0540
-14.7210
-13.7890
-14.5890
-15.2130
-14.3270
-14.5640
-14.8240
-14.4390
-14.0230
-13.4570
-14.2440
-15.1020
-14.7540
-14.1710
-13.3200
-13.4850
-13.7720
-13.5840
-13.5930
-13.7190
-13.3130
-12.1150
-12.3520
-13.3130
-13.8850
-13.2020
-13.0430
-13.6260
-13.2980
-12.7580
-10.3910
-9.6460
-10.7220
-11.7600
-12.1240
-11.3520
-11.1210
-11.3210
-11.7430
-12.0200
-10.7630
-10.3610
-11.6780
-12.0640
-11.3550
-11.1250
-11.2170
-10.3620
-9.5890
-9.4560
-10.6060
-11.4110
-10.5560
-10.9700
-10.5440
-10.2150
-10.3580
-9.3980
-12.2520
-11.3460
-12.1450
-12.5680
-11.0020
-11.4360
-11.4950
-11.2690
-11.7340
-11.8840
-10.8020
-9.2160
-9.3660
-9.7950
-10.1130
-9.4690
-9.3420
-9.6920
-9.3710
-9.7370
-9.9210
-9.4500
-8.9300
-8.8760
-8.7440
-8.8850
-8.3840
-7.8520
-8.4420
-7.6920
-7.4940
-7.6280
-7.1750
-7.8080
-8.3040
-9.2880
-9.3040
-8.9230
-9.0780
-8.6860
-8.6340
-9.3430
-9.8850
-10.9680
-11.2030
-10.4930
-10.2310
-9.9580
-10.5480
-13.6800
-13.6270
-12.9570
-11.9740
-12.2980
-12.9950
-12.9450
-13.1900
-12.8480
-12.3930
-13.1520
-14.0040
-14.2580
-15.3940
-14.7270
-12.4970
-11.5730
-12.9440
-15.8840
-16.0910
-14.5530
-12.1960
-11.1910
-12.5640
-13.1830
-12.9490
-12.0090
-10.1590
-9.0900
-9.3310
-11.3980
-13.8170
-14.5630
-14.2990
-11.9650
-6.9820
-5.7080
-6.4670
-4.4590
-6.7050
-7.0550
-5.5460
-4.9890
-1.8760
0.6320
5.9810
7.0690
-0.4000
-3.6140
-5.3800
-7.7310
-1.4370
6.9970
11.9520
10.7440
6.0060
-0.0930
-4.0240
-4.0430
-8.8400
-9.0680
-1.5920
2.9130
2.1220
1.3390
4.4640
5.5340
2.1960
4.7810
10.7590
10.5880
7.5280
4.6670
5.6880
8.1260
6.8200
3.3900
4.3100
6.6920
9.2160
2.9500
-9.1000
-7.9810
-1.0230
-2.7070
-1.8880
2.5240
5.9220
8.7050
7.1330
6.5060
7.3640
1.2430
-0.3250
2.4380
-1.0160
-2.9610
7.9890
3.8180
-12.9790
-12.9620
-8.8360
-9.3120
-8.5080
-3.6590
-2.1670
-3.9360
-5.1230
-5.5390
-4.7640
-6.1890
-9.5880
-9.5920
-6.4910
-2.2830
-3.3630
-9.4790
-12.3500
-11.4850
-10.2640
-8.6830
-9.2680
-11.6870
-13.0670
-13.8140
-10.2060
-7.2400
-9.2690
-8.5220
-6.8210
-5.4430
-6.0810
-9.3050
-7.1940
-1.7360
0.3950
-0.7220
-3.7510
-7.8560
-8.8190
-10.7220
-15.9000
-18.5220
-18.3720
-15.8090
-14.8150
-12.6520
-6.9550
-8.9050
-12.6380
-13.9420
-15.7530
-11.4050
-5.7450
-7.4140
-11.5990
-12.5900
-12.2970
-15.4000
-17.1330
-13.8000
-12.4190
-13.6430
-13.1340
-12.9500
-13.3120
-10.7000
-9.3020
-9.0080
-5.8270
-4.4470
-10.0910
-11.3660
-7.8440
-11.6720
-19.0920
-21.4190
-18.4320
-14.5730
-10.7180
-8.8050
-10.8800
-13.6930
-11.2660
-8.9460
-6.7640
-2.7760
-3.1650
-8.2890
-14.1150
-15.4750
-13.7100
-13.9660
-18.9660
-24.2000
-27.2340
-28.8060
-28.8110
-28.3520
-25.9590
-21.7720
-21.8360
-21.8910
-20.5370
-19.0370
-19.6650
-21.6460
-21.7220
-29.8710
-27.2790
-19.3770
-11.8590
-11.9860
-18.1050
-23.1990
-25.0270
-25.9950
-26.3760
-26.1470
-24.5040
-23.6600
-24.6380
-23.4440
-22.7490
-23.4390
-21.8100
-19.6540
-20.1610
-21.3460
-18.6580
-18.8020
-21.0700
-20.8430
-21.7480
-21.7600
-22.1740
-20.6950
-19.5060
-21.7760
-21.2590
-20.0280
-20.5880
-21.2580
-20.9210
-19.1220
-16.8060
-13.7800
-11.7820
-10.8990
-10.3210
-9.1450
-7.5200
-7.6590
-8.8500
-6.5200
-6.4310
-9.1870
-15.3670
-20.7530
-20.5970
-19.1420
-19.3800
-17.9520
-13.7950
-13.1160
-12.3610
-5.3640
2.0980
4.6140
7.4930
12.3970
15.4980
17.0930
17.1920
16.5490
16.3740
17.8170
19.9950
22.4010
26.2700
28.0610
25.6310
