-5.6240
-5.7100
-6.3590
-6.5970
-6.2930
-6.0430
-5.9700
-6.0180
-6.0550
-6.0640
-6.1460
-6.2770
-6.5410
-6.6820
-6.4550
-6.3880
-6.6180
-6.8620
-6.9480
-7.1070
-7.0600
-6.6680
-6.4970
-6.4050
-6.2330
-5.9150
-5.3400
-4.7160
-4.4400
-4.6890
-5.2160
-5.6490
-5.7590
-5.9470
-5.9380
-5.8950
-6.2100
-6.2210
-5.7040
-5.5670
-5.9310
-6.0340
-6.1740
-6.2110
-6.2290
-6.0190
-5.8090
-6.0750
-6.2090
-6.1680
-6.1060
-6.1600
-5.8750
-5.5440
-5.7350
-6.0100
-6.2720
-6.5690
-6.5230
-5.7510
-4.5610
-4.6330
-5.4770
-5.7380
-6.2620
-6.8130
-6.8650
-6.6310
-6.4300
-6.1970
-6.4970
-6.9850
-7.1960
-7.5140
-6.9940
-7.2080
-8.0640
-8.1120
-8.4890
-8.8940
-8.1970
-8.3300
-8.5810
-8.2620
-7.9840
-8.5900
-8.9530
-8.2170
-13.5350
-19.9090
-20.6330
-19.3830
-17.2730
-15.0400
-14.2940
-14.0400
-14.8130
-15.7670
-14.7290
-13.5580
-12.9940
-13.9700
-15.6515
-17.3330
-16.3920
-15.1210
-15.4310
-12.9190
-10.4350
-9.5300
-11.6150
-15.3980
-13.9890
-13.3570
-15.5550
-14.2440
-12.3580
-11.5090
-13.0020
-15.0160
-14.3190
-14.2570
-14.3590
-14.0500
-14.1630
-14.2170
-13.6040
-13.2890
-14.0200
-13.7220
-8.4070
-2.9430
-1.5520
-0.8030
-2.2650
-3.9640
-4.6560
-4.3900
-2.7360
-2.2680
-1.9340
-0.7490
0.6490
-1.2490
-3.1080
-3.7330
-4.6430
-4.1900
-3.9770
-4.0650
-4.9170
-6.7090
-7.2940
-7.8330
-7.9990
-6.9830
-6.8520
-5.4390
-3.8020
-4.9170
-4.2690
-4.0530
-6.4160
-7.4040
-6.1450
-4.4540
-4.4510
-4.8510
-5.8050
-5.2340
-5.4350
-5.6870
-4.7510
-4.0650
-4.1090
-4.4150
-4.9090
-6.8240
-6.5790
-5.9240
-6.2210
-6.0950
-5.5660
-5.2360
-4.9460
-4.0420
-4.5340
-4.7060
-5.1440
-6.1770
-7.5130
-7.2970
-4.3620
-4.9940
-5.6770
-3.6870
-3.6170
-2.7390
-1.9130
-1.7860
-2.0440
-1.4210
-3.5630
-4.7590
-1.5580
-1.0570
-0.9090
-2.2270
-3.1050
-1.7280
-2.5950
-1.4870
-0.3000
-1.3950
-1.7110
0.3080
3.1680
3.5380
2.9160
2.1750
1.0530
2.4340
5.2250
6.5520
6.6310
5.7200
4.3070
2.8310
2.1670
1.5910
1.9070
3.8540
3.0120
-0.0790
-1.9090
-4.8150
-5.9310
-4.8950
-4.1060
-2.8840
-1.3410
0.0600
0.3170
0.8880
1.3250
1.7290
1.4240
0.3100
-2.8120
-9.0770
-6.3560
4.2100
7.3930
0.0620
-4.0130
2.3750
6.2440
2.8060
-3.5790
-8.6890
-6.8610
2.1930
-2.3950
-10.4990
-7.4840
-1.0950
-3.2030
-7.3350
-3.1250
-5.0930
-10.1730
-15.0040
-16.3510
-5.7250
6.2460
7.0840
0.8040
-5.4940
-4.3440
0.0510
-1.3020
-4.2480
-7.6620
-3.5790
-5.2080
-15.1550
-17.4110
-15.1350
-13.5450
-15.1280
-4.9560
-3.6580
-9.4370
-0.9320
4.1640
-2.4680
-6.1370
-4.0810
-3.7320
-6.4090
-11.5400
-7.6560
-0.0890
-1.4460
-4.9780
-6.4670
-2.8760
-2.0890
-7.5460
-5.6350
-1.4070
-5.0040
-4.5630
-0.2280
-1.5900
-0.2050
-0.0810
1.9260
9.3500
12.6360
13.9360
9.4610
5.6470
9.9080
8.2040
3.4190
1.1700
-2.6640
-3.7940
-0.2100
2.9280
3.2900
3.9430
2.5740
0.8870
0.2160
1.0290
5.8040
7.8950
4.8920
2.7830
2.5220
2.3950
1.2920
1.1620
2.6500
6.2230
5.3090
2.0970
5.3380
12.8440
18.6770
18.8840
14.1720
12.5720
11.8640
10.4040
11.1100
12.5930
11.8700
8.7580
8.8140
11.3100
13.3020
11.0040
8.0060
6.7070
7.4610
8.0260
4.8600
5.6100
6.5640
4.9980
5.7330
8.9950
13.0880
11.8160
11.9910
17.3610
14.2610
12.9290
17.8240
18.9530
16.5450
13.7750
14.7590
16.9620
20.4110
21.5780
19.8720
19.8230
20.9380
20.7580
21.6600
22.9560
23.9680
24.0050
25.5190
27.1450
26.7770
27.4400
29.1450
29.4220
28.2380
29.1370
28.8810
27.4210
28.5360
28.6580
26.3910
26.6170
27.7880
26.3830
27.0280
27.4920
25.7120
25.0110
25.0710
24.7940
24.9450
