2.2010
2.1500
2.2420
2.2560
2.4080
2.5240
2.6330
2.7210
2.8050
2.9700
3.0820
3.1390
3.1430
2.9710
2.5910
2.1380
1.8030
1.5870
1.6180
1.8420
1.9680
2.0310
2.2770
2.4680
2.3150
2.0670
2.0460
1.7190
1.4570
1.6760
1.7490
1.7480
1.8210
1.8070
1.7550
2.0230
2.3700
2.5210
2.4500
2.4060
2.3860
2.3100
2.2820
2.2890
2.3440
2.4180
2.4530
2.4950
2.5660
2.6070
2.6350
2.6190
2.5420
2.4350
2.3650
2.3270
2.2780
2.3050
2.4010
2.4680
2.5540
2.5300
2.5300
2.4440
2.3240
2.3750
2.4570
2.4810
2.5320
2.6150
2.6430
2.6190
2.6040
2.6630
2.6950
2.6470
2.6080
2.5740
2.5670
2.6860
2.7580
2.7230
2.7510
2.7860
2.7890
2.8020
2.7690
2.7260
2.5850
2.2980
2.1850
2.1700
2.1520
2.1870
2.2010
2.2100
2.2200
2.2650
2.2040
2.1760
2.2280
2.1830
2.1850
2.2850
2.3520
2.3330
2.3260
2.3210
2.2910
2.2700
2.2660
2.2680
2.2610
2.2380
2.2270
2.2480
2.2410
2.2160
2.2430
2.2650
2.2370
2.1970
2.1930
2.1960
2.1830
2.2190
2.2530
2.2630
2.2630
2.2530
2.2480
2.1700
2.1170
2.1180
2.3080
2.5980
2.5730
2.3140
2.1420
1.9290
1.7070
1.6380
1.6200
1.8570
2.3250
2.7150
2.0280
0.0390
0.3050
0.7570
1.7400
2.1980
2.2320
1.9320
1.8000
3.2390
5.4500
3.6350
-5.1110
-10.4530
-6.4300
-1.2120
1.6500
2.3900
1.7680
1.6310
1.8910
2.1350
2.4130
2.3160
2.0080
1.9310
1.9830
1.9320
1.5490
1.6610
2.3910
2.5490
1.7430
1.5220
2.1510
2.5340
2.0760
3.7000
4.1380
2.1780
-0.1600
-0.7550
1.6510
2.0310
2.4920
1.6950
-1.0900
-0.7330
0.9350
1.3630
0.6820
-0.7100
-0.9580
3.7440
8.4930
8.3810
7.8610
7.6840
8.0020
10.1810
10.5700
9.1130
6.3900
6.9100
8.4340
8.9280
9.6070
8.2450
5.6210
3.8300
4.6030
6.0490
6.0420
4.3500
4.5280
6.4300
4.7360
4.4800
5.0660
3.5890
3.6710
5.3660
4.5620
4.6760
5.9650
4.5090
3.4110
4.4260
4.9140
4.7270
3.8750
3.6750
5.3270
4.8450
3.8470
3.0360
3.4210
4.8430
4.7880
5.4060
5.5440
2.5800
3.2130
5.8880
7.7890
7.4820
5.5850
6.5920
6.5620
3.5940
3.3910
4.5130
4.9420
4.1560
5.8360
4.7610
2.2820
2.5720
3.8750
5.5610
7.0650
6.8300
5.5290
4.1100
2.9920
2.4380
4.0760
8.0150
6.9240
5.1170
5.7900
4.3550
3.5400
3.8480
4.9400
5.7750
4.5950
5.4730
4.9790
3.4260
3.5180
3.6900
4.2160
3.9210
3.1010
2.2310
2.7930
2.0360
2.4640
1.7750
0.9740
-0.0640
-1.9380
-1.5170
0.8360
3.5050
1.8270
1.4410
4.1630
4.0100
2.7650
0.8020
3.0610
6.0090
4.2940
4.3320
3.9860
4.2280
5.2480
5.2080
3.4080
2.6700
4.5050
4.4970
3.6170
4.0870
3.3560
3.3900
3.5910
2.3800
2.6830
2.3550
1.3100
2.2880
1.7440
-0.8040
-3.0590
-0.9240
1.9280
4.5810
4.7900
-1.2190
-3.4090
-1.6940
0.2250
0.5090
-0.6750
-2.9210
-3.7640
-0.6070
1.4510
0.2530
0.0370
1.6980
1.8560
1.4760
1.3740
1.5430
4.8000
4.1020
1.9960
-0.4910
-2.9310
-0.0930
1.3480
1.2220
0.5700
0.5590
0.7480
0.0750
0.2388
0.4026
0.5664
0.7302
0.8940
0.2510
-0.0760
-1.9190
-3.6050
-3.2200
0.8180
5.3230
7.8940
9.0640
9.0090
12.5920
15.9490
8.9120
2.9120
0.0140
-3.6200
-1.2970
7.8340
14.7380
14.4200
15.9660
18.8450
21.7500
22.7610
19.3800
12.4500
6.9290
5.0750
4.8730
5.4410
4.9820
4.0690
4.0190
4.0900
4.1310
4.1470
3.9870
3.5980
3.4290
3.3430
3.5330
4.2170
5.2470
6.6150
8.3690
10.5000
12.9490
14.5760
14.8430
14.6690
14.1200
13.4820
13.2410
12.1780
10.9570
11.4030
11.7720
11.9630
12.5790
12.6060
12.8550
13.8070
14.4890
14.5250
