-1.6600
-0.7390
-0.4650
-1.7200
-1.3820
-1.1040
-1.3470
-1.4420
-1.7870
-1.5770
-1.2790
-1.1200
-0.9260
-0.8620
-1.7050
-1.8390
-0.3800
-0.3230
-1.7370
-1.6540
-1.6380
-1.9720
-0.9470
-0.9380
-2.3540
-3.0710
-2.7170
-2.0110
-1.4210
-1.9720
-2.5230
-2.8450
-3.0440
-1.8530
-1.2910
-1.5290
-2.7350
-3.5850
-1.9910
-1.1550
-2.3380
-3.4210
-2.3290
-1.3080
-3.3700
-4.3070
-3.1800
-2.8000
-2.3170
-1.8320
-3.0860
-4.7840
-4.1910
-2.2970
-2.0070
-2.0100
-2.5830
-2.7700
-1.8290
-2.0090
-1.4210
-1.3200
-1.4680
-1.5330
-2.5180
-2.7740
-1.5010
-1.4910
-1.9370
-1.2000
-1.7030
-2.5450
-3.0270
-3.2650
-3.6950
-3.1360
-2.5530
-2.1770
-1.1920
-1.0660
-1.0510
-1.2080
-1.1590
-0.8130
-0.8240
-0.8900
-0.8480
-0.3630
0.0430
-0.0630
-1.5650
-3.2590
-2.4080
-1.5320
-1.0900
-0.7480
-0.7160
-1.2980
-2.8200
-2.2780
-2.9000
-5.4160
-3.7380
-0.7620
-1.6110
-2.4480
-2.1070
-1.8100
-1.5550
-2.1360
-1.4950
-1.6220
-2.4880
-2.4010
-2.4380
-1.0620
-3.7930
-6.6150
-4.5300
-3.3620
-2.6930
-2.4460
-1.9580
-2.9500
-3.4370
-1.9570
-3.1340
-2.9580
-2.0500
-4.7780
-5.1170
-2.7250
-2.4340
-0.9240
-0.4950
-2.9280
-3.9760
-2.5690
-1.7910
-3.4900
-3.0040
-1.4940
-1.3460
-1.4930
-0.9370
-1.3640
-2.4970
-2.2230
-2.3820
-3.3090
-4.2200
-4.4980
-3.3730
-3.0200
-2.1060
-2.3790
-3.4990
-2.1160
-1.5280
-2.2550
-2.4380
-2.7400
-2.8820
-2.4400
-1.7640
-1.6400
-2.4110
-3.2940
-3.7520
-2.5440
-1.8990
-2.8330
-2.8110
-2.1700
-1.9980
-2.6640
-3.1150
-2.7490
-2.7970
-2.6330
-1.7960
-2.1790
-3.7330
-3.6480
-3.0290
-2.8880
-4.1320
-3.5020
-2.0670
-3.0150
-2.5420
-0.8010
-1.7860
-2.6820
-1.5930
0.2710
1.4370
-3.3560
-6.4040
-4.3720
-3.8950
-4.8470
-4.8190
-4.4560
-2.5590
-1.4760
-2.0300
-2.5530
-3.6000
-3.3700
-1.4560
-1.0920
-2.0560
-2.1800
-1.9110
-1.5070
-2.3560
-3.7870
-3.7720
-4.3770
-4.3310
-2.8330
-1.9440
-2.4720
-3.1690
-2.6260
-3.0830
-3.6740
-4.3430
-3.9880
-2.3910
-2.0950
-2.3430
-2.2600
-2.7700
-2.9320
-2.5050
-2.8820
-3.1450
-2.8540
-2.8390
-3.9450
-4.7780
-3.7650
-3.5680
-3.9800
-4.0180
-3.9920
-3.3740
-2.7330
-2.1600
-2.1330
-2.8310
-2.6910
-2.3180
-1.7780
-1.0120
-1.2700
-0.8990
-0.2710
-0.2410
-1.0380
-1.7890
-1.8350
-2.0840
-2.2350
-2.2040
-1.6250
-1.6890
-3.9780
-5.0980
-4.0120
-3.4010
-3.5070
-3.1340
-2.1850
-2.2190
-2.9090
-3.4400
-2.8870
-2.1380
-2.7310
-2.6200
-2.1750
-2.5560
-2.7550
-2.3540
-1.1190
-1.0100
-1.5310
-1.2840
-0.8930
-0.6200
-1.7430
-2.9070
-2.0013
-1.0957
-0.1900
-0.4090
-1.0010
-1.7140
-1.8220
-1.1260
-1.2890
-1.5020
-0.8180
-1.4020
-2.2850
-2.3470
-1.6500
-0.6410
-0.2760
0.1910
-0.9850
-2.6660
-1.4220
-1.0510
-2.0010
-1.4850
-1.3760
-1.3240
-0.8220
-0.5080
0.0330
-0.2920
-0.3010
0.6470
0.4240
-0.3920
-0.4420
-0.6200
-0.5580
0.1100
-0.6670
-2.1080
-3.1380
-3.0050
-2.2980
-2.3170
-2.1120
-1.9710
-1.4380
-0.4960
0.0460
0.2100
-0.0640
-1.7290
-2.7870
-2.5520
-1.7630
-1.4920
-2.1290
-2.2040
-1.0810
0.3260
0.0070
-3.2530
-2.3540
0.1830
-0.7423
-1.6677
-2.5930
-2.5280
-1.8670
-2.0400
-2.8440
-1.0430
1.9740
0.8230
-0.4320
-0.8090
-2.2120
-4.2030
-5.9260
-7.4770
-8.3700
-7.4640
-5.1420
-3.0030
-5.8290
-10.7340
-12.3550
-10.6090
-7.4220
-4.9820
-4.5260
-5.2280
-5.8360
-5.3610
-3.9960
-4.1610
-5.0480
-4.0700
-3.6640
-5.0910
-3.9100
-2.3460
-1.1480
-1.3740
-3.0810
-3.3160
-4.3510
-4.4940
-3.6970
-3.9170
-5.2580
-6.3180
-5.3950
-3.7310
-3.2320
-3.0020
-2.4320
-3.2230
-3.1050
-2.5790
-1.8690
-1.0690
-1.0550
-1.2630
-2.0850
-3.7330
-3.2860
-1.6330
-0.9760
-0.8040
-1.6990
-0.9550
-0.7760
-3.5260
-4.7770
-3.0590
-2.1850
-2.6180
-3.7570
-5.2140
-6.2470
-6.1590
-6.3680
-6.9470
-8.5560
-9.5800
-9.7340
-11.2380
-9.5990
-8.2560
-8.7390
-8.3140
-8.6520
-8.5790
-8.5850
-8.8810
-8.7470
-8.6090
-8.9020
-9.4180
-9.6940
-9.5000
-9.6520
-10.1040
-10.8850
-11.6730
-11.8420
-11.6330
-12.0560
-13.5110
-14.1770
-13.9800
-13.2350
-12.1280
-12.0160
-12.6170
-12.7350
-12.6360
-12.9260
-13.2270
-14.3220
-15.1040
-15.5190
-15.4310
-14.9440
-15.0740
-15.6540
-15.4180
-14.8520
-14.2030
-12.9210
-11.6460
-10.6400
-10.3660
-11.0250
-11.4430
-12.0060
-13.1350
-13.9740
-15.0570
-16.7150
-17.8430
-17.8810
-16.8170
-16.1530
-16.2360
-16.2830
-16.0370
-15.2760
-14.9390
-15.1280
-15.6510
-16.4380
-16.6700
-16.1990
-15.5800
-12.8050
-7.7370
-5.4710
-1.9720
1.5020
-3.2600
-6.1200
-5.0470
-7.3350
-9.2060