-11.9980
-13.7260
-12.3420
-10.5990
-10.7180
-10.5540
-10.9480
-12.9600
-12.8160
-12.4010
-13.4930
-13.8440
-12.5750
-10.2890
-10.0690
-8.9620
-4.2350
-3.7510
-10.1690
-14.1400
-13.7610
-12.8950
-10.9230
-10.6460
-10.5950
-11.4360
-14.2200
-13.3040
-8.8330
-3.5170
-1.9880
-6.9020
-9.8960
-6.3070
-2.6620
-5.9850
-11.5050
-10.2070
-8.2240
-7.1520
-5.1310
-4.5060
-4.0030
-5.4630
-8.8750
-10.0080
-7.2190
-5.6870
-6.3810
-5.2760
-3.5110
-3.6100
-4.4620
-5.1390
-6.9520
-6.1760
-3.7910
-5.2830
-7.8660
-4.3390
-2.9490
-6.9150
-5.3840
-4.8658
-4.3477
-3.8295
-3.3113
-2.7932
-2.2750
-4.4760
-0.1420
1.6230
-3.2230
-7.1910
-8.2420
-6.3480
-3.8120
-0.1250
-1.4960
-7.2350
-6.7080
-2.8590
-1.6400
-3.1510
-5.8710
-7.2340
-5.8620
-2.8880
0.4410
0.3370
-1.0030
-2.3700
-3.3810
-5.2630
-5.4360
-6.8450
-10.9980
-10.9940
-8.7750
-4.2900
-2.0610
-2.2870
-2.8120
-6.2390
-8.8920
-9.3270
-9.5160
-7.2540
-1.9550
-4.4720
-4.6390
-1.5100
-2.0530
-2.4330
-2.4120
-4.1120
-7.9910
-8.5470
-6.5920
-3.5610
-6.0640
-9.6050
-9.5930
-9.8880
-9.0190
-4.8460
-2.6670
-2.0760
-1.1510
-2.1430
-5.6420
-10.2180
-8.1720
-1.8200
1.9610
3.3430
0.5520
-5.7160
-7.9430
-3.5850
-0.3500
-3.2080
-1.6170
0.3270
-3.6860
-4.0800
-2.5470
-1.0030
-2.1870
-6.0450
-7.4780
-7.5500
-7.7910
-10.2180
-7.8500
-2.3240
-4.5300
-7.8190
-5.2070
-1.8680
-3.2960
-5.3720
-2.7740
-2.0140
-3.4550
-5.0290
-7.2860
-5.0990
-3.4380
-6.3910
-6.6680
-5.0500
-4.1470
-4.9630
-5.8620
-5.8380
-5.8460
-4.8570
-4.7430
-4.3230
-4.7520
-7.8070
-4.7400
-3.8260
-7.8640
-7.5610
-6.7250
-2.1900
0.8910
0.7835
0.6761
0.5686
0.4611
0.3536
0.2462
0.1387
0.0312
-0.0763
-0.1837
-0.2912
-0.3987
-0.5062
-0.6136
-0.7211
-0.8286
-0.9361
-1.0435
-1.1510
-1.5350
-3.8960
-3.1550
-5.2020
-7.4920
-4.7240
-2.5470
-2.3080
-2.3480
-2.5010
-2.5990
-2.5210
-3.7290
-6.5900
-2.7640
4.9090
5.0690
-0.1260
-5.8720
-8.1620
-6.8330
-4.9600
-1.7520
1.0480
3.1300
3.7840
3.2090
3.6390
3.8280
3.5300
1.1330
-1.2010
-3.7920
-5.0680
-2.7360
-0.3720
-0.1210
1.4490
4.0680
4.2090
4.4830
4.9620
5.5980
4.7860
0.7580
-3.2500
-6.1850
-7.2020
-2.5680
-3.3920
-5.0850
-0.2180
0.5390
-2.9020
-2.1540
0.2830
-0.3190
-1.6910
-1.5660
-3.8620
-4.5980
-1.4000
-0.9530
-1.1500
-0.6620
-2.5070
-3.7130
-3.2970
-1.7650
-0.5740
-0.3850
0.0270
0.8050
-0.6290
-1.5010
0.0850
-3.8720
-8.8200
-9.0850
-7.1890
-3.1010
0.6140
1.7580
1.0530
-2.1770
-3.0990
0.7350
1.5310
1.5180
2.8850
1.8000
1.8130
3.9130
6.0460
6.7040
4.0500
2.8470
4.1280
4.4270
4.4560
5.0620
5.0610
5.1490
5.6340
4.8870
4.1050
4.0900
4.8490
5.7180
6.5040
7.4850
7.1330
6.0700
5.9160
5.8370
6.2220
6.8380
6.8110
6.6700
6.9330
7.7330
8.1930
8.6350
9.9380
10.6440
11.5100
11.7770
11.8020
10.9230
10.7460
11.7220
11.9010
11.6600
11.3670
10.8730
10.6480
10.9160
11.6010
12.0970
11.2130
10.1420
9.7190
10.1580
10.8810
10.9040
11.3910
11.9620
12.2240
12.0440
11.5970
11.5290
11.0430
9.4030
8.4670
8.6430
9.7550
11.2970
12.4280
12.7920
11.7920
10.4720
10.4140
11.4600
11.9830
12.8340
13.8870
13.5610
12.0240
10.4580
10.4970
11.6150
12.4220
12.7070
12.0560
11.2450
11.7800
12.2080
11.4160
10.5510
9.5290
8.2550
6.7640
5.3030
4.0240
1.9060
-0.4720
-3.2080
-5.1890
-6.6800
-7.1010
-6.9880
-6.7230
-4.8500
-1.7230
1.2960
3.9620
4.9740
3.4280
3.1500
0.9330
-4.2750
-7.8140
-8.3430
-9.1750
-9.9020
-9.9580
-9.8300
-9.8200
-11.6980
-13.6920
-13.9610
-14.2760
