-2.0780
-2.1090
-2.1450
-2.2480
-2.3530
-2.4190
-2.4570
-2.4570
-2.4520
-2.4360
-2.4570
-2.4780
-2.5120
-2.3250
-2.0790
-2.1340
-2.1960
-2.1850
-2.1440
-2.1110
-2.1030
-2.0670
-2.0320
-1.9800
-1.8980
-1.9250
-1.9780
-1.8850
-1.8380
-1.8680
-1.9400
-2.0980
-2.1940
-2.1800
-2.1480
-2.1630
-2.1850
-2.1670
-2.1420
-2.1620
-2.1970
-2.2380
-2.2360
-2.2830
-2.2750
-2.1680
-2.1520
-2.1700
-2.1490
-2.1410
-2.1560
-2.1510
-2.1320
-2.1250
-2.1870
-2.1450
-1.9520
-1.8570
-1.8880
-1.9450
-2.0150
-2.0340
-2.0030
-1.9750
-1.8580
-1.8000
-1.9900
-2.1690
-2.1890
-2.1560
-2.1840
-2.2490
-2.2530
-2.2780
-2.3520
-2.3270
-2.2320
-2.1900
-2.2290
-2.1490
-2.1570
-2.3320
-2.3340
-2.2950
-2.2890
-2.2650
-2.2740
-2.2660
-2.1480
-2.3280
-2.5460
-2.4410
-2.4090
-2.4950
-2.5730
-2.6290
-2.6740
-2.6740
-2.6210
-2.6120
-2.6580
-2.5820
-2.5010
-2.5260
-2.5300
-2.5380
-2.5200
-2.4590
-2.3870
-2.2900
-2.1820
-2.2260
-2.3910
-2.5200
-2.5960
-2.5060
-2.2560
-2.0780
-1.9750
-1.9900
-2.0490
-1.9750
-1.9370
-1.9190
-1.8760
-1.8010
-1.7230
-1.7230
-1.7280
-1.6540
-1.6360
-1.5230
-1.7170
-2.1910
-2.5030
-3.0740
-4.2180
-3.9310
-4.6800
-7.8650
-8.3310
-11.0850
-12.9340
-13.0750
-12.9290
-11.6050
-11.8690
-10.6270
-9.1040
-9.4720
-11.3410
-8.3030
-8.3280
-11.1140
-7.6600
-5.9030
-5.8920
-0.9720
1.1340
-3.4970
-2.4500
-0.0940
-0.8570
-1.4020
-2.7740
-3.0640
-1.2230
0.0490
-0.6230
-2.0140
-2.3740
-0.7080
0.1420
0.9110
-0.9330
-3.7030
-3.6850
-5.0500
-7.1300
-7.2080
-7.5540
-8.2550
-7.4020
-8.1150
-8.6570
-7.7170
-10.0590
-10.3040
-9.0590
-11.4070
-13.8550
-15.7720
-11.9160
-9.3220
-10.9960
-9.8160
-9.9080
-10.5840
-10.8810
-11.3550
-11.3500
-11.3660
-9.3590
-8.0800
-7.7110
-6.5940
-6.4720
-8.2700
-9.3320
-8.4660
-10.2880
-10.6140
-9.5100
-11.9400
-12.8880
-12.6450
-12.7070
-13.4880
-14.9760
-14.4150
-12.7880
-12.5770
-13.6940
-13.9060
-13.0730
-11.5720
-12.6250
-13.7120
-11.7060
-10.4030
-10.8110
-10.1520
-10.1250
-10.5160
-9.8270
-8.6210
-8.4290
-9.4190
-10.0720
-11.2770
-12.0470
-10.7260
-10.4770
-12.8790
-13.7810
-13.3910
-11.7030
-10.4770
-11.0460
-10.5960
-10.2790
-10.0630
-10.1740
-10.3360
-10.1520
-11.3990
-11.2990
-9.1680
-8.8130
-8.0800
-7.9360
-8.5860
-9.8250
-12.1000
-12.8170
-12.5160
-10.9730
-10.6630
-10.8770
-10.5040
-8.9940
-8.9170
-11.6100
-12.7930
-13.0010
-12.5580
-12.2760
-13.6000
-14.3500
-12.8190
-11.7860
-11.2280
-12.2590
-14.4870
-13.0540
-10.8460
-9.4030
-10.7880
-14.1670
-14.5070
-13.6400
-12.5390
-10.4560
-11.2280
-11.6790
-10.9450
-12.3070
-14.6960
-15.1500
-12.7270
-12.1630
-11.4600
-11.2160
-11.4550
-10.3620
-10.2120
-10.7640
-12.8850
-14.2460
-13.6640
-13.5520
-13.6750
-13.9710
-14.6830
-16.0130
-16.4680
-15.8050
-15.0180
-14.5160
-14.9160
-16.3280
-18.2550
-19.0450
-18.7780
-18.3030
-17.6070
-16.4150
-16.0970
-16.5980
-18.3740
-20.7100
-21.0070
-15.8040
-1.3700
9.6730
14.4540
20.6950
25.8950
28.1970
28.9550
29.2090
29.1010
28.7000
26.9200
25.2690
