-10.8570
-11.9490
-12.3380
-11.7660
-11.8630
-12.7260
-13.0350
-13.6150
-13.2810
-11.3170
-10.8610
-11.7750
-13.0260
-13.0480
-13.2480
-14.3810
-14.6230
-15.8990
-16.6320
-16.4340
-16.4830
-15.1840
-14.8240
-15.2050
-15.5650
-16.6460
-17.2690
-18.0210
-17.9340
-17.4250
-16.6870
-16.2950
-16.7940
-18.2810
-19.9730
-21.0980
-21.2260
-20.9180
-21.8250
-23.1810
-20.8460
-17.9730
-18.0620
-18.5850
-18.7830
-15.2350
-11.3340
-11.2090
-13.0040
-10.3050
-2.2340
-0.1700
-2.8670
-1.2310
-5.6400
-9.6800
-5.9280
-8.7430
-12.0230
-7.1610
-7.8850
-10.7360
-7.0680
-8.2670
-6.5920
-2.3870
-5.4160
-12.1790
-13.2220
-6.9940
-1.2110
-2.3940
-1.7660
-3.1220
-7.4880
-9.4290
-11.8100
-7.1550
-4.7160
-6.3480
-3.8790
-2.8800
-7.0660
-10.6780
-14.6900
-16.3020
-15.2960
-17.2710
-15.6760
-11.7230
-10.4900
-8.2520
-5.3540
-3.8090
-7.1900
-11.8090
-13.4840
-12.0200
-9.9960
-9.8440
-7.0900
-7.0320
-8.4730
-3.3060
0.9880
-1.4410
-5.7250
-7.5840
-7.7910
-7.3210
-6.2940
-5.4380
-4.0180
-1.2770
-0.7130
-2.1000
-2.3700
-2.3400
0.4370
1.7180
0.5580
0.5280
-0.3910
-0.6530
1.8450
0.8650
-3.5100
-4.1040
-7.2950
-10.1360
-3.7630
2.3790
2.5310
0.9090
0.2610
0.3050
-1.1110
-2.2000
-1.3880
-2.1840
-2.9210
-2.1890
-3.7590
-6.7880
-5.4440
-2.5950
-4.1390
-2.9360
-0.9440
-3.4340
-6.0930
-3.2150
-1.2320
-1.7140
-4.0060
-8.0340
-5.9150
-5.8470
-7.5320
-4.4020
-0.4370
2.2130
5.7330
6.5330
3.0390
2.3770
5.3580
4.8260
4.0320
3.9670
5.2690
4.0030
3.0950
5.2880
4.9010
5.0530
6.0860
7.0270
7.6110
7.7450
7.5730
7.4070
7.4950
8.1500
8.0920
9.3170
11.2780
10.8110
10.5630
10.0450
8.1060
5.5160
5.7260
7.2980
8.4450
10.2390
12.2020
11.2590
9.4510
7.8150
6.7060
7.9240
8.6050
9.4710
10.1830
10.7170
11.1400
10.6240
9.9630
8.9270
9.3210
9.4760
7.5550
7.7620
8.5800
9.1660
10.0580
9.0900
7.8370
6.6800
5.2320
6.4610
7.0850
4.2790
4.6960
7.8930
8.7000
8.8600
10.4710
11.1340
11.2660
11.5910
10.8550
9.1490
6.7760
5.4720
5.1130
3.2020
0.2990
-1.4540
-3.8390
-4.7730
-7.0420
-6.2280
-1.6660
0.9840
1.7820
-0.9180
-2.3120
-1.5040
-0.5700
-2.3040
-8.3280
-8.1820
-7.4210
-10.2260
-7.2440
-2.2860
-3.2790
-8.9000
-9.4430
-10.7180
-13.1620
-7.4620
-5.8660
-5.3480
-3.7020
-7.6730
-13.6740
-14.1880
-5.7060
1.4090
7.5380
14.5880
9.6330
0.4070
-4.2780
-7.6740
-12.9100
-16.8820
-16.1140
-9.0590
-5.1270
-2.6150
1.1810
-3.9060
-6.4560
-6.9060
-12.7290
-16.2570
-18.8130
-11.0220
-2.6480
-4.8100
-7.6720
-11.0850
-9.4820
-6.7870
-10.0340
-14.4020
-12.3260
-6.9340
-8.5380
-8.9700
-3.6620
-5.0920
-4.4050
0.0510
-4.1520
-11.7660
-11.5430
-7.0810
-3.7680
-0.5420
3.4200
-0.5410
-5.8950
-5.9320
-3.1020
3.7950
9.7170
6.5700
-2.1890
-9.9130
-11.6700
-9.8040
-10.3530
-7.7500
-2.7920
-2.4670
-3.8730
-0.7790
1.6050
1.6670
1.0120
4.5630
11.4740
15.9000
20.9400
26.7630
28.4460
23.9830
20.5010
21.8180
23.2710
22.8200
22.7740
22.2500
22.5830
23.1320
22.6410
20.4570
19.5590
21.4920
17.4400
15.8610
21.3170
22.2700
20.7270
17.2490
14.3020
14.9750
15.7720
18.5410
19.7390
19.1760
23.3450
28.0570
29.8480
30.3890
29.5560
28.2650
25.9980
26.8780
28.6160
25.9820
25.4460
26.5090
25.9750
25.5710
25.4360
23.5890
18.6090
15.3930
16.2910
18.4390
16.2680
14.0320
15.7690
18.7290
20.8020
19.3480
16.8190
15.7640
17.8750
19.5970
18.0090
17.0880
17.7530
18.7790
20.3400
18.6910
15.7910
15.3320
16.5530
18.3390
17.8400
15.7210
14.2160
12.7590
10.7780
10.0050
10.0120
9.4720
9.8680
11.8660
14.1730
17.9660
23.7820
24.4820
21.2930
21.9800
23.0620
21.9320
19.8110
19.7310
20.2120
19.2950
19.9260
19.4020
17.8570
15.5460
10.5470
4.7220
1.6790
