-6.0110
-6.0730
-5.7790
-5.3640
-5.4060
-5.7950
-5.9520
-5.9270
-5.9070
-5.8620
-5.9650
-5.9880
-5.7810
-5.7440
-5.6550
-5.8250
-6.1250
-6.2510
-6.3720
-6.3780
-6.5380
-6.6100
-6.5930
-6.6180
-6.6170
-6.8020
-7.5880
-7.8710
-6.5160
-5.1680
-5.0870
-5.3730
-5.5860
-5.9470
-5.2600
-4.6660
-5.4820
-5.5100
-4.8660
-4.6850
-4.1740
-3.9570
-4.7960
-4.4160
-2.4000
-3.0500
-4.9800
-5.1800
-4.5940
-5.3050
-5.5900
-5.1960
-5.2120
-4.9150
-5.1200
-5.9510
-6.6810
-6.0890
-4.8690
-5.0640
-6.3150
-7.2430
-7.9850
-8.4640
-7.9970
-7.4540
-7.7370
-9.7000
-10.0180
-7.8810
-7.0750
-7.1600
-7.2070
-7.1680
-7.1290
-7.1450
-7.0830
-7.1130
-7.1680
-7.2230
-7.0030
-6.9190
-7.0540
-7.0530
-7.0790
-7.1300
-6.8980
-6.3030
-6.1350
-7.2570
-7.7920
-7.2150
-6.9340
-6.9820
-7.0280
-6.7770
-6.6690
-6.8950
-6.8590
-6.3670
-6.2630
-6.5100
-6.7010
-6.5850
-6.2070
-6.1550
-6.1680
-6.2400
-6.4850
-6.5700
-6.5410
-6.6860
-6.5300
-5.9030
-6.3660
-7.0970
-6.8690
-6.5670
-6.5100
-6.5680
-6.4640
-6.4070
-6.4010
-6.3930
-6.3340
-6.2150
-6.1810
-6.0590
-6.2300
-6.3510
-6.2450
-6.3380
-6.3260
-6.2870
-6.2890
-6.2810
-6.3220
-6.3910
-6.4640
-6.4630
-6.3260
-6.3120
-6.4570
-6.3720
-6.3090
-6.4030
-6.3550
-6.0790
-6.0570
-6.2530
-6.2410
-5.9130
-5.7320
-6.0080
-6.0120
-5.7490
-5.6390
-5.8690
-5.7680
-5.6350
-5.7800
-5.6390
-6.3560
-7.3890
-7.1510
-7.0700
-7.1890
-6.6290
-6.5340
-7.1430
-9.7170
-10.2170
-8.7670
-7.9170
-6.9710
-6.7330
-6.1230
-6.3410
-6.3260
-8.0150
-9.5730
-9.1040
-8.5690
-8.3060
-9.2380
-10.2000
-10.2360
-12.8760
-14.0720
-11.0090
-17.9730
-26.2130
-18.3540
-11.0750
-9.7120
-11.1860
-15.5130
-17.8510
-15.2720
-10.7280
-11.6850
-12.8080
-20.3250
-24.1920
-14.8180
-8.7360
-8.3470
-6.8090
-8.0440
-12.8860
-16.5310
-10.9510
-3.7460
-11.4910
-19.9360
-10.2360
-10.7680
-16.0450
-12.0900
-11.7900
-4.9560
1.3670
3.2530
1.3590
-0.1490
-2.2420
-2.5910
0.4810
2.8930
-6.6380
-10.3440
-1.6590
-6.3620
-6.9750
-4.9750
-8.3430
-7.6160
-0.1700
2.5330
2.3910
3.8010
-5.2580
-9.7820
-10.0230
-11.2090
-12.7420
-4.0270
1.0190
-1.5900
-0.8730
-7.3340
-12.7860
-13.7800
-2.7560
13.4810
15.6640
7.9490
5.4110
10.5940
14.5160
12.8510
12.3290
12.4500
16.6100
21.4180
21.1840
19.4450
18.4330
22.1560
23.8610
25.4640
29.4460
24.2730
20.8910
25.1820
29.5180
30.0350
24.0200
15.8030
11.3580
12.9930
16.1920
15.5960
14.6320
17.7150
23.3280
21.4380
15.8670
15.2920
11.7250
1.6700
2.7240
13.0330
14.4990
12.5520
14.4990
13.6370
9.1290
7.5820
12.7460
12.2030
4.5250
1.5690
-0.3800
-2.6320
-5.7090
-8.7430
-11.1050
-5.2440
4.0010
9.5390
9.3320
-0.0310
-7.7470
-8.6420
