26.3900
27.8800
30.0020
30.0640
28.4420
29.0570
31.3570
32.8580
32.7390
28.8110
23.3680
21.6280
23.1120
23.3420
20.2780
19.0450
17.5940
17.0030
17.7240
16.2720
16.9770
19.3680
22.1700
23.9410
21.4470
16.2350
14.1690
13.8200
11.1880
8.7100
8.4610
8.6800
9.9630
11.6960
12.6050
10.5570
9.1300
12.0820
13.8780
14.9180
17.7280
17.4930
16.3600
15.9630
15.8170
15.1910
15.2210
17.2560
17.7100
16.9280
16.1460
15.3640
14.5820
13.8000
14.3120
17.1690
17.3430
17.2350
18.0590
14.1730
13.8620
16.4510
17.5840
17.3920
16.3220
15.4010
15.0600
15.2660
13.9370
13.2170
13.1380
13.8540
15.0900
15.5230
15.3370
15.0820
14.8450
12.9280
11.4220
13.4430
13.8140
12.9240
13.0770
13.0130
12.8160
12.8450
14.3890
14.7390
14.3640
14.0750
13.4570
14.5910
15.1050
14.6180
13.7030
13.6640
14.3400
13.7580
13.8540
13.6870
13.5860
12.5610
11.1900
9.3120
7.5950
7.1560
8.8750
12.5490
11.3110
9.4970
9.1780
12.4400
4.6640
-12.1830
-15.8890
-8.9070
-2.0110
-2.5350
-5.9740
-12.1900
-14.7280
-10.4180
-8.4980
-5.9230
-2.6150
-1.4150
-0.7390
-5.5210
-8.9110
-7.5930
-6.0410
-8.8990
-11.0520
-6.1470
1.2270
9.1100
13.3360
13.8040
12.9000
13.9730
15.2000
14.0570
10.5790
8.6210
8.1850
8.6670
9.6750
8.6770
8.8870
9.1370
7.9760
8.5270
10.0920
8.8470
7.2870
7.3930
7.4200
8.7620
9.6900
9.3890
8.4490
7.8840
8.6650
9.3910
8.2600
7.1080
6.2920
6.6310
8.5800
8.8770
9.5730
10.2400
9.9240
9.8920
9.2080
8.4220
7.8820
9.3570
10.6940
10.0970
9.7410
10.5070
11.2990
10.4750
10.4490
12.0820
12.3050
11.9940
10.7240
9.8470
9.7890
7.4280
5.7520
6.2610
6.7060
7.9890
5.2000
-0.3790
-1.3540
-0.2780
-0.3300
-0.5400
-0.7570
-2.3730
-4.2510
-3.3510
-3.0680
-5.1870
-5.1930
-3.8430
-2.9990
-2.2190
-3.3060
-3.7160
-2.3760
-2.3640
-2.7120
-2.7070
-2.8640
-2.9650
-3.5090
-4.2310
-3.8840
-3.6490
-2.8490
-3.5790
-3.9480
-3.9260
-3.8770
-3.6480
-4.3440
-2.7520
-1.4060
-1.3410
-2.5960
-3.2390
-1.4400
0.0040
2.3560
0.5330
-3.7510
-3.4610
-3.2410
-3.6480
-3.3130
-3.7330
-4.3260
-3.9590
-4.0070
-4.2420
-4.0620
-4.1260
-5.0560
-4.4420
-3.6660
-5.4000
-7.5290
-7.8750
-4.3980
-3.9700
-4.9090
-3.3000
-3.7650
-7.0630
-8.5030
-3.8990
-0.5710
-1.4960
-2.0740
-4.4520
-7.0440
-7.0870
-6.0170
-5.1090
-5.8280
-5.0020
-4.4350
-4.2220
-2.2640
-2.5610
-5.3310
-6.9890
-6.8870
-6.8140
-7.0480
-7.3180
-6.4760
-5.3080
-6.1440
-7.6800
-8.2480
-7.2580
-5.0980
-5.1960
-5.0750
-3.3730
-2.7300
-3.1990
-5.3850
-6.2020
-4.5670
-3.1630
-3.6230
-4.0600
-4.3350
-3.3050
-3.2380
-5.3230
-5.1140
-3.3610
-2.7950
-2.6630
-2.2210
-2.8450
-3.3610
-3.2780
-3.8410
-4.1140
-3.6910
-2.2340
-1.6960
-2.5100
-3.2240
-3.1480
-3.2100
-2.9690
-2.4200
-1.8470
-1.5970
-1.9280
-2.1420
-2.1660
-2.3300
-2.8240
-2.8710
-2.7130
-2.2510
-1.5950
-1.6170
-2.2350
-2.7860
-2.7840
-2.4460
-2.0050
-1.6640
-1.6530
-1.7960
-2.0040
-2.4440
-3.0130
-3.3840
-3.4490
-3.1650
-2.4280
-1.4810
-0.7930
-1.0660
-0.7290
-0.6350
-1.8450
