-24.5550
-25.4390
-25.7670
-22.0390
-17.6290
-21.1770
-26.0520
-26.8620
-27.4920
-26.5250
-24.9660
-24.4220
-23.5200
-22.3490
-21.7140
-21.7090
-23.9410
-24.6120
-20.5640
-19.7950
-20.9360
-16.2860
-15.1280
-13.6130
-8.1450
-5.9960
-6.0140
-6.4600
-6.3780
-6.2620
-6.4990
-6.8290
-6.5560
-6.3480
-8.4240
-9.0360
-6.3390
-5.6890
-8.6200
-9.8750
-5.9880
-5.0370
-5.5790
-5.4570
-7.1660
-8.5970
-8.2320
-9.7030
-8.1990
-4.2800
-4.3500
-3.2890
-4.4060
-6.0580
-5.7950
-5.8390
-5.7904
-5.7419
-5.6933
-5.6447
-5.5961
-5.5476
-5.4990
-5.0910
-5.6970
-5.1940
-3.3750
-4.0600
-5.4890
-7.2860
-7.1190
-5.7190
-5.4050
-6.0080
-6.8010
-5.5900
-3.9030
-3.1760
-3.5820
-3.0190
-4.5940
-6.9090
-6.9620
-7.7320
-7.7410
-7.5690
-5.7840
-4.0760
-5.1620
-4.7460
-5.7300
-8.7120
-2.2130
8.0680
7.0670
3.4560
5.6560
8.3040
6.3150
4.8950
8.4340
7.3480
6.3860
1.3450
-3.1070
6.4050
5.3760
7.9240
11.3600
8.1110
7.9880
8.6940
9.9090
9.3690
3.9140
0.7430
1.6830
0.9250
2.8060
5.6980
5.6020
3.9680
0.9650
3.1770
4.2420
2.9680
1.9850
1.8960
3.6500
4.3660
4.9830
2.6670
0.9240
2.2230
4.0950
5.6400
5.7360
3.3520
2.8260
2.6330
2.4860
3.4340
3.8000
3.8230
3.3730
3.6850
3.4080
3.3980
2.2630
0.4070
-3.9030
-6.8170
-6.2190
-6.9590
-8.2790
-6.4720
-3.5480
-4.8770
-5.4160
-4.7970
-5.1320
-3.9160
-2.9840
-7.0990
-9.4430
-5.2720
-2.1240
-1.5040
-1.5480
-0.0930
-0.5240
-0.6270
1.0190
0.9450
-0.1100
-0.8560
0.5470
1.2490
1.2460
0.7190
1.2560
1.3140
1.2470
1.5410
1.8420
2.0120
1.6580
2.1580
2.7790
2.8040
2.6290
2.3120
2.0890
1.9820
1.3440
1.0290
1.5250
1.8580
1.8940
1.7690
2.0990
2.1840
1.3100
1.5100
2.0620
2.0220
1.2320
0.9710
1.6690
2.5350
2.5670
1.9760
1.7700
1.9260
1.5050
1.1470
1.4950
1.6740
1.2020
0.9940
1.3800
1.6070
1.3400
0.5430
0.2220
0.6260
0.2230
-0.7630
-1.1870
-0.8390
-0.8040
-0.9210
0.6750
2.0790
2.1560
1.7570
1.4350
1.1490
1.1410
0.7380
0.2360
0.7310
0.9400
0.9010
0.8910
0.8960
0.6070
0.1070
-0.2400
0.1790
0.7860
0.8760
1.2770
2.0210
2.5400
2.5480
2.2160
2.2080
2.6460
2.9830
2.5140
1.4400
0.6130
0.7620
1.5660
1.8200
1.3410
0.6860
0.5110
0.7080
0.7740
0.7210
0.7640
0.6290
0.4860
0.8880
1.3920
1.3380
1.3460
1.6490
1.5700
1.3400
1.4800
1.6360
1.3330
1.2820
1.4670
1.1910
1.1260
1.0970
1.3560
1.5680
1.3000
1.9230
1.9410
1.3160
1.9280
2.0800
1.1280
0.9180
1.1380
1.3000
1.1040
0.9730
1.3270
1.7940
1.9870
1.0780
0.2440
0.5530
1.2840
1.6520
1.8440
2.2150
2.2560
2.0150
2.1670
2.2800
2.1440
2.2730
2.6100
2.7900
2.6010
1.4910
0.9590
1.2550
1.1020
1.2420
1.4060
1.2030
