23.7560
23.7600
26.7630
29.5050
29.9910
30.7290
31.1300
31.8120
32.7680
34.2150
35.5940
36.0270
36.6670
36.2260
35.3370
34.6660
33.1890
33.0530
33.8290
33.7340
33.5410
32.3130
30.4600
31.3880
34.1040
34.0740
33.6020
33.0760
32.1990
33.0150
31.4320
29.0390
26.2650
22.6690
22.7570
24.6480
25.2690
24.0450
22.3690
21.0720
20.8210
21.7870
21.5040
22.1900
20.1570
15.3230
15.7820
19.3570
19.8110
18.7030
18.1670
19.8350
21.0740
18.0330
12.3900
11.9130
12.8060
9.3980
8.7520
8.7940
9.7360
12.1760
11.3240
8.1310
7.3730
10.4350
13.2390
13.3130
11.7450
11.9670
15.4500
18.7850
18.4090
16.2380
16.2810
16.4840
14.7050
13.4410
14.4740
14.4530
13.9620
14.2610
13.9200
15.0470
16.5840
16.3860
16.0870
15.9550
13.8130
13.6890
11.6850
2.5840
-5.7340
-7.0910
-1.0950
8.1100
14.1460
14.6790
11.5320
11.8110
15.0940
15.8600
16.0970
14.2650
13.4290
14.4820
14.2480
15.1900
16.1110
16.9170
16.1790
14.6480
14.3720
14.5540
15.8900
16.2800
15.4670
15.5930
15.7020
15.0630
15.8780
16.7630
13.0660
11.8130
14.3560
13.3570
13.1730
13.2180
11.6650
10.8120
10.6270
9.8750
9.0180
9.5890
10.7500
10.6790
11.2980
11.7300
13.4660
14.1730
13.1680
14.5360
13.9180
13.2580
14.0020
13.3100
13.1200
12.9110
12.8720
11.4540
11.9980
13.7790
13.1800
12.6760
12.8960
12.1920
12.0010
12.6220
12.5260
12.6210
11.6920
11.5720
11.3300
10.1340
9.7430
9.3320
9.4500
10.2660
8.8040
7.8420
8.7840
9.2780
10.1280
8.6810
-3.8040
-7.4010
-7.8560
-11.7330
-9.7790
-12.2790
-8.0870
-3.8230
-2.3020
-4.2180
-5.5170
-4.2720
-8.9010
-8.6030
1.8620
6.3300
5.2650
6.4150
6.8850
6.7210
3.4900
5.6100
6.6980
-6.4890
-17.9500
-13.0420
-4.4110
0.8070
3.5810
4.4250
6.4070
7.9150
8.6020
9.6130
9.5110
8.2530
6.2350
2.3010
-1.7840
-2.6220
-10.4470
-22.1890
-16.0850
-6.4390
-8.3790
-5.8230
-11.9940
-19.6030
-16.2870
-11.6560
-2.9490
1.0510
-5.3050
-14.0970
-16.1050
-18.1270
-21.1850
-17.3270
-7.1190
-2.8880
-5.6180
-8.7810
-9.2270
-5.5930
-2.1280
-4.4780
-7.3520
-7.2850
-6.9800
-5.9190
-6.3590
-7.7680
-9.2370
-11.4570
-13.9860
-13.1370
-9.1750
-9.1880
-11.2870
-8.5820
-8.3840
-10.3460
-9.1960
-5.4170
-2.5460
-3.9120
-5.1390
-5.4130
-5.9830
-6.5060
-6.7960
-6.0000
-6.6470
-10.2230
-12.8010
-10.9780
-7.6000
-7.1370
-6.1240
-2.9360
-1.4610
-2.7830
-4.5390
-6.5350
-6.9140
-5.8140
-7.2160
-8.9780
-9.6000
-9.2660
-7.2680
-6.6420
-7.9400
-8.3560
-5.4690
-3.2790
-3.9240
-6.4010
-8.0100
-7.7550
-8.5940
-8.7650
-8.8430
-8.7650
-6.9320
-7.6970
-9.5800
-7.0650
-5.9210
-5.6390
-7.7030
-9.4840
-10.4000
-10.2360
-10.0520
-12.0590
-13.3650
-8.9780
-3.0450
-2.5040
-5.7440
-6.8710
-4.3760
-6.0570
-9.8410
-8.2770
-5.6670
-5.5210
-7.3030
-9.3830
-9.4140
-7.7920
-7.7700
-7.8900
-7.1600
-6.7780
-7.3670
-9.4910
-10.2370
-8.2510
-7.7190
-8.2600
-6.8530
-6.5260
-7.3810
-9.0220
-9.7110
-7.5280
-6.0130
-6.8990
-8.3280
-8.4200
-5.8660
1.5980
2.6180
-2.1260
-3.7230
-3.9730
-4.0180
-5.5830
-6.9630
-8.1960
-9.1430
-9.5790
-8.7830
-8.0470
-8.1150
-7.6870
-7.4800
-7.4010
-7.3460
-7.0490
-6.5646
-6.0801
-5.5957
-5.1113
-4.6269
-4.1424
-3.6580
-3.7810
-4.0200
-4.4170
-4.5300
-4.8070
-4.7120
-4.2750
-4.8180
-5.5600
-5.6100
-5.2580
-4.4760
-4.2230
-4.4830
-4.9010
-4.9800
-4.7710
-4.6750
-4.6290
-4.7810
-4.6110
-2.1260
-0.1760
-1.3760
-2.8840
-4.4910
-5.4190
-4.4340
-3.0520
-3.0110
-3.6110
-2.2860
-2.6230
-4.5630
-4.1660
-3.0170
-2.9140
-2.3590
0.4850
3.7010
5.2060
5.2040
5.1790
5.3540
5.5211
5.6882
5.8554
6.0225
6.1896
6.3567
6.5238
6.6909
6.8581
7.0252
7.1923
7.3594
7.5265
7.6936
7.8608
8.0279
8.1950
8.3020
