-4.2490
-4.3330
-4.2730
-4.0760
-3.7560
-3.4680
-3.3790
-3.5240
-3.9790
-4.1740
-3.9180
-3.7880
-3.8920
-3.9780
-3.9390
-3.9280
-3.8910
-3.7900
-3.7250
-3.6510
-3.5850
-3.7040
-3.8090
-3.8660
-3.8430
-3.7340
-3.7780
-3.9280
-3.8240
-3.6930
-3.5370
-3.4660
-3.7300
-4.0300
-4.2080
-4.0910
-4.0070
-4.0310
-4.0500
-4.1020
-4.0920
-4.0220
-4.0235
-4.0249
-4.0264
-4.0278
-4.0293
-4.0307
-4.0322
-4.0336
-4.0351
-4.0365
-4.0380
-4.1750
-4.0660
-3.9590
-4.1650
-4.0440
-3.6980
-3.7590
-3.8230
-3.7120
-3.6140
-3.5240
-3.4770
-3.3250
-3.3080
-3.4220
-3.3410
-3.2620
-3.3470
-3.2260
-3.0860
-2.9960
-2.9510
-3.1860
-3.0230
-2.6760
-2.5700
-2.5790
-2.2380
-1.7340
-1.2880
-1.4570
-2.0610
-1.9670
-2.2820
-2.8850
-3.0240
-3.2870
-3.5640
-4.1770
-5.7450
-6.7480
-6.6910
-6.7060
-8.6830
-9.9640
-11.1000
-11.4170
-8.1350
-5.5700
-5.3660
-5.5520
-5.7830
-7.5190
-8.2590
-8.5000
-7.8730
-6.1150
-6.1700
-6.6790
-5.6580
-6.0690
-8.2610
-10.2740
-10.2660
-12.6890
-15.6160
-14.4520
-14.0400
-11.8500
-9.6600
-7.9990
-10.0440
-10.8200
-9.3530
-10.4390
-10.8680
-8.7180
-8.9850
-8.4550
-8.0550
-8.3240
-7.3870
-6.7850
-6.6460
-6.9200
-6.8870
-7.8220
-7.7090
-6.7630
-8.8140
-10.3610
-10.2470
-9.3100
-9.8950
-12.3800
-13.2100
-12.0860
-10.4590
-10.4700
-10.5300
-10.6120
-8.9350
-7.8790
-9.0390
-9.5200
-10.3980
-9.7040
-7.7990
-8.5490
-8.3980
-5.9700
-6.5620
-8.2770
-7.7230
-8.1170
-9.3660
-8.6440
-10.3130
-12.1910
-9.5740
-9.2880
-9.1250
-6.1000
-4.4870
-4.6070
-7.1920
-7.8680
-7.2080
-5.5080
-3.5140
-3.8290
-4.5070
-4.8990
-5.0400
-5.6700
-7.3610
-7.3070
-4.9570
-5.9890
-7.5450
-8.2970
-6.6630
-2.9650
-5.9030
-9.0230
-7.8100
-7.7990
-8.3990
-8.9360
-8.0200
-8.8200
-9.8130
-9.9260
-9.7980
-8.6790
-8.1010
-8.0230
-7.8190
-7.2760
-6.9440
-8.0520
-9.4690
-8.6140
-7.5510
-9.4780
-10.2940
-10.0090
-11.2780
-9.3520
-10.1090
-11.3830
-11.4380
-12.4150
-11.6060
-10.7010
-7.7590
-7.4160
-10.8620
-10.0230
-10.0590
-10.6230
-7.9410
-9.4350
-11.1900
-9.2530
-9.9490
-11.8460
-8.5780
-7.5710
-7.5190
-6.8670
-7.2380
-7.9710
-7.9070
-9.0240
-8.4940
-6.3100
-6.9360
-7.0160
-8.7440
-9.1710
-6.8070
-6.4540
-6.4920
-6.2370
-6.2140
-6.9060
-7.7800
-7.3660
-8.1790
-8.7790
-6.9720
-8.8510
-10.2550
-6.2440
-4.2690
-5.6090
-6.0330
-7.4300
-9.8030
-5.2990
-2.3220
-5.3350
-6.3920
-5.3090
-5.0450
-5.1730
-4.3260
-3.3720
-3.4210
-5.6230
-6.7620
-8.5400
-8.5950
-7.8270
-8.7450
-7.4050
-7.8030
-9.0370
-7.3260
-6.1530
-9.1830
-10.0980
-6.9270
-5.3790
-6.7590
-8.5430
-9.0740
-8.0560
-8.0870
-7.9540
-5.5310
-5.1120
-7.6080
-8.0810
-6.7950
-6.9390
-4.9940
-2.7510
-1.8210
-3.3070
-5.1920
-4.6420
-3.8220
-4.1550
-4.0130
-3.6350
-4.0280
-3.3630
-2.7060
-0.9870
2.7030
6.3160
6.6970
3.7310
1.5050
-0.4310
1.0820
0.2060
-0.0180
3.8650
7.0290
7.3560
6.1870
8.1140
10.6330
10.5430
9.3470
9.6250
11.4760
11.0940
9.9930
10.1580
7.5560
4.3650
5.7770
9.5460
9.7793
10.0126
10.2459
10.4791
10.7124
10.9457
11.1790
10.8050
10.7570
14.3170
16.8060
12.9750
13.5020
17.8150
16.2730
15.9880
20.3550
24.7020
26.1340
25.0820
26.2610
27.5940
24.2200
20.8340
20.8750
20.5780
22.1300
21.5320
20.0890
18.4420
14.7070
15.7340
20.6410
22.9300
23.2970
5.9870
-15.2560
-14.9290
-13.1570
-9.5660
2.2300
5.8580
7.2960
17.8200
25.8530
17.6060
-12.0260
-28.1910
-20.8040
-6.7570
0.5810
-13.6750
-33.3210
-38.4090
-34.7450
