-3.9010
-3.9020
-3.9170
-3.9390
-3.9750
-3.9690
-3.8470
-3.6810
-3.6630
-3.6170
-3.5820
-3.6770
-3.6570
-3.6050
-3.5050
-3.0420
-2.2870
-1.5780
-1.2970
-1.8150
-2.2940
-2.2990
-2.2570
-2.8400
-3.6710
-3.8750
-3.9020
-3.9390
-3.9320
-3.8640
-3.8910
-3.9900
-3.9680
-3.9100
-3.8970
-3.9330
-3.9780
-3.9810
-3.9560
-3.9840
-4.0450
-4.0390
-3.9840
-3.9180
-4.0840
-4.2970
-4.3130
-4.2620
-4.1500
-4.0520
-4.1480
-4.2970
-4.2960
-4.2430
-4.3790
-4.5150
-4.6510
-4.7870
-4.9230
-5.0590
-5.0610
-4.9570
-4.9040
-4.9510
-4.9250
-4.9010
-4.9450
-4.9750
-4.9470
-4.9300
-4.9550
-4.9590
-4.8980
-4.8650
-4.8980
-4.9060
-4.8920
-4.8730
-4.9230
-5.0060
-5.0590
-5.1610
-5.2020
-5.1940
-5.1760
-5.0970
-5.2740
-5.3520
-5.1970
-5.1760
-5.0800
-5.0510
-5.1330
-5.1700
-5.2170
-5.0320
-4.9130
-4.9200
-4.8330
-4.8470
-4.9530
-5.1390
-5.3020
-5.3620
-5.1540
-4.7540
-4.8510
-5.0880
-4.7510
-4.9940
-5.0010
-4.9120
-4.9150
-4.7490
-5.0270
-5.1430
-5.1030
-5.1440
-4.9920
-5.2200
-5.4740
-6.0140
-6.2650
-5.9810
-5.6180
-5.4780
-5.3060
-4.4140
-3.6170
-3.5580
-4.4280
-5.6970
-6.7980
-7.5720
-7.9730
-6.7040
-4.8700
-1.9680
0.4740
-0.8380
-3.6350
-5.1800
-6.1080
-7.0810
-7.4670
-6.9780
-6.4430
-6.4090
-7.0270
-6.3970
-3.4660
-2.2750
-3.4630
-4.7700
-5.6100
-5.7730
-5.3030
-4.5470
-4.8510
-5.4610
-4.3630
-2.8620
-2.6020
-3.2570
-3.4360
-3.4480
-4.0380
-5.4130
-6.0750
-5.6830
-5.2960
-4.5430
-2.5310
-5.1870
-5.5790
-1.3120
-2.9150
-3.8480
-5.7070
-6.7720
-4.2760
-3.7160
-3.8870
-4.4720
-5.8640
-5.9580
-3.3600
-3.0180
-3.3230
-5.3410
-1.8900
1.9010
-1.4910
-3.4990
-6.4770
-7.7350
-6.4620
-5.5280
-4.9150
-4.0550
-3.9270
-3.9240
-4.3410
-3.6930
-1.7030
-3.1830
-5.2060
-6.1820
-6.5510
-6.3960
-4.9650
-4.2310
-2.1980
0.0290
-2.6010
-5.2460
-4.6150
-2.1560
-1.8510
-2.7080
1.1030
-3.1750
-6.0410
0.1010
0.5600
-0.0290
0.3120
0.8310
4.0510
7.0490
7.3870
7.1260
9.3600
11.2790
5.0500
-3.5340
-11.8270
-13.7130
-8.2990
-3.9820
-1.8800
-2.8450
-1.2540
-1.7230
-0.4210
4.2910
-2.0680
-5.7400
0.2960
-0.1840
-3.7760
0.0630
4.3260
5.5990
9.0100
12.0220
12.1740
12.9320
12.6210
11.6450
10.4160
8.9600
12.0840
13.6580
10.8170
6.0910
2.8730
3.8400
6.1700
9.8850
13.9840
15.5210
13.7810
11.4340
17.0980
24.0770
25.2470
27.0860
26.7920
14.8420
1.8450
0.0920
4.7520
12.5150
17.6880
17.4050
15.1460
16.6620
23.4840
22.4510
17.0920
20.9220
28.2630
33.6050
29.3750
24.7450
28.8170
30.7200
29.5300
29.4870
30.4160
27.2440
25.8020
26.6030
28.1380
24.3820
19.9430
19.0570
21.3600
24.5320
29.2310
33.7350
36.6890
38.1320
38.1120
36.7310
36.2020
36.3580
36.2520
32.1960
26.9360
30.4290
40.1040
42.9240
37.4650
35.2400
36.8820
36.7690
34.6800
34.3890
