1.9620
2.3060
1.9235
1.5410
0.8430
0.3180
0.6850
1.1720
1.1560
1.5770
2.1220
2.0280
1.8140
1.5970
0.9330
-0.2250
-0.1050
1.9240
3.3730
3.1770
2.7780
2.7140
2.2570
1.7510
0.4950
0.0880
0.7670
-0.8950
-1.0610
-1.2840
-3.7670
-6.0060
-4.7880
-1.5240
0.3260
1.9100
1.9480
2.2070
1.0820
0.7190
0.8260
-0.5510
-1.5250
-1.5670
-1.0380
-0.3500
-1.0120
-1.0000
2.2010
4.0530
1.5140
-2.8990
-2.3980
-1.4850
-4.0230
-2.4820
-0.9630
-1.2180
-0.5700
0.2650
0.6150
0.6050
3.7140
7.1050
5.4590
-0.7490
-1.7630
2.1030
3.6680
6.7250
4.5000
3.1930
5.1090
1.6150
2.7230
6.6580
3.9850
0.9060
-1.6400
-1.5080
1.3350
-2.7900
-2.2860
2.2570
1.2730
2.9550
5.9160
4.0580
2.5590
3.6510
4.2780
3.5980
0.6860
1.5540
5.5820
8.2770
6.0270
2.3660
-0.5960
1.1330
2.2050
-0.1140
4.3570
5.1760
-1.0610
-1.8690
2.7460
2.9630
1.2180
-3.8220
-3.8640
-1.9270
-1.1500
1.2110
0.4390
1.6460
1.7400
0.9060
0.2690
0.6270
0.8390
-0.2090
-0.8800
-1.2760
-1.4070
-0.5640
-0.1760
-0.2510
-0.4580
-0.4650
0.9990
1.1560
1.0540
0.5050
-3.6220
-1.2360
3.0060
2.1260
0.9010
0.9880
3.0540
1.6750
-0.7740
-0.7760
0.1900
2.7530
4.3520
5.3490
4.5730
-1.0260
-2.4940
-0.7330
0.2000
0.8990
2.6170
6.8310
8.4740
7.6490
6.5150
5.2480
2.9790
4.1520
6.8020
8.2560
8.5670
11.2610
11.4450
8.7170
7.0180
-0.3440
-5.2000
3.4810
10.8750
10.5120
11.0800
12.4530
11.7250
9.9310
9.1290
7.2200
3.3090
6.5430
13.2490
13.1860
8.7150
5.6690
4.6870
3.1540
3.8780
3.1290
0.8550
0.5910
1.3630
3.1790
3.5650
1.0350
-0.8150
1.3410
3.4440
3.5510
4.3300
3.3560
0.8500
1.0660
4.4330
6.8190
7.1840
6.4980
5.2680
6.3990
6.6430
7.0400
10.1660
11.3310
10.8060
10.6750
9.9120
10.1290
11.7520
13.1810
13.4200
12.1220
10.0020
8.8830
6.7870
4.3170
7.3050
11.6740
11.9890
7.8870
6.2320
7.8350
9.5740
7.4050
5.2550
8.4620
10.8000
13.9500
14.3800
10.5930
8.8110
8.9680
7.8110
5.4240
2.4450
3.9330
5.3030
3.9820
4.5530
3.2120
1.8840
5.1000
10.5660
9.8480
7.5010
4.9550
4.8580
8.3850
9.5710
8.2820
8.3430
6.9970
10.8800
16.9930
14.5890
8.3480
4.3510
8.4600
12.5270
12.4010
10.9620
7.5210
9.4440
12.9060
12.4330
11.5900
8.8270
7.4310
7.9760
5.5910
3.2370
8.6890
13.6840
12.7880
11.5040
6.5660
2.6520
8.3120
12.1690
11.0390
7.7460
4.7590
8.5530
12.1070
11.6990
11.1930
9.1320
10.2180
7.6580
3.3770
3.6480
4.5620
4.0270
5.6340
6.8660
7.0340
8.0750
8.0040
3.8590
0.3380
1.0930
3.8220
1.6410
-0.0990
2.6530
1.7840
0.9810
4.9950
8.3380
6.8160
4.7560
3.5940
7.1680
9.5930
8.6310
6.3690
2.6330
1.3420
1.2170
0.9500
-2.4480
-8.4520
-11.8970
-11.0800
-9.7510
-6.4500
-5.5640
-6.5790
-4.5450
-4.3730
-4.7560
-4.1940
-5.3300
-2.9190
2.0530
-0.7300
-1.6840
-1.2430
-3.2410
-1.7940
-0.3360
-2.0330
-5.5350
-7.8410
-7.7610
-5.5460
-5.6650
-6.5870
-9.1120
-12.3970
-11.0980
-7.2580
-4.4830
-4.1020
-5.2710
-8.0200
-8.2250
-5.4890
-6.8650
-13.0890
-16.1950
-16.5040
-17.3100
-17.4960
-17.6170
-15.7500
-15.0680
-15.5890
-15.4790
-14.0360
-13.8030
-15.8930
-18.3630
-19.5820
-17.2640
-15.0030
-15.0060
-15.9720
-16.0860
-15.9770
-15.7340
-15.1230
-14.1940
-13.5520
-12.7610
-11.9010
-12.0450
-11.9920
-10.0060
-7.4170
-5.5820
-4.4030
-1.5140
3.2110
6.5990
8.4350
9.2320
8.9580
8.8120
9.9590
11.4350
12.6560
12.5700
10.0860
5.3400
-0.3440
-6.7680
-13.4330
-18.0220
-20.2470
