-0.5550
-0.5870
-0.4690
-0.5040
-0.5720
-0.6040
-0.4730
-0.5190
-0.6280
-0.5060
-0.1730
-0.0930
0.0610
0.2200
0.3070
0.5430
0.8210
0.9060
0.0640
-1.2640
-2.0310
-2.1120
-2.1840
-2.2830
-2.2600
-2.2420
-2.2080
-2.3990
-1.6380
-0.8410
-0.7590
-0.9090
-0.9020
-1.1330
-0.8460
-0.1550
-0.0300
-0.0200
0.0160
0.2460
0.3800
0.1010
0.1550
0.6940
0.9830
0.8930
0.8160
1.2150
1.3990
0.9670
0.8700
0.9090
0.8530
0.8850
0.9230
1.1580
1.4800
1.6150
2.7000
3.3610
3.8440
5.0560
5.9620
8.1340
9.5610
8.1640
7.6640
7.3020
8.0920
10.4550
10.4810
8.5920
7.9840
8.2130
8.5740
8.8640
9.3580
9.7530
9.8060
9.9080
9.5570
8.9390
9.2850
10.0180
8.8880
7.7270
7.9080
7.6430
7.9210
7.6330
7.1900
6.7480
6.4720
6.9770
6.9960
7.0210
6.7680
6.7140
7.0360
7.2160
6.9780
5.8880
5.1030
4.9860
4.9250
5.2890
5.6350
5.3430
4.7680
4.9410
5.6380
5.4740
5.5710
6.3650
7.2120
7.7760
7.5490
7.8500
7.5530
7.1040
7.7520
7.7520
7.3930
6.7800
6.4140
6.4370
6.0710
6.7790
7.4540
7.0860
6.8930
6.4470
6.4090
6.3420
6.1510
6.4320
6.8170
7.0860
7.5080
6.8450
7.9980
9.2990
7.7360
7.0380
7.3960
8.5170
8.9460
8.9500
8.2920
8.3970
9.9420
10.5220
9.3990
8.4160
8.4190
8.7250
9.0900
8.9940
9.3680
9.5320
9.3090
8.9910
8.7640
9.5780
9.4560
8.7150
8.7580
8.3330
10.3380
10.7620
10.4720
11.8590
10.1260
9.1740
8.4300
9.0830
10.5030
9.2650
9.5270
9.4560
8.4120
8.6080
9.4300
10.6280
9.2570
7.7520
8.4420
9.4510
10.5190
9.5480
7.9000
7.9640
7.7560
7.9230
8.7700
9.5630
8.5890
7.4940
9.1910
8.5350
8.3680
9.7760
9.0540
8.7800
8.8820
8.8640
9.1420
7.5480
7.7670
9.4830
8.9460
8.7380
8.6710
8.3930
6.2370
6.3390
8.2540
8.2290
8.9940
9.1650
8.5820
8.4610
8.0840
8.7670
9.6630
9.9520
8.2470
6.2810
5.4700
6.4090
6.4530
5.0760
5.5370
5.2340
4.6790
6.2040
7.6390
8.2560
8.2400
7.1600
6.6560
7.6030
7.4780
8.0680
8.5200
7.2530
6.2420
5.8580
7.0200
9.0370
9.4010
8.1840
8.1100
7.3560
5.7890
4.9460
5.7580
7.7690
8.7590
8.6520
9.0460
10.4210
9.7530
7.8600
5.9600
4.2690
4.3660
4.3550
5.0530
9.2860
13.3150
12.0920
8.4020
6.3000
5.9720
6.6430
7.7250
7.4280
5.7240
8.1240
10.8800
9.5920
9.4890
9.7400
9.7490
10.4590
10.2770
9.5190
9.0940
10.5090
11.5040
10.3030
9.5730
8.3640
7.4340
7.7150
6.0890
5.8770
7.3870
7.9240
8.4510
7.6930
7.0010
7.4610
7.8780
8.6230
8.7310
9.2810
9.1580
7.8710
7.0480
6.2380
7.1690
8.7900
9.7940
10.0110
9.8480
10.8290
10.2600
9.7790
10.7540
11.4160
11.3250
10.4630
10.6750
9.8690
9.8180
11.5150
11.8170
10.8350
9.9150
10.2130
9.6750
9.1140
9.1340
8.8890
9.1180
10.6550
11.4200
12.5690
14.2770
12.8830
11.7910
12.8130
13.0220
12.4030
11.8380
11.8420
12.6300
12.7840
12.9970
13.6160
13.7220
13.7750
12.5680
11.6340
12.4970
12.7720
12.9590
13.2710
14.0930
14.4780
12.6440
12.5320
13.6930
13.7240
13.5710
13.8510
13.3840
13.0170
14.0410
14.5790
14.9020
15.6530
15.8680
16.0740
16.1420
15.8520
15.3000
15.8100
17.6450
18.1310
17.7700
17.8370
18.8210
20.5100
21.5620
20.7210
19.1430
18.4440
18.3130
19.2560
19.9280
19.7680
20.0240
21.1050
23.1060
24.6560
24.9900
25.3710
24.9750
24.0930
24.3740
25.6250
26.8910
27.3740
27.3670
27.2830
27.3150
28.1000
28.6820
28.5090
28.3870
28.0600
27.6560
27.5720
27.0230
26.0280
25.4880
25.2770
