5.1540
3.0480
2.0870
1.4980
2.9820
8.9700
9.3080
-0.3740
-4.3820
-2.2080
0.4900
3.9510
5.7050
3.8830
0.9160
0.0920
1.7990
3.2470
4.5840
5.3900
4.4120
4.9820
6.4560
5.6650
4.0060
3.7290
4.1690
4.4010
4.7480
4.4500
3.9310
4.1390
4.5860
4.6160
4.4300
4.6940
4.4660
4.1480
4.1580
4.3960
4.1820
4.0550
6.0570
9.6420
13.0660
12.0310
9.6940
9.5090
9.3820
9.2760
7.4660
7.4030
6.6440
6.4980
8.0080
4.3850
3.0810
3.1380
6.5000
11.6870
11.0490
8.8710
7.0250
7.2500
7.5340
7.7370
5.6260
3.6490
3.9970
8.6430
11.6000
6.1260
2.9790
1.4070
3.5390
3.7840
3.4060
5.7850
2.5630
-0.1960
3.0390
8.7180
11.6350
12.7260
14.7500
10.5210
4.9590
1.6030
-0.4790
5.6380
11.0500
11.7020
11.2080
13.1830
14.8030
14.5640
10.0220
3.5530
3.3360
4.7410
5.3010
4.4410
7.4890
9.3220
5.4440
8.1190
10.3390
1.4180
-4.7600
-0.3530
6.9490
10.0150
9.0940
9.8580
8.8010
10.1170
13.6340
12.6890
10.9820
8.4870
6.8980
6.3080
7.2550
10.4590
12.5550
12.3120
11.2680
10.3790
12.6040
9.9860
6.3350
7.2040
5.8780
5.2480
10.0260
9.9840
8.3730
9.2720
4.1700
0.2300
-0.8170
5.1460
7.1010
1.8680
3.9220
8.9230
7.6620
-1.1500
-5.3980
-1.0270
3.9200
7.6460
8.4480
5.3840
2.6140
6.0670
6.0570
1.0690
-1.1390
-0.4560
2.9760
4.7870
3.2300
3.9840
7.5410
7.7900
3.9200
3.3060
3.5830
-0.4590
-3.9960
-0.1280
4.3160
-0.2390
-3.3350
2.5870
3.0650
-1.1000
-1.7500
-4.9220
-5.7690
-1.8990
1.4770
1.7190
2.4840
4.4880
3.0300
1.5540
1.8270
1.3950
-0.3900
-2.4290
-1.3600
5.9390
6.6780
2.4950
2.7480
3.4650
7.1240
9.8610
7.5650
3.0010
-0.4200
-1.1200
2.3350
2.7500
1.0010
1.3450
-0.8240
-1.4880
-0.0270
1.4070
2.8830
2.4920
2.4260
0.9420
-0.6150
0.2660
4.7350
8.5330
7.6670
4.9290
1.0410
0.8600
1.8820
1.4060
2.1770
2.5130
0.8940
-1.5080
-1.8340
-3.5780
-3.3240
3.2890
5.4610
5.1610
5.0330
4.7840
2.9430
-0.3980
1.1370
2.4020
2.3980
-0.1550
-1.7830
-0.5990
0.2980
0.4730
1.4920
1.3340
0.6650
2.0980
2.6730
3.7180
4.6770
4.7820
5.2300
5.0990
1.8990
-0.5550
3.3960
6.2690
4.1850
4.5490
6.9370
4.9760
1.3440
0.7100
4.8210
5.6560
0.9770
2.0770
5.1120
0.8840
-3.4510
-2.0220
1.0010
1.8170
2.9220
1.8350
-1.0070
-0.0230
1.7640
1.6020
0.1550
1.0600
2.2070
-0.0480
0.0950
1.9500
2.0700
1.0350
0.9960
1.3020
-0.4750
1.0160
1.1790
-0.3030
5.0410
6.5290
3.0450
1.5830
-1.0720
-3.8860
-6.3040
-5.6640
-1.4110
1.5520
0.2540
2.6960
4.7460
2.5630
2.1960
-0.4810
-2.9860
-2.2160
1.5990
4.2290
3.7220
2.6730
-0.0100
0.0740
3.8700
0.3400
-6.6680
-6.5060
-2.7600
-1.6040
-3.2720
-1.6980
0.6320
-1.1770
-1.1430
1.8770
3.1120
1.6460
1.4070
0.5190
-0.2290
0.8480
-1.0800
1.0770
4.2320
1.8840
-0.3720
0.0770
-0.5980
-0.9960
0.0560
0.5440
-0.0690
0.6930
1.7470
1.0590
-3.1230
-7.4590
-6.2570
-4.9970
-4.9240
-5.0230
-6.0920
-7.1770
-6.4390
-6.7900
-8.9570
-9.7270
-9.4270
-9.9330
-12.5020
-14.0270
-12.1400
-9.1390
-7.4240
-6.9100
-8.4620
-9.9840
-10.6800
-10.9110
-10.9060
-11.8770
-13.1620
-13.5190
-12.1910
-11.5670
-12.6380
-14.7420
-14.6840
-12.6630
-10.5630
-10.5000
-12.4300
-12.5950
-11.7490
-11.8150
-13.0460
-13.5520
-14.1610
-13.9870
-12.6540
-9.7620
-7.5540
-9.1040
-10.4690
-11.3670
-10.9790
-10.2960
-11.0620
-11.9880
-9.2130
-4.0380
-3.8930
-7.9780
-10.9800
-12.2140
-13.2470
-13.9660
-14.1440
-12.8750
-11.5650
-11.3930
-11.1910
-10.1900
-9.8010
-9.4480
-9.0280
-10.3440
-11.5530
-11.3810
-9.9570
-8.3890
-7.3330
-6.4350
-5.2650
-3.1600
-0.8010
