-6.3730
-4.8240
-7.6050
-8.8810
-7.2920
-4.5330
-6.6100
-6.4180
-0.1410
1.5770
-0.0420
1.8410
4.4690
-1.9700
-4.1870
-1.2520
-2.7490
-5.6160
-6.1240
-7.4460
-14.9930
-15.0070
-7.5340
-6.1350
-6.1790
-6.8710
-7.3510
-7.1910
-6.5800
-12.9290
-18.5360
-16.9990
-15.2070
-13.5160
-14.2870
-17.0390
-18.1860
-15.9220
-13.0080
-12.7230
-14.7320
-16.9140
-18.6440
-16.7730
-14.9510
-14.7170
-14.7480
-17.2580
-19.5010
-21.5950
-20.7510
-16.5280
-14.1250
-12.8650
-9.4650
-10.9370
-16.0250
-16.8510
-11.4800
-9.2310
-10.7530
-11.6930
-13.0510
-9.8310
-8.5600
-8.5930
-5.6590
-3.4590
-3.8220
-4.1580
-3.0780
-3.9370
-4.5410
-6.7050
-5.5710
-0.5580
1.2670
1.8310
0.3710
-2.7790
-2.9860
-2.1430
-4.3980
-7.6540
-5.5430
-1.5550
-3.6780
-7.1440
-5.5550
1.9270
0.3690
-7.3800
-5.1550
-2.4070
-4.9200
-1.5730
-2.6930
-11.3530
-7.7820
-3.8910
-8.4230
-10.4760
-10.4910
-6.3960
-6.1480
-6.3410
-2.1980
-0.6070
-0.6000
-0.6210
0.1930
-0.2980
-2.5580
-0.8060
0.7730
-0.9940
-3.2530
-1.6580
1.6520
-1.7040
-6.9090
-9.4990
-9.5080
-9.1740
-7.1250
-10.3450
-12.7820
-6.0080
-0.8800
0.7720
0.5200
-2.4520
-2.8460
-0.6760
-0.5660
-0.3010
-0.9240
-2.4750
-4.5470
-2.6520
2.3110
-1.4830
-8.9270
-8.8880
-3.3620
-0.9410
-3.7130
-6.2670
-7.2580
-6.3090
-2.7290
0.0400
3.9330
0.2340
-4.4060
-0.2290
-3.1230
-2.2850
-2.8430
-5.1090
-2.8110
-1.5740
-2.9310
-3.1970
-1.3850
-0.0910
0.2810
-2.3240
-3.5340
-1.5610
-1.7100
-2.4300
-3.2770
-3.5980
-5.9110
-7.8560
-3.7440
1.4160
1.5920
-0.8300
-5.0560
-8.6630
-3.5960
2.1800
-1.8820
-4.4400
-2.1440
0.8670
1.4050
-0.5780
-0.3160
1.9910
-4.6320
-11.2520
-3.3900
-1.1700
-3.4800
-7.2510
-10.4000
-0.5510
6.7030
6.4970
7.0990
8.1820
8.3210
7.6380
7.2530
7.0590
6.7270
6.7220
6.9720
7.2520
7.5330
7.9420
8.1310
7.3330
8.2350
9.1720
8.2960
7.6850
8.3070
8.0590
7.1420
7.9270
9.4630
9.0130
7.9950
8.5380
8.4290
8.8280
9.1030
8.2460
8.1110
8.8100
9.7230
8.8460
7.5890
7.4400
8.9030
9.2370
8.8910
8.8890
8.9150
8.4820
7.8970
7.8280
7.7180
9.5730
9.7780
8.6200
8.8400
9.5770
8.4900
7.8140
8.0880
7.7350
7.9570
8.7270
9.6240
9.8800
9.7380
9.9650
9.9800
9.2710
9.8130
9.3550
9.0490
8.9190
8.7570
9.3320
9.5400
10.5250
10.2420
9.1450
9.0670
9.7700
9.8030
9.2630
9.7340
9.4690
9.0880
9.0610
10.1900
10.9370
10.6650
10.9940
10.5960
10.8040
10.8900
11.3900
11.1420
11.4340
13.6830
14.1940
13.5560
12.6970
11.8920
11.5070
11.8010
12.1400
13.1650
14.1240
14.1530
14.1010
14.6290
14.9430
14.9920
15.3820
15.3940
14.8410
14.2620
14.1040
13.7170
14.2830
15.4380
15.7120
15.5960
14.8700
14.9220
15.4500
14.9410
15.4390
16.0420
15.8790
15.6200
16.0210
16.5270
16.2470
16.1750
15.6760
15.3300
16.1190
16.5220
16.0080
15.0210
14.2240
15.1960
16.6760
16.7890
16.4160
16.6130
17.3270
17.7450
17.5030
17.4890
17.8200
18.1760
18.1130
17.1170
16.7930
17.1310
17.4740
17.5880
17.4490
17.5410
17.4630
17.6110
18.0730
18.4410
18.5990
18.7630
19.0740
19.2920
19.4520
19.4450
19.5340
19.6570
19.5960
19.6280
19.7960
20.0840
20.2480
20.1540
20.2490
20.4720
20.6780
20.8930
20.9940
21.3260
21.5640
21.9260
22.0730
22.1270
22.0920
22.1530
22.2230
22.0870
21.9420
21.8100
21.8370
22.0150
22.0050
22.2000
22.5660
22.6100
22.5800
22.5140
22.2870
22.1800
22.2790
22.4750
22.7570
23.0010
23.1350
23.2330
23.2790
23.1410
22.9810
22.9270
22.8450
22.8330
23.0530
23.3780
23.5880
23.5770
23.6290
23.6060
23.3430
23.2110
23.1170
22.8310
22.5560
22.4540
22.5090
22.4990
22.5080
22.5830
22.5430
22.6830
22.8270
22.9020
23.0940
23.2870
23.1950
23.1090
23.5870
24.1460
24.9040
25.5990
25.9700
26.3220
27.0150
27.6910
28.4700
29.1940
29.7520
30.0510
30.4080
30.6300
30.5990
