-8.1550
-8.3750
-9.2020
-9.5050
-9.3530
-9.0280
-9.2210
-9.7560
-9.6660
-9.6960
-10.0040
-9.9700
-9.7290
-10.0230
-9.8890
-9.5470
-9.7480
-9.9520
-10.1100
-10.1090
-9.9100
-9.7830
-9.6020
-9.8910
-10.1250
-10.2490
-10.8260
-11.0470
-10.9060
-10.7100
-10.6220
-10.6380
-10.8680
-11.0830
-11.2550
-10.9890
-10.4230
-9.8100
-9.3240
-9.0120
-8.7770
-8.6120
-9.2010
-10.2650
-10.1230
-9.6960
-9.7620
-10.0300
-10.5580
-10.5420
-10.6290
-11.1330
-11.0410
-9.7700
-8.8250
-9.1470
-9.0700
-8.6910
-8.7890
-9.0680
-9.4790
-9.9010
-10.1730
-10.0480
-9.7970
-9.8300
-9.9460
-10.0810
-8.8810
-6.1710
-4.6430
-3.0520
-1.2760
-1.0250
0.0590
0.4520
0.9780
1.7590
-0.9770
-4.8030
-7.8620
-10.1700
-11.0960
-10.9880
-6.3620
-2.8990
-4.2850
-5.5030
-6.5000
-7.5500
-8.8610
-10.3440
-11.3930
-11.1940
-11.8510
-13.1930
-13.4250
-12.9330
-12.9150
-13.2280
-13.8210
-13.9040
-13.3950
-13.3790
-12.9990
-12.6570
-12.6360
-13.2940
-13.0700
-12.8120
-13.6220
-13.4110
-12.6700
-12.3360
-12.8810
-14.1940
-12.3240
-8.5130
-5.5660
-3.6440
-3.7520
-3.5410
-2.9140
-3.0300
-3.0960
-3.3770
-2.3370
0.5660
3.1750
4.2710
2.6770
2.1460
2.4970
3.4530
5.5090
4.9420
3.7630
3.3460
2.6660
2.1450
1.9280
1.3604
0.7927
0.2251
-0.3425
-0.9102
-1.4778
-2.0454
-2.6131
-3.1807
-3.7483
-4.3159
-4.8836
-5.4512
-6.0188
-6.5865
-7.1541
-7.7217
-8.2894
-8.8570
-8.6450
-8.8710
-6.0520
-2.3860
-2.7240
0.7930
4.7690
2.5950
-1.2510
0.2480
2.3460
0.6650
-0.4030
2.1890
6.9060
5.5750
3.0640
2.3950
0.5510
2.0150
3.7220
2.2030
2.1190
0.4590
-2.5940
-2.5190
-1.0330
1.6540
4.3870
4.7440
2.3930
-0.8740
-1.7040
-0.0480
1.7550
2.1550
2.5510
3.4500
3.6360
3.9010
4.0300
4.8110
4.7610
5.5960
6.6090
3.7870
3.1060
6.1370
7.2400
6.6040
7.5670
8.5800
8.6430
9.1840
8.4970
6.9960
8.0240
8.8820
7.6420
6.4220
4.3510
2.9630
3.2420
2.6520
1.2460
-0.0950
-1.3600
-1.2240
1.9670
4.6730
2.4930
-0.3490
-0.8310
3.1650
6.1290
5.5090
5.1430
4.8620
4.7690
3.3820
2.9000
2.8510
2.5160
2.7410
2.9080
2.7750
2.8260
2.7290
2.4350
3.2170
4.8000
3.5160
0.8090
1.1330
1.7870
-1.3710
-3.2570
-1.6130
-1.1820
-2.1980
-1.5880
0.6080
1.4350
0.5160
0.3400
0.5610
1.4280
3.6110
4.3980
2.2640
-0.3770
-2.4970
-4.6690
-3.7550
-0.1910
1.3560
0.1240
0.5110
-0.3200
-2.0890
-1.9440
-0.4900
2.1310
3.8600
2.0510
-0.1600
1.2590
3.3180
3.7490
2.3780
1.9710
3.5810
3.1870
1.3060
-0.0180
0.2210
2.0860
2.3350
1.5180
2.9750
4.8630
6.4210
7.2360
5.6320
3.9690
4.8950
6.2470
5.5940
5.9200
7.0830
7.7940
8.6170
7.7250
7.2570
7.5830
6.1210
4.4160
3.1210
4.0520
6.2840
6.6900
5.7860
4.0960
3.3950
4.7020
5.7650
6.3500
7.3980
8.8360
8.9780
8.0090
7.5110
7.5660
6.8290
6.7940
8.3330
9.8150
9.6710
8.6330
8.5990
8.6530
8.4290
8.1650
8.5670
8.9790
8.9910
9.0650
9.5660
9.8320
10.0380
11.2160
12.4640
12.1990
11.8010
12.2560
12.1660
10.9630
10.0080
9.8460
9.7300
9.7670
10.2510
11.2680
11.1180
10.9770
11.4440
12.3330
12.6600
12.7860
13.3790
13.4310
12.8340
12.2260
12.8924
13.5588
14.2252
14.8916
15.5580
15.1630
14.4160
14.2310
14.6540
14.9670
14.6530
14.6260
14.3070
13.6140
13.5360
13.8910
14.2350
14.5270
14.4770
13.7910
13.2370
12.9640
12.8060
12.5910
12.4460
13.1430
14.4090
15.5230
16.1010
16.0230
15.4680
14.9150
14.4910
14.2520
13.8070
13.7280
14.7450
16.2800
17.0570
16.3540
14.8620
14.5060
14.7850
14.1850
14.0230
14.6990
15.7750
