6.4300
6.3380
6.9590
7.0810
7.1430
7.2890
7.0700
6.1750
6.2590
7.0650
6.6990
6.7250
6.9770
6.9710
6.6040
6.1980
6.0470
6.2400
6.9890
6.8080
5.5370
5.8660
6.8530
6.9940
6.4180
6.1790
6.9680
7.1940
7.0270
6.8870
6.8580
7.0660
6.7880
6.6910
6.5900
5.6270
5.7810
6.4150
7.0730
7.6710
7.3680
6.7130
6.8760
6.9570
6.6260
7.2240
7.4110
7.4700
7.8570
7.9010
7.7880
7.7380
7.5450
6.7550
6.3850
6.6480
7.1170
7.1100
6.6890
6.8060
7.0240
7.1760
7.2580
5.5870
5.4060
5.6360
5.5610
4.8940
5.2770
6.2110
6.6090
7.2750
7.8400
7.7240
6.9950
5.7840
5.5390
6.1350
6.4640
6.6990
6.7330
6.5300
6.5400
5.8480
5.4710
5.8340
6.1290
6.2460
5.6110
5.3940
5.8410
6.0250
5.9430
5.9370
5.7580
5.5090
5.7890
5.7830
5.4760
5.6900
5.9100
5.2720
4.9760
5.4340
5.6890
5.5730
5.3320
5.2810
5.5280
5.6880
5.9460
6.0640
5.6370
5.5990
5.4500
5.6930
6.0810
5.7500
5.9070
6.5190
6.5730
6.4580
6.7050
7.0420
6.2320
5.3870
5.7200
5.7730
5.9690
6.4620
6.3060
5.6990
5.0800
5.2760
5.7180
5.9020
5.8220
6.1170
6.8020
6.8530
6.4240
5.7650
5.7970
6.9270
8.0730
8.4290
8.2620
7.3800
6.8260
7.0230
7.0120
6.9990
7.4760
7.4910
6.8250
6.2240
5.9910
6.0540
6.5160
6.9910
6.8230
6.8490
6.5050
6.1510
6.1660
6.1010
6.6190
6.7490
6.8120
7.4620
7.4570
7.1510
7.1740
7.1947
7.2155
7.2363
7.2570
7.2778
7.2985
7.3193
7.3400
7.3607
7.3815
7.4023
7.4230
7.4437
7.4645
7.4853
7.5060
7.5267
7.5475
7.5683
7.5890
7.6098
7.6305
7.6513
7.6720
7.6928
7.7135
7.7343
7.7550
7.7758
7.7965
7.8172
7.8380
7.8588
7.8795
7.9002
7.9210
7.9417
7.9625
7.9832
8.0040
8.0248
8.0455
8.0663
8.0870
8.1077
8.1285
8.1493
8.1700
8.2680
8.3900
7.9530
7.7140
8.3250
8.7980
8.9620
8.7300
8.4730
8.4130
8.5680
8.3630
7.9050
8.2030
8.1470
7.9340
7.9590
7.8590
7.9460
7.8880
7.7200
8.1130
8.5650
8.7110
8.7040
8.3400
8.1210
8.4430
8.8910
9.2470
9.2520
8.9730
8.7800
8.2540
8.0640
8.1140
8.1790
8.0840
8.0260
8.4020
8.2330
8.0240
8.2720
8.4110
8.1630
7.9490
7.9290
8.2000
8.7670
8.8820
8.5330
8.0900
8.0770
7.9850
7.7570
7.0670
6.6590
7.7580
8.5080
8.8870
9.4410
9.7560
9.6050
9.0500
8.8500
8.5860
8.5080
8.8120
8.8930
9.2050
9.6240
9.3320
8.9110
9.1830
9.4030
8.9300
8.7410
8.9740
9.1600
9.2320
9.3100
9.5450
9.5070
9.4110
9.3540
8.9650
8.3770
8.4390
8.9780
8.9880
8.7780
8.2600
7.8500
8.2450
7.8230
7.7520
8.1110
8.0590
8.5470
8.9110
8.4720
8.4370
8.3860
8.6470
8.5260
8.1460
8.2160
8.2600
8.6140
8.9440
9.1220
9.4640
9.7600
9.8620
9.6950
9.6450
9.7170
9.4880
9.3540
9.5170
9.8110
10.0100
10.0410
9.3280
8.4760
8.1790
8.0200
7.8070
7.3990
7.5830
8.2990
8.6410
8.5000
8.6130
8.5630
8.8100
9.7140
9.1850
8.4340
8.6100
8.5850
8.3760
8.3810
8.4630
8.4330
8.7490
8.6940
8.3920
8.7120
9.1490
9.1390
8.7020
8.6290
8.6910
8.7330
9.0660
9.0480
8.4980
8.5860
8.9570
9.1690
9.0660
8.8720
8.9570
9.0440
8.8020
8.4830
8.4660
8.2720
8.2860
8.4090
8.6580
8.6500
8.0830
7.8960
8.1730
8.5450
8.4060
7.7780
7.4080
6.9520
7.0865
7.2210
7.3555
7.4900
7.6245
7.7590
7.1050
7.0570
7.3600
6.6440
5.9010
6.6850
7.4840
7.5030
7.5350
7.3110
6.5170
6.0920
6.8450
7.1290
7.6040
8.7570
9.4850
9.6420
9.1740
8.8720
8.6730
8.2370
8.3270
8.9750
9.6570
10.0500
10.1650
10.3670
10.3760
10.3980
10.5860
10.4160
10.5500
10.7120
10.4560
10.5860
10.6020
10.6970
11.0350
10.7620
10.5440
10.9430
11.3270
11.4170
11.3740
11.5100
11.4620
11.5830
11.6460
11.5940
11.6160
11.6100
11.8730
11.9556
12.0382
12.1208
12.2034
12.2860
12.1510
12.1800
12.3910
12.7310
13.1410
13.1480
13.0600
13.3520
13.7280
13.9060
13.7220
13.6510
13.7150
13.8150
13.7650
13.7980
14.0850
14.1980
14.2480
14.3980
14.5880
14.6370
14.8210
15.1070
15.0900
14.7970
14.6580
14.7990
14.8970
14.9460
15.0170
15.1240
15.2970
15.4650
15.6880
15.8550
15.9160
16.0670
16.1290
16.1540
16.2410
16.2880
16.5350
16.7260
