-1.2930
-2.2500
-0.0490
2.3360
-0.6500
-2.9800
-0.9240
-0.4070
-2.4850
-6.5570
-7.8840
-6.7200
-6.9880
-7.9670
-10.4500
-10.4380
-8.6570
-4.3270
-5.1300
-10.4040
-9.5500
-8.5730
-7.6460
-6.3300
-7.0900
-7.4420
-0.1250
2.1050
-4.0400
-6.0000
-5.1740
-4.3110
-5.9440
-8.0540
-8.4800
-9.3640
-10.4570
-8.7800
-5.0360
-2.1770
-2.2180
-4.8740
-5.6100
-4.0680
-6.1100
-6.6880
-8.1580
-10.8750
-10.7800
-10.2660
-6.4450
-5.6620
-7.1350
-6.2170
-5.1940
-4.6510
-5.9220
-9.6040
-10.5790
-8.1660
-7.5720
-5.5160
-5.3080
-4.8290
-3.6270
-3.7510
-4.2080
-3.7630
-0.5430
1.6960
-3.0180
-5.2260
-2.5030
-5.4860
-7.3750
-2.7670
-1.2490
-4.3250
-5.0370
-6.4730
-10.1650
-11.0780
-10.7570
-9.3360
-5.9630
-4.0930
-4.7370
-8.1670
-10.5520
-9.2730
-5.1250
-4.2130
-7.7200
-8.8680
-9.7610
-7.7810
-3.6510
-4.2450
-5.6990
-6.3790
-5.5710
-3.7730
-3.4700
-4.6350
-3.7460
-3.6420
-6.5030
-6.4900
-5.0520
-3.7670
-4.3460
-7.0900
-7.1840
-5.4610
-4.0950
2.3060
5.0930
-2.0190
-6.6270
-6.1660
-4.4260
-5.5100
-7.2150
-8.6890
-10.0690
-7.6010
-5.6060
-8.6840
-11.7670
-10.4270
-8.7500
-8.5620
-4.9510
-5.2240
-7.7900
-3.5670
-3.5250
-6.8860
-4.6880
-1.6720
-3.5120
-5.1200
-1.4780
-0.6560
-5.2270
-6.6060
-3.7720
-2.0520
-4.2960
-5.5320
-6.9630
-6.8450
-7.8900
-10.6530
-10.0830
-9.8710
-11.0610
-10.9220
-9.9930
-7.2590
-2.9090
1.1410
-0.7660
-0.1710
3.5940
3.2330
-0.4950
-3.8950
-2.6300
-2.0680
-2.5690
-5.5510
-5.1340
-2.2750
0.3930
2.7870
0.7600
1.5590
5.0690
3.9100
1.7210
2.0590
0.6080
-2.5290
-1.9850
-1.1270
-4.4320
-7.3970
-4.7910
-2.9320
-4.6070
-7.2910
-8.0300
-5.7980
-2.4420
-3.3300
-8.7610
-6.7120
-2.2930
-0.3160
-0.7520
-3.5000
-2.4900
-0.6020
-3.4920
-1.1520
2.3760
0.6960
0.5680
-0.4720
0.0060
0.6000
2.1380
3.5760
6.5720
9.0640
7.0450
7.8340
6.4160
2.0560
0.5980
-2.1180
-0.8590
1.1920
-3.2990
0.0370
4.6370
-0.9380
-5.2700
-4.6360
-5.3560
-7.1010
-7.1310
-6.5010
-4.3120
-4.3900
-4.8760
-3.8960
-3.5050
-4.2900
-6.0060
-5.4960
-3.9050
-3.8710
-4.5070
-6.5030
-8.2490
-6.6860
-4.1570
-0.8490
0.6130
-0.2380
-0.4025
-0.5670
-0.7250
0.7870
3.7560
5.3450
2.8050
-1.6130
-2.0880
-1.6950
-1.9140
-1.8110
-1.3920
0.2800
0.6650
-1.0300
-2.8990
-4.2670
-5.2940
-2.1770
-0.8060
-0.3980
0.3170
0.5910
1.6070
2.2070
4.9640
8.4290
8.8130
9.7160
11.0570
9.1710
7.1440
6.2980
4.7170
-2.1830
-7.7160
-6.0570
-4.5670
-2.9160
-1.6230
-2.0520
-0.1630
0.2600
-2.1220
-0.0510
4.9500
1.4690
-3.7380
-6.5870
-11.6350
-13.2050
-10.7950
-7.3660
-6.1500
-4.0190
0.7470
4.1640
5.3630
3.8520
4.7910
5.0610
1.8550
-0.6400
-1.0290
-2.0980
-4.5470
-2.9160
1.5510
3.1930
4.0250
2.8910
1.9820
3.7380
1.2910
0.5250
0.4760
-0.0940
0.4580
0.2890
0.9330
1.7240
3.7840
5.5520
7.9010
9.3740
7.2820
6.5790
7.2160
7.5640
6.4970
4.5140
4.9510
1.8010
0.8810
6.3200
8.4280
7.2900
5.0650
1.2230
-2.6100
-4.4980
-0.0370
3.6160
5.3590
9.1950
9.5060
9.9370
10.0000
5.3230
4.1320
3.0410
1.3340
2.5440
4.8300
7.6520
8.3190
7.7680
5.6430
2.2550
0.9420
-0.5240
-0.1490
1.6260
0.0420
2.4390
7.1200
7.0150
6.0620
6.8860
8.8370
10.4820
9.4120
7.9020
7.2150
5.8650
3.6270
5.3860
10.0220
10.7150
9.4810
8.1290
7.8940
10.1220
9.6980
6.0120
3.2010
-0.6850
-2.5900
1.1660
4.6400
-0.0720
-6.0070
-6.6570
-5.8210
-5.5540
-9.9960
-11.7000
-5.3330
4.2920
9.2980
7.1400
2.0730
-1.3720
-3.1620
-4.2750
-9.2420
-10.8650
-6.2440
-1.5380
1.8370
2.0000
3.9220
6.4350
3.5910
-2.4260
-5.1720
-0.8720
3.9130
2.8930
3.1730
5.0850
4.6140
2.5090
1.0890
3.0660
5.5310
8.0190
9.7610
9.4180
8.8220
5.5880
2.6820
1.4660
2.9210
5.7980
9.5870
10.0590
4.8990
3.9760
5.2730
3.7000
-0.9530
-1.1670
5.0520
5.6940
2.5980
4.1580
5.4430
9.2640
12.7970
10.8300
8.5050
9.1740
10.5820
10.6860
9.9460
9.4820
7.9710
6.0240
3.8710
3.9930
3.1810
2.9650
5.4680
7.6160
2.7980
-4.1370
-4.5260
-3.4770
-0.9580
0.8320
1.7160
3.2700
3.3000
1.5950
-3.3920
-3.3100
-0.2510
-1.3790
-1.5440
0.3520
1.5860
1.6680
1.1910
2.1960
4.8480
5.1970
4.2530
4.4350
4.7110
5.1400
6.2660
7.7510
9.2800
11.2130
13.1050
12.2590
10.1180
8.9530
8.4680
7.9310
6.6460
5.9630
7.3420
7.9960
6.6530
3.6530
0.3480
1.0190
1.5370
0.9180
1.8080
1.6980
6.0400
10.1120
12.6340
9.6150
0.7570
-3.8500
-6.9910
-5.3220
-1.8480
-1.6280
0.7190
4.7450
-1.2310
-6.4800
-4.2170
-2.7370
-2.2830
-1.0430
-0.5560
-1.3350
0.1850
1.1840
1.4750
1.4800
0.4520
-0.8660
-1.0390
-0.4020
-0.2220
-2.1850
-2.2300
-1.4150
-0.6180
0.3000
2.1610
4.2040
5.4380
5.1350
4.4370
3.9460
2.9740
2.0540
2.3316
2.6091
2.8867
3.1643
3.4418
3.7194
3.9969
4.2745
4.5521
4.8296
5.1072
5.3847
5.6623
5.9399
6.2174
6.4950
6.5190
