6.1890
9.5400
7.6690
2.8010
4.8090
9.5250
7.1580
5.2510
6.0320
6.1530
7.6050
4.3610
3.9210
7.5010
7.0130
6.0460
6.2320
9.9110
13.6710
11.5070
9.3290
9.4260
10.7800
11.9210
11.6290
11.6960
11.7300
11.7960
9.2720
10.1620
15.2850
15.8960
14.2230
14.0170
13.9890
13.1710
10.9340
8.6880
11.2250
13.9980
12.0140
8.9960
6.9880
7.8270
11.4900
12.8070
13.9490
17.8090
18.5680
16.2350
12.8550
8.3990
2.9680
3.6370
8.4670
10.9310
8.8530
2.5230
2.0830
2.8700
2.5460
-0.7050
-0.5860
-1.2800
-3.7480
1.7750
7.7080
12.3270
10.6990
10.8010
13.5230
10.9450
7.1720
7.9280
11.5970
11.1360
8.0020
8.5570
8.1850
6.5480
4.6060
4.4560
2.0290
-1.3950
0.1200
0.7760
-0.1750
1.6960
2.1150
2.0530
3.3440
4.7160
3.5990
0.4970
-0.2920
-0.3000
0.0270
0.0740
1.7850
-0.5460
-2.1480
2.0130
1.4910
-3.3820
-3.3240
1.1570
0.5040
-0.9000
-0.0820
0.5530
-3.1810
-4.8270
4.3960
4.4230
0.0390
6.9630
9.6660
6.0370
6.1840
5.4180
5.4610
7.2160
8.2660
8.6820
6.4190
5.0410
4.9530
3.3640
0.7620
-0.1350
0.2890
-1.6550
-2.8110
-3.7240
-3.0760
0.2670
3.2300
3.2830
-2.8520
-5.9570
-3.7770
-1.9150
-0.0950
4.0020
5.7670
4.9970
4.8640
2.8220
3.0940
6.3290
7.8470
6.4860
4.0570
4.2820
5.2630
3.7560
3.5670
8.3230
8.9830
3.8580
-1.6790
-3.1970
-1.4750
-0.6790
0.2550
-0.1400
0.9950
1.8520
-0.4760
-2.1370
-3.0560
-4.1810
-3.4060
-1.6660
-1.0320
-0.3610
3.6940
2.8590
-1.6960
-1.0530
-1.1470
-3.6650
-2.0630
-1.9890
-4.5460
-2.3480
-1.5010
-2.1940
-0.3890
-0.7870
1.6600
7.8170
10.4600
11.4890
9.4720
0.7640
-0.0220
2.7350
-0.1310
3.0130
4.9020
5.2040
5.0320
1.8330
0.5330
2.9410
7.2560
6.5990
6.8120
3.1400
-7.2640
-10.5710
-8.7240
-1.8970
6.1010
7.5310
8.5890
7.4860
2.5400
0.1150
3.0660
8.6290
10.1450
8.3440
9.9820
13.5890
13.5220
9.8870
5.3440
0.8700
-1.2650
0.4310
-0.4800
1.1550
5.1560
5.7310
4.0510
-0.4230
-1.4250
0.0850
4.4010
7.9180
5.9980
1.0260
-1.1520
-1.6540
-2.5240
-2.0120
-0.5390
-0.8280
-2.4160
1.4920
6.4060
8.3580
10.6360
9.3090
8.2970
7.8490
9.2730
12.4810
15.1880
16.9110
14.4200
3.7410
-4.4100
-3.2670
-0.8600
4.4140
3.5400
-0.0250
5.7540
12.7580
14.3560
10.1060
3.2940
-3.5860
-5.1020
-3.7090
-2.6430
-1.3830
-0.8360
0.4300
-0.5700
-1.5330
0.3550
1.3040
0.7750
-1.9680
-5.9450
-6.0720
-4.4880
-4.3290
-4.4350
-6.0700
-7.9180
-8.4380
-9.6960
-10.1720
-7.7570
-4.1030
-3.3210
-4.7253
-6.1297
-7.5340
-5.4380
1.2140
-0.6630
-4.3700
-3.5460
0.2040
1.3100
-0.2180
-0.3560
-0.1420
-0.4670
-3.5810
-4.1790
-3.7130
-5.1510
-7.3860
-9.0170
-10.1640
-10.7800
-10.2340
-9.6310
-8.7660
-9.2100
-10.5150
-11.2710
-12.9070
-14.0400
-13.8950
-13.2500
-12.9300
-3.1840
5.7430
1.6770
-5.1080
-11.9040
-14.6760
-11.3120
-7.5960
-7.3490
-7.4950
-6.2090
-3.3210
1.6340
3.9530
0.5260
-3.5050
-6.7540
-7.3650
-5.0730
-1.0990
4.1090
1.9980
-0.9540
-3.9760
-6.7250
-7.2810
-8.0880
-8.8380
-8.8020
-10.3960
-11.7690
-11.3620
-11.0280
-10.7020
-11.0030
-12.1860
-12.0230
-11.7420
-12.7340
-13.4930
-12.9680
-11.8390
-11.2540
-10.8580
-10.6730
-11.2360
-11.5950
-11.2530
-10.7300
-10.7010
-10.6090
-11.3950
-12.5560
-13.6760
-16.3920
-18.2340
-15.9280
-13.3410
-14.9580
-14.7160
-11.4820
-10.7120
-11.1190
-11.2540
-10.3900
-9.4850
-9.2040
-9.1220
-9.8160
-10.2340
-9.8690
-9.1110
-8.9300
-10.6420
-11.8920
-10.6540
-10.3220
-9.7510
-8.7400
-8.6810
-10.2870
-10.4230
-6.2570
-2.8540
-1.7650
-1.4310
-0.3370
1.6480
3.4100
3.8320
3.9320
5.0800
4.4340
1.7110
-0.5170
-2.5070
-5.1010
-6.9590
-8.0380
-8.9350
-9.3510
