4.9280
5.0726
5.2172
5.3618
5.5065
5.6511
5.7957
5.9403
6.0849
6.2295
6.3742
6.5188
6.6634
6.8080
6.9526
7.0972
7.2418
7.3865
7.5311
7.6757
7.8203
7.9649
8.1095
8.2542
8.3988
8.5434
8.6880
8.8326
8.9772
9.1218
9.2665
9.4111
9.5557
9.7003
9.8449
9.9895
10.1342
10.2788
10.4234
10.5680
10.7126
10.8572
11.0018
11.1465
11.2911
11.4357
11.5803
11.7249
11.8695
12.0142
12.1588
12.3034
12.4480
12.5926
12.7372
12.8818
13.0265
13.1711
13.3157
13.4603
13.6049
13.7495
13.8942
14.0388
14.1834
14.3280
14.3950
15.9480
16.4100
13.5790
7.9860
5.9900
4.4240
3.7880
8.4630
10.1700
6.3350
0.9350
-0.9900
-0.6360
3.9470
-3.4630
-3.4120
12.3680
8.3670
0.3810
-2.7100
-1.3440
-2.6870
1.2830
5.4490
1.4030
1.4120
3.8170
-2.8640
-6.0870
2.7900
1.6340
-3.9960
1.1400
-1.0760
-4.4320
-2.6200
-5.6250
-2.7510
0.0390
-7.9030
-8.8200
-7.7800
-6.2020
-5.1300
-9.8810
-9.6780
-3.5670
-2.2210
-6.6530
-5.7530
-1.9400
0.0940
-0.1600
-1.5990
-8.9520
-15.0930
-10.7130
-4.2440
3.3570
-1.8420
-15.1000
-17.7960
-13.5660
-6.9450
-5.8960
-5.6480
-3.1410
-3.7200
-9.4730
-14.3250
-7.2510
-0.2710
-2.9370
-9.8520
-12.2830
-11.6290
-11.2740
-6.4150
-3.5190
-5.3210
-6.5870
-5.1010
-9.6250
-10.5150
-0.3530
2.2340
-8.3160
-17.2280
-11.4490
-1.1070
2.9140
-1.7600
-4.4790
-4.1530
-7.0310
-9.0440
-12.6570
-13.5340
-5.2150
2.0220
-2.3730
-5.2530
-2.3310
-3.7380
-5.8870
-12.1210
-19.6700
-15.7730
-9.4500
-10.1230
-14.1750
-11.5450
-11.5170
-8.3040
0.0890
-1.0290
-3.2250
-4.5720
-4.8050
-8.2850
-12.1330
-11.9440
-9.3680
-5.9020
-8.3410
-12.1100
-6.4270
-2.7950
-5.3010
-6.9010
-6.3240
-6.4290
-6.8360
-11.1190
-13.0060
-8.0510
-3.3970
-1.3360
-3.7320
-6.9700
-10.5050
-9.0490
-3.8140
-3.1420
-3.9550
-6.0690
-8.6180
-2.3580
3.7960
0.2480
-5.1120
-5.6450
-5.4130
-11.0710
-10.7700
-6.5950
-4.7780
-3.0170
-1.5970
-3.8440
-6.2730
-6.0330
-7.4730
-7.5490
-6.8490
-6.8720
-6.9550
-6.7420
-5.5110
-4.9540
-5.4080
-6.2920
-7.4640
-7.3360
-6.5770
-4.7820
-5.8280
-9.1820
-9.3110
-7.8630
-4.7690
-3.0410
-4.4870
-6.5570
-7.2330
-8.2310
-8.7930
-7.1520
-5.3360
-4.3380
-3.9830
-6.4070
-10.2000
-9.9320
-6.0470
-4.1900
-6.1430
-8.8370
-8.3210
-5.8140
-4.8130
-4.9930
-5.6430
-4.7660
-4.5070
-9.2390
-12.4210
-7.4260
-3.4560
-6.2120
-8.9260
-8.5650
-6.1650
-4.4810
-5.6320
-7.3610
-7.2430
-6.3190
-6.1020
-6.7920
-6.8150
-6.3620
-6.6300
-6.2450
-7.3410
-9.1390
-6.8760
-2.4070
-0.8540
-3.3470
-6.8050
-8.0920
-7.0410
-4.0240
-3.0220
-5.0680
-5.7660
-4.8880
-4.3320
-3.3490
-2.9280
-4.0170
-4.6470
-4.7570
-4.5630
-4.2450
-2.9700
-2.6840
-3.8200
-5.0330
-4.3650
-2.1290
-3.1010
-5.5740
-5.6620
-3.8010
-2.3030
-3.1190
-4.9930
-5.3800
-4.5500
-4.2050
-4.7500
-6.1600
-7.1910
-7.1510
-5.4400
-2.4200
-2.3680
-4.4720
-5.6200
-5.6910
-3.9330
-2.9440
-4.3250
-5.1680
-4.9420
-4.8000
-4.5290
-4.2990
-4.4570
-4.4790
-4.6040
-5.4150
-5.6710
-4.4150
-4.1690
-5.2280
-5.6220
-5.6480
-4.9290
-4.1570
-4.2910
