-4.8880
-4.4140
-4.0640
-4.5930
-4.8660
-4.1350
-4.4140
-5.6440
-5.8170
-5.1180
-4.6310
-4.4170
-4.3360
-4.2880
-4.2900
-4.3020
-4.2750
-4.3470
-4.6060
-4.9260
-5.3250
-5.8520
-5.9660
-4.9860
-4.5820
-4.6900
-4.9090
-5.1140
-5.0230
-4.8290
-4.7550
-4.6960
-4.8030
-5.2990
-5.6090
-5.3260
-5.0900
-4.9760
-4.8210
-4.7670
-4.8160
-4.7890
-4.6470
-4.5880
-4.4910
-4.3510
-4.2870
-4.3530
-4.4900
-4.4770
-4.4980
-4.5650
-4.6230
-4.7880
-4.9060
-4.8930
-4.7820
-4.7580
-4.7100
-4.6200
-4.5060
-4.4050
-4.3190
-4.2580
-4.3170
-4.3950
-4.4270
-4.4690
-4.5400
-4.5970
-4.5650
-4.5280
-4.4900
-4.4950
-4.5570
-4.5730
-4.6330
-4.6520
-4.6530
-4.5920
-4.3880
-4.3630
-4.5240
-4.6690
-4.7620
-4.5080
-4.1590
-4.0460
-3.9970
-4.0440
-4.0590
-4.0070
-4.0020
-4.0150
-4.0470
-4.1040
-4.1040
-4.0570
-4.0210
-3.9950
-4.0360
-4.3490
-4.6320
-4.5580
-4.4450
-4.4590
-4.6230
-4.7990
-4.9710
-5.3720
-5.6790
-5.2340
-4.4430
-4.1480
-4.1320
-4.1920
-4.4660
-4.6580
-4.1800
-3.3700
-3.5870
-4.1660
-4.2040
-4.1340
-3.7680
-3.3710
-3.5640
-4.1980
-4.7310
-4.6970
-4.4930
-4.5100
-4.7630
-5.3360
-6.1250
-10.8710
-11.8450
-6.3770
-4.2360
-4.4860
-5.3100
-5.6560
-5.4900
-4.9500
-5.5410
-5.7610
-4.0310
-3.7930
-4.5980
-4.8130
-4.4790
-4.0980
-3.7680
-3.5000
-3.6170
-3.8860
-3.9220
-3.9170
-3.9620
-3.9460
-3.8210
-3.7140
-3.9060
-4.0460
-3.7000
-3.8170
-4.5300
-4.7470
-4.2200
-4.7430
-5.7430
-10.2930
-10.5110
-5.1630
-4.1950
-4.4870
-4.3460
-3.9590
-3.9510
-4.1780
-4.1140
-4.0030
-4.5630
-4.6520
-4.1760
-4.0090
-3.9620
-4.0010
-4.2360
-5.0710
-5.6100
-5.9920
-6.2790
-8.4550
-10.4940
-11.0870
-5.1350
-2.7990
-9.4810
-9.3460
-5.3410
-6.7750
-6.0550
-3.4880
-4.7260
-7.0940
-6.6850
-6.6740
-8.0520
-9.6500
-8.8210
-7.7710
-9.6230
-12.0920
-8.5570
-5.8670
-8.2490
-10.4360
-13.9400
-14.9820
-12.7660
-7.1970
-1.6710
-2.5220
-6.5260
-6.0490
-4.3920
-6.4310
-10.7640
-10.9530
-16.0920
-20.8350
-15.0690
-10.2390
-7.8580
-7.4540
-8.5410
-5.7710
0.9650
2.2920
-4.2780
-9.6070
-10.6320
-10.3302
-10.0284
-9.7266
-9.4248
-9.1230
-11.1990
-9.5630
-9.9390
-9.0720
-9.2020
-12.2000
-8.7690
-3.6580
2.8030
-0.4020
-8.9130
-7.2570
-4.3210
-5.2690
-9.4760
-14.8540
-13.2450
-12.4060
-16.3020
-14.5980
-9.8810
-8.5610
-9.4210
-10.8830
-14.9780
-16.9510
-11.8480
-9.2200
-10.7380
-17.5690
-18.3670
-14.6260
-11.8240
-13.8350
-16.7920
-16.9310
-14.6360
-14.0060
-15.0840
-15.0850
-16.9800
-19.5260
-17.2670
-18.6420
-20.1900
-19.8990
-21.1350
-21.9940
-23.6410
-22.8060
-21.5940
-19.9770
-19.2970
-21.0300
-21.3580
-22.8790
-26.0420
-26.8760
-26.4250
-25.4970
-23.3730
-22.9710
-21.8160
-21.3640
-23.4240
-23.0340
-20.4460
