8.7200
8.4650
5.7330
2.3840
3.4370
10.2030
-0.4760
-23.2260
-30.6750
-31.6250
-35.9090
-34.4580
-25.8400
-21.2300
-17.7630
-13.7400
-17.2520
-20.9030
-20.2580
-21.3040
-21.7720
-20.6400
-17.7060
-11.9230
-8.2620
-12.0700
-17.3010
-16.6800
-18.1610
-18.6620
-11.2720
-5.1800
-2.0070
0.5870
-4.9050
-7.7820
-3.3980
-4.6020
-2.5510
0.9810
-2.1160
-9.5870
-13.1060
-14.7570
-10.8590
2.3300
5.1810
5.2120
5.8750
1.5280
-0.3760
-2.6470
4.9010
14.4800
8.6010
-4.6130
-9.2020
2.4580
14.5700
12.0490
4.2270
-2.4040
-4.0610
2.4910
5.8290
4.6540
3.9800
-1.6810
0.2880
4.6740
-5.5050
-14.6300
-7.4600
-5.5080
-1.0110
7.9440
1.6820
-2.1370
2.4090
5.1480
4.3540
7.8700
12.9150
11.9110
8.8040
8.9210
7.9210
8.9080
15.2290
19.1480
10.0050
-0.5330
-10.5130
-15.9490
-6.8980
4.3950
1.3610
-3.4600
4.1510
2.3770
6.8050
12.3820
1.3560
2.5000
2.7370
2.5480
3.5520
-0.9630
1.0010
7.4160
9.4660
8.4400
9.3630
13.0590
13.9150
9.4730
8.3510
10.5090
14.1010
11.4640
1.8360
-3.2900
1.6340
10.7910
14.8970
11.0260
4.8430
6.5380
11.3560
10.5210
6.2800
4.8960
8.0810
11.4440
10.0790
7.5870
10.3170
12.5380
11.6860
8.8100
7.7250
6.8040
8.1830
11.7720
11.1530
8.5410
7.0530
8.5120
14.1620
12.0020
6.4160
6.8370
9.0390
12.5220
11.0860
7.0610
7.9470
11.5660
11.7410
8.2010
9.4680
13.5940
15.8510
14.7590
12.4900
11.3120
11.4500
12.1440
10.6620
9.5550
10.0030
8.8120
7.9960
6.2960
6.6080
9.5110
10.5770
9.3300
7.0130
8.3080
12.3500
13.6240
10.9300
10.4700
12.3770
10.8770
8.0960
7.8140
9.2170
10.6670
8.6480
6.5850
6.5820
5.7760
6.1870
9.0570
9.9430
9.2920
9.3880
8.7760
8.7620
9.5370
9.3570
9.5650
9.8590
9.3440
9.2230
9.5810
9.1890
8.8610
8.8880
9.0470
9.1600
9.2280
8.8870
8.8060
8.9730
8.9340
9.2230
9.3930
8.8630
8.9260
9.1760
9.1870
8.7360
8.5650
9.1950
8.9380
8.6060
8.6120
8.5540
8.9210
8.9280
8.6370
8.3420
8.1350
8.0070
7.7000
7.8780
8.0640
7.8310
7.4910
7.4030
7.7470
7.7160
7.3110
6.8980
6.6530
6.7740
7.0430
7.1670
7.3370
7.7090
7.7310
7.3920
7.3630
7.3320
7.3010
7.5020
7.4890
7.5050
7.6540
7.6120
7.6780
7.9460
8.1500
7.8930
7.8050
8.1470
8.0500
7.7190
7.9860
8.2950
8.6280
8.9540
8.9050
9.1100
9.1120
9.0550
9.2110
9.1550
8.9260
8.9560
9.1920
9.0420
8.8460
9.0120
8.7790
7.8460
7.7980
8.3080
8.6240
8.8220
9.0040
9.5080
9.8360
10.2090
10.3510
10.0190
9.7310
9.5830
9.6120
10.2230
10.3540
10.2570
10.1410
9.7770
9.7070
9.8920
9.2840
8.1740
8.1870
7.9990
6.6340
