3.8610
3.7670
3.2490
3.2530
4.0040
4.1660
4.4860
4.5660
4.0100
3.6660
3.5610
3.7310
3.7690
3.5450
2.8830
2.5280
2.7820
2.5790
2.0330
2.6020
3.0140
2.5130
2.3310
2.3800
2.2970
2.5740
2.5360
2.0340
1.9940
2.1400
2.0680
1.8750
2.5340
2.7970
2.4990
2.2340
1.9470
2.4940
2.7720
2.3560
2.0320
1.6320
1.0920
0.8560
1.5190
1.9980
1.3650
0.4280
0.6780
0.6750
0.3310
0.6500
0.0680
1.2990
2.6150
1.7020
0.1460
-0.5510
0.0670
0.0560
-0.7550
-1.0760
-1.6850
-2.4180
-2.2640
-0.1460
0.8830
0.1220
-0.6350
-2.7170
-4.0210
-2.8480
-2.7410
-4.7210
-3.9150
-3.3700
-2.8120
-0.1060
0.9700
-0.3800
-1.4300
-1.6080
-0.3460
0.6040
-1.3770
-1.1620
0.9040
-0.8130
-2.8390
-1.2550
-1.0200
-2.0600
0.0450
1.9210
-0.1150
-3.1340
-4.5210
-3.7560
-1.5040
-0.2770
0.3860
-0.4830
-2.6560
-0.9130
-0.3990
-3.1810
-3.0930
-1.8870
-0.8900
-1.4260
-2.1950
-2.0010
-2.7800
-1.1650
0.2110
-0.9700
-1.2610
-1.0450
-0.9050
-1.1970
-1.7730
-1.3180
-1.2730
-2.4540
-3.7780
-4.7280
-5.6950
-5.4070
-4.7820
-2.7090
-1.5190
-1.0250
-0.3940
-1.5120
-3.0020
-5.2700
-4.0590
-3.3570
-4.7800
-2.0580
-0.4300
-2.1150
-1.4630
-0.8540
-1.6830
-0.1770
1.4760
-1.5430
-2.5610
-3.3870
-4.3790
-4.2250
-5.4480
-3.4990
-1.5530
-1.2460
-0.0080
-0.7680
-1.7950
-0.4490
-0.8160
-1.3280
0.1520
0.7050
0.0080
-0.1860
-0.3540
0.0390
-1.1010
-1.7120
-1.2610
-3.5890
-2.4470
-2.4160
-1.2080
-1.8840
-2.2610
-0.6330
-0.7980
0.6550
0.4490
0.3910
1.1970
0.1170
-0.8030
-1.4020
-1.9450
-1.9670
-1.0340
-1.1960
-1.4450
-0.7960
0.8120
1.5520
-1.3440
-3.8970
-3.8480
-2.5270
-2.1030
-2.8950
-2.9680
-2.7590
-2.2770
0.1600
0.4330
0.9100
2.0680
-1.1080
-3.5730
-5.4230
-5.1670
-2.6080
-2.6250
-1.5610
1.2310
2.5260
0.6410
-1.9000
-4.1340
-4.7600
-0.6570
0.4210
-0.6050
0.9510
-1.3940
-3.4610
-3.7820
-3.1430
-3.2380
-4.1840
-2.7690
-2.5650
-4.8810
-6.5930
-4.3470
-3.4230
-3.7680
-3.1670
-4.8500
-5.5780
-3.5630
-1.1500
-0.2020
-0.0460
2.2400
0.3170
-2.6650
-3.0600
-4.1070
-1.8500
0.0540
0.2480
-1.0500
-5.2530
-6.5670
-3.8670
-0.1260
1.0250
-3.2090
-6.0500
-6.0130
-5.1760
-4.3310
-4.7110
-3.4150
-2.7470
-1.8170
-1.3750
-2.1730
-2.5510
-1.8820
-0.1880
-1.5760
-2.2730
-2.2290
-1.3900
0.0690
-3.1470
-2.7040
-1.5640
-5.5910
-3.7230
-1.5070
-4.7990
-4.3430
1.4230
2.7170
-0.5640
-0.2100
0.0490
-2.2020
-3.9500
-3.8790
-1.1990
-0.1270
-1.5500
-2.1850
-2.1117
-2.0385
-1.9653
-1.8920
-2.0420
-2.9320
-3.6970
-3.8460
-3.0280
-2.2080
-1.2210
-0.0660
-1.4860
-2.4040
-2.9280
-5.0850
-3.7100
-0.4210
-1.5400
-4.6320
-6.2160
-8.3290
-6.5030
-4.2090
-5.1150
-3.7010
-1.4620
-1.0910
-3.4650
-2.3060
-3.2620
-2.3590
-0.9680
