14.1700
14.1770
13.2430
15.6870
16.8240
14.8230
15.9200
17.0450
11.5750
7.1720
6.7290
7.3180
8.5600
11.0530
13.1710
13.7610
15.7280
17.1020
16.5780
15.0610
13.7580
13.7500
13.3150
13.3820
14.5790
14.4410
14.3590
15.7100
16.5440
16.7660
15.6120
13.4350
14.1690
15.6290
14.1040
13.2300
14.3470
14.4820
14.3770
14.5360
13.6750
14.3250
15.9190
15.4470
14.1050
14.4990
15.2830
15.2730
15.2040
13.7520
13.0680
14.1210
12.9650
11.8090
12.9710
14.6370
14.6310
14.0240
14.2190
13.7370
13.2430
13.0590
10.2290
9.8990
13.3220
14.6590
13.5110
10.5650
10.3410
11.9720
13.3000
12.9860
13.2780
13.7350
12.7470
12.8030
12.8760
14.1310
15.4870
13.1290
10.5100
11.2640
8.3860
5.4360
7.3730
9.6910
10.0890
10.7310
11.6080
10.6300
8.7900
6.0140
4.3300
4.5090
3.4460
5.4760
8.3560
7.6670
9.0110
8.8410
5.8560
5.6130
6.1970
5.6060
4.2100
2.8950
4.9180
7.5890
7.4950
4.2530
3.6550
3.3180
1.5980
0.7200
0.6100
2.3330
2.9300
5.6590
11.4720
8.7920
2.7560
-0.1850
-2.5760
2.1830
6.7000
4.9530
2.3160
0.0390
0.4130
0.8330
1.9770
6.2320
6.9260
2.5790
5.1720
10.4480
10.0890
6.6140
4.6390
6.7600
8.2070
9.5050
8.1890
3.2280
-0.6700
-3.5440
-4.6910
-4.5620
-0.7690
4.1870
2.4490
0.8860
2.4040
3.3510
4.1340
4.5380
5.1900
3.1010
0.5570
2.7040
3.7300
3.6460
4.4940
0.0560
-7.1990
-9.7740
-6.6360
-0.0660
3.6230
3.9050
1.4210
-1.4670
-2.3490
-3.5380
-3.4460
-0.6550
0.1310
0.9550
2.3300
2.1380
7.0490
9.1150
5.6960
0.5410
1.0770
6.4480
3.4250
-1.3100
2.5080
6.0360
6.4230
5.9240
0.8260
2.7370
6.8860
8.5340
11.7820
7.9690
5.9120
6.1360
4.8530
4.3520
2.4850
2.7850
6.0670
7.0320
4.2310
2.4880
4.1790
6.2820
5.6090
3.7430
0.1640
2.8500
7.4630
5.6860
3.4250
-0.4200
-0.7320
1.0080
0.3590
1.4000
0.3430
-1.7830
-1.3680
1.9600
4.8410
4.2080
2.7650
4.1410
4.3230
2.0970
3.7130
4.9760
2.8550
1.1850
3.7310
4.2030
-0.1720
-3.1070
-1.0380
1.7390
1.9550
2.1780
1.6770
0.0880
-1.6790
-4.3580
-6.4660
-7.4100
-6.9040
-1.7570
-0.3940
1.1140
3.5340
2.4410
1.2750
1.2400
4.6170
6.3700
5.1140
0.4610
-4.5140
-4.0710
-1.9620
-2.3850
-3.7010
-5.0740
-4.6620
-3.4000
-2.1790
-2.6320
-1.7280
1.6920
3.8870
2.2490
-1.4990
-2.6080
-2.3800
-3.0240
-1.8880
0.1030
3.2280
1.6920
-3.4260
-3.9960
-0.8370
-0.1710
-3.0410
-2.4560
-1.2550
-0.0270
-0.7230
-1.8740
-1.8260
-3.5970
-6.0670
-5.7360
-4.6830
-1.3040
1.9470
1.3580
-0.4220
-0.8860
-1.0670
-0.8810
1.1050
3.1070
2.8570
-0.5980
1.6700
5.7550
4.5940
2.5090
-0.5050
-2.2660
-0.3240
0.0170
-0.3970
1.7930
2.4650
1.5050
2.4410
2.0310
-3.5720
-6.1670
-3.4240
-4.8990
-6.4500
-4.9980
-6.5430
-6.8920
-5.2530
-3.7320
-4.0890
-5.2250
-6.0830
-7.1710
-8.8730
-10.1180
-10.0470
-8.7640
-8.0340
-7.6420
-6.8360
-7.3830
-7.1820
-6.0570
-4.7300
-4.6570
-5.9310
-7.2890
-7.9460
-7.5700
-5.8940
-5.1290
-7.2710
-9.1730
-9.8710
-9.5240
-7.8040
-7.9000
-9.7140
-10.7610
-11.2330
-11.3990
-11.8750
-12.3850
-12.5700
-13.2210
-13.7080
-13.5720
-13.8470
-14.5800
-14.8400
-14.5780
-14.2760
-14.1750
-14.6080
-15.0420
-15.1090
-14.9722
-14.8354
-14.6986
-14.5618
-14.4250
-14.4040
-14.0900
-13.4910
-13.0360
-12.7600
-12.6540
-13.0970
-13.4880
-13.5420
-12.4070
-11.2500
-11.7420
-13.2250
-13.8190
-13.2100
-13.3220
-13.7490
-14.0060
-13.8620
-13.2810
-13.1450
-13.0320
-12.2290
-11.0060
-10.0640
-9.7330
-10.1460
-11.6260
-13.2910
-13.4530
-12.2350
-11.0470
-10.8760
-11.0130
-10.4460
-9.8660
-9.6450
-8.8840
-7.5890
-6.5250
-6.5210
-7.3130
-8.2370
-8.8320
-8.3280
-7.2060
-6.8780
-7.8700
-8.4890
-8.6060
-9.0460
-9.4810
-9.2820
-9.0070
-7.2340
-4.2210
-3.7040
-5.6670
-8.6330
-11.2540
-12.8990
-13.3120
-12.9210
-13.3720
