31.8720
30.2130
30.2570
31.3690
31.0070
33.1770
35.1890
32.1890
27.8040
26.3300
28.1700
29.6830
29.8930
29.3760
28.2310
28.1100
31.0710
34.6000
35.0740
33.2570
30.3170
28.1170
27.1120
25.7030
24.2220
21.8200
19.4460
20.0260
18.2100
16.9993
15.7886
14.5779
13.3672
12.1565
10.9458
9.7352
8.5245
7.3138
6.1031
4.8924
3.6817
2.4710
1.2603
0.0496
-1.1611
-2.3718
-3.5825
-4.7932
-6.0038
-7.2145
-8.4252
-9.6359
-10.8466
-12.0573
-13.2680
-1.0140
5.1100
4.6830
3.9420
-2.8960
-4.7000
-5.2410
-10.2510
-9.7140
-2.9280
-0.8610
-5.5620
-8.6620
-5.4890
-2.7610
-8.1180
-5.0570
3.7570
0.4000
-8.8600
-11.5930
-4.7640
-3.0570
-3.2430
2.2320
-0.1780
-9.2170
-9.4870
-2.7860
-6.4120
-9.5830
0.9620
5.1520
-2.8860
-5.0240
-3.3840
1.5890
8.4090
-0.6670
-10.6920
-9.7340
-5.0100
0.8750
-1.9860
-2.1740
-1.3410
-4.6830
-11.2170
-9.6910
-6.1940
-12.1680
-12.5060
-8.1580
-3.8420
-4.9200
-8.0850
-6.8180
-3.8280
-3.3930
-4.0290
-7.3670
-9.0210
-6.2160
-5.6070
-8.1670
-7.9560
-2.8190
-1.5460
-3.0040
-3.7730
-3.3680
-5.1010
-8.7920
-7.7950
-6.2730
-7.0550
-7.8710
-7.3010
-6.8810
-7.2360
-7.2780
-6.1010
-5.7910
-6.6190
-6.7100
-6.8930
-8.6830
-6.9510
-5.0350
-5.1150
-6.5290
-9.9450
-9.8130
-7.8000
-5.7380
-6.2120
-7.5910
-6.6410
-5.5720
-6.4750
-7.4690
-7.0620
-6.4560
-6.3760
-6.3660
-5.0070
-5.3020
-6.5240
-7.2610
-5.6410
-3.7910
-5.2430
-5.2960
-4.8720
-6.5270
-7.8700
-7.3920
-7.3740
-8.4750
-9.8850
-8.0940
-5.0120
-4.9340
-7.2190
-7.8720
-6.2140
-5.3480
-6.4500
-7.9190
-5.5170
-3.7190
-5.2720
-8.4390
-8.9890
-6.4410
-6.3890
-9.5370
-12.3330
-8.1410
-4.1410
-5.6320
-7.3480
-7.1170
-5.4410
-5.8170
-6.5180
-6.4080
-4.8450
-4.8970
-6.8470
-7.8790
-6.4720
-5.3520
-7.2620
-9.5190
-8.9880
-7.5480
-7.9170
-8.0980
-7.5860
-7.3700
-7.5050
-8.2630
-8.7860
-7.8830
-7.1130
-7.4180
-7.9290
-6.6690
-4.0350
-4.1950
-5.7330
-6.2410
-7.2120
-8.7540
-7.0240
-5.9290
-8.9610
-7.4780
-4.5820
-6.3390
-8.4770
-7.2510
-5.3890
-6.5110
-6.7740
-6.7100
-9.1450
-10.5560
-9.2180
-8.5950
-9.7580
-10.7910
-10.0510
-9.1220
-9.2580
-9.1000
-8.5420
-7.2150
-6.5220
-6.7240
-6.9330
-6.1480
-5.3270
-6.3870
-7.3830
-7.2020
-5.7720
-5.5520
-6.0770
-6.4280
-7.2740
-7.6370
-7.5640
-7.7480
-7.9860
-8.7930
-9.1360
-7.5810
-7.5400
-7.1050
-5.8470
-5.7330
-5.9420
-7.0260
-8.2680
-6.9070
-3.6800
-4.0030
-6.9330
-8.9620
-9.4430
-8.3870
-5.6740
-4.0980
-5.6430
-7.0960
-7.3010
-7.0250
-6.2520
-6.0610
-7.0440
-7.9450
-8.0710
-6.3630
