-2.8170
-2.3470
-1.2580
-0.9780
-1.6410
-2.3790
-2.5990
-2.8370
-2.7130
-2.7190
-1.6590
-0.0110
0.1030
-0.1290
-0.6830
-1.9570
-3.0240
-3.3950
-3.8160
-5.8840
-7.9360
-8.7530
-8.7090
-7.8990
-8.6140
-10.2870
-12.8590
-14.7300
-13.9320
-13.1880
-14.4750
-16.0700
-15.4230
-13.3240
-10.9850
-9.5090
-11.3650
-15.5910
-17.0950
-15.9890
-14.6780
-13.6710
-12.8340
-12.1490
-11.4900
-12.1320
-14.3400
-18.0490
-18.9960
-16.5150
-15.4750
-16.4300
-16.4230
-8.1530
-1.7110
-8.3720
-11.5680
-12.5070
-11.6090
-8.9170
-4.5870
-2.2840
-0.5950
-2.4620
-4.7570
-4.8360
-7.5470
-10.2180
-11.5250
-11.2620
-10.0570
-10.8200
-10.5290
-9.4310
-9.9710
-10.4580
-10.3190
-11.1850
-12.0680
-11.8530
-10.8390
-9.3960
-8.2480
-6.9990
-7.5370
-10.0840
-11.9390
-12.7660
-12.6840
-12.0260
-11.1160
-10.7690
-12.1790
-13.2530
-13.0680
-15.1370
-17.4400
-18.0140
-19.2760
-19.3880
-18.7260
-19.3860
-18.7210
-16.5650
-15.2240
-14.7310
-15.4310
-16.2640
-16.4760
-16.3610
-15.6230
-14.7520
-14.8150
-15.1980
-15.7790
-16.0150
-15.7120
-15.4170
-15.5120
-15.6640
-14.6030
-13.7500
-13.5410
-12.3840
-11.7130
-10.8980
-9.7720
-10.3580
-10.3880
-7.1440
-3.5070
-6.7320
-10.9430
-8.8610
-6.7520
-6.0710
-5.7650
-0.3300
4.7850
-0.2210
-3.6290
-4.0390
-6.9770
-7.7370
-8.0950
-6.7860
-4.4870
-3.8080
-5.4990
-7.6750
-9.1840
-10.0310
-10.4640
-9.9120
-8.9950
-9.3200
-7.4300
-2.6220
4.8260
6.3020
2.1340
-3.5010
-6.6450
-7.0640
-10.1670
-9.7360
-7.4020
-4.2900
-2.3630
-4.6510
-3.6330
-2.5490
-1.6750
-1.6630
-3.2110
-0.0060
2.6770
1.2870
1.1730
1.2380
1.3840
1.7340
2.1570
2.7170
3.4910
6.2990
6.6140
4.0750
4.5770
4.7240
3.8830
5.3880
4.4780
3.2700
7.0520
10.9130
11.6420
9.5840
9.1900
9.2500
6.0820
4.4880
4.4340
5.9610
9.7570
8.5920
6.1510
5.4910
5.1690
5.5430
5.9470
3.1810
2.4340
3.5030
-0.4200
-1.1680
1.0730
4.6860
5.0480
3.4090
4.5630
2.9740
0.8570
0.6230
-0.7090
-3.4580
-5.0820
-3.9470
-4.4830
-5.6350
-2.2620
3.9740
4.1880
3.5840
7.4800
5.3280
1.3530
-0.1300
-2.9820
-3.8560
-2.3750
-2.5120
-2.7990
-2.1110
-2.2300
-2.7470
-3.9240
-5.4060
-3.5220
5.3390
9.7580
8.0650
8.5050
9.7370
7.7310
2.7990
1.7560
3.0980
1.3290
1.1560
3.5330
4.0460
4.1970
2.1500
0.4510
2.9580
6.7460
4.3900
1.0990
-0.0630
2.6890
6.3400
4.8030
1.1470
-0.5350
0.5020
-1.6550
-1.8480
3.0880
6.6290
12.5950
15.9330
12.3120
8.3840
8.2710
12.1210
15.2020
14.6700
12.2300
12.6940
11.9760
8.0460
3.6620
-0.2360
3.1610
9.5320
8.5860
6.9530
6.9380
7.1030
9.9670
13.0220
12.7860
11.2280
11.4980
11.2460
10.5110
10.3340
9.5570
9.3010
10.2590
11.2540
10.8390
9.1770
8.0260
7.0830
6.9810
9.7670
13.6950
13.3240
12.4070
11.6320
9.6800
8.8140
7.7910
6.1990
4.1710
1.7130
-0.3990
-1.2060
-1.3860
-0.5360
-1.1640
0.2070
5.7100
7.8120
8.4290
9.4610
7.7550
6.9940
7.2440
7.1140
7.8740
8.6150
8.9240
9.8190
10.0600
9.0810
8.7720
10.4630
10.7530
9.5060
8.8850
7.9910
7.9970
8.3340
7.7390
8.2800
10.6450
12.4820
12.6010
11.7620
10.4350
11.4590
13.1670
10.2030
5.3290
5.5670
8.1270
6.7150
4.7000
6.6060
6.8370
3.2570
3.9430
8.5350
9.4180
7.1290
6.5630
6.1290
4.7590
4.1490
4.7450
4.9310
4.4460
4.5750
3.9580
3.0120
3.7220
4.4640
3.9820
3.6120
3.2760
1.6910
2.3700
5.4730
8.5060
9.0910
6.4370
3.7520
4.1870
5.2070
6.1240
5.9680
3.7650
4.1860
4.8150
3.7330
3.5770
3.9700
4.3130
4.1630
4.0110
3.9530
4.0120
4.6690
4.3400
4.0960
4.3110
4.3060
