-17.9660
-18.0160
-16.0470
-21.0840
-24.5850
-18.2150
-13.2920
-20.0330
-20.9700
-14.4340
-11.2460
-6.1110
-6.8910
-12.6540
-14.1130
-13.8810
-11.8280
-18.6140
-19.2300
-7.8410
-6.2370
-11.3220
-18.7550
-16.7640
5.8070
16.9390
16.9350
8.4490
0.3390
12.0630
17.4580
15.1380
10.2680
2.9030
1.8790
3.1340
2.8770
2.3440
-3.7650
-1.7230
9.4810
10.8410
6.7070
5.2790
7.6190
11.3690
17.0800
14.0280
11.5760
10.5070
11.5950
11.5070
9.1760
11.0640
9.4760
6.7130
6.1660
9.2810
12.4610
10.6210
8.6670
8.2190
8.0040
9.7170
10.4740
8.7530
8.0632
7.3734
6.6836
5.9938
5.3040
8.0590
9.8630
10.9000
11.2730
9.6530
8.8090
7.3580
5.0200
5.9190
9.9470
12.5070
6.5910
-0.8770
0.2100
7.3470
8.9380
9.4410
11.6760
7.9770
3.9900
6.5520
10.7700
5.3200
4.1150
11.1560
7.4910
3.8260
7.2210
9.9620
9.4080
4.7110
1.8240
5.4030
8.1600
6.6640
0.5510
-4.7030
-1.2930
-1.8620
-5.5630
-4.9260
1.0540
1.1070
-1.1480
-0.3200
2.2170
10.2660
4.6710
-0.0570
3.9050
2.6870
1.8970
0.3500
-6.1650
-7.0210
0.2050
3.1110
-0.8610
-4.5500
-0.4090
0.0630
1.2870
3.0460
0.8530
1.9340
-0.2590
-0.4490
-0.3830
0.6090
2.3760
0.6050
0.0110
-0.1220
2.1410
1.8590
-1.6670
-0.2330
3.4500
2.2040
0.3950
0.5470
1.2700
2.4390
2.7190
2.9490
3.1720
2.7560
2.5580
2.6960
2.7480
2.4850
2.0190
1.9850
2.6080
3.3350
3.9370
4.1080
3.9090
3.5950
3.5370
3.7260
4.1790
4.3720
4.4160
4.5220
4.3220
4.1340
4.0570
3.7650
2.9930
2.6640
2.8560
3.1760
3.6280
4.0100
4.1540
4.3660
3.9900
1.7930
-1.6830
-1.3810
-1.2320
-0.6270
1.4580
3.1640
3.7590
3.9100
3.8170
3.5400
3.1130
2.8110
3.0130
3.1450
3.3040
3.4390
2.9390
2.2240
1.9740
2.8590
3.6120
3.3510
3.9110
4.9580
5.1520
3.8850
2.8360
2.7730
2.9420
2.9890
2.6150
2.4570
2.3500
2.5650
2.5260
2.0100
1.7540
1.4110
1.3610
1.8910
2.1020
1.6770
1.1200
1.1720
1.1650
0.2070
1.3640
3.1360
3.2860
3.1140
2.6220
2.4830
2.2750
3.1860
4.3760
4.5740
4.8300
4.7740
3.9770
3.7970
4.5910
5.1480
4.1510
3.4710
3.6480
3.6650
3.7700
3.7180
4.0370
4.1010
3.8050
3.7520
3.8150
3.7910
3.4670
2.6580
2.5640
3.5680
4.1730
4.1960
4.2220
3.9540
3.6980
3.8030
4.0080
4.3030
4.6770
4.9210
4.8750
4.9490
4.9780
5.0100
5.2310
5.2140
4.9240
4.6850
4.6830
4.6750
4.4810
4.4200
4.5230
4.5800
4.8900
5.1440
5.2380
5.1890
5.1270
4.9350
4.7950
4.8270
4.7990
4.4510
4.1580
4.0900
3.9960
4.0140
4.0320
3.7680
3.3500
3.5460
3.8900
3.6890
3.4580
2.8390
1.6230
