28.5850
27.0450
27.4990
29.3920
29.4160
26.3580
25.8420
25.0040
22.4500
20.8180
21.7740
18.5410
13.4250
12.0390
8.9150
7.2520
9.4690
10.2890
10.1530
10.5020
6.7810
-3.1220
-8.7970
-9.8870
-9.5300
-7.5530
-13.5250
-21.7970
-20.1270
-13.8530
-6.9960
-4.9960
-8.7650
-8.4780
-3.8410
-2.9730
-4.7980
-7.3940
-10.4890
-9.9600
-4.5010
-1.5070
-0.7330
0.9470
1.6030
-1.6750
-13.4540
-17.5400
-16.8830
-19.8230
-21.0710
-23.0930
-22.3660
-18.8750
-17.6560
-18.3000
-18.9670
-14.9870
-13.9740
-15.4390
-12.1610
-14.3970
-16.6160
-15.2960
-15.4960
-16.5040
-16.0490
-16.0630
-16.5750
-17.1750
-14.9130
-13.3650
-16.7530
-17.2690
-8.9950
-6.1280
-8.0050
-11.4840
-15.2150
-20.3680
-23.5640
-21.1440
-17.9430
-18.0440
-17.4950
-14.4370
-14.4110
-14.7970
-18.3810
-20.0460
-10.2910
-11.7850
-17.3230
-16.7390
-13.8410
-11.5790
-14.4840
-15.8480
-16.3110
-20.9370
-21.0270
-13.3350
-9.4310
-12.7040
-20.5550
-22.6300
-22.6410
-23.5900
-21.9860
-21.1410
-19.1920
-21.1890
-28.3190
-26.2070
-22.7400
-22.2730
-15.2030
-12.4970
-17.1610
-19.2840
-18.7730
-18.3350
-18.9380
-20.1320
-19.1790
-20.9720
-23.1160
-19.2270
-17.9810
-19.7990
-22.8260
-24.5440
-19.9160
-15.8020
-17.5395
-19.2770
-18.2160
-16.9650
-21.6250
-22.3980
-18.0860
-19.2510
-19.7920
-17.4330
-16.3160
-18.6710
-20.8510
-20.1200
-19.3060
-18.8120
-17.7990
-16.4510
-16.0010
-16.4360
-16.9900
-17.0900
-16.4650
-16.9750
-17.4840
-17.7780
-16.4260
-18.1700
-21.9160
-20.5660
-19.5500
-20.9980
-21.6350
-22.9530
-22.6740
-18.3060
-12.1070
-9.1440
-9.3050
-11.0660
-16.5130
-16.6660
-16.9130
-18.4290
-16.9170
-25.8650
-28.8290
-21.6520
-19.0820
-16.3420
-12.8540
-14.4920
-18.2090
-21.7520
-12.4120
-8.0320
-14.0040
-16.1000
-14.4600
-9.5720
-15.2670
-21.0190
-8.8930
-0.9990
-5.6410
-4.6270
-1.3680
-5.3500
-4.4160
-1.9180
-12.6900
-17.3360
-13.9260
-14.1887
-14.4515
-14.7142
-14.9769
-15.2397
-15.5024
-15.7651
-16.0279
-16.2906
-16.5533
-16.8161
-17.0788
-17.3415
-17.6043
-17.8670
-17.8230
-16.8940
-18.8690
-22.9040
-23.8540
-21.3580
-21.4680
-22.8510
-22.0450
-21.9230
-20.7070
-20.3910
-20.7920
-20.3620
-21.1190
-22.3480
-23.2860
-22.7840
-24.5460
-25.0380
-22.7170
-22.7320
-22.1460
-19.6610
-20.6630
-22.4810
-20.8900
-20.1830
-19.7250
-18.5630
-18.7170
-20.5380
-22.7160
-22.9570
-20.2460
-20.5420
-17.5940
-15.1690
-17.6990
-19.0810
-20.3190
-19.9620
-19.6050
-19.2481
-18.8911
-18.5341
-18.1771
-17.8201
-17.4632
-17.1062
-16.7492
-16.3922
-16.0353
-15.6783
-15.3213
-14.9643
-14.6073
-14.2504
-13.8934
-13.5364
-13.1794
-12.8224
-12.4655
-12.1085
-11.7515
-11.3945
-11.0376
-10.6806
-10.3236
-9.9666
-9.6096
-9.2527
-8.8957
-8.5387
-8.1817
-7.8247
-7.4678
-7.1108
-6.7538
-6.3968
-6.0399
-5.6829
-5.3259
-4.9689
-4.6119
-4.2550
-3.8980
-3.5410
-3.6800
-3.9090
-5.9280
-8.1710
-8.0000
-7.4620
-6.4730
-6.1700
-6.7750
-6.2180
-6.1010
-10.7290
-12.8390
-8.6370
-6.3240
-5.7820
-5.2040
-4.6410
-5.1770
-5.1830
-2.5210
-3.5290
-7.9900
-9.0420
-7.1810
-6.0590
-6.5780
-6.2700
-5.0800
-5.8620
-6.7530
-11.9240
-15.5580
-9.8120
-7.2160
-7.4470
-6.3230
-6.0520
-6.3200
-6.3120
-6.1400
-5.8580
-6.6550
-5.5530
-4.6590
-4.7750
-3.4150
-4.7780
-6.2150
-1.4850
-1.0380
-9.1730
-8.5270
-6.8140
-11.1440
-10.4810
-11.5630
-13.4600
-10.8920
-9.9780
-9.7360
-8.5330
-8.5450
-9.1450
-9.0180
-8.5200
-8.9260
-9.1190
-8.1780
-8.3790
-9.5880
-9.5760
-8.7710
-9.2680
-9.3750
-8.6500
-10.6330
-11.6560
-9.0470
-8.7210
-10.8720
-10.9860
-9.6060
-9.5990
-9.8590
-8.9540
-8.6420
-8.5960
-8.9700
-9.4250
-9.0500
-8.8030
-9.5810
-9.5830
-8.8730
-10.1400
-10.6250
-9.3030
-9.4450
-11.0580
-11.2230
-9.7570
-10.1110
-9.9310
-7.7100
-8.9620
-9.6780
-9.4020
-8.9470
-7.3220
