-4.7720
-4.6750
-4.6040
-4.5890
-4.6210
-4.6840
-4.7280
-4.7490
-4.7450
-4.7900
-4.8300
-4.8040
-4.7830
-4.7410
-4.6270
-4.5240
-4.6100
-4.7430
-4.7670
-4.7390
-4.8220
-4.9010
-4.8360
-4.8390
-4.8750
-4.8630
-4.8600
-4.8770
-4.8810
-4.9390
-5.0270
-5.0330
-4.9280
-4.8530
-4.9040
-4.9190
-4.8580
-4.8090
-4.7880
-4.8030
-4.8360
-4.8150
-4.7640
-4.7140
-4.6760
-4.6400
-4.6160
-4.6140
-4.6070
-4.5910
-4.5670
-4.5520
-4.5570
-4.5650
-4.5674
-4.5698
-4.5722
-4.5746
-4.5770
-4.6020
-4.6430
-4.6740
-4.6850
-4.7020
-4.6890
-4.6830
-4.6880
-4.7040
-4.7380
-4.7560
-4.7560
-4.7550
-4.7840
-4.8020
-4.9920
-5.0310
-4.8680
-4.7540
-4.6320
-4.6140
-4.6070
-4.5150
-4.4110
-4.4350
-4.5180
-4.5360
-4.5500
-4.7130
-5.0540
-5.1220
-4.7920
-4.5750
-4.9380
-6.2940
-10.2410
-13.8190
-13.0260
-12.6650
-12.5200
-11.7520
-11.3330
-9.8450
-9.8860
-9.6270
-8.3670
-8.2690
-8.6400
-9.6330
-9.7190
-9.0830
-8.9530
-8.7900
-9.1420
-8.2110
-8.4070
-10.3890
-9.8070
-7.6850
-8.2140
-8.8790
-7.7160
-8.3030
-10.2120
-9.7500
-10.7140
-9.9210
-8.0200
-10.1040
-10.7510
-10.5280
-11.1540
-10.9900
-8.7850
-8.3440
-8.3550
-9.3810
-11.1710
-9.9630
-8.9030
-8.7630
-9.4740
-11.8440
-11.2910
-11.2040
-11.2980
-8.5750
-8.6310
-10.7060
-12.3820
-12.6880
-11.6700
-11.0590
-9.4590
-7.4360
-8.3370
-10.2530
-11.8080
-11.9230
-11.4380
-10.7480
-9.6600
-9.1160
-8.6950
-10.4060
-10.3940
-10.5670
-10.3450
-8.9400
-9.5000
-9.5440
-10.1020
-10.5230
-10.1630
-9.4490
-7.3060
-9.0470
-11.8230
-10.8440
-10.0710
-10.3420
-9.3660
-8.1700
-8.6570
-10.3650
-10.2410
-8.8320
-8.7710
-8.3900
-8.7370
-7.9730
-8.6550
-10.7380
-10.6350
-10.2550
-10.4300
-8.8350
-6.3840
-8.2980
-10.8690
-9.9290
-9.8280
-8.9570
-6.5150
-7.3110
-9.1520
-10.1420
-10.4340
-9.2350
-7.3940
-6.1890
-7.0000
-8.9720
-11.1540
-11.2780
-10.0170
-8.8180
-6.9950
-7.0120
-9.8750
-11.1190
-10.4120
-9.4530
-9.7890
-8.5660
-6.6610
-10.0760
-12.0710
-9.5070
-9.3360
-9.5300
-7.0020
-6.2900
-10.3330
-12.5040
-11.1140
-9.6820
-7.4510
-5.2750
-6.6220
-8.6760
-9.4700
-9.7100
-8.2970
-6.1170
-5.9110
-8.1750
-10.1330
-9.4080
-7.6390
-5.7250
-3.7270
-7.6530
-11.9530
-9.6440
-8.4050
-9.8240
-7.5250
-6.4050
-9.7460
-9.5050
-3.9810
-3.9740
-6.9430
-6.3050
-6.6380
-10.8460
-11.0700
-9.2290
-8.4600
-6.6440
-9.1570
-8.4370
-4.7870
-4.4710
-7.0540
-10.7370
-9.4640
-3.5460
-5.2830
-8.5800
-7.8620
-7.2390
-7.5400
-7.6320
-8.4790
-7.9730
-9.8750
-11.1920
-7.7980
-8.4590
-10.0210
-9.7570
-8.5670
-4.6330
-3.4280
-4.1920
-3.1930
-6.0440
-8.1140
-6.4470
-6.3910
-5.0310
-3.8040
-0.4970
2.9330
4.1440
-6.9290
-15.5120
-11.0390
-7.6960
-5.6240
-5.0510
-4.4150
-4.5770
-6.6530
-8.2460
-6.5760
-4.2940
-3.1200
1.2110
6.4270
2.7120
-3.2610
-1.7780
-1.4710
-3.9960
-4.3270
-5.3620
-9.3600
-5.9380
2.7890
3.5200
2.0150
2.6000
2.9730
5.8130
8.1770
4.2690
3.9030
6.0690
6.2720
7.0450
6.2220
1.7510
-2.9620
-2.9570
-0.5220
3.1280
1.5420
5.4300
8.9870
4.8050
3.0440
2.6980
1.1060
2.2720
-0.0200
-7.4780
-11.6120
-11.5110
-10.1700
-13.7220
-16.8230
-17.9360
-18.8220
-20.1030
-19.0870
-15.5810
-15.2310
-16.8650
-19.6300
-21.3520
-19.8220
-18.1920
-19.2670
-18.9500
-17.9670
-18.5750
-18.7940
-19.6250
-21.0300
-21.1770
-19.0920
-17.5870
-18.3730
-18.5710
-18.5040
-19.5630
-20.7150
-20.1410
-17.8000
-16.0370
-15.5670
-14.1220
-11.8030
-12.7340
-12.8390
-8.7960
-5.9460
-5.4710
-4.5560
-3.4430
-3.8980
-4.5200
-5.6050
-7.6600
-9.6820
-10.9640
-12.0940
-14.9080
-16.7820
-16.4940
-15.7700
-15.2900
-14.9950
-14.6300
-15.0050
-15.3180
-14.6680
-13.8860
