-2.7980
-4.4760
-5.6060
-5.3700
-3.4620
-2.7190
-5.0980
-6.6920
-6.6960
-6.7390
-7.0420
-7.5320
-6.9970
-6.5750
-6.5920
-5.8540
-4.7680
-4.0360
-4.1670
-3.9130
-4.0170
-5.3860
-5.9190
-5.1380
-5.1840
-5.5790
-6.2590
-6.9230
-7.4030
-7.7330
-6.7500
-5.8180
-5.0840
-5.4580
-7.4990
-8.2290
-5.9680
-2.6250
-2.2000
-4.4890
-6.2160
-6.6890
-6.3900
-6.2750
-3.7170
-1.5810
-4.2870
-6.2750
-6.1810
-6.2930
-5.9970
-4.5540
-3.6630
-4.2760
-5.5710
-6.1610
-6.7240
-6.4180
-3.9870
-3.5940
-4.0040
-1.8390
-1.1790
-1.8910
-2.3400
-2.9960
-1.8220
0.1850
-1.4210
-5.1270
-6.7620
-6.1890
-4.3220
-3.2420
-3.4720
-2.0750
-0.5720
-1.6340
-1.7540
-2.9570
-4.2770
-2.5150
-2.0640
-2.2440
-2.3058
-2.3676
-2.4294
-2.4912
-2.5530
-2.6148
-2.6766
-2.7384
-2.8002
-2.8620
-2.9238
-2.9856
-3.0474
-3.1092
-3.1710
-3.2328
-3.2946
-3.3564
-3.4182
-3.4800
-3.5418
-3.6036
-3.6654
-3.7272
-3.7890
-3.8508
-3.9126
-3.9744
-4.0362
-4.0980
-4.1598
-4.2216
-4.2834
-4.3452
-4.4070
-2.8940
-0.7320
0.3430
2.1570
1.1600
-2.5670
-2.8150
-0.0570
1.5850
1.8890
0.6270
1.1490
0.2580
-2.4000
-3.1790
-3.8100
-3.0440
-1.6580
0.2240
0.9740
0.2770
-0.6620
-1.9160
-1.6920
-0.6850
-1.3300
-1.8940
-1.5640
-2.1210
-2.0070
-2.9990
-2.3070
-0.5070
-1.6650
-3.1100
-3.4970
-2.5780
-1.8370
-1.6530
-0.2500
0.9630
1.2140
1.1770
-1.1640
-3.0490
-2.9590
-2.5830
-1.3500
1.5420
1.4470
0.2440
-1.7630
-2.4090
-1.7930
-2.4360
-3.3340
-2.0280
-0.8570
-0.2960
0.0580
0.4470
2.2440
2.8660
0.4800
-2.0080
-2.0370
0.3680
2.1320
2.0100
1.7790
1.9680
2.6440
2.1470
1.1170
0.5540
0.7280
0.6350
0.5290
-0.0890
-1.4170
-2.0380
-1.6030
-0.7540
-0.4440
0.2830
-0.1440
-0.4650
-0.2270
-1.3000
-2.3110
-0.5730
1.0240
-0.4630
-1.5460
-0.1860
0.6600
-0.3690
-1.2160
-0.7010
-0.3890
0.4920
1.3840
0.5190
-0.7910
-1.6310
-1.6400
-1.3480
-0.2680
0.4400
1.6070
3.1950
4.2310
1.7950
0.3220
3.5190
3.2510
2.5550
2.5110
1.7510
3.9790
5.0300
6.6000
7.7920
7.3780
6.9550
6.1760
3.5190
2.1280
3.4610
4.1490
4.8290
5.7000
6.0930
6.6150
7.4360
7.6090
6.7570
6.1760
6.8120
8.0330
4.2730
-2.2550
-1.9160
1.5820
3.5000
5.2820
6.1830
6.2960
5.3580
3.8360
3.6160
3.8650
4.9640
6.6370
7.3480
6.7710
6.7250
7.1760
7.8740
8.5260
8.9320
9.3400
9.3470
8.6630
7.6230
5.9720
5.6550
7.2720
8.5010
9.3760
9.3950
6.6280
3.9050
3.1670
3.2480
5.5000
8.1170
9.0150
8.6310
8.0490
8.2050
8.6690
9.0540
9.0350
9.0270
9.4100
9.4980
9.5040
9.1140
8.2390
8.1840
9.2220
10.2890
10.8850
11.2580
10.8310
9.8610
9.6970
10.4850
10.6040
10.3240
9.9050
9.8100
10.3460
11.0230
11.6030
12.4180
13.1860
13.2570
12.9100
12.5980
12.6740
12.5910
11.3580
10.5160
10.7300
10.6900
11.1060
11.8470
12.2940
13.1120
12.6540
11.6890
11.6560
11.4290
11.3260
11.5050
11.7880
11.4860
11.4460
12.0570
12.6120
12.7040
12.6640
13.1680
13.2770
13.0380
13.2290
13.2630
13.3230
14.1810
14.3150
13.5470
13.3590
13.6470
13.9290
13.3640
12.2070
12.0350
13.5720
14.5960
14.6850
14.6710
14.0110
12.8580
11.9790
12.5490
13.6180
13.6080
13.0240
12.8110
12.7410
12.8560
13.0850
12.8030
12.4550
11.6470
10.9290
11.1760
10.7680
9.8060
9.2020
9.3920
9.7690
10.0480
10.6460
10.7770
10.3390
10.1230
10.0310
10.0840
9.6870
9.5280
10.2210
10.7130
11.1030
11.1250
10.5240
10.3630
10.3870
9.7440
8.6790
7.6970
6.3520
5.1510
4.5950
3.9470
2.8910
1.6460
1.0490
0.5050
-0.0390
-0.5830
-1.1270
-1.6710
-3.5700
-3.5320
-3.4860
-6.1530
-5.8850
-3.5270
-1.5110
1.2200
4.4440
5.9850
6.0480
6.8600
8.1960
7.7590
6.4400
6.4280
6.8900
6.8630
5.5030
3.2300
2.4320
2.1600
1.3610
1.0680
-0.3450
-0.3750
