-8.0510
-8.1510
-7.6440
-7.6925
-7.7410
-7.7895
-7.8380
-7.8865
-7.9350
-7.9835
-8.0320
-7.6330
-8.3610
-9.1620
-9.1480
-8.3030
-7.8870
-8.3320
-8.5760
-8.8550
-9.4330
-9.2820
-8.6050
-8.2300
-8.0090
-9.3370
-10.3480
-9.8750
-8.5940
-8.2660
-8.5070
-8.5740
-8.7590
-9.0380
-9.2890
-8.8930
-8.8450
-9.3590
-9.5240
-8.6790
-8.2580
-8.4660
-8.8100
-8.8640
-8.2140
-8.2380
-8.6570
-8.6440
-8.2220
-7.6930
-7.0800
-7.0130
-7.9690
-8.7360
-8.5750
-8.2400
-8.3070
-8.0240
-7.8720
-7.6630
-6.9370
-7.0190
-7.5690
-7.5450
-7.4770
-7.0830
-6.9360
-6.8520
-6.4290
-6.8900
-6.9420
-7.0410
-7.4080
-6.4150
-6.5680
-7.0880
-6.2280
-5.8870
-6.5880
-7.2390
-7.3850
-7.5630
-7.7330
-4.9420
-2.7740
-3.7870
-7.0530
-11.1770
-14.9270
-10.3050
-7.4160
-7.2500
-5.6300
-2.9100
-1.8620
-2.3430
-2.0630
-3.2430
-2.6700
-2.5110
-5.6570
-5.2520
-1.2570
0.4990
0.8970
0.1890
0.6870
0.2040
0.4690
-1.6490
-6.2020
-7.1950
-7.3560
-5.2680
-6.2820
-9.4700
-8.9060
-3.6230
-1.0200
-2.6820
-3.9460
-6.9470
-6.4220
-2.6310
0.1710
2.8760
3.6460
4.2920
2.0320
-1.4230
-1.5960
-1.2750
-2.1780
-3.6660
-3.9500
-3.3690
-3.8650
-4.6170
-5.3930
-5.6860
-5.2230
-4.7230
-3.6680
-3.1950
-3.7050
-4.2670
-4.3740
-4.7220
-5.0090
-3.7500
-2.8920
-2.7550
-2.6590
-2.3820
-2.1120
-1.4940
-1.9890
-2.7890
-1.7760
-1.1180
-0.9860
-1.4170
-2.7390
-2.1820
-0.4110
-0.5300
-0.9760
-0.7960
-1.3790
-3.1530
-3.9810
-3.4710
-3.2310
-4.6470
-5.7760
-4.9230
-5.6880
-7.3040
-6.8990
-5.8610
-4.9320
-4.1040
-4.6800
-5.1020
-4.6810
-4.5810
-4.3990
-3.7120
-2.9590
-3.4760
-4.5680
-4.2320
-2.5730
-2.1010
-3.5210
-3.4800
-3.4220
-4.1870
-4.4380
-4.0710
-2.6370
-2.2910
-2.8290
-3.8180
-4.6920
-4.8570
-4.8990
-4.4960
-4.8080
-4.7780
-4.3360
-5.3580
-5.6150
-5.0000
-5.2030
-5.9000
-5.7270
-5.7960
-5.4500
-4.8860
-3.5950
-2.8020
-3.0080
-3.7090
-4.0720
-4.4180
-4.4220
-4.4210
-4.5390
-4.6570
-5.1720
-3.6930
-2.7510
-3.1750
-3.6070
-3.2470
-2.7220
-3.3240
-3.9630
-4.6890
-4.9590
-4.5700
-4.0710
-3.7160
-3.9020
-3.5860
-2.7250
-2.7420
-3.6610
-4.1020
-4.4440
-4.4930
-4.0970
-3.5750
-3.2640
-3.2500
-3.7110
-4.6760
-4.8960
-4.4850
-3.8060
-3.2460
-3.8650
-4.0320
-2.9990
-3.0760
-3.5530
-3.2110
-3.7360
-4.7110
-5.1610
-4.8500
-3.9350
-3.9000
-3.8120
-3.5470
-4.0220
-3.7700
-3.4030
-3.5280
-3.0760
-2.9640
-3.5530
-3.7530
-3.9310
