-2.8820
-2.1850
-1.5740
-2.0570
-3.5670
-4.0990
-4.4380
-4.5740
-4.1960
-3.9060
-4.1410
-4.9920
-5.5440
-5.3440
-4.8290
-4.3340
-4.1760
-5.3830
-6.4760
-6.3560
-6.4090
-6.2600
-7.1650
-7.4320
-7.0190
-6.5300
-5.9950
-6.8640
-7.4570
-7.1380
-6.7400
-6.6600
-7.3670
-8.2360
-7.1190
-7.8530
-9.5090
-8.5420
-8.4290
-9.1130
-8.5370
-7.4240
-7.9210
-9.2660
-9.0910
-7.7330
-7.8560
-8.4860
-8.4080
-8.0420
-7.0610
-6.6340
-6.6270
-6.6820
-6.2710
-5.8570
-6.0310
-5.9450
-5.5380
-5.4290
-7.1390
-8.6580
-8.5640
-8.9060
-9.4610
-7.4500
-6.2840
-9.9220
-11.1090
-9.0560
-8.7470
-8.5970
-8.1540
-8.1120
-7.7370
-7.6230
-8.1530
-7.9690
-7.9280
-8.0490
-7.9190
-8.0380
-7.8510
-7.7460
-7.8440
-7.9730
-7.9650
-7.5890
-7.6780
-7.6080
-7.8300
-8.6180
-8.6010
-8.1020
-7.8490
-8.0600
-7.9310
-7.9940
-8.1900
-8.2660
-8.8300
-8.8270
-9.1120
-8.7380
-7.5000
-7.7130
-7.0840
-6.9650
-8.3730
-8.7850
-8.7400
-9.7160
-9.0120
-6.6970
-6.6170
-8.4720
-11.1120
-10.6650
-9.7790
-9.6520
-9.2400
-10.3660
-10.5010
-9.4830
-9.1190
-8.7850
-9.1380
-8.8770
-8.2630
-8.7050
-8.0780
-8.1440
-8.2890
-8.8570
-11.3670
-10.8600
-7.9840
-9.2240
-14.4170
-13.9790
-9.2320
-9.5560
-10.3770
-9.3480
-9.8440
-9.3320
-8.5650
-9.0390
-9.8920
-10.5360
-9.6470
-8.9830
-11.1820
-11.3950
-8.9680
-9.3230
-10.0430
-7.5000
-6.5260
-8.9270
-7.5030
-3.9760
-8.4620
-17.2600
-19.0630
-16.1940
-14.0190
-15.5340
-15.2550
-12.1330
-10.3570
-17.3160
-15.7720
-9.1210
-7.1320
-6.4780
-13.1520
-13.4370
-4.2700
1.1130
-8.8120
-14.3070
-8.7090
-9.4270
-6.9160
-8.4230
-10.0300
-11.1320
-15.2420
-11.7120
-9.8490
-10.0800
-6.0930
-5.3330
-7.7600
-6.6090
-4.6120
-7.9480
-10.2670
-10.4590
-12.2030
-15.3410
-10.7110
-8.1410
-7.5690
-4.8030
-7.4930
-8.7720
-6.8940
-6.5420
-8.5630
-8.0600
-5.0700
-5.2010
-5.6220
-6.5890
-6.7350
-3.6130
-3.7080
-4.7300
-6.4120
-6.3850
-3.7570
-3.2080
-5.1700
-3.3520
-0.8470
-0.1650
-0.0010
0.7820
3.1920
1.5260
-0.1770
0.0680
-4.8470
-6.2080
-2.8730
-1.4420
0.1110
0.1830
-10.2020
-18.3240
-5.9880
2.0010
2.3550
2.8390
-0.0260
1.1760
7.0210
1.9100
-9.9710
-14.1180
-12.1390
-5.3790
1.1530
-1.0750
-12.0920
-12.9570
-6.9600
-4.4330
-2.5130
-3.4530
-5.6880
-6.7620
-10.4510
-13.2600
-8.1100
-6.7320
-8.3430
-5.7360
-2.9110
1.4990
1.9140
2.0690
5.3970
8.7780
9.4630
7.0860
10.9490
7.0180
-2.3880
-1.5530
-1.2160
2.6840
9.1560
13.8670
14.5140
12.5930
13.0770
17.5860
22.5110
23.6120
23.5140
19.4920
13.4810
8.3470
5.0800
4.6740
7.2240
13.6730
21.4490
26.1690
23.1240
15.7670
17.3740
22.6060
21.7350
21.0140
22.1960
19.7030
18.1890
20.4770
19.0910
16.8850
17.1920
