-7.5060
-7.4890
-7.4670
-7.5840
-7.6870
-7.6840
-7.7120
-7.7250
-7.6750
-7.6510
-7.6170
-7.4240
-7.3270
-7.5550
-7.7260
-7.6310
-7.5140
-7.4710
-7.5040
-7.4960
-7.3940
-7.3780
-7.4970
-7.5710
-7.5770
-7.5530
-7.5640
-7.5140
-7.3200
-7.2350
-7.1600
-7.2660
-7.4770
-7.3830
-7.2220
-7.0590
-6.9050
-6.7100
-6.6350
-6.6670
-6.4390
-6.2430
-6.5050
-6.7860
-6.9600
-7.0440
-6.6820
-6.2230
-6.0950
-6.8710
-7.6630
-7.7970
-7.8420
-7.8190
-7.8540
-7.8810
-7.8910
-7.9580
-7.9080
-7.9080
-8.7130
-9.5950
-9.0460
-7.9260
-7.6650
-8.4310
-9.0810
-8.2020
-7.4150
-7.9400
-9.2520
-8.7240
-6.8850
-6.9350
-8.5010
-9.5080
-8.4660
-4.1860
0.1910
-1.6180
-4.6910
-5.5900
-5.5560
-4.6000
-5.2530
-5.9670
-6.3780
-7.7180
-8.5970
-8.2000
-8.1940
-8.5960
-8.1930
-8.7490
-8.7460
-9.2460
-8.4600
-6.4360
-5.9750
-7.2410
-11.0010
-11.5930
-9.6280
-8.5780
-7.2910
-6.5350
-8.5950
-9.8390
-8.5220
-6.8510
-4.5520
-4.2760
-6.6400
-9.2600
-8.0870
-5.0420
-5.8260
-6.2320
-4.4600
-4.5080
-6.4490
-8.7990
-10.3180
-9.0140
-8.0200
-8.4950
-6.8350
-6.4250
-8.0490
-7.1480
-6.4500
-6.9850
-7.5890
-8.8200
-8.3000
-7.4660
-8.2000
-8.3370
-7.7350
-7.3660
-7.0440
-7.0640
-7.2370
-7.5850
-8.0570
-8.6250
-7.9400
-6.9230
-10.1280
-9.7250
-6.4480
-6.4050
-4.7000
-5.7830
-10.2710
-11.3590
-10.2430
-9.2630
-5.4830
-0.5080
-1.0970
-11.6290
-14.1440
-7.3440
-5.8970
-6.6030
-8.5780
-5.9780
-5.1470
-9.5670
-9.6100
-4.7410
-8.8290
-9.9910
-5.7270
-10.6910
-8.4790
-2.9570
0.5010
-2.8000
-8.8270
-6.3610
-4.2520
-2.7000
-7.0530
-10.1550
-1.7980
3.4930
4.9480
0.5790
-13.0510
-11.3440
-3.2740
-5.0880
-6.0990
-7.9150
-8.1160
-16.0120
-22.4950
-16.2330
-11.0990
-9.0170
-16.6000
-23.2960
-20.4250
-19.7310
-21.3420
-18.7590
-14.2520
-15.6370
-17.0290
-13.7920
-12.3550
-12.4180
-11.7190
-10.6750
-8.0260
-7.2710
-9.2760
-8.3640
-9.0610
-12.4740
-11.4290
-9.5950
-11.6240
-9.9770
-4.0070
-4.4600
-5.9260
-8.0950
-4.7510
3.0080
1.7680
10.0660
21.8550
13.3830
-0.1320
-7.0930
-0.9190
4.4310
-9.1900
-12.7100
-7.3450
-9.2710
-5.7210
2.9710
5.4300
3.7900
2.6430
0.7230
3.6990
4.5790
2.1140
2.7360
1.7450
4.8670
5.4510
2.2770
2.1210
-0.0410
2.6980
6.5200
6.9850
5.7670
4.6300
6.8620
8.6970
5.8680
2.8440
6.7710
9.6160
10.7460
10.2420
3.9050
-0.2300
-0.2710
-1.2520
6.8180
4.9780
0.5220
9.1780
13.7800
15.1910
6.8320
1.5050
5.4240
6.4760
4.8220
6.5550
10.4330
7.3370
7.0480
13.1200
15.8810
15.8000
21.4790
28.5500
29.1920
28.5660
28.6110
31.4260
30.1960
27.3680
19.9560
14.1360
25.3370
31.3530
26.0860
19.6940
15.6480
15.4440
16.4980
23.9970
14.5530
10.5240
