-27.5480
-27.3750
-27.6780
-28.1200
-27.1350
-26.0470
-25.8900
-26.4940
-26.0600
-25.3130
-24.5660
-23.8190
-23.0720
-22.2540
-19.7340
-19.3100
-17.9630
-11.8690
-8.4310
-8.2150
-9.5300
-10.7070
-11.7730
-13.9310
-13.3500
-13.3210
-13.6900
-13.4150
-14.2110
-16.0090
-15.4240
-14.8050
-16.0610
-16.8080
-20.1380
-18.7200
-17.1660
-19.5030
-17.4830
-14.7230
-16.2360
-17.7560
-14.1230
-14.2770
-17.8210
-18.6030
-17.3870
-16.2520
-15.2950
-12.6440
-11.1940
-13.5950
-14.6080
-12.0700
-11.6980
-12.3640
-12.5730
-12.0610
-10.1260
-10.3360
-11.3610
-11.4290
-13.0630
-13.9550
-13.9740
-14.0570
-13.6500
-10.5180
-7.9570
-10.8680
-11.1650
-11.3400
-9.7800
-9.2750
-10.3890
-8.6450
-9.7510
-10.5770
-9.0030
-8.1260
-8.6010
-9.9790
-8.7080
-7.0140
-6.6050
-7.5620
-8.1710
-7.8020
-10.1680
-9.7880
-6.9050
-8.0400
-10.1190
-9.9140
-8.5950
-7.9690
-7.7780
-7.9970
-7.4360
-6.5580
-6.9360
-7.4090
-7.2130
-7.5360
-7.3620
-8.5860
-9.3360
-7.4170
-7.1970
-7.0080
-7.4630
-7.9170
-7.8210
-8.3400
-7.8090
-7.1120
-7.1190
-7.6720
-8.4350
-8.1940
-8.1470
-8.4090
-9.4140
-9.8740
-8.8440
-8.8100
-8.6500
-8.4600
-5.1560
-6.8260
-9.7260
-8.9050
-9.9390
-8.9420
-7.8890
-7.1980
-8.7680
-9.1790
-8.7260
-10.9570
-9.6760
-7.5620
-8.3270
-7.9210
-6.9860
-5.5220
-5.7920
-6.5400
-4.9560
-4.7400
-7.2340
-6.9170
-4.6930
-4.0460
-4.6580
-7.2900
-7.2020
-7.0380
-7.2830
-6.6580
-6.8650
-5.5790
-5.2050
-5.5510
-5.4650
-7.4150
-7.4070
-4.6400
-2.4170
-0.2220
2.1500
2.4000
1.6920
2.3170
2.3230
2.4120
2.1930
1.8600
2.9970
2.8100
2.5100
0.9700
-2.3240
-3.7580
-6.3950
-8.3350
-6.7450
-1.4680
4.8960
6.0610
3.8060
1.5710
0.9040
2.5280
2.4420
1.7790
2.1400
2.9770
2.9680
2.8030
3.2510
3.5420
5.1280
5.3300
4.4010
5.0140
4.7540
3.7400
3.6660
3.7740
4.2030
5.4010
5.4960
4.6960
4.1790
4.3760
5.5040
5.8000
5.7670
6.8960
7.5580
6.9030
7.9170
8.7060
7.4670
8.5010
9.0850
7.9400
7.6670
6.9500
6.6010
6.7050
6.3410
5.9000
6.0030
5.9900
6.2690
6.3700
6.6150
6.9610
6.3970
5.6960
5.5820
5.5830
5.4150
5.3090
5.2170
5.2800
5.1370
4.8120
4.5860
4.6060
4.8930
5.2610
5.3000
4.6050
2.0050
2.1120
4.5040
5.1170
6.2740
6.6300
5.9850
6.3160
6.0200
6.1820
8.0670
9.1560
8.0850
5.8720
4.6050
3.8470
3.6920
3.9440
3.6330
3.9700
4.7890
5.1080
6.0020
6.7990
6.0670
4.7950
3.8460
3.2890
3.2240
4.6250
9.5030
12.4110
8.6610
2.3750
1.3270
4.2070
5.2270
5.9090
6.1660
4.7410
2.9190
3.2890
3.7180
3.5730
4.3090
5.0580
5.2770
5.8470
6.0990
6.9500
13.2300
13.1510
6.0990
3.5310
2.9620
3.3510
4.6490
6.0380
5.4940
3.9390
3.4090
3.5600
3.9790
4.0250
3.1420
2.6600
3.7880
5.2540
5.6530
4.5840
3.1710
2.6700
2.7260
4.7090
8.2770
12.0410
9.6630
4.2980
3.0470
2.9730
3.1860
2.8880
3.0470
3.6990
4.5340
5.2740
5.1600
4.5440
4.7700
4.6980
3.9400
4.6750
6.3290
6.6820
5.4230
4.5870
4.2540
3.8880
4.0360
5.1990
6.5010
6.7210
5.8770
4.7430
4.4840
5.2430
6.0820
6.4310
6.1910
5.8100
6.0250
6.7280
6.8970
5.6150
4.7100
4.8530
4.7390
5.1580
6.2600
