10.9030
9.7190
8.7760
5.0430
-1.2600
-7.3510
-8.9270
-9.6580
-8.0690
-6.8920
-9.2750
-11.4160
-13.6780
-13.3900
-10.3870
-8.5510
-7.9920
-6.5450
-3.3390
-4.0770
-8.2700
-10.1840
-9.4730
-8.7470
-9.4320
-8.1460
-5.7160
-7.5450
-8.5680
-6.7490
-5.2730
-4.0740
-3.7050
-4.5000
-3.3070
1.7290
2.0550
-2.1170
-0.0900
2.6580
2.2050
2.8660
3.1670
-0.0190
-2.8870
-2.5330
-2.8480
-0.6130
0.9570
0.2690
2.5040
4.1560
4.5310
5.0820
4.0660
4.3320
4.7510
4.5320
5.2230
6.1510
3.5510
-2.5100
-3.4860
-3.2490
-6.6230
-8.5400
-9.3580
-7.6190
-6.5530
-6.2160
-2.4850
-0.8650
2.0060
3.8810
3.7210
1.8950
-0.0590
-1.6030
-7.3940
-7.7900
-0.7840
-3.4100
-9.3960
-8.9170
-8.7940
-8.9210
-10.3980
-8.4810
-3.2520
1.3880
2.2830
1.6640
5.5500
6.1080
-2.5210
-7.7670
-0.0830
4.9440
3.1080
2.6040
2.1110
0.7710
0.4820
2.3280
4.2360
4.3490
3.0650
2.9250
3.4110
3.9230
3.4030
5.9920
7.4350
6.1400
7.5190
7.3590
7.3745
7.3899
7.4054
7.4209
7.4363
7.4518
7.4673
7.4828
7.4982
7.5137
7.5292
7.5446
7.5601
7.5756
7.5910
7.6065
7.6220
7.6374
7.6529
7.6684
7.6839
7.6993
7.7148
7.7303
7.7457
7.7612
7.7767
7.7921
7.8076
7.8231
7.8386
7.8540
7.8695
7.8850
7.9004
7.9159
7.9314
7.9468
7.9623
7.9778
7.9932
8.0087
8.0242
8.0397
8.0551
8.0706
8.0861
8.1015
8.1170
8.8280
7.0350
8.6830
8.9590
7.0730
3.4310
3.5890
5.4280
4.1630
6.8180
7.6840
5.8630
6.3490
6.3120
5.2290
5.0240
7.5560
7.4380
7.7430
6.9180
6.1630
8.9620
7.6940
7.2270
4.8680
5.4830
7.7290
7.0430
7.3210
5.4550
4.4870
4.7290
3.7250
2.6350
3.9010
2.6440
2.1010
3.3090
3.1510
1.3400
-0.2580
0.2800
-0.3740
1.0390
2.1230
-0.1460
-0.1280
-0.8560
-0.5100
2.1060
-0.3660
-2.4850
0.1360
6.6720
7.6070
1.5080
-3.7550
-4.9080
-3.9790
-7.8440
-6.1630
2.8270
7.8670
9.5950
9.1650
9.5250
9.5930
9.7760
9.8880
9.8830
9.4430
8.3930
8.3220
8.2650
8.2230
8.4970
9.0850
10.1770
9.1950
7.3890
9.4430
11.8770
11.3550
10.6420
11.3210
12.1670
11.3430
10.4430
10.7030
10.7490
10.5400
10.8170
11.3150
10.9930
10.7960
10.8310
11.4260
12.4210
12.2360
12.1790
12.3430
12.0660
12.3490
12.8690
12.9220
12.7080
12.7610
13.1200
13.1290
12.9500
12.9390
13.0060
13.3060
13.6540
14.0140
14.1080
13.1800
12.5500
13.3920
14.0510
13.7640
13.3210
12.4800
11.9270
9.4260
1.9350
-4.1190
-4.4280
-3.5590
-4.1620
-4.4210
-3.3200
-3.7530
-4.9780
-4.7550
-4.3700
-4.4710
-4.2420
-4.7130
-6.6240
-8.6190
-10.0210
-10.0230
-8.0680
-7.3940
-8.5030
-10.8690
-13.5030
-14.1930
-14.2670
-14.9210
-15.9110
-16.6550
-18.0170
-18.8230
-17.9190
-19.3450
-20.7520
-19.5180
-19.0450
-19.5230
-21.7870
-24.5690
-24.6420
-24.3170
-23.3630
-22.1990
-22.2940
-23.0360
-23.4760
-22.9160
-22.2550
-21.2420
-20.6960
-20.8330
-20.9180
-18.9340
-18.8770
-22.5510
-24.5500
-24.3790
-24.2470
-24.2730
-23.9480
-23.8700
-23.3242
-22.7784
-22.2326
-21.6868
-21.1410
-20.9740
-20.8960
-21.1910
-21.9690
-21.9760
-21.5670
-20.8860
-19.9150
-19.3090
-18.6290
-18.3680
-18.2370
-18.6290
-19.8060
-20.4000
-20.5990
-21.0150
-21.2880
-21.4460
-22.2360
-22.5170
-22.2490
-21.9280
-21.4310
-21.4240
-22.2580
-22.6280
-22.5940
-22.4780
-22.2230
-21.8260
-20.4230
-18.1550
-17.4440
-19.1660
-21.8900
-23.4420
-23.8080
-24.1600
-23.8600
-23.6650
-24.2920
-24.6910
-25.0640
-26.1030
-26.4740
-26.7830
-26.9030
-26.2180
-26.0410
-26.7800
-27.5450
-28.7190
-28.6470
-26.2790
-25.8960
-27.1960
-28.2460
-29.0630
-28.8230
-29.0090
-29.1280
-28.3280
-27.8300
-27.0680
-26.9060
-27.4180
-27.1410
-26.5540
-26.2210
-25.9290
-26.3470
-27.3640
-27.7060
-28.0930
-28.9180
-29.8120
-30.7930
-31.1140
-31.4350
-31.6710
-30.9630
-31.0380
-31.6990
-32.0000
-31.8190
-31.2410
-30.6300
-30.2150
-30.4520
-30.0040
-29.5190
-30.3730
-31.4510
-32.4480
-33.7070
-32.8510
-32.0940
-33.9900
-34.6770
-33.9740
-33.9030
-33.8950
-32.9620
-32.6730
-32.8150
-31.2270
-29.4160
-29.0840
-29.4890
-29.5040
-29.2770
-29.0420
-28.7380
-28.8710
-29.2170
-29.1070
-29.1270
-29.4720
-29.5540
-29.5280
-29.7040
-29.9390
-30.1870
-30.4670
