0.212511
0.345472
0.178372
0.194539
0.120805
0.131179
0.174857
0.221443
0.14386
0.212324
0.372917
0.21482
0.25168
0.278732
0.618144
0.551292
0.377163
0.376532
0.401007
0.391893
0.358206
0.385877
0.436322
0.309427
0.480898
0.405956
0.309898
0.45418
0.354969
0.460426
0.523381
0.417247
0.642445
0.536894
0.331681
0.533349
0.437367
0.596345
0.514577
0.687693
0.652353
0.443194
0.484138
0.531543
0.719316
0.402611
0.567179
0.53966
0.566191
0.624063
0.725328
0.625699
0.637148
0.602911
0.738753
0.63256
0.512389
0.889578
0.673433
0.734623
0.662507
0.759069
0.807819
0.621554
0.672133
0.672478
0.776519
0.699636
0.624263
0.931936
0.902625
0.722542
0.860829
0.841648
0.904234
0.866335
1.04699
0.950706
0.786222
0.92527
0.976446
0.867015
1.08996
1.15205
1.06294
0.831843
1.1901
0.781504
1.18421
1.05956
0.982139
0.945128
1.02692
0.985444
1.12278
1.04207
1.36371
1.25869
1.0719
1.39171
1.18695
1.05601
0.82188
1.06094
1.06719
0.728644
0.646054
0.784599
0.710669
0.773528
0.633987
0.713305
0.584093
0.644323
0.462223
0.459628
0.724151
0.87875
1.24788
1.32126
1.13092
1.45647
1.24178
1.31367
1.4483
1.37259
1.35136
1.43048
1.39076
1.32792
1.13093
1.57412
1.39027
1.39575
1.24463
1.21778
1.32092
1.53377
1.24575
1.33135
1.40562
1.5132
1.56516
1.16493
1.25031
1.67578
1.27994
1.36183
1.45849
1.34175
1.53862
1.42456
1.49952
1.60045
1.71845
2.06419
1.84602
2.10528
2.56053
1.32537
0.517724
0.450761
0.355337
0.415994
0.381552
0.419167
0.463796
0.452254
0.393314
0.388958
