0.512043
0.486545
0.523885
0.525209
0.537645
0.516034
0.50232
0.552664
0.572378
0.527377
0.54085
0.621017
0.659416
0.620892
0.58234
0.885915
1.12134
1.52438
1.73809
1.65687
2.23682
1.55371
1.46033
1.4518
1.43729
1.45973
1.60258
1.54626
1.43882
1.46534
1.41966
1.47959
1.4619
1.45092
1.44669
1.51653
1.41499
1.57838
1.45465
1.48056
1.61708
1.49153
1.43465
1.54117
1.43729
1.51008
1.40028
1.45152
1.50795
1.56818
1.55773
1.42728
1.54402
1.52757
1.49972
1.46953
1.4506
1.52164
1.52562
1.5567
1.5694
1.50179
1.55009
1.58096
1.5064
1.40105
1.49244
1.58161
1.60484
1.70207
1.5229
1.4481
1.50575
1.48962
1.44574
1.54149
1.42976
1.54123
1.57547
1.48275
1.55777
1.50242
1.58273
1.56797
1.53277
1.59564
1.45956
1.56704
1.4576
1.47303
1.46372
1.5552
1.60862
1.59519
1.55113
1.57801
1.6012
1.57818
1.6023
1.5851
1.79475
1.57061
1.62775
1.69193
1.7371
1.74884
1.57618
1.72229
1.72564
1.7468
1.87137
1.87063
1.89315
1.92773
2.01017
1.95136
1.97372
2.10575
1.91747
2.10554
1.91573
2.08333
2.08687
2.09893
2.1857
1.98373
2.04893
2.10969
2.02831
1.9631
2.01586
1.99422
1.88821
2.03115
1.96815
1.93219
1.78259
1.8341
1.85555
1.99005
1.64994
1.76063
1.69666
1.83094
1.70266
1.67738
1.63713
1.56925
1.54259
1.61779
1.50549
1.57436
1.53364
1.56212
1.53565
1.60425
1.47796
1.59381
1.41236
1.31198
1.36635
1.42245
1.48022
1.22631
1.16701
1.2748
1.43461
1.27666
1.32929
1.24574
1.21689
1.42078
1.50796
1.27836
1.26382
1.26676
1.19088
1.41552
1.4867
1.33885
1.22576
1.25691
1.28639
1.28015
1.26407
1.26309
1.09913
1.02584
1.08525
1.2044
1.18837
1.11679
1.20295
1.11138
1.14558
1.18642
1.10591
1.03696
1.13972
1.17191
1.17633
0.991536
1.14627
1.1332
1.01751
1.00297
1.02882
1.02051
1.02717
1.05221
1.05853
1.06698
1.00679
1.03888
1.06785
1.09728
1.0886
1.23874
1.08402
1.09596
1.09138
1.04912
1.0873
1.11513
1.20201
1.15537
1.02372
1.03228
1.01403
0.976267
1.03085
1.07384
1.06869
1.04033
