0.186934
0.216805
0.216842
0.213423
0.204772
0.218229
0.217139
0.218502
0.222924
0.248128
0.257111
0.254613
0.260233
0.267823
0.256145
0.264787
0.282539
0.279323
0.269845
0.273075
0.2622
0.263224
0.287776
0.275801
0.304726
0.317622
0.300474
0.318462
0.308723
0.332879
0.336098
0.356952
0.3273
0.33031
0.355969
0.372342
0.36789
0.385317
0.362477
0.361815
0.371023
0.405326
0.352979
0.335406
0.420951
0.427218
0.435215
0.445634
0.467509
0.500883
0.452459
0.446399
0.421159
0.42306
0.360446
0.354495
0.422618
0.425816
0.40282
0.392133
0.526456
0.301294
0.333093
0.369747
0.396148
0.436172
0.425181
0.383744
0.351597
0.352424
0.335683
0.352863
0.388192
0.40231
0.481777
0.447346
0.408653
0.385557
0.456824
0.525666
0.580318
0.60827
0.676184
0.627802
0.537019
0.469894
0.564587
0.763661
0.692845
0.588704
0.510118
0.615819
0.696054
0.644902
0.589758
0.608547
0.605611
0.625835
0.544493
0.649137
0.637029
0.606842
0.592644
0.63265
0.618572
0.641011
0.688754
0.695802
0.721017
0.608142
0.617871
0.592836
0.676959
0.77583
0.767583
0.658389
0.737133
0.687362
0.700786
0.71708
0.711466
0.914453
0.732617
0.839634
0.884766
0.788439
0.851699
0.839746
0.811354
0.817989
0.763976
0.819213
0.772076
0.767458
0.77454
0.696335
0.789055
0.697259
0.762666
0.801552
0.814867
0.839459
0.883606
0.912819
0.847742
0.816452
0.856043
0.999692
0.85974
0.826516
0.808208
0.951463
0.864583
0.791786
0.79054
0.768141
0.804951
0.676897
0.772157
0.884265
0.68743
0.611835
0.690938
0.558631
0.630245
0.673083
0.824461
1.00109
0.696904
1.05215
0.826995
0.755929
0.719301
0.966667
0.949974
0.889681
0.718643
0.655222
0.779893
0.678172
0.698951
0.732435
0.717438
0.747336
0.702771
0.772434
0.670082
0.746889
0.699385
0.760002
0.638003
0.745989
0.790082
0.623133
0.737893
0.702967
0.809595
0.717835
0.748841
0.789043
0.739252
0.685917
0.743438
0.67988
0.711695
0.680696
0.572347
0.698172
0.732081
0.837091
0.826472
0.817232
0.724443
0.765094
0.82276
0.932948
0.844092
0.714756
0.737352
0.721721
0.760982
0.823266
0.751551
0.76189
0.685344
0.807444
0.790979
0.99039
0.884491
0.729191
0.770687
0.860999
0.758396
0.806054
0.811767
0.684343
0.879161
0.760872
0.837908
0.805656
0.865832
0.882192
0.759462
0.759143
0.778906
0.807111
0.776021
0.879368
0.852179
0.788479
0.796589
0.813658
0.81701
0.787086
0.912396
0.951527
0.938434
1.00099
0.943583
0.89232
0.95178
1.17104
1.00656
0.912976
0.905222
0.958411
0.892035
0.978489
0.844184
0.904825
0.86413
0.915217
1.02278
1.03637
1.00444
0.813526
0.897096
0.853854
0.979098
0.870474
0.941222
0.974579
0.840312
0.842838
0.978528
0.954277
1.12939
0.895868
1.07031
1.12705
1.12896
1.10756
1.03359
0.976326
0.84618
1.04592
0.861207
1.09572
0.920629
1.11811
1.12454
1.03971
0.982705
0.830353
1.08475
0.895466
1.1672
0.824055
0.886443
0.874683
0.962153
1.19543
0.952313
0.959795
0.878225
1.02663
1.05111
1.17157
1.3154
0.886023
0.824253
0.924509
0.81128
0.745286
0.759533
0.643985
0.643122
0.692959
0.60048
0.801803
0.866042
0.730037
0.883525
0.877221
0.87141
0.791981
0.933261
0.863434
0.969637
0.939032
0.847791
0.692421
0.853886
0.953843
0.72569
0.762059
1.00513
0.77108
0.836016
1.00549
1.06364
0.812268
0.916955
0.847534
0.823033
0.73671
0.789413
0.869226
1.0742
1.07384
0.827476
0.791286
0.77867
0.721115
0.814538
0.823653
0.806192
0.7225
0.776477
0.778212
0.663751
0.730338
0.944431
0.953859
0.868727
1.07304
1.13948
0.969026
1.75745
1.5383
1.17134
1.16522
1.18135
1.09353
1.18999
1.0105
0.923002
1.15441
1.23418
1.20816
1.12997
1.22673
