1.0059
1.13266
1.30279
1.26918
1.34867
1.31821
1.41211
1.31128
1.60832
1.45763
1.65621
2.57023
2.63634
3.68595
4.58644
5.54625
7.74809
7.96905
6.94503
5.05444
10.162
11.6084
16.5846
10.0481
14.1201
13.7566
13.5148
13.3443
11.4993
8.22836
8.65019
9.35921
8.26036
9.03828
8.4184
8.15785
6.81173
7.93629
9.94982
8.69705
9.32758
8.66394
8.12016
9.44226
9.71101
8.20552
8.42535
10.1273
8.90479
8.37654
9.0386
7.80112
8.57669
9.47424
8.56525
8.48954
7.56836
8.05235
6.72288
7.29532
7.3106
7.86774
6.59671
7.15431
8.05774
7.18822
7.95321
7.70967
7.49289
7.83743
7.07735
7.33416
8.05398
7.78324
8.11832
8.24559
7.34298
6.55348
7.17789
6.31644
6.40868
6.87807
6.36637
7.38776
6.99286
6.88005
7.04096
7.09301
7.34855
6.50813
5.59335
5.52911
6.03419
5.90977
6.9975
6.78806
4.57939
5.08211
4.00279
5.79241
5.09365
6.00406
6.50019
5.10894
5.23413
7.02833
4.26562
4.88597
6.48429
5.96067
5.88088
7.33684
6.10363
7.65
5.97882
6.57473
5.54286
4.9357
3.97012
5.72681
3.92209
6.07577
5.37188
6.48255
5.10125
3.48231
3.6548
2.99325
2.84358
2.35565
