0.328925
0.308574
0.341248
0.32985
0.31908
0.354458
0.481641
0.839015
1.22666
1.58962
1.54273
1.58711
1.56467
1.53157
1.4702
1.38776
1.45273
1.4578
1.37767
1.41165
1.28497
1.21967
1.29443
1.11739
1.2599
1.24579
1.15357
1.00829
1.10357
1.11396
1.07947
1.08066
0.853331
0.892603
0.921151
0.881458
0.899508
0.696881
0.617903
0.623138
0.593622
0.660601
0.613399
0.692819
0.772831
0.72576
0.861142
0.92095
0.678852
0.646966
0.75238
0.683488
0.599276
0.681818
0.365195
0.271597
0.255094
0.277076
0.261761
0.295486
0.291369
0.310893
0.28357
0.293771
0.288091
0.289899
0.30683
0.291733
0.285543
0.306922
0.316801
0.307555
0.298012
0.324665
0.310763
0.291886
0.295874
0.277129
0.319107
0.32205
0.307363
0.289149
0.31257
0.291239
0.32188
0.305818
0.306286
0.298681
0.319678
0.3303
0.326574
0.316518
0.32891
0.33897
0.350679
0.317476
0.345569
0.326224
0.325321
0.298848
0.337025
0.316033
0.318281
0.318069
0.357829
0.325114
0.341213
0.315533
0.335062
0.348484
0.380904
0.359819
0.395601
0.387316
0.397622
0.399802
0.39476
0.414761
0.385697
0.398775
0.365002
0.39347
0.380764
0.37422
0.397741
0.38715
0.375046
0.377122
0.396403
0.365329
0.379851
0.339249
0.358376
0.37097
0.349519
0.379749
0.360985
0.362705
0.371593
0.339741
0.370018
0.375597
0.395862
0.363075
0.349902
0.371708
0.376942
0.418033
0.386141
0.414065
0.425213
0.453303
0.443687
0.47858
0.510985
0.642759
0.887249
0.877312
0.995319
0.980901
0.849529
0.796548
0.842432
0.742945
0.618025
0.593489
0.581922
0.753566
0.664011
0.69172
0.97687
0.919484
0.869058
0.85754
0.836297
0.807147
0.806523
0.677692
0.663241
0.662434
0.646135
0.638392
0.71934
0.711584
0.628214
0.617492
0.588604
0.651231
0.642629
0.663481
0.661028
0.699394
0.600988
0.604312
0.689473
0.679806
0.637338
0.632075
0.629741
0.636813
0.626586
0.617532
0.647911
0.596511
0.646961
0.62263
0.57445
0.603128
0.593085
0.641977
0.587005
0.531721
0.654554
0.572997
0.58769
0.540156
0.536706
0.567708
0.496034
0.475478
0.550168
0.512285
0.500178
0.546282
0.529679
0.554897
0.538217
0.5083
0.477337
0.502174
0.504573
0.537323
0.47421
0.49424
0.560073
0.517339
0.560135
0.590242
0.53956
0.515039
0.564572
0.556608
0.542278
0.528667
0.503632
0.557815
0.559389
0.529254
0.52452
0.556479
0.528223
0.567685
0.467965
0.537683
0.523674
0.514512
0.516277
0.575953
0.558955
0.536521
0.509556
0.575427
0.520489
0.560853
0.606907
0.572391
0.570026
0.536264
0.575278
0.588687
0.569288
0.539843
0.544088
0.55143
0.586572
0.574657
0.549843
0.508068
0.57314
0.56023
0.552282
0.567404
0.566117
0.537237
0.588255
0.630113
0.554358
0.528383
0.553785
0.526402
0.557794
0.544592
0.58257
0.533452
0.555814
0.587353
0.586749
0.601937
0.566728
0.559733
0.539575
0.536021
0.553807
0.564001
0.553575
0.578659
0.574621
0.5671
0.538305
0.574245
0.566795
0.570403
0.533466
0.530675
0.546221
0.613334
0.588097
0.593252
0.588335
0.586546
0.511308
0.572156
0.549685
0.540485
0.535914
0.563807
0.582896
0.544862
0.569627
0.56112
0.583501
0.571415
0.580391
0.579956
0.561955
0.568125
0.563242
0.610204
0.605135
0.583905
0.581567
0.574155
0.56213
0.56889
0.576857
0.565622
0.613699
0.569794
0.620184
0.578689
0.604713
0.58466
0.609142
0.62686
0.605885
0.63533
0.632649
0.615947
0.621292
0.647935
0.640421
0.624409
0.609611
0.608366
0.645769
0.649847
0.608157
0.622322
0.648824
0.664265
0.64183
0.613513
0.667106
0.629813
0.658308
0.736252
0.678911
0.70277
0.658351
0.689109
0.660851
0.704387
0.668929
0.728214
0.705136
0.712142
0.72781
0.728155
0.717465
0.681542
0.727917
0.705484
0.725244
0.678327
0.74999
0.776777
0.722213
0.72242
0.741077
0.724761
0.75053
0.80314
0.717383
0.793245
0.810629
0.733519
0.788713
0.753542
0.77236
0.827413
0.830951
0.825309
0.805543
0.782623
0.799538
0.781342
0.772822
0.788879
0.765928
0.773414
0.810837
0.783286
0.800029
0.788216
0.839471
0.852391
0.798226
0.787136
0.769749
0.80311
0.783566
0.826646
0.814787
0.814886
0.817216
0.828779
0.835789
0.789955
0.821228
0.871529
0.843589
0.811416
0.864151
0.812773
0.854339
0.816155
0.829934
0.727318
0.7785
0.808572
0.825297
0.775295
0.819235
0.787601
0.768052
0.783701
0.813456
0.853481
0.738639
0.778341
0.775262
0.791783
0.769487
0.772641
0.81247
0.815862
0.75021
0.744546
0.791036
0.801959
0.795109
0.755484
0.730995
0.796238
0.769587
0.724841
0.722735
0.75101
0.750304
0.787981
0.734987
0.72414
0.713281
0.662367
0.743725
0.768995
0.754896
0.786573
0.772323
0.775001
0.771238
0.760015
0.74835
0.725899
0.735966
0.785055
0.777824
0.842423
0.821135
0.850301
0.796697
0.836029
0.805344
0.818818
0.832131
0.800407
0.828903
0.831279
0.816035
0.808844
0.803273
0.795558
0.785389
0.76803
0.791885
0.754247
0.799165
0.766875
0.76187
0.792555
0.77079
0.684904
0.670209
0.620969
0.63944
0.614268
0.520795
0.529003
0.483684
0.456588
0.429331
0.427823
0.445473
0.422105
0.387911
0.447302
0.398694
0.367587
0.367084
0.367362
0.358228
0.366554
0.353977
0.329154
0.366832
0.379228
0.379109
0.364405
0.344505
0.309673
0.319208
0.343457
0.344273
0.384958
0.336802
0.327156
0.332744
0.320737
0.317659
0.334352
0.268917
0.300721
0.332862
0.320476
0.277012
0.296523
0.31803
0.296215
0.315693
0.31819
0.336571
0.294596
0.345826
0.321433
0.330396
0.335813
0.316258
0.321985
0.363696
0.309334
0.313918
0.287572
0.332927
0.290775
0.344407
0.313688
0.330832
0.305387
0.282011
0.329927
0.404383
0.325255
0.333807
0.329471
0.327646
0.276587
0.244898
0.359941
0.33686
0.299884
0.241238
0.284417
0.283284
0.347252
0.346343
0.3646
0.331165
0.325897
0.356266
0.385423
0.358808
0.332438
0.3502
0.384281
0.407542
0.375232
0.373793
0.408909
0.345736
0.305908
0.327076
0.328461
0.367732
0.33592
0.336774
0.358364
0.289464
0.324921
0.317029
0.322931
0.302385
0.288405
0.289216
0.28456
0.34473
0.318258
0.313964
0.266795
0.277447
0.211191
0.233887
0.250951
0.321119
0.23136
0.231546
0.223832
0.190342
0.238629
0.22363
0.224131
0.2228
0.224533
0.184202
