2.626570
2.994450
3.713810
3.947040
2.516990
2.928650
3.132260
2.375340
2.412150
2.748090
2.673970
2.681430
2.333090
2.339910
2.481110
2.403060
3.684940
3.154280
2.899420
2.453900
3.119150
2.806830
2.619270
3.480910
3.115610
4.245490
4.102690
4.519240
3.764080
3.584920
4.270150
3.941130
4.131600
3.428020
3.670880
3.654220
4.193090
2.885100
3.234730
3.029860
3.199260
1.833670
2.903950
3.155390
2.573200
3.361450
3.313120
3.324660
3.109710
3.353840
2.423280
3.333670
2.988410
2.834710
2.999840
2.655620
2.636020
3.408160
2.784860
2.776480
3.172490
3.192290
3.758470
3.573430
3.425220
3.157830
3.073650
3.382190
3.726040
3.628090
3.592310
3.242520
3.249410
3.759420
3.022100
3.372680
3.906700
3.208340
3.915470
3.876620
3.148190
3.601350
2.785930
2.670570
3.780310
3.426490
2.848000
3.319590
3.931570
4.464570
2.600030
3.992310
3.043620
3.157970
3.947880
5.020030
3.578420
4.218380
4.198830
3.084290
2.921670
3.738080
4.295550
3.589250
3.445640
3.334840
3.320310
3.316800
3.827340
3.772320
3.588990
2.922190
3.687000
3.192210
3.320070
3.404070
4.508270
3.219810
4.113560
3.477700
3.285460
3.246270
3.278020
3.659580
3.439060
3.365010
2.593970
3.061880
3.103880
2.735450
3.067060
2.683660
2.812510
3.358570
3.367470
3.954820
3.532020
3.168800
3.279400
3.010200
3.677080
3.287130
3.366570
3.629900
3.223510
3.177270
3.367750
3.544450
3.229280
3.258900
3.361270
3.105080
3.506530
3.149250
4.728520
3.851910
3.495040
2.680240
3.018380
2.813420
2.043800
1.873770
2.301260
2.145450
2.171610
2.555880
2.492880
2.266320
2.987200
2.317620
2.049130
2.910800
3.000330
2.619340
2.847690
1.975980
2.507680
3.049110
2.727530
1.846430
2.110430
2.721180
3.206640
2.616240
1.941970
2.235710
2.161980
2.082980
1.952780
1.997780
2.043350
2.381660
2.596990
2.636330
3.500280
2.502990
2.548500
2.337490
2.776060
2.268420
1.850230
1.888360
2.278790
2.294240
1.942290
1.741900
2.296850
2.128170
2.710740
2.276900
3.037460
2.890440
2.619290
2.192420
2.646740
2.595890
1.827530
2.012040
2.682940
2.323080
2.054930
2.309000
2.824880
2.252880
2.323430
2.095350
2.156130
2.686210
2.555860
2.464960
2.386200
2.030400
2.126530
2.127930
1.662440
2.037620
1.885470
1.724500
1.921940
2.333710
2.509540
2.294730
1.898220
2.076550
2.119680
1.853330
2.054530
1.941910
1.872220
1.664460
1.854620
1.769580
1.718430
1.973330
2.006850
1.694330
1.892100
1.804460
1.773980
1.882900
1.776470
1.676260
