0.460356
0.420628
0.503506
0.498896
0.522756
0.466133
0.490368
0.451861
0.463514
0.485152
0.621209
0.606205
0.670602
0.662511
0.948576
2.08982
2.41366
1.7668
2.74758
2.80068
2.45323
2.18554
1.69386
2.1226
1.7012
1.6209
1.1748
1.20483
1.30391
1.30723
1.51336
1.28443
1.4449
1.30342
1.46512
1.11357
1.24946
1.25834
1.36337
1.35571
1.33472
1.12417
1.37913
1.14977
1.35008
1.43208
1.73656
1.60542
1.08275
1.45188
1.49521
1.68828
1.70923
1.46264
1.3005
1.46144
1.50581
1.46608
1.56079
1.5119
1.60903
1.54739
1.40895
1.60261
1.56693
1.56287
1.58964
1.55592
1.74924
1.53856
1.62161
1.94657
1.40408
1.37693
1.58529
1.274
1.36042
1.23713
1.4754
1.75469
1.41451
1.4646
1.38885
1.45922
1.61841
1.31838
1.41936
1.39887
1.3871
1.61612
1.45896
1.38877
1.46272
1.43498
1.41342
1.38916
1.52006
1.4081
1.29822
1.17117
1.39192
0.964685
1.15717
1.36701
1.27668
1.19949
1.22252
1.34054
1.19694
1.28511
1.28091
1.33435
1.39158
1.44352
1.09157
1.35897
1.37698
1.26445
1.27277
1.37205
1.30029
1.21739
1.36958
1.38755
1.16311
1.00426
0.893319
1.06045
1.36172
1.15302
1.10614
1.10319
1.20051
1.28796
1.21024
1.26746
1.16606
1.06752
1.18172
1.18236
1.11196
1.3773
1.4192
