0.360972
0.354224
0.384281
0.371776
0.466637
0.426457
0.674348
1.37089
1.25818
1.0658
1.0525
1.10508
1.05087
0.990178
1.25891
0.967354
1.12279
1.12059
1.11915
1.11415
0.93915
1.0986
1.25683
1.28399
1.24379
1.13735
1.28688
1.00516
1.07188
0.928832
0.7431
1.09357
1.0491
0.943603
1.05461
0.891439
0.856871
1.04139
0.824317
0.951607
0.984802
0.793592
1.05945
0.958879
0.920075
0.957417
0.755144
0.888445
0.878399
1.63803
4.72267
7.6227
8.05993
6.862
5.0431
3.35254
1.77417
1.78527
2.71664
3.6185
4.46407
5.05496
5.43452
5.27852
5.26215
5.30838
4.5371
3.9947
3.83317
3.63171
2.86863
2.56429
2.30569
2.17244
1.66984
1.73049
1.52849
1.82295
2.27208
2.8531
4.05456
4.99643
6.0589
7.88643
6.03569
2.57261
1.13183
1.01971
1.26968
0.88368
0.87465
0.82039
1.23295
1.06599
1.05255
0.956693
1.291
0.992094
0.99959
1.04401
0.851173
1.24982
1.03448
1.47696
0.991343
0.839757
1.08908
0.737476
0.985395
1.1287
1.16644
0.939231
1.1199
0.901021
0.886508
1.15659
1.13328
1.07219
1.03047
1.01062
1.00337
0.966182
0.927247
0.845063
0.871768
0.856182
0.853539
0.920963
0.960633
0.71539
0.673276
0.804144
0.75729
0.809286
0.71264
0.834648
0.822591
0.765565
0.622267
0.99395
0.721622
0.90713
0.724825
0.762825
1.06976
0.694666
0.690278
0.826902
0.904195
0.884069
0.795384
0.704256
0.963515
0.870668
0.735427
0.797481
0.706
0.729621
0.81946
0.801176
0.727921
1.04714
0.865513
0.700418
0.756662
0.837542
0.822402
0.821786
0.712142
0.68937
