0.295607
0.324227
0.336915
0.389526
0.285344
0.3626
0.455626
0.683811
0.562601
0.697612
0.439256
0.388539
0.748325
0.472789
0.71106
1.01746
1.38081
1.15005
1.24591
1.11429
1.083
1.90057
1.63531
1.40052
1.19359
2.22149
1.29533
1.83368
1.52855
1.54759
1.55271
1.20208
1.64276
1.68709
1.48216
1.6786
1.25951
1.57072
1.39703
1.87367
1.62593
1.34462
1.70747
1.49036
1.42332
1.05574
1.25234
0.748106
0.984611
0.955317
0.959881
0.965718
0.851547
1.19288
0.971427
0.876805
0.895125
1.13481
0.970076
1.0086
0.819109
0.578303
0.705269
0.807982
0.734012
0.88035
0.716971
0.731135
0.769054
0.681174
0.854856
0.62983
0.797042
0.549691
0.677147
0.935616
0.80922
1.14488
0.949097
