0.218668
0.232713
0.212
0.224088
0.160111
0.162373
0.139322
0.239182
0.228674
0.239192
0.224169
0.193766
0.132477
0.164041
0.173376
0.164983
0.163166
0.171776
0.182876
0.191291
0.206584
0.219162
0.219249
0.213432
0.210952
0.215312
0.211638
0.206296
0.187072
0.199691
0.20018
0.182806
0.199328
0.169243
0.169067
0.167414
0.205064
0.202896
0.202041
0.228224
0.265317
0.273704
0.289067
0.320737
0.327764
0.297083
0.330458
0.320288
0.345281
0.360056
0.357701
0.347691
0.350206
0.414111
0.393214
0.391432
0.389494
0.418487
0.433933
0.389346
0.470304
0.463712
0.527477
0.514026
0.480525
0.457409
0.488628
0.547548
0.55191
0.557083
0.540163
0.611831
0.508932
0.537423
0.553711
0.498705
0.518672
0.518976
0.566433
0.61902
0.532786
0.504064
0.610155
0.631325
0.508035
0.543896
0.606062
0.461238
0.569154
0.547228
0.614148
0.669716
0.509217
0.636358
0.535758
0.598742
0.518213
0.653945
0.608291
0.588568
0.663279
0.723625
0.58382
0.514818
0.61105
0.724925
0.686107
0.706357
0.657055
0.558639
0.760308
0.577186
0.646701
0.725233
0.632769
0.837914
0.582484
0.758914
0.864876
0.577958
0.665676
0.794082
0.75213
0.728926
0.815814
0.634627
0.643011
0.65273
0.875756
0.701273
0.772106
0.741756
0.749082
0.970267
0.845301
0.619438
0.807729
1.04947
0.86808
0.865133
1.01822
0.984863
0.856485
0.900054
0.819121
0.829329
0.933404
0.824113
0.889057
0.819847
0.813523
0.837679
1.05893
0.940108
0.992767
0.967998
1.07106
0.831155
1.02704
0.929283
0.9471
1.02638
1.03096
0.896066
1.17877
1.21404
1.00683
1.11267
0.938059
1.00333
1.10745
1.09851
0.992114
0.843674
1.10488
1.00948
1.19544
1.00384
1.01049
1.02172
1.02802
1.06899
1.03086
1.07518
1.13532
1.13163
1.2004
1.09032
1.28195
1.21862
1.04661
1.07498
1.07428
1.32645
1.15921
1.04458
1.36686
0.999385
1.07326
1.231
1.28939
1.36048
1.09843
1.27662
1.15491
1.28775
1.26143
1.1087
1.10796
1.11847
1.41842
1.30155
1.29431
1.22901
1.18904
1.21494
1.21264
1.32096
1.18947
1.30544
1.17113
1.39722
1.35295
1.28497
1.29037
1.34163
1.35189
1.27191
1.31135
1.34881
1.2499
1.48498
1.3536
1.3023
1.32242
1.23448
1.42535
1.33118
1.35976
1.32727
1.20367
1.21409
1.45328
1.29255
1.2633
1.30239
1.44142
1.41054
1.41801
1.38842
1.30934
1.38346
1.22348
1.20936
1.38616
1.40769
1.32369
1.31464
1.38408
1.41639
1.29494
1.27941
1.2309
1.38841
1.31528
1.35567
1.31476
1.37017
1.48222
1.40554
1.16802
1.30129
1.42306
1.31888
1.36652
1.30395
1.25149
1.28135
1.24088
1.19463
1.40301
1.48372
1.3711
1.21528
1.42201
1.44186
1.45041
1.41225
1.56954
1.5075
1.43123
1.51315
1.48768
1.84688
1.63339
1.56093
1.15121
1.09679
1.49814
1.62756
