0.500552
0.483531
0.544103
0.355125
0.256763
0.272628
0.272981
0.257966
0.242377
0.20299
0.163236
0.177511
0.18555
0.194518
0.209045
0.270753
0.264043
0.351478
0.482316
0.422425
0.366226
0.376754
0.486653
0.463146
0.439887
0.45742
0.461785
0.496136
0.477014
0.512004
0.515553
0.552065
0.41387
0.518411
0.497026
0.458209
0.658292
0.568836
0.506226
0.606193
0.440931
0.429351
0.54052
0.519535
0.420449
0.506985
0.578049
0.561609
0.566151
0.665241
0.627796
0.66399
0.826128
0.621633
0.58646
0.769432
0.678502
0.633821
0.625737
0.659685
0.61518
0.576527
0.587591
0.607931
0.618428
0.701655
0.65897
0.6084
0.684572
0.7791
0.561007
0.568768
0.709894
0.731422
0.566248
0.674748
0.573926
0.71521
0.664744
0.706591
0.622906
0.681313
0.733908
0.667321
0.70294
0.719989
0.809838
0.648193
0.732921
0.729475
0.680359
0.776078
0.897818
0.663064
0.7586
0.689954
0.641923
0.986981
0.757166
0.712434
0.705875
0.758546
0.730227
0.771624
0.734561
0.829789
0.667878
0.785553
0.854175
0.922612
0.891747
0.895828
0.784991
0.872438
0.810459
0.71708
0.879608
0.916297
1.03792
1.00354
0.960032
0.902776
0.929903
0.952503
0.882281
1.12658
0.850646
0.946965
0.944453
0.938185
1.04843
1.10617
1.08312
0.872586
0.97987
1.10965
1.09039
1.04044
0.979734
1.13124
0.973198
1.24811
1.06433
1.17317
1.0281
0.990067
1.20899
1.14417
1.10933
1.23014
1.12431
1.28422
1.25867
1.21744
0.91559
1.15574
1.65548
1.11388
1.19334
1.4116
1.69974
1.25839
1.33081
1.54357
1.17567
1.3618
1.38921
1.2971
1.71569
0.964834
1.2864
1.06214
1.29728
1.20449
1.35825
0.761235
1.3258
1.03116
1.18652
1.68677
1.96772
1.2651
1.5667
1.47257
1.60939
1.29936
1.61054
1.94324
1.59694
2.30531
1.98005
1.56575
1.63839
1.96874
1.79076
2.48797
2.85013
2.8671
2.22607
2.78046
1.91039
2.89835
1.9956
2.87631
2.13401
2.8779
2.59142
2.86823
3.02128
2.89732
1.86378
2.64321
2.51795
2.69678
1.68282
1.79807
1.44723
1.31836
1.81671
1.82133
1.28568
1.85326
1.87142
2.78369
2.44927
2.52773
2.83906
3.03123
3.7366
2.46103
2.97336
3.08058
5.35849
4.06175
3.81239
