7.285610
9.067250
7.795080
7.508100
9.212790
9.429570
7.900130
7.291770
6.053780
10.933800
9.590230
10.255500
10.391700
12.563700
11.652200
13.348900
10.976600
12.754900
14.533500
14.153200
10.773800
16.545000
11.024800
10.593200
7.873990
9.803600
8.902450
8.343710
8.842530
7.688700
10.835400
8.939410
8.543560
8.587380
10.857000
10.823700
10.920900
11.675500
10.887100
10.939800
11.363700
11.453800
9.418310
12.795400
12.315100
9.224900
10.590500
10.606600
11.811800
10.858000
11.364400
10.528900
8.027070
9.986160
11.159800
8.132060
11.654500
9.171620
9.652830
9.329150
9.287340
8.897150
7.859280
8.006500
8.389730
6.786930
8.362400
9.092750
10.321100
7.487710
9.999200
11.262800
10.385400
8.537360
5.786770
13.285500
7.719320
9.631940
8.363890
8.707740
7.928040
6.432600
7.903190
9.561260
10.065700
8.073010
8.498340
7.269920
9.072360
6.383910
9.614600
10.654600
7.533940
8.810420
7.808660
7.425440
7.406510
8.944280
9.369260
5.274800
8.036700
8.002490
8.052300
6.569120
9.258440
7.892240
7.792520
5.063560
7.027520
4.390640
5.253070
6.246340
5.916520
6.200840
5.861220
3.574820
5.537360
4.012510
6.075490
4.999700
3.393570
4.530340
5.371460
4.836450
5.292450
5.360760
4.627940
4.540580
3.930630
3.412840
3.684100
4.766330
5.922200
7.479400
11.540700
7.479570
12.063400
10.653200
6.447440
6.108810
4.478720
4.967680
3.131360
3.780530
3.455400
3.580110
3.869320
3.207570
4.154410
4.206350
6.917900
6.363380
5.954760
5.995670
6.258650
7.222780
6.484060
4.558840
4.103610
4.706670
4.320870
3.986120
3.797880
3.809310
3.461010
2.589620
3.334130
3.405190
3.320660
3.047460
3.390080
3.360400
3.134300
3.243090
