22.380700
18.897000
19.537700
20.108200
23.298700
19.242800
17.183300
22.054200
42.974100
40.725100
44.225800
57.167600
41.001700
22.359900
23.698500
27.974300
64.893400
68.103700
57.416000
54.751300
32.635600
32.964300
45.262500
87.250700
77.223900
77.145400
49.263600
54.966200
66.255700
96.768500
63.427300
80.906200
45.014300
38.911100
57.704600
91.428200
66.165600
52.717500
67.770400
54.707000
55.986000
73.277200
86.868900
75.531600
91.304200
84.877400
98.695700
94.427600
86.361400
79.538000
92.037500
98.798200
62.100700
61.613900
68.489600
59.261100
65.446800
52.975800
70.814500
42.311200
70.917100
75.431500
35.707900
75.885500
85.379300
67.804700
78.005600
70.784700
68.040300
71.000000
64.700400
74.663900
64.974600
53.809500
60.747200
57.352400
60.610900
57.351600
50.260300
59.713300
37.682200
36.117000
44.559200
38.656000
44.868000
44.834100
42.954700
27.711300
26.772100
36.447500
47.048100
37.781400
29.529000
30.977500
54.510200
52.490300
34.466100
29.849900
26.043800
37.542400
21.758200
27.883000
27.783600
30.559800
20.601200
14.878700
15.150200
15.915900
