0.454049
0.442625
0.543681
0.521893
0.884204
0.677203
0.53676
1.08219
1.2642
1.29183
1.16419
1.01935
1.07921
1.20851
1.22883
1.13055
1.18884
1.24355
1.21193
1.06304
1.1667
1.00435
0.994599
1.06296
1.08371
1.18537
1.06347
1.28504
1.03851
1.1899
1.1022
1.0335
1.08672
1.09751
1.11103
1.0004
1.01149
1.10704
1.18197
1.13264
1.14958
1.02879
0.99832
1.07762
1.20759
1.3434
1.22082
1.21201
0.977825
1.08622
1.21567
1.18158
0.994004
1.22951
1.11669
1.08272
1.23388
1.13103
1.16145
1.08746
1.03116
1.49118
1.20501
1.08898
1.26313
1.14257
1.26869
1.20636
1.26879
1.25575
1.29314
1.26113
1.23253
1.11773
1.14602
1.1327
1.23474
1.23549
1.14182
1.16626
1.2935
1.16319
0.958517
0.996668
0.800689
0.690619
0.635219
0.794844
0.789962
0.780997
0.711217
0.724449
0.776906
0.799051
0.822935
0.801039
0.814329
0.89736
0.754609
0.786309
0.805298
0.834011
0.784963
0.861421
0.778811
0.835859
0.682231
0.823733
0.857052
0.744096
0.739397
0.813525
0.881159
0.805547
0.772778
0.768922
0.776947
0.845562
0.807048
0.824384
0.711242
0.848301
0.751689
0.794713
0.831359
0.749495
0.819298
0.788718
0.713161
0.749786
0.736776
0.695908
0.754524
0.749545
0.737802
0.731254
0.790999
0.724608
0.772523
0.699081
0.795464
0.75608
0.798169
0.708875
0.69358
0.76082
0.740121
0.637455
0.708155
0.834634
0.713127
0.710472
0.667014
0.736458
0.646674
0.727097
0.74008
0.745814
0.755552
0.63742
0.680514
0.762131
0.746005
0.719303
0.769421
0.757429
0.702862
0.667549
0.724755
0.61534
0.6704
0.673531
0.727268
0.615914
0.632681
0.672183
0.740031
0.681921
0.704315
0.745699
0.674615
0.713814
0.756284
0.72972
0.785278
0.755597
0.623691
0.605791
0.701302
0.727265
0.64416
0.646717
0.653557
0.87567
0.7563
0.725342
0.642872
0.49771
0.615313
0.414054
0.460226
0.53705
0.720471
0.755088
0.613773
0.401402
0.528063
0.349529
0.335026
0.456905
0.437193
0.587909
0.439374
0.622964
0.549431
0.764044
0.49837
0.700855
0.651493
0.368011
0.684119
0.401752
0.437528
0.428853
0.321885
0.41423
0.584021
0.341917
0.384861
0.504081
0.45056
0.576975
0.480374
0.318606
0.358417
0.376816
0.349733
0.799565
0.496553
0.784818
0.437167
0.493919
0.393755
0.277249
0.311843
0.269752
0.407599
0.346206
0.427434
0.455405
0.707597
0.369644
0.457734
0.384396
0.509692
0.472463
0.607901
0.773873
0.395066
0.412887
0.429942
0.42385
0.505891
0.575449
0.38248
0.643546
0.591451
0.273513
0.391415
0.460185
0.379099
0.513822
0.3564
0.372028
0.409879
0.410918
0.271644
0.316537
0.380431
0.349933
0.391308
0.350967
0.294818
0.386067
0.421941
0.512402
0.390549
0.447033
0.350509
0.340795
0.342693
0.400767
0.516355
0.400338
0.447727
0.473664
0.444932
0.390362
0.435364
0.461928
0.457459
0.424999
0.390451
0.457277
0.431657
0.361918
0.421931
0.580018
0.431824
0.597168
0.667411
0.430265
0.47856
0.492784
0.416831
0.413521
0.464108
0.586487
0.350394
0.249212
0.392513
0.453845
0.265784
0.441817
0.229296
0.300402
0.303604
0.259145
0.27521
0.319804
0.391427
0.386538
0.484168
0.399719
0.422199
0.32939
0.363298
0.286388
0.324371
0.261806
0.248094
0.397354
0.500185
0.350518
0.345575
0.411832
0.36775
0.358031
0.38551
0.357206
0.293458
0.238051
0.363389
0.415389
0.444301
0.424548
0.345655
0.285508
0.302947
0.341913
0.333339
0.382381
0.367733
0.409031
0.414826
0.444711
0.384324
0.456383
0.360701
0.369178
0.426259
0.486319
0.411908
0.327413
0.34114
0.389626
0.345191
0.402541
0.349754
0.311063
0.282375
0.277272
0.261972
0.317494
0.307831
0.356712
0.373719
0.350328
0.361423
0.32002
0.321741
0.358882
0.299813
0.292874
0.287523
0.266045
0.315267
0.309974
0.283857
0.297329
0.237128
0.277818
0.274411
0.281356
0.351304
0.268694
0.333924
0.283422
0.291575
0.269326
0.278488
0.266499
0.308071
0.268845
0.220813
0.258453
0.19771
0.268701
0.215408
0.237925
0.223541
0.247155
0.183979
0.25549
0.269302
0.284446
0.228098
0.239584
0.241212
0.24702
0.292104
0.276561
0.279964
0.215089
0.241086
0.247303
0.218143
0.245056
0.211248
0.232919
0.215172
0.246291
0.22625
0.279551
0.227253
0.174834
0.237647
0.216561
0.203095
0.240462
0.224922
0.222976
0.186694
0.198027
0.219117
0.224297
0.213575
0.181121
0.174251
0.188899
0.221753
0.185018
0.207305
0.227748
0.217796
0.236488
0.194712
0.255379
0.170128
0.204074
0.194022
0.166648
0.179996
0.191761
0.220241
0.19498
0.203431
0.194522
0.215903
0.182272
0.200571
0.188821
0.182862
0.20045
0.189214
0.214923
0.186648
0.17475
0.17772
0.206702
0.185335
0.185496
0.182569
0.188033
0.180054
0.187524
0.198746
0.206167
0.190532
0.184786
0.16156
0.182264
0.179686
0.171704
0.191109
0.168643
0.169238
0.166538
0.167196
0.161078
0.139862
0.192505
0.171461
0.204351
0.17133
0.168852
0.182462
0.177947
0.181057
0.190852
0.184484
0.189629
0.174482
0.177001
0.143289
0.16575
0.161317
0.181342
0.175582
0.196268
0.168187
0.16988
0.17501
0.190785
0.171237
0.182881
0.152609
0.163514
0.124579
0.129338
0.139181
0.143777
0.137897
0.154227
0.142984
0.134698
0.147222
0.136957
0.133559
0.122348
0.144832
0.147555
0.1503
0.131966
0.133513
0.13132
0.132457
0.115702
0.116723
0.10217
0.236488
0.283752
