0.379838
0.40949
0.396929
0.381456
0.423727
0.463926
1.35452
1.61446
1.70215
1.88958
1.79183
1.92041
1.77589
1.83158
1.79812
1.81848
1.72368
2.00744
1.84749
1.61681
2.00344
1.70511
1.59798
1.81778
1.72574
1.63315
1.64438
1.51405
1.53927
1.47586
1.46222
1.61049
1.49656
1.65076
1.23231
1.21497
1.08626
1.24356
1.08359
1.27795
1.25278
1.04923
1.23696
1.00166
1.0398
1.0688
1.08174
0.934941
1.7048
1.49251
1.45574
1.63503
1.6894
1.8123
1.79636
1.72575
1.50131
1.60041
1.79005
1.73637
1.72803
1.85127
1.71051
1.8005
1.68166
1.68147
1.61486
1.65696
1.89924
1.66209
1.63344
1.61524
1.6157
1.47275
1.41027
1.41931
1.51427
1.42534
1.58062
1.66336
1.56102
1.35793
1.37644
1.67117
1.6987
1.36701
1.4338
1.60141
1.42929
1.48644
1.51327
1.42697
1.32873
1.48774
1.57913
1.4981
1.21482
1.48179
1.37829
1.35644
1.23732
1.26332
1.35655
1.28942
1.19178
1.09819
1.11976
1.2078
1.10405
1.03176
0.986966
0.989508
1.2168
1.3333
1.28572
1.23771
1.04185
1.18667
1.32337
1.32392
0.879294
0.881878
1.04353
1.03812
1.16155
1.22469
1.27817
1.11994
1.28251
1.09925
1.09536
0.953477
0.991474
1.1735
1.21457
1.04691
1.22649
1.11872
1.1915
1.17123
1.19093
1.21562
1.2856
1.26704
1.21484
1.29463
1.23197
1.17895
1.07533
1.12051
1.11702
1.16969
1.05975
1.00362
1.25703
1.33557
1.20553
1.12165
1.14068
0.950051
1.10799
1.10507
1.13881
1.05016
1.03501
1.05559
1.02836
1.13971
1.05931
1.08554
1.08451
1.11545
1.03104
1.04259
1.15567
1.08326
1.09422
1.07518
1.06158
1.11273
1.09642
1.02471
1.00738
1.03078
1.01668
1.0221
0.991604
1.0512
0.937662
0.963893
0.94607
0.897057
0.888799
0.889718
0.846927
0.898712
0.770405
0.913391
0.976556
1.01319
0.973699
0.921971
0.910533
0.914573
0.926335
1.01005
0.899588
0.762357
0.903894
0.946585
0.972994
0.91861
0.921214
0.904123
0.824659
0.85138
0.886242
0.829956
0.824805
0.951448
0.789545
0.926061
0.923474
0.945931
0.83461
0.940513
0.906327
1.05808
0.816492
0.847899
0.841505
0.907378
0.93829
0.912442
0.996281
0.995017
0.878492
1.08596
1.14755
1.08203
1.15504
0.980454
1.06923
0.900382
0.938953
0.952445
0.996068
0.803514
0.902955
0.916242
0.980929
0.859685
0.894589
0.893227
0.975103
0.861311
0.759431
0.960221
0.935233
0.772899
0.799668
0.796169
0.730456
0.779316
0.81458
0.798934
0.756213
0.836279
0.7303
0.733391
0.723306
0.781078
0.768246
0.779261
0.66723
0.780839
0.884082
0.665144
0.887953
0.688318
0.753588
0.742498
0.717183
0.710021
0.67151
0.716515
0.790464
0.821518
0.900547
0.736966
0.746909
0.732838
0.727011
0.745523
0.629609
0.832628
0.668408
0.827446
0.970115
1.04955
0.90469
0.927872
0.968898
1.05783
1.06936
1.01472
1.13898
1.04459
0.922498
0.880738
0.877523
0.786054
0.784644
0.700794
0.796362
0.820216
0.846304
0.78908
0.777112
0.793877
0.835072
0.961084
0.768476
0.749397
0.677983
0.781411
0.773981
0.80171
0.799197
0.698573
0.771855
0.827405
0.794783
0.825076
0.820372
0.809012
0.755142
0.649616
0.630734
0.771041
0.729299
0.738348
0.98336
0.987857
0.860664
0.889705
0.768761
0.894004
0.808905
0.760095
0.788105
0.829349
0.848636
0.654657
0.630961
0.776892
0.560069
0.794718
0.70258
0.645488
0.532116
0.673899
0.635191
0.774385
0.669587
0.700453
0.60562
0.685916
0.545079
0.648727
0.712789
0.652151
0.593195
0.706201
0.584376
0.634643
0.625737
0.550465
0.609478
0.522869
0.544426
0.643418
0.650962
0.616677
0.722724
0.597079
0.676529
0.677743
0.439462
0.631276
0.57326
0.558482
0.46816
0.57727
0.639771
0.524222
0.526009
0.537354
0.679815
0.604156
0.866919
0.704068
0.767531
0.563533
0.628543
0.690145
0.776155
0.762636
0.659941
0.536517
0.538509
0.529366
0.593773
0.48313
0.675758
0.549395
0.532571
0.47774
0.565458
0.549498
0.500951
0.586056
0.463096
0.455589
0.448248
0.490659
0.476695
0.523254
0.455853
0.554714
0.517437
0.492352
0.421576
0.408797
0.526224
0.591718
0.473808
0.384453
0.368425
0.427953
0.421194
0.34672
0.41022
0.440213
0.414385
0.433868
0.368345
0.453612
0.437374
0.334859
0.415498
0.36939
0.453127
0.437391
0.375029
0.423191
0.500387
0.352832
0.285623
0.37192
0.408143
0.554254
0.538895
0.421462
0.513448
0.476666
0.458215
0.486168
0.493456
0.554649
0.458176
0.50304
0.514055
0.388089
0.443234
0.45749
0.51147
0.433154
0.496445
0.395662
0.556426
0.474253
0.38204
0.448096
0.402695
0.422611
0.307216
0.35175
0.330185
0.392055
0.392866
0.45722
0.439158
0.455862
0.434763
0.450367
0.442507
0.435627
0.479423
0.445633
0.421345
0.475838
0.453376
0.420415
0.414443
0.406048
0.376861
0.388056
0.372237
0.438978
0.366134
0.348036
0.343399
0.379793
0.366101
0.326343
0.385341
0.375822
0.400669
0.382526
0.349402
0.419209
0.378647
0.463526
0.376297
0.383518
0.38228
0.434157
0.341824
0.32312
0.402469
0.356853
0.364463
0.363474
0.320236
0.291705
0.372081
0.367983
0.362093
0.351227
0.339652
0.37394
0.355448
0.330628
0.326258
0.383745
0.36381
0.345638
0.294867
0.382324
0.339019
0.321819
0.31599
0.370427
0.383704
0.381821
0.370329
0.36075
0.361316
0.389176
0.346345
0.367646
0.419109
0.417369
0.373832
0.297955
0.347534
0.331425
0.364637
0.358144
0.31168
0.363162
0.298238
0.29298
0.301336
0.321769
0.322045
0.308315
0.285866
0.293406
0.322161
0.282004
0.297711
0.286191
0.301702
0.29084
0.286122
0.305796
0.33471
0.335348
0.330376
0.332861
0.323013
0.339647
0.309996
0.301731
0.285572
0.285802
0.283464
0.307825
0.284481
0.250251
0.240502
0.239179
0.225964
0.238744
0.237754
0.240697
0.213272
0.207714
0.222773
0.220282
0.33169
0.258363
