0.467813
0.414034
0.434506
0.692644
0.754336
1.29072
1.37779
1.45246
1.37129
1.33829
1.26637
1.09332
1.28626
0.979766
1.12892
1.24265
1.17344
1.31326
1.23064
0.980383
1.13557
1.13188
0.985741
0.958541
0.933081
0.833216
1.01535
0.766535
0.740123
0.692853
0.637966
0.58787
0.632905
0.707956
0.576971
0.548852
0.687233
0.759475
0.624506
0.638423
0.572623
0.525497
0.686173
0.693675
0.747804
0.703652
0.658951
0.727032
0.57102
0.618603
0.676039
0.574929
0.530439
0.615391
0.572381
0.626847
0.673231
0.651997
0.671928
0.611074
0.593131
0.697602
0.534632
0.599679
0.549333
0.669789
0.555538
0.632935
0.604742
0.564337
0.484649
0.623548
0.632471
0.553408
0.645209
0.527245
0.591756
0.557374
0.591639
0.560797
0.5735
0.557138
0.639177
0.594507
0.562053
0.630813
0.607073
0.607087
0.597082
0.668418
0.621891
0.594464
0.665596
0.693239
0.676531
0.635051
0.650416
0.651659
0.643549
0.699318
0.659398
0.640699
0.671225
0.72615
0.725704
0.727793
0.618098
0.665991
0.672336
0.638846
0.73465
0.628609
0.630414
0.543811
0.662983
0.748436
0.573701
0.689001
0.612717
0.59465
0.706431
0.920952
0.763954
0.620131
0.846681
0.564842
0.692275
0.534881
0.772602
0.666506
0.773083
0.810543
0.713772
0.550477
0.858467
0.800077
0.911345
0.934264
0.695543
0.773005
0.769656
0.742184
0.981781
0.784483
0.980057
0.913842
1.14325
1.03221
0.933368
0.89593
0.889449
0.912164
1.08794
0.967654
0.931414
0.839782
0.787269
0.8652
1.24422
1.08429
1.01954
0.98786
0.858588
1.10112
0.83041
1.11829
1.03711
0.966238
0.878596
0.960076
0.884812
1.13137
1.06531
0.950288
1.0386
1.13633
1.03611
1.13936
1.12409
1.14797
1.13794
1.05459
1.12108
1.0502
1.05606
1.13338
1.0419
0.940155
1.11531
1.16349
1.21681
1.30171
1.08756
1.10347
1.13034
1.02114
1.23909
0.950779
1.00097
1.08592
1.04925
1.01032
1.03677
1.08303
0.94049
1.13723
0.985717
0.998147
0.857476
1.01018
0.953018
0.926481
0.967405
1.02783
0.799558
0.808257
0.881052
0.885337
0.975282
0.982311
0.944196
0.924553
0.87406
0.953373
1.02984
1.03713
1.1046
1.00821
1.01448
1.22927
1.14875
1.16893
0.943905
0.986148
1.03817
1.0641
1.23836
1.03897
1.22668
0.866987
0.914248
0.921173
0.987342
1.03017
0.955773
0.974956
0.98073
0.987943
0.970054
1.04518
0.888464
1.12657
1.0693
0.918776
0.886107
0.858111
0.964959
1.00048
0.990649
0.991729
0.869867
0.953466
0.966032
0.932362
1.01326
1.14863
1.23405
0.947276
0.87741
0.885792
1.05525
0.911993
0.906275
1.05958
