0.294087
0.303492
0.305101
0.320499
0.331729
0.316856
0.30709
0.346257
0.309712
0.330205
0.320758
0.305308
0.402374
1.50835
1.48403
1.03799
1.46732
1.19611
1.17106
1.40526
1.23023
1.15836
1.08266
1.08383
1.01513
1.08404
1.09586
1.14273
1.13324
1.04474
1.39739
1.52345
1.39202
1.33921
1.56921
1.53291
1.85393
0.91024
1.10515
1.37953
1.15169
1.18302
1.06278
1.02687
1.10028
0.970824
0.845572
0.943042
1.02483
0.914724
0.892619
0.89074
0.877731
0.950526
0.975476
1.16389
0.942171
0.970128
0.995919
0.925916
1.0286
0.964237
0.914084
0.943298
0.971881
0.9573
0.900112
0.967874
1.14583
0.957805
1.00658
1.01353
0.965719
0.958927
0.961233
1.04493
0.916629
1.04981
0.882226
0.945596
1.1174
1.08523
1.19136
1.28205
1.12136
0.917402
1.12692
1.14257
1.27597
1.03522
1.11512
1.17479
1.13465
1.00165
1.10014
0.992515
1.02413
1.1145
1.18541
1.14777
1.12521
1.09043
1.06974
1.04791
1.10508
0.970922
1.03755
1.08222
1.11887
1.13679
1.04863
1.14737
0.982477
0.978693
1.06829
1.02183
0.995544
1.04897
1.06715
1.13009
0.960015
1.11825
1.07796
1.07853
0.906193
1.06575
1.09263
0.953282
0.961828
1.08085
1.01492
1.00606
1.04406
1.025
0.92593
0.885016
0.925481
1.06854
0.994954
1.07523
1.06933
0.96004
0.981148
1.13385
1.04005
0.926049
0.977401
1.01647
1.01628
1.09459
1.09004
1.0591
1.05734
0.994145
0.976051
0.970842
0.921958
0.955563
0.913983
0.880742
0.897292
0.942005
0.844653
0.843503
0.859074
1.08736
0.843389
0.829626
0.807939
0.717625
0.807292
0.803897
0.738427
0.779931
0.733909
0.731013
0.726102
0.74239
0.779218
0.887701
0.908636
0.874973
0.867426
0.787305
0.788955
0.822602
0.864877
0.898213
0.795445
0.832085
0.907959
0.829242
0.88839
0.822216
0.945519
0.993181
0.943087
0.991746
0.980992
0.926036
0.998815
0.890414
0.913744
0.953056
0.910434
0.965965
0.916343
0.950243
0.929457
1.00748
0.890142
0.936653
0.817719
0.907053
0.855676
0.859231
0.849714
0.865985
0.811355
0.843299
0.828692
0.810308
0.832751
0.927744
0.910745
1.01579
0.994457
0.966391
0.91981
0.986851
0.913442
0.908878
0.903168
0.931493
0.908838
0.909717
0.880149
0.91692
0.883259
0.921536
0.9337
0.810236
0.950239
0.939632
0.897765
0.863615
0.862313
0.896179
0.86417
0.890529
0.930873
0.941701
0.894152
0.902077
0.831458
0.84537
0.924322
0.917448
0.991613
0.933571
0.947868
0.951931
0.945899
0.892939
0.904374
0.897737
0.87899
0.8693
0.916548
0.83095
0.860277
0.801788
0.805568
0.828704
0.793886
0.839147
0.840615
0.804344
0.707326
0.747173
0.664446
0.709547
0.646593
0.74458
0.724462
0.714689
0.752801
0.658076
0.598621
0.588137
0.572969
0.571093
0.529671
0.500599
0.551469
0.580791
0.558461
0.524213
0.550668
0.557086
0.585085
0.543544
0.603287
0.581856
0.633332
0.602943
0.614897
0.601557
0.56459
0.540326
0.564265
0.54701
0.58314
0.565739
0.566697
0.581266
0.524432
0.627856
0.510943
0.498262
0.493946
0.557594
0.523254
0.546556
0.517076
0.518552
0.506053
0.512571
0.514976
0.517884
0.497045
0.507907
0.485931
0.551357
0.519436
0.490137
0.491602
0.501049
0.475466
0.460149
0.468746
0.503247
0.476575
0.490099
0.483938
0.479539
0.453715
0.405027
0.473186
0.446633
0.496438
0.431558
0.439044
0.455263
0.433955
0.440085
0.417543
0.412473
0.424296
0.394867
0.447437
0.440452
0.42299
0.418283
0.404697
0.35414
0.395609
0.388101
0.420116
0.442767
0.398915
0.382166
0.403043
0.385027
0.415543
0.363602
0.390247
0.384049
0.396753
0.450805
0.428123
0.394747
0.388392
0.431326
0.385844
0.38416
0.406431
0.38248
0.384897
0.407747
0.36711
0.354909
0.368213
0.364324
0.397061
0.386021
0.37346
0.382047
0.380423
0.389769
0.404787
0.390844
0.38299
0.416424
0.411913
0.418777
0.383592
0.443256
0.40804
0.391239
0.404642
0.396127
0.405006
0.40444
0.415265
0.398717
0.411709
0.378742
0.386069
0.386092
0.383412
0.370382
0.366845
0.361769
0.355731
0.371205
0.326667
0.32368
0.343419
0.312441
0.350089
0.312248
0.318309
0.323636
0.33106
0.31935
0.323299
0.324318
0.302548
0.296562
0.298399
0.273369
0.271779
0.287305
0.327438
0.294217
0.304799
0.280625
0.290151
0.279038
0.278872
0.25686
0.251098
0.237019
0.244885
0.24141
0.233428
0.25048
0.240818
0.233407
0.235186
0.205677
0.217416
0.226307
0.249031
0.254487
0.260199
0.251115
0.23134
0.227313
0.24637
0.224435
0.212994
0.193773
0.23201
0.224478
0.204928
0.203943
0.209862
0.193983
0.209291
0.184894
0.253344
0.205602
0.192068
0.236764
0.197747
0.180147
0.170419
0.199223
0.167547
0.1677
0.182004
0.173874
0.170444
0.165567
0.177102
0.173748
0.194087
0.185974
0.182161
0.170387
0.174386
0.178343
0.176552
0.17948
0.162756
0.184613
0.174563
0.16063
0.179253
0.164556
0.179079
0.168964
0.178408
0.160668
0.175896
0.180399
0.169675
0.164363
0.172195
0.159694
0.167357
0.158242
0.163776
0.173475
0.14548
0.162175
0.163464
0.135942
0.164208
0.168591
0.157284
0.168259
0.165336
0.153331
0.15264
0.155762
0.163929
0.169379
0.167043
0.1674
0.161086
0.142188
0.13838
0.17193
0.161501
0.15735
0.1474
0.1286
0.144306
0.142933
0.144156
0.150257
0.173127
0.148645
0.150471
0.14882
0.144455
0.159382
0.179422
0.156654
0.138106
0.153131
0.170943
0.156955
0.127436
0.126523
0.14405
0.143926
0.130131
0.137785
0.14181
0.130205
0.155166
0.13557
0.123054
0.146772
0.131438
0.135434
0.138487
0.131569
0.137516
0.14975
0.133075
0.123803
0.124917
0.120565
0.146275
0.128755
0.137624
0.139683
0.122918
0.14234
0.130967
0.133596
0.151206
0.124371
0.125254
0.134442
0.134491
0.140633
0.131245
0.132808
0.124636
0.11709
0.115743
0.140361
0.106965
0.10294
0.101544
0.11056
0.119326
0.130886
0.115479
0.126258
0.13585
0.114102
0.120143
0.126629
0.121466
0.126412
0.126842
0.105449
0.122372
0.105634
0.0977376
0.121779
0.115153
0.103208
0.117837
0.116331
0.100557
0.112163
0.103762
0.112581
0.0955245
0.10426
0.0949811
0.0872646
0.117034
0.0981651
0.104954
0.150519
0.134599
0.168057
0.156338
0.170618
0.164733
0.25
0.191089
0.13751
0.110875
0.0963188
0.0963672
0.142077
0.149173
0.108839
0.10716
0.118352
0.144992
0.178768
0.210347
0.184681
0.235386
0.235744
0.238312
0.233879
0.220061
0.225775
0.206297
0.22465
0.232164
0.190935
0.165915
0.204723
0.176616
0.189772
0.213647
0.236328
0.195984
0.219126
0.212534
0.194628
0.238838
0.221357
0.229489
0.221906
0.19391
0.22984
0.231
0.225822
0.220501
0.221765
0.236557
0.193205
0.202296
0.184306
0.178884
0.181306
0.163484
0.159631
0.165909
0.21266
0.202337
0.214621
0.219647
0.19011
0.245197
0.246202
0.247612
0.238006
0.18885
0.216016
0.194818
0.201979
0.220067
0.208973
0.207851
0.214326
0.197522
0.199785
0.187061
0.192776
0.208963
0.199107
0.212651
0.218978
0.209637
0.225037
0.251671
0.247701
0.220506
0.178482
0.274418
0.243229
0.228354
0.24069
0.196245
0.207961
0.193419
0.195054
0.167581
0.203765
0.206067
0.193479
0.192766
0.170332
0.232361
0.199903
0.191035
0.185614
0.199483
0.223459
0.217155
0.203417
0.214859
0.186532
0.171472
0.194816
0.193911
0.187927
0.184709
0.165581
0.159971
0.153291
0.158909
0.147274
0.148834
0.156575
0.146189
0.149674
0.144869
0.147174
0.144747
0.152743
0.148664
0.151086
0.128153
0.141826
0.132626
0.135886
0.132878
