0.15677
0.14204
0.14186
0.141057
0.149719
0.13366
0.156654
0.140846
0.153337
0.138545
0.134921
0.127819
0.122648
0.135997
0.140911
0.129444
0.135123
0.138397
0.145326
0.125415
0.137758
0.126607
0.141252
0.138269
0.142355
0.145601
0.163327
0.138619
0.136323
0.138871
0.152319
0.136943
0.130939
0.142797
0.148909
0.14354
0.131136
0.148709
0.148478
0.143084
0.14428
0.136994
0.149741
0.154949
0.143643
0.151578
0.140838
0.143592
0.162103
0.163307
0.132243
0.135157
0.145709
0.147689
0.127922
0.143423
0.129975
0.148916
0.136149
0.158361
0.142531
0.14082
0.131521
0.137856
0.177397
0.188558
0.140386
0.153176
0.189208
0.208776
0.183641
0.152772
0.167064
0.149706
0.152334
0.157977
0.150458
0.162664
0.157259
0.174016
0.157497
0.164498
0.195416
0.137897
0.158294
0.142327
0.175811
0.161555
0.188409
0.161183
0.172537
0.174605
0.181275
0.168454
0.169978
0.17517
0.184376
0.170023
0.175722
0.16236
0.194448
0.179888
0.166269
0.177293
0.180293
0.196656
0.203053
0.165882
0.180655
0.1927
0.205874
0.190094
0.186314
0.170193
0.204811
0.165027
0.206557
0.1847
0.169834
0.186096
0.182855
0.172199
0.195786
0.197761
0.198161
0.207226
0.202842
0.195479
0.182056
0.190924
0.179896
0.222154
0.175202
0.20418
0.191309
0.181063
0.218758
0.190237
0.197193
0.177707
0.193442
0.206509
0.205136
0.195169
0.187086
0.190492
0.225672
0.188281
0.184553
0.212657
0.199634
0.169418
0.206181
0.215366
0.227162
0.250916
0.237332
0.238954
0.253635
0.243796
0.230866
0.23204
0.228454
0.211897
0.241329
0.262576
0.282997
0.264066
0.249987
0.229524
0.237747
0.243467
0.280644
0.24675
0.261604
0.23559
0.285601
0.289763
0.268886
0.267741
0.26109
0.238659
0.279039
0.266008
0.25653
0.219657
0.273032
0.274989
0.208819
0.240004
0.241586
0.264487
0.2857
0.249772
0.296987
0.29329
0.27345
0.281594
0.289978
0.347089
0.355874
0.326628
0.307718
0.377533
0.3091
0.352374
0.346405
0.35642
0.365631
0.330575
0.360621
0.38485
0.354621
0.387392
0.37779
0.40091
0.417013
0.344284
0.351965
0.358469
0.319466
0.307556
0.372204
0.358901
0.362983
0.361331
0.353894
0.353385
0.369308
0.36417
0.355371
0.347181
0.384964
0.456051
0.366733
0.345036
0.409552
0.352195
0.394491
0.371205
0.429963
0.385906
0.42728
0.435331
0.412174
0.36476
0.45836
0.388885
0.420819
0.392961
0.406678
0.334455
0.423875
0.353491
0.402176
0.400908
0.338204
0.422861
0.436086
0.480615
0.254695
0.298882
0.514229
0.343792
0.351416
0.364336
0.333048
0.511176
0.471283
0.428664
0.323743
0.342365
0.335659
0.243752
0.308064
0.382927
0.435475
0.358398
0.241657
0.480355
0.597338
0.373449
0.406351
0.490225
0.427987
0.512115
0.482199
0.527795
0.44807
0.582892
0.606541
0.30784
0.566732
0.300605
0.49324
0.409922
0.469902
0.544701
0.405929
0.477693
0.501687
0.38212
0.358565
0.490725
0.631343
0.528417
0.488009
0.545029
0.648244
0.525185
0.545837
0.69654
0.578389
0.759074
0.76518
0.814371
1.00567
0.709627
0.609158
0.4628
0.479145
0.712106
0.712852
0.64933
0.513852
1.11561
0.875749
0.823169
0.898699
0.842572
0.825446
0.770674
0.827309
0.84268
0.946489
0.95029
0.942672
0.900581
0.828211
0.899667
0.813462
0.947153
0.852738
0.857175
0.857519
1.05039
0.951804
1.03787
0.837068
0.887602
0.926279
0.853877
0.877946
0.869876
1.06109
0.916744
0.983275
1.05863
1.0429
0.981474
0.959295
0.991297
0.899275
0.980978
0.880176
0.91047
