1.10631
1.368
1.28671
1.63862
1.31323
1.25159
1.34342
1.48994
1.24251
1.52558
1.15333
1.11309
1.16491
0.912185
0.968237
0.990745
1.16658
1.05032
0.787031
0.726526
0.819917
0.808955
0.739981
0.816157
0.78792
0.905542
0.862627
0.963763
0.940859
0.718815
0.458032
0.767027
0.521545
0.684649
0.868688
0.897009
0.899845
0.620718
0.559223
0.693434
0.928506
0.839579
0.272193
0.276119
0.340615
0.274521
0.247056
0.28524
0.223003
0.52293
1.10407
0.70102
0.501847
0.51564
0.687467
0.755255
0.752563
0.741144
0.604302
0.727252
0.78443
0.980148
0.859398
0.674751
0.614634
0.814866
0.477637
0.867084
0.84345
0.885251
0.742685
0.89858
0.851317
1.00549
0.947977
0.836622
1.00789
1.16032
0.962867
0.801026
1.0489
1.00028
0.999613
1.04268
0.872024
1.13111
1.16298
0.938852
0.936522
1.00458
1.11277
1.03499
1.06397
0.810419
1.07393
0.92959
0.688727
0.665821
0.65767
0.702467
0.55886
0.618534
0.558215
0.542119
0.508315
0.445294
0.658469
0.484354
0.647929
0.601516
0.58592
0.647865
0.689018
0.846409
0.872966
0.762986
0.930196
0.759777
0.965744
0.653562
1.02699
0.844915
0.862618
0.916886
0.828668
0.8269
0.96093
1.07213
0.768393
0.80906
0.68226
0.677783
0.796419
0.965597
0.715302
0.762139
0.70161
0.728134
0.649099
0.790976
0.708012
0.793678
0.684337
0.766461
0.6164
0.700314
0.712834
0.600296
0.708387
0.724302
0.684491
0.648675
0.500313
0.6595
0.598158
0.582369
0.628696
0.630599
0.792869
0.64942
0.663957
0.563851
0.476183
0.683501
0.475377
0.514648
0.568632
0.481414
0.466752
0.515552
0.524479
0.565382
0.430207
0.522792
0.470519
0.505589
0.506264
0.507388
0.485158
0.510655
0.416848
0.363971
0.419105
0.423943
0.35156
0.258994
0.352313
0.318288
0.297573
0.304312
0.24872
0.221851
0.258016
0.305792
0.288324
0.258426
0.283223
0.273359
0.268994
0.372621
0.26936
0.252635
0.223387
0.233096
0.200271
0.130099
0.164885
0.170375
0.170825
0.145171
0.125617
0.161159
0.0937636
0.14567
0.32124
0.264743
0.197053
0.153497
0.11923
0.131478
0.231956
0.180225
0.311942
0.21472
0.226326
0.288166
0.270482
0.178718
0.241439
0.202281
0.228918
0.257537
0.168682
0.208414
0.233956
0.30461
0.219513
0.255046
0.18925
0.219295
0.227303
0.193094
0.235271
0.17125
0.203691
0.232583
0.184178
0.214662
0.1798
0.20106
0.157391
0.172538
0.196591
0.184014
0.194522
0.182789
0.184423
0.215521
0.260552
0.237021
0.244515
0.190661
0.234571
0.206457
0.177961
0.17007
0.187266
0.21484
0.198297
0.186639
0.301836
0.224758
0.33411
0.386523
0.23212
0.294081
0.190824
0.363554
0.257017
0.270173
0.29891
0.198716
0.309402
0.207665
0.1064
0.158893
0.210308
0.331638
0.186925
0.214513
0.261214
0.203847
0.240089
0.208672
0.208924
0.204782
0.210863
0.25842
0.21803
0.15113
0.202216
0.21169
0.18517
0.145291
0.116174
0.182396
0.125901
0.130475
0.191595
0.136278
0.166763
0.158138
0.0892865
0.0866474
0.0841139
0.115834
0.134241
0.137903
0.142311
0.119521
0.0713675
0.107475
0.220341
0.195274
0.181719
0.135176
0.163278
0.119963
0.163339
0.127863
0.122521
0.147503
0.150064
0.12216
0.192537
0.102802
0.194851
0.131869
0.149246
0.185815
0.102231
0.110115
0.139058
0.14309
0.13669
0.156816
0.106031
0.122943
0.153446
0.129278
0.119283
0.126339
0.12078
0.174752
0.161997
0.160042
0.114795
0.180312
0.121513
0.108532
0.101963
0.0948186
0.0909098
0.0784513
0.0836149
0.0770673
0.0918631
0.0790322
0.110594
0.109794
0.104328
0.122094
0.134044
0.135163
0.110955
0.12281
0.119346
0.139811
0.0966226
0.128456
0.142337
0.150947
0.135863
0.150774
0.141369
0.158579
0.182189
0.147436
0.116839
0.093367
0.158499
0.170805
0.173752
0.158493
0.129957
0.111972
0.127671
0.109591
0.110821
0.101956
0.0960449
0.101713
0.111629
0.116875
0.090721
0.0939676
0.072149
0.0813333
0.0883879
0.0881768
0.11388
0.0953679
0.0930745
0.09711
0.0611737
0.0779856
0.0952396
0.0757719
0.097821
0.0764541
0.0965627
0.100144
0.0887683
0.113319
0.132212
0.0760078
0.0774646
0.0846151
0.0894399
0.0900644
