0.708085
0.687023
0.707106
0.812616
0.828243
0.825109
1.77597
2.83716
2.67498
3.2124
4.1143
3.93935
3.4417
3.05183
2.59186
2.79942
2.14659
2.27158
1.79183
1.72182
1.67667
1.80904
2.52587
2.1929
2.38953
1.46085
1.56729
2.32469
1.76867
2.01371
1.87789
1.95274
1.91323
2.01563
1.98881
2.34455
2.74199
2.32137
2.87774
3.29006
2.73933
2.6598
3.853
4.12248
3.78796
3.07236
2.42853
2.94964
2.77061
3.04784
3.08817
2.85611
3.16385
3.45558
3.87514
4.99192
2.91465
2.65089
3.28195
2.58051
3.45657
2.8821
3.13675
2.66295
2.87156
3.01684
3.29478
3.17696
2.9088
3.0088
2.83159
2.6797
2.48042
2.44279
2.24526
2.2968
2.42036
2.58683
2.36905
2.096
2.05641
2.05203
1.92472
2.51367
2.06793
2.26316
2.36219
2.196
2.24744
2.4131
2.17216
1.85433
2.63717
2.2401
2.10744
2.11633
1.85339
2.18172
2.07996
1.81431
1.9885
1.84093
2.12522
2.01979
1.77062
1.52218
1.34896
1.65981
1.60909
1.34646
1.52665
1.40713
0.981646
0.858011
0.95819
0.8524
0.726699
0.608701
