0.224254
0.223746
0.254497
0.255155
0.323598
0.393365
0.312666
0.468531
0.422984
0.622445
0.410256
0.472664
0.69566
0.435146
0.490093
0.550923
0.527825
0.484348
0.671042
0.682196
0.48668
0.316289
0.321765
0.499573
0.335826
0.605937
0.701404
0.532428
0.807209
1.06099
0.973556
0.890788
0.860627
0.806606
0.923981
0.849797
0.984945
0.896824
0.680427
0.843946
1.11793
1.2135
1.14184
1.09756
1.21528
1.12195
0.882643
0.973088
1.29156
1.2352
1.15091
1.09694
1.14413
1.00443
1.07091
1.20363
1.49148
1.58981
1.57985
1.39455
1.42454
1.73759
1.17399
1.31045
1.33172
1.51216
1.37967
1.41713
1.39206
1.39951
1.61737
1.68142
1.72346
1.42598
2.0505
1.7182
1.53418
1.44724
1.69895
1.36201
1.47877
1.61688
1.68354
1.69836
1.45539
1.44221
1.59539
1.85032
1.86566
1.81409
1.87148
2.10842
1.71896
2.15412
1.66608
2.42981
1.9054
1.71444
1.73985
2.04272
1.80235
2.15413
1.89407
2.22383
1.87891
1.75811
1.94685
1.76445
1.73351
1.85052
1.84834
1.65848
1.71918
1.89489
1.78313
2.08633
1.97533
2.1351
1.61751
2.06001
1.92434
2.22783
1.97254
1.84143
2.03261
2.1301
2.02001
1.90703
1.97516
2.13584
2.46296
2.61976
2.36415
2.00647
2.33721
1.70751
1.5665
2.03168
1.78144
2.13565
2.26558
1.87493
2.23802
2.65926
2.92182
4.46264
1.52355
0.883269
0.973647
1.07039
1.21264
1.1472
1.0851
1.09574
0.885771
0.915621
0.887729
