3.133550
3.344570
3.229620
3.584520
5.934140
6.018050
11.077300
8.221430
12.048900
16.206000
10.776500
11.974900
18.232100
11.873400
13.812200
15.530300
12.584600
15.747000
14.458600
16.036000
15.978200
10.134500
4.353060
3.985750
3.260920
3.724120
4.664940
3.895360
5.314790
12.420800
14.153000
16.237000
10.011300
13.300000
10.981100
3.875870
2.457070
4.038580
5.270060
2.571970
3.225070
3.050160
3.871510
4.754350
2.254320
4.657040
3.415900
6.416940
6.987060
4.331600
4.225950
3.728770
4.252840
1.780480
4.536210
3.171240
7.740280
4.722630
4.362250
3.388750
3.314950
3.704640
4.620710
2.831090
3.198090
4.969860
5.169340
4.847490
3.074200
7.355940
3.030650
3.954700
3.261890
4.163990
5.114100
5.793370
7.378740
5.134170
5.133290
5.046820
7.009230
5.775590
7.615250
4.228960
4.342910
5.242690
5.685730
7.737600
9.673360
10.936000
10.145600
8.185770
6.634480
11.217200
6.670960
8.372790
8.051110
7.142930
7.754150
7.979400
7.320440
7.542030
7.909140
8.235900
7.518930
7.447320
7.104980
7.483490
9.637060
10.318400
8.136500
7.522330
6.857900
6.655570
7.912340
6.979890
6.703170
7.455300
7.879550
7.897460
8.024420
9.461230
9.521600
9.808240
7.283780
8.370600
8.800940
8.949630
6.152400
5.219080
6.428400
4.590320
6.567430
7.651970
8.088200
5.727450
6.565440
7.435630
7.899930
7.841790
7.881760
8.656110
7.736230
7.222030
7.194390
6.861800
7.444470
7.492640
6.828450
7.442170
6.222850
6.437290
6.771150
5.119250
5.247430
4.999790
5.536480
5.282580
7.620990
2.815750
3.614690
3.206390
5.644940
4.077320
5.967830
4.882670
3.818690
8.303970
3.589270
2.541310
3.343060
3.501200
4.430260
4.731110
3.718130
3.201440
3.450780
4.713610
4.215270
3.708220
4.442890
3.816990
4.088170
4.422530
6.009300
4.735700
4.924190
5.036980
4.511750
4.484470
4.041330
4.444270
4.808930
4.654560
5.799630
3.654640
5.111300
5.569940
3.235150
4.552330
7.418220
6.928750
5.323670
7.841640
6.471940
6.365780
4.676040
3.372930
3.950800
4.247480
4.555620
5.474730
4.528110
4.845950
4.907680
4.239980
10.417100
8.055730
6.063720
6.706320
6.317980
6.038090
6.930100
5.134540
5.123700
4.280060
4.580440
3.413130
5.396470
4.119020
4.280950
5.957350
5.642970
5.996370
4.846040
4.999860
4.984150
5.999950
4.819440
7.112330
6.355890
4.407300
4.307760
4.043740
5.000140
6.919370
5.245890
4.348550
3.703900
4.056000
4.186590
5.572370
4.969550
4.745560
4.380390
3.718730
3.569880
3.821890
4.885640
6.227740
5.090300
5.051960
4.807870
5.154920
5.127720
4.288890
4.116980
3.900050
3.774480
4.525050
4.488330
5.042320
6.389950
4.729960
5.477460
4.619280
4.141460
4.511240
4.276880
5.295660
5.451830
5.575260
4.316040
4.789070
5.275390
4.355290
4.917990
4.506230
5.861110
4.612170
6.116580
4.931260
4.558450
4.065130
4.525250
4.859790
4.405730
5.824050
5.560660
6.340080
5.167730
4.677780
4.512910
4.785940
3.994240
4.141930
4.897220
5.131420
4.513450
3.927840
3.170580
3.768200
3.670460
4.052100
5.113560
5.331450
5.087220
3.792100
3.272120
3.705490
4.281040
3.364960
2.892420
3.893720
4.192580
3.050980
4.048250
2.854840
2.956270
3.557080
3.439540
3.421410
3.543490
2.824360
2.088140
2.435780
2.861680
2.968920
3.132180
3.345790
2.999320
4.259090
3.586800
3.800130
2.236540
2.768920
4.000880
7.093640
4.811490
4.597130
3.600570
3.282510
4.507910
2.996050
2.065000
3.241600
3.116140
2.909680
3.985390
3.267660
2.720770
3.369590
3.491860
2.394970
3.094910
3.472240
4.244930
4.484430
3.127240
3.505940
3.173690
3.004430
3.316110
3.414990
3.279310
3.940300
3.177760
3.775680
3.306860
4.074110
3.037980
4.675190
3.297580
4.553720
4.016230
2.588950
1.654370
2.471400
2.521230
2.280420
2.838190
