5.688460
6.596550
6.277140
5.583140
5.692370
7.559740
6.089350
5.949470
6.547930
7.611950
6.411810
6.052290
5.581950
6.513910
5.135710
5.279060
5.616520
5.528970
4.995900
4.653670
6.852680
5.380010
4.335410
5.348510
7.944520
6.984500
6.788490
7.005900
6.645400
6.147650
4.377740
5.028730
5.441290
6.019960
6.379070
6.587940
6.605150
6.104650
6.194480
6.332820
5.836210
6.226560
6.322250
5.236190
5.500160
6.355470
6.013320
5.612290
5.825660
6.577110
5.956930
5.117510
5.396230
5.590600
6.010470
5.026940
5.537730
4.364010
5.021350
5.369940
5.120640
4.435190
5.034240
5.065020
5.138370
5.436380
5.860770
6.184660
5.808510
5.711180
5.717760
5.133560
5.897520
5.354630
4.779080
5.850500
5.542820
5.075500
4.765840
5.649450
5.132290
4.848340
4.690710
4.756640
4.487580
5.006610
5.035560
5.139860
5.157590
4.855800
4.468340
4.308770
4.586880
4.600960
4.790370
4.364650
4.242220
4.418180
4.296460
4.775220
5.435930
4.919960
4.689300
4.693810
4.085240
3.999810
4.704930
5.941390
5.397670
5.055190
5.090200
4.524780
5.378860
5.318740
5.124830
5.106810
4.712030
4.483580
4.329300
4.360390
4.251150
4.657290
4.512050
4.369140
4.435800
4.410890
4.050960
5.111100
5.148910
4.420310
4.219620
4.279260
4.487030
4.686300
4.261280
3.806970
3.543940
3.938500
3.605690
4.016580
3.824690
4.004760
4.041870
4.076990
3.829590
4.112830
4.237350
4.513400
4.526440
4.205440
4.395200
4.863990
4.797450
4.463000
4.697300
4.578780
4.682380
4.822170
4.596700
4.650190
4.958010
4.572690
3.955550
4.049680
4.771200
4.546450
4.611930
4.481060
2.486920
2.983010
4.339450
4.786810
3.715500
5.263330
6.798100
6.797520
6.254690
5.390930
6.896020
6.054960
6.535130
5.045390
5.853080
5.434970
5.854980
5.054610
5.044670
5.103270
3.894980
4.436510
5.309590
5.876250
4.484240
4.718280
5.023250
6.190180
4.440580
4.974560
5.908860
4.878570
5.484810
4.369060
5.090510
5.314130
4.930200
6.634520
5.927930
5.441820
5.989020
6.392930
5.680110
6.442600
5.506860
4.954340
4.204000
4.176300
4.304700
3.952640
4.242670
3.974300
4.029550
4.133400
4.168010
4.031800
3.936070
4.331270
4.321110
4.555600
4.555870
4.166580
4.419810
3.965130
4.567720
4.693020
4.364390
4.249170
5.361070
5.354490
5.309170
4.772620
5.046520
4.350130
4.443880
4.179920
4.133140
3.799280
3.759890
3.384870
4.075140
4.202070
5.090240
4.336300
4.856260
4.639140
4.701580
4.787510
4.711250
4.605470
4.844720
4.453810
4.165980
4.603130
4.143150
4.213950
4.141400
3.834370
3.813130
3.760500
3.739780
3.433750
3.853710
3.685930
3.941790
3.815670
3.815280
3.896550
3.618760
3.551350
3.820010
4.252610
3.918750
4.001010
3.859660
3.951700
4.385690
4.241720
3.936610
3.800930
3.757280
4.023640
4.099290
4.087060
3.921360
4.175580
4.353710
4.550590
3.899060
3.766010
3.588700
4.072190
3.951970
3.659040
3.911870
3.824660
4.179650
3.870150
3.950660
4.045060
3.596040
3.849650
3.831190
3.909250
3.735710
4.042900
4.192990
3.989550
3.958670
3.577390
3.612230
3.983440
4.123850
4.483600
4.205530
4.311030
4.071670
4.006280
3.966000
3.954930
4.247630
4.635560
4.478400
4.602860
4.087280
3.991160
3.934540
4.051460
3.797350
4.404090
4.380990
4.268890
4.240970
4.243740
4.300380
4.063910
4.183510
4.470880
4.477320
3.953200
3.882820
4.303940
4.695660
4.147950
4.515470
4.771820
4.331800
3.878260
3.959080
4.334970
4.240690
3.990730
4.099100
4.034360
4.297450
3.865780
4.122760
3.851030
3.737510
3.606590
3.538400
3.590580
3.797550
3.919090
3.861780
3.663580
3.720200
4.085110
3.948430
3.654610
3.444920
3.247000
3.380480
2.972470
3.266310
3.160070
3.188140
2.800590
2.809150
3.170500
2.970290
2.955800
2.885970
2.570180
3.003730
2.929550
2.966150
3.109530
3.325330
3.442680
3.707110
3.644220
3.127810
3.140170
2.983890
3.074210
2.993780
3.046880
3.049300
3.076790
3.484260
3.394070
3.283830
3.581100
3.681370
3.490950
3.592050
3.701950
3.473170
3.572130
3.314170
3.109420
3.554750
3.555040
3.511510
3.626470
3.241580
3.411060
3.178440
3.741240
3.799780
3.841760
4.222050
3.442370
3.332120
3.484780
3.676460
3.288250
3.406130
3.351050
3.570570
4.130060
4.812680
4.207460
4.259150
3.791440
4.197500
3.673990
3.709520
3.903290
4.098260
4.014300
3.841780
3.579030
4.466300
3.998700
4.403910
3.931630
3.393780
3.984750
3.859100
3.928330
4.062660
4.185840
3.608390
3.775150
3.637890
4.138080
3.990370
3.790870
4.119350
3.663250
3.991470
4.472640
4.062510
4.215280
4.095940
4.132930
3.948320
4.843890
3.879180
3.693000
3.499100
3.362930
3.698130
3.595070
3.993170
3.719170
4.081720
3.827030
3.597430
3.519020
3.384200
3.607970
3.449900
2.961650
3.111000
3.247810
3.004590
3.073070
3.671440
3.620030
3.326210
3.413140
3.756060
3.117370
3.048890
3.163750
3.476270
3.380300
3.391740
3.251430
3.676060
3.919400
3.634830
4.064810
3.772190
3.790780
3.459090
3.941740
4.218220
3.292330
3.427450
3.910990
3.927200
4.243430
4.631530
4.757290
4.273560
4.293100
3.795870
4.247260
3.764990
4.159050
4.319360
3.805510
3.687420
3.775490
3.592410
3.718850
3.363010
3.494530
3.201820
3.169440
3.001610
3.331800
3.795910
3.313180
3.080040
3.886670
4.041970
3.113470
3.614880
4.019060
3.801780
3.824650
3.310130
3.020700
3.785310
3.920040
3.916780
3.759730
3.801330
4.041870
4.379320
3.341710
3.441830
3.232190
2.841940
3.269470
3.038380
2.980980
2.981840
3.291910
3.794210
4.073640
2.749320
3.042540
2.856340
3.363940
3.507800
2.910990
3.203760
3.818630
3.807590
3.002940
2.934130
3.621550
3.525160
3.224950
2.910440
3.492630
3.547790
2.980590
3.094620
3.327130
3.067790
2.909500
2.831160
2.593940
2.993620
3.124560
3.135740
2.842990
3.027580
2.591970
3.088530
2.856820
2.815180
2.837020
2.763860
2.586170
2.453560
3.107680
2.745350
3.012240
3.106870
2.969020
2.752330
3.010040
3.090310
2.883830
2.711460
2.764740
3.111380
2.952390
3.154320
3.093660
4.091510
4.220760
4.052710
4.171010
4.439520
4.268310
4.332870
3.497390
3.504390
4.066100
3.971680
3.859490
2.839830
3.065620
2.775050
2.695660
2.656410
2.979090
3.758140
3.510700
3.655100
3.950050
3.580350
4.015010
3.337140
4.000030
3.061630
2.789600
2.630140
2.667350
2.820780
2.808250
2.868520
2.833600
2.940670
3.831230
3.176440
3.420610
3.698940
3.671200
3.691390
3.602070
3.199640
3.082370
2.946620
3.446000
3.147360
3.476080
3.743630
2.818790
2.924860
2.776530
2.915170
3.440400
3.055150
2.976710
3.188770
3.834690
3.290380
2.940080
3.521540
3.383680
3.278650
2.674730
2.680800
3.510950
3.157760
3.392300
2.805500
2.858140
3.194140
2.858950
3.086670
2.883430
2.999780
3.068710
3.040340
2.870030
3.079450
2.893350
2.522190
2.650540
2.837700
2.838710
2.398400
2.546730
2.845470
2.698480
2.662780
2.700030
2.541150
2.527480
2.493120
2.569750
2.647290
2.844470
3.018130
2.567190
2.448770
3.023820
2.479900
2.374600
2.656240
3.048110
2.797710
2.588010
2.901220
2.865450
3.191500
3.155900
3.089390
3.612670
3.281650
2.971680
3.174240
3.009460
2.609230
3.311840
3.106180
2.417260
2.506200
2.683220
2.604320
2.895490
2.722220
2.770680
2.126940
2.568720
2.493570
2.299890
2.634250
2.686090
3.155340
2.905870
2.850950
2.892410
3.157990
2.860850
2.668670
3.355060
2.853100
2.791320
3.383000
3.739990
3.657000
3.816340
4.004010
2.462490
2.885390
3.670790
3.165700
3.289960
3.326850
2.638550
3.424030
3.503350
2.895970
3.449510
3.823320
3.692630
4.029050
3.656360
3.452340
3.451190
3.711960
3.909240
3.469730
3.606890
3.423340
3.589490
3.382350
3.045020
3.478260
3.125670
2.791390
3.076300
3.176110
3.677520
2.996160
3.113580
2.994020
3.402850
3.167650
3.163940
3.206970
2.837290
3.114520
3.070100
3.127950
2.996360
3.222360
2.800850
2.920620
2.402450
2.851060
3.397950
2.823390
2.680620
3.022120
3.340290
2.808050
2.933980
3.431330
3.133080
2.803630
2.642670
3.211410
2.949650
2.538820
2.653560
1.962270
2.392220
2.768840
2.540790
2.767770
2.817350
3.434610
3.742610
4.262590
4.095500
3.484290
3.448690
2.992960
3.018560
4.010210
3.537140
4.446260
3.612590
3.634280
3.776280
3.378930
3.961750
2.596230
2.325710
3.297340
3.304590
2.716810
2.521170
2.723480
2.566190
3.035430
2.835900
3.329390
3.319910
3.540320
3.385220
3.223860
4.048120
3.382270
3.404300
3.126750
3.876730
2.652320
2.709590
3.126410
2.889760
2.804890
2.987020
3.262300
2.856750
2.587580
3.557380
3.085350
3.425520
3.083200
2.655310
2.422490
2.233440
2.411980
2.443360
2.123830
2.581020
2.366810
3.116840
3.706580
2.604660
2.740540
2.718780
2.504910
2.833950
1.831800
2.816390
2.684250
2.541380
2.376110
1.837000
1.980060
2.085700
2.385470
2.176450
2.607520
2.344520
2.355660
2.212220
2.537120
2.201670
2.463880
2.403930
2.160040
2.210290
3.095770
2.514070
2.671790
2.298700
2.303950
1.826800
2.218070
2.185580
2.026260
2.016190
2.186380
2.284750
2.330930
2.025260
2.011640
1.599350
1.649210
1.591760
2.298160
2.980950
2.381460
2.057920
2.257410
2.977760
2.518330
2.910510
2.350920
2.435640
1.917330
