0.329395
0.336891
0.244192
0.390935
0.179817
0.251425
0.235672
0.255329
0.33423
0.316182
0.446307
1.48803
0.47109
0.512425
0.729068
1.47113
0.721095
1.12945
0.287949
0.716526
1.44136
0.427994
2.34018
0.538379
0.468848
0.398575
0.478853
0.418656
1.18138
1.45021
2.75781
0.783206
0.948622
0.913769
0.670332
1.86226
1.76634
1.68271
2.88643
0.479435
0.602121
0.609621
0.64639
0.951215
0.90549
0.994378
1.16944
0.835404
1.25601
1.37359
0.753338
1.46416
1.5604
1.80475
0.992359
0.998118
0.717315
0.591168
0.81203
0.691955
0.756153
1.12074
0.971597
1.58556
1.30433
1.77786
2.16859
1.54537
1.14121
1.1337
1.58961
1.0243
0.923492
0.686957
0.987632
0.938506
0.914949
1.02386
0.663334
1.17229
1.16702
1.20157
0.912078
0.859998
0.976456
1.1557
1.29577
0.902405
0.60543
0.809418
0.856923
0.690312
0.78384
0.88755
0.817464
0.672729
0.749229
0.710048
1.40307
1.21588
0.947601
0.93976
1.10066
1.29731
1.48878
1.41438
0.645006
1.03701
0.632975
0.693749
0.874178
1.21108
1.4296
1.07361
0.828101
0.882659
0.434903
0.587418
