1.280840
1.381140
1.440570
1.588000
1.508500
1.273600
1.313330
1.441230
1.166950
1.225580
1.261990
1.622330
1.416710
1.235950
1.186380
1.211430
1.245020
1.341470
1.472410
1.365230
1.441300
1.227130
1.346900
2.035430
1.708720
1.773900
1.717520
1.666060
1.685360
1.433820
1.477650
1.176560
1.027100
1.072630
1.471150
1.960780
1.585870
1.440930
1.173450
1.255880
1.582570
1.320930
1.400040
1.735490
1.356250
1.355640
1.342430
1.265800
1.419770
1.413850
1.345620
1.363460
1.393320
1.171720
1.243330
1.250520
1.562670
1.832280
1.601910
1.605690
1.510860
2.026040
1.888070
1.933230
1.672930
1.785600
1.825590
1.852960
1.467560
1.641560
1.568300
1.469310
1.663130
2.053600
1.957660
1.897260
1.946320
1.868440
1.593890
2.196300
1.971530
1.812730
1.934710
2.109880
1.864200
2.105940
1.874370
2.241230
2.329260
2.092990
1.878480
2.225520
1.885520
1.964890
1.728880
2.201880
1.664210
2.141330
1.803150
1.904680
2.135370
1.986130
2.183360
2.356390
1.943740
1.878700
2.318500
2.147200
1.899810
1.938810
2.858540
2.161730
1.870970
2.338810
2.275160
2.275820
1.781980
2.724790
2.040640
2.491200
2.389070
2.365220
1.829930
2.425710
2.449600
2.351350
2.279690
2.423000
2.532670
2.044950
1.983870
2.292290
2.674590
2.223690
2.543750
2.112040
2.473770
3.062220
2.653850
2.387450
2.318010
2.288280
2.090710
1.967270
2.007690
2.157110
2.381590
2.190690
2.029290
2.233070
1.961410
2.092590
2.331580
2.384730
1.907400
2.369360
2.252380
2.349370
2.757650
1.877330
2.357810
2.131370
2.353880
2.305360
2.162620
2.327810
2.308210
1.911030
2.129640
2.247230
2.651010
2.323230
2.951040
2.362010
2.210620
1.835910
2.513890
2.422010
2.610210
2.348070
2.636770
2.959310
2.772970
3.331070
2.950490
3.270660
3.686920
3.186560
2.374990
2.907490
3.391810
2.039140
2.305980
2.751600
2.381400
2.528060
2.187210
2.520890
2.347880
2.465650
2.952080
2.566320
3.229460
2.367940
3.270600
2.838780
2.690790
2.718200
2.517230
2.838180
2.970120
2.851390
3.708160
3.870860
3.609610
3.408190
3.109410
2.885210
3.009230
3.264050
3.126230
3.262320
3.017850
3.823870
2.875070
3.473450
3.588940
3.448620
3.115810
3.530750
3.260890
3.176790
3.277330
2.596380
3.010520
3.481300
3.152060
3.421280
2.865620
4.169170
3.870240
3.702760
3.543240
4.538150
4.344040
4.914320
4.498620
3.530650
3.711270
3.315670
4.110430
3.484750
4.335720
3.667130
