0.505469
0.756558
0.668739
0.791827
1.09145
1.39502
1.20636
0.959072
1.10292
1.01849
1.01304
0.979391
0.784521
0.797411
0.782339
0.910066
0.80996
0.672113
0.776798
0.727021
0.633941
0.478033
0.55813
0.527286
0.529798
0.456238
0.608515
0.635378
0.602159
0.492425
0.558897
0.550785
0.484787
0.504788
0.490596
0.483717
0.513096
0.504292
0.510197
0.521588
0.518768
0.578475
0.53007
0.546284
0.498144
0.441254
0.531096
0.48295
0.466778
0.415757
0.448019
0.460748
0.488628
0.534227
0.45154
0.595958
0.591973
0.584726
0.56356
0.617059
0.591734
0.497329
0.405337
0.599856
0.549479
0.599757
0.57628
0.586481
0.630347
0.460584
0.592727
0.60522
0.537744
0.592072
0.497403
0.521595
0.523616
0.458821
0.490197
0.473668
0.496705
0.4739
0.58541
0.474476
0.460209
0.558898
0.479156
0.575062
0.436749
0.594766
0.499923
0.574015
0.432066
0.492128
0.56573
0.552928
0.487804
0.537152
0.402228
0.530059
0.554905
0.483753
0.563694
0.539805
0.510712
0.476823
0.412694
0.372633
0.427423
0.474618
0.398511
0.423781
0.461422
0.424968
0.522791
0.382448
0.443433
0.517475
0.38641
0.441874
0.433865
0.479347
0.414934
0.50217
0.438886
0.442877
0.438223
0.348519
0.410185
0.408437
0.3698
0.346452
0.377979
0.326815
0.376645
0.31773
0.395609
0.426449
0.299649
0.375165
0.302337
0.381699
0.362395
0.310905
0.338903
0.425514
0.373098
0.352638
0.258177
0.361188
0.365106
0.379547
0.376124
0.31782
0.448709
0.377117
0.441058
0.337344
0.333835
0.362276
0.443741
0.339256
0.398407
0.280405
0.350221
0.350854
0.353632
0.398825
0.40657
0.328496
0.308184
0.333608
0.219235
0.437202
0.312205
0.278148
0.364084
0.403887
0.244286
0.387024
0.282388
0.325189
0.247142
0.338778
0.267817
0.281136
0.417132
0.315129
0.297307
0.286617
0.223198
0.364692
0.261321
0.301198
0.227212
0.30229
0.259155
0.249553
0.25723
0.200692
0.252035
0.186181
0.172927
0.174591
0.228317
0.217772
0.218863
0.173738
0.178549
