0.403368
0.373795
0.413145
0.421344
0.407601
0.384052
0.390295
0.345282
0.343747
0.352282
0.45211
0.344365
0.480346
1.11857
1.13577
1.01149
1.04056
1.00659
0.658015
0.663505
0.943883
0.602567
0.672806
0.729149
0.7786
0.906441
0.695708
0.66626
0.625275
0.459396
0.460221
0.310058
0.295275
0.24685
0.286962
0.286405
0.313179
0.314587
0.283689
0.465514
0.324605
0.308512
0.357848
0.353045
0.387647
0.299333
0.403194
0.641055
0.591182
0.628058
0.892806
0.812989
0.354448
0.51955
0.422286
0.287304
0.757903
0.618636
0.585129
0.476688
0.484067
0.530501
0.727439
0.783246
0.698446
0.595129
0.675544
0.573441
0.623834
0.51205
0.596486
0.451376
0.491074
0.34402
0.393961
0.384927
0.411618
0.396952
0.376376
0.350159
0.397615
0.416469
0.382838
0.397122
0.351503
0.396014
0.396841
0.425666
0.387196
0.448028
0.476021
0.429945
0.37661
0.375221
0.406743
0.335149
0.415873
0.341912
0.372953
0.173006
0.240359
0.408988
0.453999
0.606858
0.487522
0.493378
0.432864
0.469074
0.499311
0.458697
0.480305
0.405365
0.377669
0.432969
0.407977
0.344704
0.374406
0.407589
0.446324
0.403598
0.4104
0.35862
0.360219
0.342446
0.342489
0.408455
0.352519
0.425534
0.421669
0.41422
0.388332
0.381661
0.369963
0.331389
0.359148
0.359406
0.257948
0.408789
0.394363
0.419229
0.431059
0.356571
0.385916
0.54515
0.395509
0.435715
0.349372
0.394947
0.35232
0.344585
0.408945
0.317555
0.282269
0.390677
0.345002
0.396644
0.362373
0.356417
0.332983
0.336318
0.33546
0.345224
0.330727
0.327438
0.348429
0.385468
0.340731
0.36307
0.311916
0.303358
0.308205
0.288512
0.284529
0.279278
0.289864
0.285605
0.296766
0.313581
0.318586
0.297282
0.321594
0.295453
0.310495
0.317211
0.326232
0.295656
0.279035
0.30305
0.304759
0.276123
0.377391
0.32898
0.321937
0.307145
0.342386
0.342481
0.312871
0.383371
0.318076
0.291679
0.309507
0.309445
0.285562
0.334011
0.283961
0.292785
0.298885
0.256558
0.273575
0.262371
0.269215
0.29527
0.301972
0.305103
0.313477
0.311809
0.340197
0.325437
0.399125
0.301896
0.3009
0.333292
0.333449
0.321519
0.278115
0.306137
0.290251
0.324977
0.288334
0.32534
0.273196
0.272969
0.375276
0.338212
0.313102
0.303738
0.274879
0.277093
0.234351
0.235399
0.254396
0.284858
0.300712
0.319486
0.344065
0.29144
0.320917
0.324134
0.283433
0.308701
0.298248
0.250202
0.315977
0.238127
0.257693
0.25803
0.248128
0.281915
0.304837
0.269302
0.262367
0.21802
0.247779
0.314997
0.254674
0.261765
0.266994
0.317022
0.247613
0.276864
0.277861
0.298627
0.27667
0.232693
0.226122
0.275834
0.260953
0.293534
0.261399
0.263821
0.270425
0.310063
0.290648
0.240699
0.369974
0.244147
0.302802
0.257309
0.261126
0.33128
0.299477
0.294192
0.269813
0.294474
0.250771
0.255305
0.261209
0.252496
0.255266
0.266388
0.293995
0.2526
0.236756
0.248447
0.228528
0.214239
0.233425
0.263845
0.2472
0.248714
0.238428
0.248084
0.276644
0.26371
0.25079
0.25824
0.275747
0.276056
0.30509
0.253315
0.281252
0.261466
0.252125
0.272433
0.284322
0.260746
0.30163
0.283035
0.314861
0.266522
0.222119
0.248821
0.265937
0.282884
0.264622
0.246411
0.279511
0.250678
0.258483
0.25171
0.222763
0.277063
0.233994
0.280259
0.240149
0.240207
0.251552
0.238908
0.248622
0.246613
0.240947
0.255437
0.231111
0.240171
0.257129
0.243947
0.23473
0.251399
0.23258
0.237979
0.223885
0.24261
0.212608
0.228119
0.229065
0.222521
0.246418
0.235117
0.244865
0.224905
0.228446
0.229596
0.218985
0.237489
0.216386
0.217519
0.217332
0.221868
0.1903
0.221139
0.218656
0.200936
0.196951
0.197618
0.216178
0.208721
0.221077
0.228663
0.225937
0.217352
0.234332
0.23853
0.215877
0.23821
0.270229
0.248533
0.271321
0.254791
0.20457
0.237727
0.231156
0.223041
0.219885
0.214912
0.227804
0.230914
0.240533
0.194699
0.208304
0.201706
0.219722
0.201014
0.188939
0.179302
0.194495
0.198454
0.189802
0.191662
0.232157
0.229405
0.194333
0.220607
0.25295
0.215659
0.221538
0.201282
0.207061
0.203537
0.202451
0.196
0.182644
0.195727
0.222566
0.211958
0.22389
0.205226
0.234584
0.197017
0.208155
0.22584
0.204597
0.213921
0.220582
0.233481
0.232797
0.204815
0.198233
0.187811
0.207138
0.210501
0.219696
0.207439
0.217024
0.213683
0.208098
0.198146
0.197014
0.172241
0.17739
0.210265
0.198179
0.22255
0.183473
0.204528
0.219001
0.205978
0.213669
0.21452
0.173159
0.209839
0.188212
0.191185
0.198257
0.17866
0.200932
0.192
0.179597
0.182718
0.170831
0.219677
0.188136
0.179346
0.18792
0.167427
0.166129
0.170835
0.157975
0.15681
0.17044
0.164258
0.141201
0.184124
0.148062
0.145421
0.149439
0.168585
0.151577
0.15987
0.182906
0.160129
0.157189
0.172794
0.219765
0.191814
0.196031
0.188025
0.204982
0.184264
0.176282
0.19047
0.18365
0.159735
0.164033
0.169455
0.134819
0.148427
0.151164
0.139109
0.146958
0.136682
0.138554
0.125419
0.156681
0.167054
0.159556
0.16372
0.148431
0.145839
0.157364
0.182829
0.160281
0.166524
0.146606
0.174865
0.148614
0.150825
0.159845
0.141728
0.157631
0.153628
0.174437
0.185487
0.193386
0.174515
0.170795
0.183137
0.177289
0.19214
0.197894
0.191253
0.188563
0.219281
0.218336
0.209995
0.174755
0.209183
0.141502
0.196995
0.187443
0.169731
0.175205
0.15399
0.154503
0.146599
0.190989
0.18293
0.232768
0.169796
0.181229
0.16024
0.166129
0.169407
0.152051
0.17898
0.160683
0.178298
0.182022
0.166727
0.154128
0.170558
0.189335
0.211785
0.151766
0.150593
0.142775
0.13578
0.159283
0.155367
0.135947
0.192764
0.167269
0.161336
0.195608
0.159011
0.190565
0.179087
0.160226
0.195541
0.124992
0.137361
0.168195
0.157678
0.149322
0.168981
0.166121
0.170196
0.156598
0.288781
0.187774
0.181053
0.238932
0.205928
0.180489
0.210687
