0.425035
0.527956
0.441577
0.432733
0.428259
0.4425
0.491123
0.461337
0.455363
0.576575
0.520474
0.557865
0.6093
0.49227
0.587859
0.453619
0.514761
0.509782
0.563961
0.510104
0.576587
0.51575
0.560365
0.50535
0.478134
0.644875
0.543816
0.547893
0.588665
0.624533
0.708776
0.608147
0.696325
0.615856
0.749985
0.806413
0.912628
0.861119
0.926541
0.771181
1.21419
1.77052
1.46208
1.42713
1.56308
1.34559
1.54302
1.62711
1.57467
1.82703
1.62077
1.53401
1.72671
1.36547
1.63479
1.63721
1.44824
1.72319
1.30685
1.33224
1.0539
1.3705
1.3501
1.27206
1.23682
1.6139
1.32292
1.1364
1.76028
1.11534
1.28463
1.31438
1.39
1.43981
1.66476
1.34299
1.15188
1.41597
1.30718
1.44693
1.37881
1.48705
1.25875
1.30399
1.2488
1.36718
1.29693
0.997241
1.05845
1.10283
0.841309
0.892156
1.12922
1.05875
1.18789
1.10776
1.02483
1.42246
1.22557
1.14389
1.07724
1.20082
1.24483
0.991498
0.824078
