1.44913
1.76799
2.11774
3.02686
11.2191
11.1508
8.99194
12.9215
7.70289
8.96085
7.38641
5.9615
6.34754
5.37023
6.05179
5.60955
4.33281
7.84741
6.96458
6.36132
7.32247
8.44199
5.96044
7.27669
8.09909
6.72712
6.70447
8.06361
6.98725
7.30176
6.60145
6.31038
6.15594
6.97497
8.42166
6.64258
6.73215
5.34822
7.30101
5.38353
5.14148
4.90126
6.60557
5.07275
5.41701
5.29438
5.05612
5.25011
3.28323
4.88961
3.46991
4.34324
4.23038
3.194
3.77902
3.71141
3.06908
2.82529
3.19165
3.14159
3.38223
2.7802
2.97729
3.45225
2.35967
2.871
3.08168
2.65754
2.85501
2.71453
3.51511
2.8264
2.61895
3.44821
2.83438
2.31896
2.59591
2.8645
2.15967
3.32173
2.35181
2.55681
2.57864
3.1754
2.39816
2.45934
2.74961
2.47018
1.36381
2.82704
2.24643
1.76217
2.48065
1.84171
2.17062
1.68294
2.52856
1.44117
1.86293
1.98049
1.6705
2.50865
1.61265
1.62694
1.16688
1.73504
1.42554
1.17522
1.46617
1.5782
1.22856
0.819078
1.17859
1.26729
1.41271
1.12681
1.13953
1.6319
1.23334
1.35078
1.21233
1.60226
1.45424
1.18612
1.08086
1.17057
1.0905
1.17496
1.2379
1.09522
1.09639
0.924516
0.987562
1.1067
0.834033
0.712703
0.738687
0.715036
0.636627
0.603813
0.619821
0.592782
0.559657
0.570716
