1.00897
0.937387
0.971673
0.902851
0.979474
0.949336
1.06482
0.976367
1.00265
1.00264
1.21649
1.46291
2.03045
2.58072
2.52329
1.91045
2.12825
2.30167
1.35136
1.59356
1.7827
2.3835
2.44222
1.85554
1.74732
2.28721
2.12758
1.8429
2.33941
2.00382
2.01725
2.36556
2.49539
2.03784
2.30347
2.27991
2.15757
2.31763
2.46043
2.47988
2.34281
2.39272
2.58226
2.50482
2.11424
2.54143
2.54914
2.50616
2.34841
2.58845
2.53548
2.24573
2.2708
2.19474
2.07612
2.14301
2.18396
2.19419
2.13839
2.27115
2.216
2.25639
2.14168
2.15429
2.14517
2.19573
2.21472
1.93087
2.08489
2.08203
2.34321
2.15484
2.31243
2.10125
2.05639
1.95268
2.31599
2.17013
2.10078
2.10101
1.8294
2.10335
2.04366
2.06965
2.05992
2.0531
1.82615
2.05158
2.04212
1.9292
1.9984
1.84702
1.9734
1.99843
1.94166
2.11169
1.75298
2.07167
1.94626
1.64778
1.98991
1.89254
1.90287
1.8016
1.89597
1.97583
1.69639
1.56632
1.7631
1.95637
1.77606
1.8036
1.80201
2.00906
1.58309
1.74162
1.84974
1.64646
1.75835
1.48586
1.76208
1.7035
1.57558
1.80529
1.90111
1.55663
1.59393
1.49607
1.65725
1.5523
1.59526
1.82611
1.55134
1.63505
1.70068
1.63874
1.69861
1.67854
1.7672
1.59555
1.57171
1.46752
1.70674
1.57332
1.60692
1.45919
1.59824
1.5409
1.74531
1.64811
1.82716
1.7312
1.80624
1.82127
1.45818
1.77526
1.71433
1.3492
1.45861
1.60755
1.43555
1.30208
1.38391
1.2538
1.41546
1.29781
1.56514
1.46462
1.51566
1.5897
1.44174
1.46902
1.36314
1.39285
1.25688
1.41007
1.44145
1.62418
1.44713
1.23979
1.29141
1.03998
1.62833
1.02539
1.1277
1.20594
1.0904
1.22128
1.20087
1.24689
1.36499
1.321
1.22979
1.0599
1.16687
1.07934
