0.0537139
0.0491861
0.0667938
0.0620413
0.0577876
0.127266
0.210266
0.371047
0.212218
0.152943
0.163393
0.402165
0.193151
0.0852392
0.146015
0.109335
0.276743
0.32741
0.248844
0.282408
0.241242
0.139342
0.169696
0.150625
0.145075
0.16777
0.139182
0.12373
0.126003
0.12951
0.153452
0.173325
0.158096
0.23768
0.323475
0.318647
0.248888
0.231554
0.284961
0.320671
0.416037
0.314245
0.41942
0.43418
0.586195
0.294736
0.420785
0.381297
0.561014
0.433686
0.514384
0.512024
0.429323
0.464889
0.557231
0.542291
0.451576
0.604074
0.705855
0.430368
0.708955
0.545046
0.667566
0.571301
0.484015
0.712479
0.619444
0.809611
0.781259
0.765055
0.695733
0.935476
0.789726
0.898042
0.78961
0.748018
0.756171
0.792248
1.05206
1.08006
0.63731
0.547246
0.655268
0.633237
0.712706
1.16605
0.77711
0.950298
1.00527
1.10224
1.0601
1.13271
0.998975
0.969677
0.909346
1.00558
1.09183
0.996284
1.04814
0.969006
0.972649
1.02158
1.06432
1.05773
1.14213
1.12154
1.04362
1.17842
1.1308
1.34299
1.27321
1.40302
1.63
1.1048
1.17547
1.14008
1.2454
1.28655
1.35834
1.48788
1.51787
1.60054
1.41847
1.39985
1.54378
1.49617
2.11515
1.65157
1.40266
1.46349
1.86743
1.5663
1.67691
1.64455
1.61158
1.24174
1.40263
1.56732
2.24902
1.07435
1.03847
0.903405
1.44897
1.22816
0.69699
0.611939
0.972074
2.07403
0.978347
2.33729
2.06856
3.39451
3.69326
2.477
2.97579
4.34653
2.94078
2.05799
1.47184
2.2292
2.46348
4.65178
3.08267
2.80559
4.62921
4.2832
4.33585
5.18036
4.78813
2.01276
