3.616600
4.866060
3.632870
3.959070
4.033270
3.783840
2.895560
2.723700
2.922420
4.936800
3.516250
3.045280
4.093910
4.204690
4.352060
4.033270
4.898490
5.235010
5.233480
5.482390
4.748070
3.898270
2.750160
2.484380
4.029300
3.753870
4.117810
6.446760
12.432300
6.217300
3.522160
4.173790
6.646480
9.814960
8.856420
8.106650
5.932200
5.385220
6.916550
6.809920
8.151100
6.852400
5.931130
4.195400
4.856600
4.965850
5.735970
6.006330
7.882530
8.610520
9.800270
8.046250
8.231770
8.475060
7.947850
9.786060
10.758200
12.407200
11.335700
12.147100
10.517800
8.626530
8.986200
7.956090
7.432860
8.082610
7.766890
14.939000
8.767580
9.964710
9.774300
7.814440
10.126500
13.312000
8.174800
6.939620
5.290820
12.302000
3.632160
3.795830
4.179640
3.705830
4.025290
9.986620
3.934920
4.092730
4.136090
3.789180
4.656800
3.955060
4.211910
4.275420
4.251120
4.557750
4.141480
4.629120
4.527280
4.481000
5.716200
4.545150
4.901820
5.613000
6.745700
5.158270
5.641360
6.380240
7.612920
10.068300
8.403760
5.031320
6.121090
7.795390
6.583470
5.985770
6.528810
6.339410
4.946900
4.720340
4.565390
4.704900
5.084340
5.539950
7.440260
5.350140
6.904960
4.926900
5.487590
4.986930
5.287420
5.194640
4.998500
5.720340
5.375030
5.570630
6.463640
4.334710
5.474450
8.507120
5.192110
5.148610
5.502560
5.255450
6.591580
5.771260
5.687600
5.727320
5.805800
4.321500
5.467320
5.206300
6.484350
6.594630
6.277160
5.912590
