0.855927
0.508815
0.467362
0.370614
0.362135
0.411341
0.382714
0.361522
0.439466
0.461626
0.482189
0.544159
0.785377
1.76652
1.56214
1.66889
1.84624
1.61209
1.38117
1.51607
1.72631
1.3738
1.35259
0.972316
1.19955
1.73521
1.32019
0.919725
1.15446
1.01579
1.41883
1.37489
1.56946
1.32937
1.17903
1.52985
1.22382
1.30901
1.08981
1.23312
1.18196
1.29473
1.30043
1.47751
1.33806
0.952169
0.933758
1.22156
1.19563
1.30819
1.10668
1.30635
1.35583
0.893989
1.4353
1.13137
1.19766
1.4372
1.36789
1.11967
1.0426
1.11088
0.975454
1.23132
1.23103
1.2216
0.971539
1.19693
1.31456
1.26091
1.28873
0.991618
1.01247
1.07159
1.07287
1.08374
0.854659
0.944177
0.963403
0.973109
1.06618
1.01105
0.878545
0.763621
0.731829
0.63418
0.642097
0.731046
0.881067
0.665517
0.797225
0.875503
0.790227
1.02239
1.0401
0.972864
1.05343
0.823819
0.925782
0.920075
0.888321
0.827681
0.752984
0.732752
0.908731
1.02979
0.794511
0.950482
0.703075
0.763564
1.05044
0.89597
0.630711
0.940132
1.07065
0.908614
0.935242
0.921079
0.983755
1.00181
0.826568
0.819799
0.79739
0.985803
1.15273
0.971069
0.887095
1.21531
1.01674
1.24711
0.598976
0.986559
0.758576
0.793147
0.582961
0.377419
1.33687
0.964067
0.755764
0.397804
0.244535
0.565664
0.524069
0.441651
0.325192
0.526276
0.510992
0.485234
0.434186
0.558295
0.429619
0.366136
0.322976
0.464448
0.48717
0.350654
0.333991
0.485333
0.260816
0.333951
0.423608
0.45099
0.35937
0.423113
0.338966
0.219195
0.216447
0.187143
0.231664
