0.741312
0.728753
0.747924
0.729864
0.783456
0.76854
0.823864
0.787717
0.7851
0.808351
0.743504
0.777769
0.773086
0.786708
0.950401
1.0125
1.24569
1.29598
1.94421
1.59369
1.8187
2.03797
3.50956
3.47897
3.21648
2.46828
2.51774
2.66322
2.92307
2.07671
2.24744
1.63276
1.83316
1.82847
1.85757
1.92019
1.70689
2.43747
2.28606
2.38266
3.37886
2.28162
2.32543
2.71902
3.32144
2.26947
2.22998
2.30322
2.49499
2.32523
2.54634
2.66219
2.72234
2.13268
2.64909
2.59109
2.52597
2.13965
2.06892
2.23661
2.15308
2.44439
2.27106
2.2938
2.36648
2.33552
2.33184
2.30739
2.15878
2.16469
2.20133
2.05015
2.00248
2.14549
1.93146
2.29749
2.11967
2.46498
2.50677
2.23509
1.9495
2.38856
2.55035
2.28455
2.37527
2.61875
2.22575
1.93448
2.48991
2.08401
2.1014
2.13504
2.46076
2.15155
1.9675
2.23453
2.37908
2.36003
2.54793
2.02361
2.33528
2.22235
2.22932
2.05624
2.01169
2.24031
2.31076
2.2939
2.34316
2.10096
2.16073
2.23369
1.90564
2.32075
2.1084
2.30671
1.92346
2.02037
2.17833
2.42904
2.4535
2.34621
1.82591
2.26736
1.9824
2.17986
2.32568
2.44923
1.91395
1.96989
2.19163
2.28117
2.42038
1.98795
2.2756
1.93436
1.83296
2.13872
2.17905
2.228
1.4543
1.75059
1.82839
1.38798
1.49614
1.38544
1.47705
1.46123
1.5107
1.50475
1.2282
1.37912
1.27925
1.14495
1.33432
0.938132
1.29042
1.53734
1.24
1.23996
1.02307
1.13831
0.97708
0.806282
0.868666
0.798683
0.970225
0.809681
0.719625
0.610287
0.813956
0.743078
0.807738
0.66959
0.575988
0.68005
0.65751
0.809264
0.635394
1.01763
1.03313
0.920202
0.795263
