0.516088
0.534129
0.515801
0.598304
0.552622
0.46284
0.477305
0.499476
0.465695
0.580192
0.494423
0.518847
0.494785
0.555179
0.531017
0.492808
0.521869
0.573251
0.551189
0.533808
0.506368
0.552196
0.55087
0.61988
0.538903
0.635293
0.544085
0.554258
0.579049
0.54939
0.543548
0.490355
0.53115
0.544347
0.557653
0.479609
0.474719
0.521908
0.504726
0.486414
0.531971
0.544138
0.531889
0.493368
0.488123
0.482134
0.538273
0.526296
0.558507
0.468773
0.496359
0.556403
0.569302
0.526823
0.495643
0.549495
0.528729
0.499306
0.591658
0.473386
0.45748
0.51137
0.515127
0.574589
0.543316
0.68479
0.646311
0.586147
0.605783
0.61701
0.63172
0.590593
0.599197
0.589667
0.671754
0.513981
0.592843
0.623914
0.545097
0.618186
0.517786
0.512777
0.552682
0.533033
0.563108
0.57775
0.664049
0.532072
0.667911
0.587885
0.593215
0.582994
0.625284
0.605261
0.588158
0.608498
0.670693
0.532931
0.591533
0.576871
0.567444
0.521859
0.612857
0.590004
0.527564
0.604586
0.504778
0.580315
0.528485
0.522777
0.581482
0.570074
0.612461
0.542732
0.572686
0.572263
0.550476
0.641348
0.568948
0.553249
0.563753
0.6009
0.575703
0.596014
0.511685
0.567277
0.570073
0.54449
0.536008
0.523617
0.543386
0.534022
0.596401
0.602689
0.615565
0.520116
0.590363
0.572051
0.605007
0.537712
0.535406
0.630528
0.554456
0.535721
0.613906
0.586423
0.466915
0.55608
0.530914
0.547558
0.563206
0.590164
0.592647
0.626723
0.626762
0.555284
0.515583
0.556252
0.538745
0.571425
0.604107
0.534912
0.596009
0.576882
0.628445
0.578614
0.530598
0.604892
0.529006
0.586426
0.602334
0.640288
0.720483
0.498657
0.745553
0.489682
0.594408
0.625954
0.624977
0.583297
0.645998
0.672451
0.581197
0.669223
0.619864
0.583323
0.64848
0.585312
0.567734
0.508002
0.616412
0.564376
0.58232
0.447495
0.632171
0.545744
0.612243
0.585226
0.62121
0.626805
0.600736
0.66813
0.595037
0.52578
0.599309
0.595189
0.637274
0.662948
0.610888
0.679333
0.748108
0.796791
0.72002
0.758493
0.725882
0.765768
0.801424
0.72663
0.684382
0.647914
0.681665
0.691623
0.727905
0.651631
0.685265
0.710706
0.69922
0.662775
0.583038
0.568266
0.671538
0.625744
0.598704
0.600767
0.61885
0.635924
0.609052
0.679594
0.686631
0.705914
0.635719
0.693304
0.752524
0.724838
0.622227
0.668233
0.685483
0.694249
0.659168
0.756802
0.679522
0.68704
0.776611
0.732933
0.695197
0.662343
0.745478
0.675679
0.721822
0.682324
0.744388
0.744367
0.745585
0.711264
0.802904
0.714519
0.814808
0.700921
0.735152
0.757626
0.738235
0.789867
0.738974
0.758194
0.72997
0.745758
0.78417
0.835686
0.770455
0.786657
0.791574
0.712376
0.762734
0.710543
0.72567
0.740283
0.707764
0.730926
0.700287
0.722851
0.713055
0.734613
0.73979
0.714076
0.67323
0.684151
0.691922
0.721239
0.622798
0.658594
0.670354
0.691211
0.672147
0.634915
0.675403
0.65575
0.644304
0.676315
0.684561
0.681538
0.676886
0.66158
0.651988
0.671914
0.593729
0.607711
0.614628
0.637744
0.701104
0.615132
0.646538
0.652896
0.651426
0.596031
0.623298
0.59063
0.650106
0.578024
0.6432
0.699734
0.650932
0.645882
0.711463
0.644661
0.646711
0.668776
0.683422
0.698886
0.757215
0.771695
0.805347
0.771707
0.734488
0.746662
0.815435
0.748027
0.784382
0.7544
0.817966
0.713484
0.696278
0.703459
0.783045
0.814884
0.784972
0.743579
0.811344
0.708007
0.682677
0.751567
0.790532
0.764883
0.827817
0.797613
0.779121
0.758849
0.744219
0.719616
0.79949
0.760019
0.822446
0.742051
0.750748
0.738753
0.744438
0.775596
0.773836
0.744705
0.735471
0.750941
0.734851
0.709988
0.71559
0.769863
0.718891
0.645074
0.718178
0.694117
0.740368
0.698867
0.705785
0.724803
0.730564
0.717971
0.75941
0.729062
0.735985
0.682321
0.696636
0.732911
0.724094
0.731397
0.727629
0.679138
0.751346
0.755303
0.695354
0.69584
0.684344
0.721776
0.705326
0.6669
0.706457
0.716643
0.718955
0.731531
0.701674
0.711399
0.757302
0.708754
0.701492
0.686892
0.726746
0.693831
0.696593
0.713923
0.725238
0.677625
0.710242
0.67509
0.631026
0.681182
0.711006
0.687939
0.615869
0.689452
0.677333
0.696083
0.665546
0.682397
0.739862
0.653377
0.618729
0.662151
0.608426
0.637915
0.659747
0.64193
0.682966
0.611636
0.652088
0.642563
0.614051
0.612122
0.645542
0.611499
0.662023
0.595053
0.682873
0.59732
0.671119
0.582947
0.645379
0.690052
0.628325
0.643828
0.638498
0.587789
0.561995
0.628158
0.598224
0.598521
0.630169
0.601496
0.586488
0.656376
0.649776
0.657851
0.630166
0.62943
0.58559
0.657893
0.64709
0.651533
0.648518
0.610962
0.639425
0.562446
0.593257
0.608793
0.606027
0.569345
0.581669
0.617354
0.576269
0.582559
0.591461
0.598623
0.600932
0.563997
0.587066
0.609698
0.570881
0.552154
0.554751
0.597735
0.593387
0.554968
0.544847
0.524841
0.567796
0.534714
0.555834
0.554639
0.573743
0.522877
0.566132
0.565288
0.518507
0.525983
0.528267
0.529932
0.502095
0.489514
0.533205
0.499567
0.507115
0.498192
0.465422
0.491226
0.482485
0.477744
0.467347
0.47863
0.42152
0.469543
0.450624
0.455677
0.435932
0.427131
0.419622
0.428125
0.435746
0.454263
0.451092
0.453282
0.43796
0.424094
0.408236
0.396062
0.397481
0.393912
0.393144
0.394614
0.4045
0.41098
0.408347
0.411754
0.389759
0.364703
0.380765
0.384171
0.409514
0.407967
0.418511
0.375494
0.361625
0.364693
0.355109
0.367197
0.357371
0.378842
0.349934
0.358829
0.372283
0.354059
0.326396
0.357258
0.353313
0.338246
0.380545
0.421154
0.421702
0.400261
0.431574
0.379354
0.408052
0.439868
0.440015
0.440057
0.42345
0.404125
0.401356
0.394024
0.369925
0.417916
0.418135
0.410679
0.420608
0.400982
0.392963
0.401973
0.419351
0.414787
0.408191
0.415291
0.397238
0.384145
0.430124
0.396158
0.404496
0.41
0.377193
0.405951
0.39765
0.405356
0.408054
0.375616
0.392516
0.390622
0.390665
0.431661
0.415969
0.424329
0.396479
0.423842
0.428231
0.425925
0.428704
0.43295
0.444966
0.444327
0.436989
0.436301
0.420977
0.464186
0.445045
0.465229
0.444791
0.447905
0.470845
0.468112
0.469505
0.47261
0.478228
0.481468
0.489542
0.501103
0.488579
0.485309
0.485819
0.51988
0.487961
0.465499
0.494655
0.502353
0.498195
0.511825
0.493008
0.505522
0.501858
0.49081
0.525479
0.499688
0.525184
0.488948
0.501264
0.516341
0.495934
0.484328
0.470925
0.526578
0.494033
0.50447
0.516246
0.469607
0.498292
0.490573
0.496198
0.528839
0.494726
0.510314
0.498883
0.511663
0.516955
0.528052
0.529342
0.565607
0.546877
0.544544
0.551866
0.552772
0.544863
0.549518
0.547143
0.525165
0.531937
0.562382
0.525629
0.550552
0.576171
0.575913
0.572042
0.557984
0.590148
0.57645
0.568285
0.593458
0.580212
0.552977
0.536945
0.574049
0.556214
0.586059
0.593229
0.604784
0.604988
0.591856
0.58585
0.583604
0.613951
0.594154
0.607724
0.58355
0.581031
0.606652
0.615378
0.629097
0.660512
0.638375
0.620209
0.624333
0.625852
0.608369
0.661906
0.682921
0.645123
0.66398
0.639023
0.651649
0.653842
0.695518
0.654343
0.659622
0.674183
