0.540851
0.40628
0.410831
0.381515
0.482541
0.816581
0.817567
0.636352
1.13707
1.40958
1.54425
1.77039
1.59351
1.39037
1.32266
1.56755
1.43367
1.3882
1.46024
1.49901
1.26959
0.798874
0.623105
0.66481
0.602037
0.527067
1.328
1.62289
1.58651
1.03898
1.19411
1.16033
0.815024
1.26693
1.10206
0.926865
0.877699
0.858936
0.917106
0.927834
0.92978
1.19781
1.01557
1.14358
1.03825
0.972988
1.24546
0.910594
0.875651
0.928598
1.14807
1.19006
1.19185
1.17486
1.00769
1.0658
0.945988
1.14264
1.02462
1.36148
1.21131
1.28554
1.36195
1.06646
1.29945
1.32322
1.42043
1.34147
1.36652
1.61934
1.43629
1.48602
1.69758
1.64303
1.58783
1.44741
1.76622
1.77812
1.66754
1.67972
1.622
1.83652
1.68562
1.6821
1.66373
1.57325
1.81472
1.7946
1.81593
1.71083
1.52826
1.2511
1.31892
1.45291
1.29825
1.27895
1.23065
1.1926
1.19647
1.15883
1.25774
1.10378
1.09482
1.09945
1.2433
1.00602
1.15168
1.08255
1.04115
1.13834
1.10149
1.04251
0.949032
0.929444
1.07578
0.877649
0.95317
0.970133
0.930492
0.965211
0.915242
0.895486
0.770063
0.83918
0.758434
0.798298
0.928847
0.817029
0.76445
0.809263
0.87298
0.788308
0.76648
0.899139
0.737247
0.787647
0.756001
0.785989
0.764442
0.873231
1.06259
0.666114
0.804979
0.8107
0.792687
0.820019
1.01441
1.02375
0.796287
0.574076
0.801982
0.872487
0.804735
0.927922
0.72942
0.613692
0.655531
0.569594
0.535886
0.66863
0.563066
0.471043
0.583012
0.488388
0.419136
0.516085
0.569132
0.550804
0.522928
0.591012
0.648258
1.27388
1.04761
0.924554
0.985099
0.962014
0.714054
0.577204
0.555015
0.665343
0.703251
0.769826
0.899572
0.58336
0.882322
0.905287
1.2439
1.07439
0.80617
0.598167
0.596363
0.629241
0.591734
0.583241
0.560068
0.607628
