0.500056
0.609544
0.631253
0.828681
1.20773
3.7154
1.54999
4.09307
4.92503
4.95406
3.77126
3.25472
3.02095
3.79586
3.44266
3.14247
3.03238
3.38968
2.42281
2.68495
2.33092
1.72853
2.04341
2.23061
2.77109
3.00509
3.04949
3.37105
2.70761
2.89254
2.66562
3.04538
2.53958
2.21301
2.5113
1.79039
2.70048
2.32865
3.00051
2.52689
3.58299
2.49084
2.38849
3.37162
2.73708
2.24311
3.21155
2.32108
2.72232
2.38957
2.89831
2.06207
2.07172
2.17252
3.40705
2.46788
2.92074
2.15662
1.98951
2.65527
2.56406
2.20259
3.03384
1.7907
2.28251
2.55086
2.77197
2.84771
2.00859
2.04655
1.8604
1.9443
2.61103
2.31365
2.34778
1.89197
2.3406
1.85679
2.01624
1.94061
2.17277
2.19854
2.34818
2.39015
1.41165
1.47002
1.58607
2.62696
2.50264
1.46196
1.84619
1.72424
2.00292
1.79112
2.12355
1.74257
2.0452
2.11169
2.02251
1.45196
1.65399
1.58789
1.61537
1.54422
1.55665
1.73278
1.49854
1.30147
1.62136
1.49287
1.20222
1.49181
1.24178
1.80162
1.55679
1.36585
1.39146
1.61687
1.5892
1.48152
1.21377
1.52299
1.3027
1.39382
1.5581
1.52975
1.3041
1.32144
0.988568
1.42555
1.33983
1.35714
1.16584
1.07539
1.26727
1.42605
1.17999
1.33844
1.19117
1.66706
1.00565
1.06637
1.34509
1.09364
1.10073
1.58413
1.5389
1.10863
1.05279
0.914554
1.14119
1.29668
1.04291
1.46379
1.22992
1.11783
1.33041
0.916044
1.32795
1.07353
0.9094
1.13644
1.18598
1.63716
1.43423
1.24546
1.51427
0.898363
1.1844
1.38321
1.55914
1.10642
1.33262
1.07547
0.945076
1.1194
1.29288
1.14796
1.25088
0.936968
1.00202
0.917785
0.945077
0.934636
0.930051
1.14714
1.70583
1.17316
0.790118
0.876771
1.17158
0.994983
1.1602
1.2039
1.29524
1.22002
0.956034
1.37035
1.36847
1.17817
1.23282
1.15166
0.883556
1.08406
0.909773
1.16844
1.30146
0.949629
1.15131
1.15706
1.32933
0.696205
0.791686
1.20333
1.00022
0.725738
0.759485
1.62637
1.39193
1.06343
0.551686
1.32291
0.926012
0.717012
0.590027
0.831331
0.679083
1.41397
0.80647
0.584502
0.874925
0.910856
1.2455
0.845628
0.989411
0.578417
1.47009
0.578376
0.565826
0.589041
0.652762
0.697011
0.527205
0.978491
0.864216
0.90782
0.75706
0.608662
0.782067
0.661461
0.561578
0.611033
0.56203
0.628286
0.712151
0.862367
0.572414
0.817161
0.948477
0.571385
0.905183
0.673264
0.408741
0.513776
0.752313
0.411931
0.797665
0.589204
0.508962
0.388621
0.499537
0.582957
0.366458
0.427957
0.409909
0.341939
0.535429
0.428595
0.447217
0.486957
0.425546
0.431672
0.333515
0.235971
0.370774
0.342192
0.460957
