0.203499
0.201276
0.193843
0.194024
0.172311
0.183043
0.148437
0.169882
0.134887
0.12754
0.177635
0.146931
0.143413
0.191138
0.129286
0.18572
0.189052
0.209582
0.234141
0.203485
0.229484
0.246446
0.274151
0.23951
0.145831
0.123763
0.0989799
0.0815744
0.0823508
0.119866
0.0912097
0.0928149
0.0937483
0.0977073
0.0910013
0.105266
0.0690029
0.113006
0.117884
0.111014
0.12513
0.160209
0.166866
0.187315
0.190877
0.209064
0.236797
0.23908
0.246691
0.266936
0.208195
0.212515
0.228227
0.274417
0.259467
0.261611
0.242879
0.296963
0.315982
0.30644
0.336876
0.366289
0.368748
0.314829
0.36145
0.374303
0.434809
0.394889
0.443685
0.420394
0.311172
0.410844
0.404009
0.397103
0.460009
0.48082
0.514226
0.465007
0.559095
0.562144
0.506673
0.465964
0.554217
0.555376
0.519803
0.558693
0.626358
0.569777
0.709651
0.629169
0.691484
0.848018
0.709652
0.714313
0.710887
0.696024
0.703437
0.968291
0.790861
1.11744
0.945354
0.919006
0.932824
0.914315
0.993142
0.724431
0.80188
0.722029
0.816005
1.07291
0.834793
0.716491
1.02154
0.775027
1.07063
0.759308
0.867692
0.826648
1.05664
0.754136
1.06388
1.25782
0.812917
1.181
0.9343
1.1176
0.960926
1.11874
1.15581
1.28162
0.944817
1.1063
1.61886
1.03567
1.29237
1.08489
1.27991
1.53017
1.38601
1.43449
1.3453
1.31261
1.01725
1.1309
1.52835
1.18376
1.30131
1.24269
1.35764
1.42499
1.30635
1.61932
1.61341
1.68565
1.60413
1.23017
1.35198
1.55929
1.50473
1.55875
1.55898
1.74656
1.55309
1.57306
1.69516
1.51028
1.922
1.82196
1.67258
1.9965
1.78007
1.85454
1.95365
1.87197
2.2555
2.23121
2.40581
2.30717
2.24861
2.4111
2.61906
2.04729
1.90123
2.42071
2.45492
2.43511
2.33311
2.36049
2.25002
2.01651
2.37834
2.68287
2.1862
2.13404
2.15142
1.98169
