0.0906636
0.163917
0.128153
0.125993
0.100492
0.0884425
0.130312
0.182462
0.172888
0.171282
0.181216
0.167088
0.157747
0.136105
0.205433
0.26057
0.249827
0.321983
0.230139
0.233579
0.267777
0.327985
0.256303
0.265362
0.295652
0.292355
0.277821
0.299784
0.261669
0.251005
0.305334
0.375915
0.335825
0.372777
0.424501
0.369885
0.444515
0.451447
0.54364
0.491061
0.331029
0.317003
0.390506
0.448236
0.536583
0.630809
0.504629
0.430528
0.548363
0.407283
0.600496
0.61128
0.546039
0.51773
0.526483
0.377695
0.518806
0.669305
0.587984
0.751858
0.677322
0.924557
0.819178
0.899132
0.557773
0.611457
0.591802
0.658698
0.806621
0.693816
0.642141
0.679968
0.577745
0.594696
0.808629
0.828293
0.911442
0.764939
0.847865
0.756289
0.931691
0.906045
0.689912
0.818219
0.764271
0.777297
0.637042
0.752631
0.654803
0.692718
0.618946
0.632125
0.735744
0.734521
0.722158
0.901813
0.730341
0.666085
0.778546
0.869755
1.08002
0.939958
0.775173
0.846153
0.80293
0.90219
1.05538
1.07306
0.803578
0.856329
0.895951
0.875135
0.641194
0.737774
0.643115
0.955387
0.898652
0.864406
0.784036
1.16581
0.973385
0.934226
1.11564
0.926708
0.956811
0.944628
1.24924
0.673109
1.12645
0.832046
0.882406
1.17913
0.830993
1.08815
1.00504
1.23667
1.22228
0.817955
0.99524
0.952939
0.826665
0.848116
0.927779
0.756598
0.836296
0.858457
1.0755
0.7919
0.78277
0.89816
1.01562
0.745829
0.883944
0.967058
1.14345
1.23019
