0.547499
0.409841
0.374735
0.321362
0.426913
0.740853
0.770792
0.653429
0.569104
0.613893
0.525666
0.614691
0.604154
0.644311
0.560393
0.565479
0.674578
0.682501
0.752183
0.599382
0.603187
0.659408
0.589141
0.555758
0.59403
0.648254
0.644809
0.59367
0.782039
0.802168
0.700372
0.815173
0.771689
0.729414
0.90834
0.798016
0.708873
0.729248
0.763732
0.65209
0.858174
0.714749
0.800493
0.911261
0.813467
0.765525
0.885777
0.759422
0.863912
0.866381
1.03331
0.790262
0.965494
0.868342
0.951395
0.953386
0.866373
0.725889
1.01002
0.971145
1.18753
0.976424
0.948273
0.968895
1.26264
0.930176
1.00438
1.33017
1.15295
1.11489
1.0797
1.2032
1.4396
1.44194
1.26585
1.26368
1.11652
1.40398
1.34171
1.23469
1.3945
1.73473
1.70775
1.38944
1.78426
1.70668
1.94593
1.98687
1.41121
1.68481
1.54075
2.069
1.73289
1.74471
1.67862
1.85541
1.32841
1.55993
1.69318
1.88471
1.90897
2.21522
2.02532
1.7515
2.55978
2.46482
2.91921
2.54399
2.41
2.35543
2.81384
2.69784
3.94713
2.7981
2.97967
3.63665
3.42585
3.66839
3.88623
3.34293
3.38625
3.50774
3.8704
3.67058
4.13485
3.87101
4.12783
3.90861
4.50623
4.45178
3.3408
3.81474
3.70211
3.8025
5.20165
4.62216
4.76019
4.18746
3.82587
3.58121
3.87504
4.53758
4.17089
4.16642
3.95759
4.72687
5.11071
4.28706
4.29189
4.15186
4.68427
4.09032
4.83652
3.65917
4.29765
4.0639
3.82859
4.66382
5.01262
4.74497
4.54629
4.4938
4.66894
4.51877
5.04762
4.08194
4.2762
3.98878
3.97778
3.59272
3.8966
3.45244
3.72432
3.08978
3.39681
3.16597
3.05038
3.0237
3.0296
3.25545
3.65169
3.08021
3.16504
2.82031
3.24088
3.25133
2.90023
2.799
3.00358
2.9845
3.19057
2.96901
2.88907
2.78115
3.24105
2.63121
2.6542
2.73466
2.71692
2.88121
2.62617
2.74877
2.52913
2.75329
2.54721
2.60301
2.78034
2.35802
2.55744
2.65493
2.43471
2.50732
2.63521
2.24066
2.1863
2.5852
2.50589
2.67909
2.93275
2.79475
2.74755
2.19821
2.58355
2.29131
2.68423
2.79054
2.84871
2.49709
2.65258
2.86254
2.45987
3.26082
3.31399
4.21906
0.737019
0.678234
0.792152
0.640401
0.769125
0.87759
0.986117
0.871158
0.841798
0.761411
0.750431
0.771985
0.843335
0.826629
0.744216
0.749478
0.739117
0.71676
1.26412
1.08161
1.27412
1.67147
4.77642
4.20583
3.37963
3.25273
3.3601
3.31394
3.09762
2.78321
2.98356
2.82526
2.8069
3.5641
3.06729
3.1653
2.32978
1.38211
3.9736
1.94962
2.2273
2.28501
2.50565
3.42241
0.858017
0.405639
0.458333
0.488251
0.499768
0.500415
0.531177
0.540599
0.515181
0.608125
0.642387
0.657259
0.677141
0.648056
0.625685
0.62987
0.66425
0.616563
0.691644
0.686702
0.674691
0.685808
0.714582
