0.530986
0.509973
0.492469
0.514146
0.573609
0.609007
0.714379
0.65022
0.84278
0.701923
0.742686
0.563852
0.55031
0.526446
0.533758
0.566817
0.630499
0.59009
0.704266
0.676642
0.75053
0.921432
1.14298
1.3591
1.37954
2.44831
1.71404
1.50257
2.12495
1.62948
1.49897
1.21571
1.3104
1.66092
1.65879
1.45316
1.22862
1.20529
1.30669
1.26017
1.68307
1.28022
1.4081
1.31108
1.07603
0.902926
1.28279
0.822307
0.771147
0.72864
0.82796
1.20441
1.21634
1.39928
1.16546
1.2405
1.13471
1.02042
1.14011
1.27185
1.39577
1.37721
0.997231
1.05111
1.26589
1.06422
1.11876
0.963184
1.09064
1.33945
1.22758
1.13289
1.0947
1.16854
1.26209
1.17078
1.10639
1.01864
0.823234
0.89403
1.28451
1.08455
0.868245
0.895807
0.937892
0.708051
0.951641
1.1273
0.876235
0.813233
0.965563
0.988915
0.937821
0.873523
1.01384
1.03063
0.946709
1.21266
1.12716
1.06134
1.029
0.957218
1.06687
1.04504
1.09475
1.19969
1.09693
1.12186
1.13939
1.05936
0.888061
1.06272
1.26027
1.15845
1.2772
1.22592
1.03018
1.14116
1.04123
1.26808
1.15344
1.12352
0.937727
0.949651
0.951947
1.05185
1.19452
1.2025
1.17994
1.05765
1.08321
1.19708
0.890018
1.25486
1.34038
1.00803
1.02643
0.965211
1.06873
1.05064
1.24447
1.28425
1.0778
1.27588
1.30536
1.26149
1.20891
1.27921
1.27771
1.37672
1.14306
1.10103
1.03806
1.21613
1.30768
1.25738
1.3561
1.16749
1.35378
1.46681
1.29319
1.4037
1.24918
1.57096
1.39063
1.46075
1.32344
1.92555
1.26317
1.21269
1.44001
1.40064
1.11104
1.31445
1.12101
1.36303
1.31379
1.29454
1.41567
1.2493
1.09347
1.11077
1.22644
1.30583
1.29367
1.04047
1.113
1.28317
1.40379
1.37272
1.06759
1.26634
1.32032
1.33109
1.35836
1.35859
1.35676
1.09553
1.38329
1.12351
1.27422
1.12741
1.1805
1.31643
1.33373
1.33192
1.25691
1.02129
1.26994
1.29257
1.0797
1.13038
1.1234
1.09277
1.09128
1.12925
1.07651
1.08847
0.993956
0.915999
1.05161
0.97163
1.1514
1.04339
1.12763
1.17782
1.33612
1.3101
1.10269
0.926495
1.0445
1.11027
1.25139
1.19011
1.1669
1.25504
1.01774
1.43928
1.06181
1.02843
1.20116
0.944376
0.91176
0.849293
0.89174
0.915216
0.966856
0.99215
0.784099
0.874334
0.775047
0.916047
0.920655
0.959432
0.797824
0.862249
0.915474
0.864509
0.984975
0.814844
0.886156
0.758545
0.913196
0.923938
0.895002
0.944517
0.831074
0.878971
0.758228
0.725346
0.979949
0.839725
0.881129
0.786969
0.824838
0.922187
0.949196
0.942791
0.884367
0.834345
0.990102
0.881414
0.861821
0.861556
0.869429
0.908803
0.95598
0.926231
0.873263
0.848374
0.748783
0.747875
0.863592
0.748262
0.9302
0.84216
0.82776
0.844617
1.08645
0.76908
0.83339
0.772538
0.705962
0.681215
0.670763
0.637732
0.679561
0.764324
0.793997
0.694956
0.746388
0.71335
0.76175
0.717643
0.784058
0.634967
0.703134
0.721599
0.67342
0.633869
0.685366
0.652913
0.735409
0.62597
0.656841
0.719945
0.566548
0.525396
0.601973
0.668277
0.72258
0.714731
0.671167
0.582241
0.674987
0.637752
0.675978
0.660351
0.573157
0.749932
0.761091
0.672697
0.593074
0.684166
0.739006
0.746107
0.72797
0.691432
0.712756
0.78936
0.725389
0.618437
0.560147
0.569525
0.59862
0.634687
0.669458
0.684056
0.632369
0.552629
0.584926
0.560352
0.596539
0.5832
0.716605
0.641313
0.584561
0.585626
0.548455
0.609035
0.619956
0.55608
0.60167
0.625368
0.716482
0.603445
0.622689
0.625222
0.667873
0.664555
0.679407
0.62961
0.68991
0.636985
0.670856
0.651024
0.614661
0.591566
0.610883
0.623804
0.605886
0.603409
0.729057
0.668983
0.573205
0.648436
0.545259
0.541149
0.497161
0.570133
0.399225
0.401592
0.442999
0.588511
0.472352
0.551434
0.538362
0.540989
0.537603
0.501805
0.500099
0.464705
0.452898
0.428331
0.410837
0.350704
0.453592
0.404437
0.472451
0.457225
0.434537
0.402641
0.459728
0.420947
0.425999
0.415672
0.519121
0.457704
0.468659
0.464228
0.467927
0.400017
0.382519
0.334525
0.275363
0.320791
0.326815
0.330165
0.321763
0.38377
0.368463
0.399308
0.402675
0.527662
0.414107
0.469489
0.483486
0.459961
0.448888
0.334541
0.346792
0.393032
0.37092
0.381329
0.337846
0.315883
0.358861
0.340536
0.313273
0.408757
0.332277
0.353548
0.294143
0.271304
0.283135
0.290752
0.254833
0.412617
0.514858
