1.020420
0.858852
0.935093
0.923455
0.901132
0.981809
0.935721
0.838823
1.040540
1.033340
0.967602
0.909307
0.898601
1.018840
0.964229
0.939284
0.998896
1.000960
1.008490
1.053100
0.854297
0.970656
1.026410
1.078980
0.916226
0.884230
0.978080
1.022650
1.058690
1.111640
1.050680
0.969732
1.125070
1.060990
0.954691
0.948816
1.075100
1.030980
1.070040
1.003360
0.996966
1.009270
1.018450
0.925607
1.051130
1.138300
1.130570
1.132780
0.930829
1.102480
0.985085
0.989496
1.075030
1.024370
1.046170
1.076470
1.062760
1.086720
1.106270
1.061620
0.936070
1.061310
1.160490
0.798076
1.087230
1.074730
0.981943
1.149030
1.046420
1.125310
1.495690
1.163840
1.586500
1.521190
1.607780
1.717770
1.409610
1.170180
1.190740
1.316460
1.233480
1.108220
1.208750
1.624450
1.416270
1.340120
1.530270
1.299430
1.093220
1.360380
1.026150
1.116850
1.097370
1.620160
1.139080
1.187230
1.112130
1.247730
1.390160
1.165950
1.064160
1.090340
1.378970
1.433850
1.529430
1.446860
1.551320
1.487620
1.470950
1.141110
1.666220
1.556500
1.683400
1.806510
1.341100
1.868260
1.509520
1.615490
1.529480
1.436310
1.657480
1.486720
1.728750
1.791790
1.475590
1.484720
1.814420
1.631810
1.544810
1.212650
1.731560
1.718010
1.548990
1.552610
1.778760
1.809120
1.458290
1.723450
1.617540
2.112490
1.711090
1.916760
1.624080
1.596170
1.670660
1.791510
1.902200
1.457230
1.927730
1.624630
1.660800
1.546320
1.703130
1.584360
1.992440
1.782750
2.140510
2.095030
2.078670
1.655340
1.940610
1.831170
1.756800
1.744540
1.800820
2.189230
1.933170
2.202040
2.153560
1.793740
2.125130
1.765720
1.860430
1.717820
1.763680
2.024730
2.185340
1.831200
1.690810
2.084700
1.701880
1.870470
1.707130
1.903310
1.889180
2.099200
2.024720
1.880080
2.112100
2.124350
2.048240
2.039430
2.002270
2.472850
2.001290
2.376360
1.876530
1.997120
2.042370
2.018330
1.937450
2.233250
2.205620
2.065490
1.859420
2.268900
2.392700
2.177510
2.285330
2.271370
2.131270
2.193800
1.794310
2.254430
2.650720
2.420150
2.441990
2.484250
2.385330
2.288740
2.466520
2.271590
2.079620
2.205270
2.182650
2.346560
2.486190
2.476290
2.837070
2.481080
2.451690
2.364360
2.478010
2.597500
2.838280
2.334970
2.598190
2.693900
2.924490
2.527300
2.571140
2.457830
2.842720
2.684280
2.642790
2.582170
2.489560
3.013260
2.488040
2.280400
2.530800
2.449420
2.470760
2.787930
2.218470
2.446310
2.421140
2.261170
2.156490
2.256330
2.293870
2.574260
2.383180
2.523340
2.314530
2.487990
2.697280
2.294800
2.431960
2.343960
2.361210
2.773990
2.442210
2.435000
2.678750
2.670430
2.793130
2.732060
3.611730
3.662000
3.115170
3.475250
3.545830
3.508140
3.333570
3.531240
3.512770
3.096690
3.248890
3.667120
3.298030
2.919160
3.253320
3.037150
3.202050
3.276440
3.285060
3.555870
3.712420
3.381720
3.272520
3.449680
3.673210
3.354670
3.917060
3.383460
3.684620
3.815410
3.836390
3.327700
3.883500
3.713440
3.309090
3.751590
3.722890
3.719990
3.712570
3.596580
3.383840
4.019800
4.143260
3.792120
3.412360
3.617470
3.992590
3.741280
3.305110
4.307540
3.980590
3.844760
3.795610
3.861510
3.448070
3.676030
3.688000
4.228460
3.993790
3.915050
4.639170
3.959320
4.500990
3.725870
4.002300
4.625080
4.974600
4.263390
4.013930
4.592700
4.604980
4.474410
4.241010
4.358220
4.207440
4.296230
4.245160
4.170490
4.095530
4.292050
4.605460
4.353260
4.400240
4.456850
4.740240
4.857940
4.367150
4.269410
4.256750
4.777920
4.571640
4.606230
4.166610
4.351420
4.009290
4.786740
4.486000
4.625190
4.146610
5.244150
4.813560
4.763590
4.210850
5.200950
4.370780
5.131500
5.128160
4.660840
4.306130
3.785600
4.614840
5.054170
5.119920
4.807610
4.438160
5.267930
4.520260
4.594490
5.174750
5.087610
5.112050
4.600680
4.830890
5.411190
4.854750
5.157700
4.955980
5.036930
5.347800
5.256970
5.086270
4.872390
4.745320
5.143730
5.493870
5.286590
5.591040
4.767960
4.770070
4.882250
5.268320
4.522500
5.184170
5.059260
4.688550
5.110340
4.695040
4.734730
5.370920
4.169190
4.933270
5.040050
4.506660
4.708540
4.602630
5.359450
5.151140
4.832950
5.279140
5.165660
5.906280
5.329930
5.454390
5.747600
5.633590
5.454780
5.997530
5.448230
5.633610
5.450950
5.606780
5.169720
5.217240
5.510550
5.009940
5.535450
4.868870
5.651240
5.972360
5.574950
6.088150
5.836030
5.749410
5.813320
5.863810
5.907480
6.890490
5.677580
5.779820
5.602310
5.846050
5.738340
5.035740
5.734090
5.843590
6.202870
6.327430
5.142050
5.949880
5.768490
5.443190
4.973070
5.012150
5.631730
5.252880
4.861260
5.768660
5.698670
6.038100
5.367300
6.273440
5.159580
5.867080
6.189580
6.170170
4.869560
5.204170
5.312550
5.285060
6.134630
4.931470
6.029290
6.323430
6.308330
6.245250
6.677140
6.149330
6.233260
6.537430
6.159240
5.885480
6.224560
6.498490
5.504020
5.642130
5.512650
6.231440
6.088130
5.641200
6.236580
5.673610
5.985600
6.356920
6.475180
4.923360
6.976430
6.239960
5.830500
5.224700
5.632580
5.901010
5.900700
6.907120
5.482730
5.377280
6.536610
6.820720
6.434490
5.279760
5.266990
5.464780
6.051440
6.642330
5.113740
4.698120
6.158260
5.938930
6.213090
6.260980
6.862720
6.812980
6.209030
5.382550
6.080960
7.168020
5.979480
6.488650
5.533240
6.319220
6.771710
6.516010
5.270380
6.226120
6.726800
6.485880
6.607660
7.316180
6.515220
5.522370
6.698250
6.040910
5.807790
6.463090
5.248190
5.597600
5.729340
6.175180
6.847850
6.101370
6.264500
6.560340
6.165930
6.484090
6.326720
5.962670
5.571790
5.758800
5.956480
5.787780
5.628480
5.067750
5.996940
5.606530
6.411710
5.791650
5.520060
4.879230
5.284390
4.958170
5.342730
5.759930
6.270310
6.777470
6.168930
6.960840
6.990010
6.270440
6.655220
5.223710
5.631430
5.865360
5.738860
4.671800
5.437440
5.667150
6.591180
5.798550
5.906720
5.887950
5.232290
5.050100
4.837110
5.230970
5.125140
4.718910
4.779820
4.836490
4.868350
4.645480
4.711410
4.480690
4.762290
4.335830
4.511670
4.418450
4.861030
5.187600
6.050730
5.385190
5.426590
5.580710
5.153070
5.737840
6.492120
7.378410
4.288100
4.312520
4.911610
5.719510
7.864540
5.441210
5.878580
5.908490
5.996630
5.783560
5.725280
5.508600
5.847020
6.004120
5.537380
6.304930
5.987140
6.011540
6.339600
5.930380
6.150330
5.112540
5.128390
6.048270
6.101860
5.825030
5.081830
5.129690
5.068240
5.252670
5.534950
5.407280
5.175580
5.871100
5.554310
5.672610
6.171880
6.579990
5.729030
5.372130
5.241720
5.238250
5.686300
6.321540
4.797290
4.975810
6.265670
4.259370
5.038070
5.239260
5.528240
5.563100
5.499510
5.648140
6.443400
4.898340
6.237570
5.956900
5.655850
5.354180
5.547970
5.790110
5.974100
5.419960
4.845480
5.479350
5.149030
5.268150
5.871590
5.456970
5.504710
5.169210
5.552110
5.186070
5.694950
5.204230
5.519290
5.400690
5.192660
5.357160
5.580400
5.295270
5.465790
5.102740
5.819670
5.835180
5.059220
5.463440
5.125190
5.181180
6.078000
6.042270
