0.110565
0.0891723
0.113805
0.141401
0.11384
0.134692
0.120919
0.125211
0.115492
0.144678
0.124985
0.119164
0.124032
0.120669
0.118244
0.135837
0.15741
0.172445
0.187417
0.206253
0.193438
0.182355
0.164539
0.183524
0.210483
0.209521
0.216814
0.234896
0.227929
0.248483
0.259594
0.27247
0.329949
0.417024
0.409415
0.341735
0.365008
0.388293
0.449345
0.409122
0.472317
0.433578
0.404691
0.455594
0.481693
0.584956
0.66619
0.618265
0.633036
0.627078
0.519453
0.571353
0.851368
0.676848
0.701719
0.751393
0.787554
0.708391
0.718039
0.799326
0.887595
0.966667
1.00627
1.01361
0.919834
1.02202
0.985332
0.88929
1.18345
1.13407
1.09614
1.29115
1.18804
1.48892
1.10045
1.60618
1.67416
1.56742
1.85656
1.25266
1.29727
1.627
1.42298
1.40626
1.6702
1.93679
1.49729
1.86774
1.85164
1.67996
2.24683
2.2559
1.81191
1.78376
2.63951
2.12513
2.35055
2.56778
2.23023
2.37068
2.65648
2.62891
2.60747
3.05704
2.55835
2.41501
2.7025
3.23674
1.91822
2.90332
3.08361
3.15848
2.91481
3.66667
4.07458
4.18037
2.85623
3.25781
3.03664
2.81072
2.78594
3.44404
3.34014
3.13003
2.94161
3.38873
3.07102
3.26196
3.2517
3.34567
3.36841
3.44384
3.37157
3.19877
3.37327
3.31837
3.68151
3.07277
3.32005
3.36555
3.41143
3.22641
3.60581
3.42336
3.19155
3.71202
3.01647
2.9999
3.12564
3.1709
2.8504
3.38316
2.79293
2.44144
2.95108
3.00344
2.69771
2.95729
2.9616
3.04644
2.72721
2.70599
2.78023
3.50547
3.83619
3.2024
3.46022
3.33254
3.94042
3.09263
3.56439
3.35497
3.46975
3.61488
4.22459
3.94538
2.98384
3.47732
3.50111
3.32385
3.94161
4.61298
3.72498
4.31957
5.08902
5.88337
4.30808
4.33249
3.54652
3.54183
1.67509
1.23575
1.45686
1.43704
2.07331
2.41611
1.13548
1.88325
1.97143
2.19924
2.58187
2.7064
1.41127
1.50945
1.12676
1.59825
1.28599
1.40685
