0.197162
0.207862
0.239906
0.342332
0.591155
0.491998
0.501474
0.408968
0.410127
0.369094
0.394448
0.394283
0.333192
0.390943
0.50943
0.464475
0.405695
0.393676
0.417053
0.405256
0.435922
0.456428
0.453686
0.519915
0.456188
0.371232
0.276963
0.34693
0.258448
0.25841
0.385397
0.315613
0.309193
0.315923
0.36314
0.317058
0.297157
0.275605
0.272278
0.284058
0.268035
0.248095
0.290918
0.338231
0.320185
0.32724
0.350314
0.271021
0.323337
0.327746
0.321027
0.324972
0.310301
0.29676
0.279718
0.314044
0.289867
0.317157
0.308614
0.278944
0.280061
0.288612
0.332253
0.30251
0.306293
0.294479
0.296059
0.280526
0.26269
0.296865
0.307852
0.336322
0.38317
0.316282
0.298879
0.242832
0.279734
0.330852
0.287868
0.268359
0.324594
0.323362
0.302093
0.293467
0.28441
0.309199
0.285942
0.298989
0.286689
0.314022
0.302293
0.304009
0.321452
0.283739
0.311371
0.312632
0.308875
0.275189
0.316878
0.314189
0.299142
0.328615
0.314698
0.287093
0.282357
0.315194
0.294789
0.316402
0.322642
0.300158
0.312219
0.331114
0.297492
0.293997
0.31509
0.295418
0.284278
0.33358
0.331631
0.307556
0.324418
0.292971
0.332024
0.293203
0.27978
0.257171
0.299992
0.289795
0.299432
0.284816
0.257578
0.339939
0.315727
0.390744
0.302558
0.335958
0.299053
0.298189
0.318841
0.32603
0.349055
0.336479
0.328299
0.323847
0.302545
0.278397
0.300689
0.316224
0.347259
0.290893
0.351167
0.345253
0.319865
0.38118
0.296354
0.332949
0.338386
0.362602
0.316516
0.350771
0.309289
0.315956
0.349017
0.343191
0.34577
0.3353
0.38488
0.329232
0.359751
0.285221
0.305847
0.30763
0.327622
0.30493
0.281128
0.30947
0.338723
0.335243
0.277211
0.318634
0.326037
0.323357
0.304032
0.326415
0.34
0.318545
0.315014
0.327197
0.317031
0.269597
0.306018
0.263118
0.324566
0.288208
0.298067
0.276303
0.293475
0.28091
0.306754
0.352161
0.310625
0.319756
0.312124
0.286752
0.295087
0.338071
0.320081
0.24912
0.322919
0.316017
0.318008
0.317139
0.28178
0.29327
0.302433
0.298807
0.250622
0.292989
0.302223
0.300946
0.316462
0.322397
0.303817
0.345464
0.298407
0.359302
0.289136
0.284463
0.285137
0.317739
0.256955
0.322141
0.266385
0.323618
0.302733
0.312027
0.279215
0.283899
0.27143
0.282919
0.285479
0.311323
0.277632
0.238608
0.263356
0.286802
0.283648
0.269576
0.294277
0.312932
0.334696
0.281307
0.300828
0.344478
0.336686
0.303542
0.32346
0.335318
0.277042
0.292619
0.294347
0.312874
0.271112
0.313972
0.291127
0.289607
0.293866
0.277003
0.283076
0.284443
0.277777
0.277449
0.280015
0.271426
0.309997
0.280806
0.28824
0.28949
0.355242
0.291098
0.296124
0.261515
0.290237
0.269569
0.26133
0.275338
0.291484
0.275619
0.238584
0.286794
0.227408
0.265394
0.2317
0.305378
0.309818
0.311042
0.288024
0.272541
0.310387
0.306162
0.288972
0.333143
0.302893
0.324162
0.308287
0.303377
0.302112
0.328489
0.276683
0.302185
0.350954
0.34069
0.282157
0.321683
0.349641
0.385029
0.372205
0.412495
0.401693
0.39373
0.364736
0.303231
0.324897
0.295635
0.316095
0.300976
0.341874
0.285416
0.301356
0.310228
0.33967
0.322357
0.352958
0.312156
0.359488
0.332645
0.367825
0.33745
0.304454
0.298901
0.274091
0.292161
0.336043
0.34491
0.331036
0.354946
0.345274
0.372629
0.301019
0.336685
0.352995
0.380941
0.303626
0.357798
0.325348
0.314148
0.33022
0.347109
0.320542
0.325976
0.321536
0.318915
0.31837
0.325679
0.342493
0.244757
0.326319
0.295453
0.303405
0.303983
0.3275
0.300528
0.267623
0.327097
0.305391
0.327451
0.294008
0.338997
0.347084
0.320994
0.376502
0.334748
0.315105
0.320326
0.334733
0.363459
0.332896
0.35133
0.323623
0.321126
0.341126
0.317436
0.330752
0.342411
0.343873
0.339685
0.333362
0.366097
0.335311
0.376211
0.35654
0.362126
0.309834
0.323515
0.346148
0.343816
0.326826
0.306596
0.360436
0.366401
0.317722
0.338893
0.302749
0.309065
0.32602
0.313257
0.3361
0.32428
0.313942
0.329824
0.313537
0.363277
0.361955
0.361834
0.355512
0.293858
0.34518
0.343965
0.33581
0.324977
0.326189
0.373412
0.329279
0.35489
0.346001
0.333495
0.375598
0.364677
0.353925
0.3495
0.382177
0.284411
0.337217
0.321569
0.320814
0.30069
0.360935
0.341905
0.355864
0.333947
0.340601
0.342209
0.33072
0.332928
0.338523
0.371263
0.38356
0.279805
0.358314
0.331661
0.359777
0.370086
0.428931
0.404208
0.314061
0.285443
0.340755
0.346712
0.31885
0.372495
0.370946
0.405394
0.394008
0.408492
0.413459
0.369076
0.382581
0.420971
0.420649
0.416611
0.425249
0.37279
0.396029
0.324789
0.370282
0.372964
0.284888
0.323417
0.352695
0.315562
0.366075
0.35001
0.353905
0.36434
0.392695
0.355239
0.314523
0.376023
0.337933
0.378059
0.397835
0.374205
0.403888
0.351763
0.378346
0.351388
0.355306
0.401745
0.397063
0.42092
0.405806
0.382827
0.402686
0.387655
0.376096
0.370156
0.330601
0.364714
0.359592
0.403092
0.430623
0.391624
0.437242
0.414713
0.369175
0.419963
0.410548
0.443417
0.458061
0.406178
0.449574
0.408871
0.438176
0.477836
0.374413
0.440051
0.440556
0.473418
0.494655
0.431464
0.472904
0.408042
0.416956
0.403177
0.45093
0.41118
0.406225
0.417815
0.509335
0.467223
0.474834
0.448365
0.452273
0.512555
0.506319
0.444828
0.5087
0.409575
0.408735
0.432835
0.41673
0.465488
0.418257
0.423072
0.425846
0.385807
0.411325
0.441375
0.406049
0.441192
0.456516
0.414236
0.416475
0.402575
0.398626
0.390203
0.365231
0.388637
0.399551
0.419319
0.362931
0.4037
0.373875
0.366989
0.349414
0.360944
0.325414
0.320908
0.378705
0.36057
0.361518
0.356458
0.36131
0.321547
0.309675
0.350802
0.338495
0.373094
0.369076
0.364256
0.378614
0.394395
0.387753
0.414707
0.377105
0.381859
0.394684
0.38493
0.418428
0.462329
0.463932
0.514361
0.505029
0.487069
0.502719
0.464332
0.575971
0.52711
0.560005
0.474238
0.539104
0.519272
0.479248
0.594743
0.555194
0.589439
0.59081
0.654007
0.613874
0.590599
0.657928
0.737568
0.774436
0.765293
0.785196
0.71534
0.694296
0.676669
0.682952
0.719672
0.758301
0.733134
0.720766
0.692825
0.612759
0.615265
0.543875
0.534673
0.61342
0.657192
0.764342
0.767481
0.644252
0.76969
0.573524
0.722984
0.550808
0.449753
0.540281
0.455447
0.544421
0.429561
0.314935
0.327243
0.314708
0.311857
0.313
0.352459
0.359066
0.331912
0.371132
0.490803
0.494216
0.492682
0.459649
0.54715
0.587823
0.662001
0.586026
0.543533
0.539005
0.532108
0.534785
0.601631
0.654638
0.603722
0.603595
0.422071
0.370225
0.453935
0.397327
0.358171
0.488024
0.332664
0.318224
0.404451
0.464338
0.483919
0.494039
0.504672
0.592644
0.47033
0.513941
0.533168
0.537943
0.531932
0.533732
0.674648
0.488547
0.529221
0.384036
0.40271
0.440637
0.478371
0.377659
0.392641
0.398272
0.334
0.325799
0.361331
0.345713
0.330421
0.296012
0.281476
0.319987
0.309938
0.272068
0.285905
0.303648
0.271762
0.311777
0.301596
0.258845
0.275514
0.301511
0.272951
0.316048
0.327323
0.270978
0.264998
0.283597
0.275406
0.273909
0.254831
0.235427
0.264113
0.2382
0.254284
0.245766
0.297686
0.261492
0.258591
0.279915
0.321374
0.29436
0.284434
0.256602
0.260977
