3.62201
4.19099
3.48009
4.23363
3.58967
3.22959
3.37773
2.45869
3.23892
3.09615
2.88559
3.71674
3.57547
2.91642
3.26566
5.55433
5.54731
4.83057
5.54762
5.96658
5.7667
4.14934
4.87561
5.70823
4.59664
5.24169
5.43463
3.66737
4.14299
4.49621
3.41059
3.30131
2.63965
2.65068
3.61291
4.02772
3.30134
3.44916
4.51024
3.98962
3.99603
4.07106
5.24837
4.57097
4.71311
5.32889
4.98661
4.23403
4.54959
5.01512
4.55323
4.4999
3.79216
3.93155
5.79613
4.29565
4.83583
3.6196
3.73803
3.7459
4.3435
3.73598
4.80115
3.76519
3.71595
3.84093
3.97063
4.40019
4.45584
4.14646
4.38685
3.88782
4.21909
4.00628
3.66409
3.74813
4.10862
3.3798
3.61628
4.15127
3.45101
3.88663
3.58857
3.70404
3.39456
3.2354
4.03989
3.89713
3.42874
4.07929
3.74536
2.89766
3.39565
3.59503
2.99568
3.36934
3.04382
3.18373
3.43227
3.30634
3.10311
3.18887
3.4584
2.96068
3.58086
2.82169
3.62181
2.52837
3.24257
2.90048
2.70347
2.60983
2.82206
2.71271
2.92126
2.53968
2.73255
2.81961
2.09197
2.1252
2.98698
2.34283
2.27153
2.88153
2.09909
2.44721
2.05647
2.21713
2.1558
2.38669
2.42113
2.41669
2.09614
2.61214
2.18906
2.13247
2.27793
1.93087
1.87405
2.31989
2.20287
2.23029
1.77008
2.35416
1.8147
2.01798
2.10953
1.96885
2.45341
1.79176
2.21135
1.99852
1.64159
2.00256
2.24692
2.01722
2.16532
1.76855
2.24862
1.79004
1.6008
1.58246
2.02172
1.84053
1.7057
1.97787
1.84758
1.91111
1.27555
2.00191
1.42313
1.86866
1.45952
1.66507
1.9693
1.65205
1.3742
1.98024
1.90006
1.74072
1.6421
1.6367
1.76632
1.64419
1.55127
1.73309
1.61847
1.78488
1.46348
1.38395
2.23859
1.85907
1.32207
1.6665
1.84583
1.33372
2.24813
1.3623
1.16241
1.02569
1.2014
1.84707
1.75674
1.58855
1.28484
1.36278
1.5687
1.17402
1.14159
1.66256
1.56213
0.994775
1.12925
1.18281
1.37256
1.04526
1.14397
1.23362
1.16789
1.1461
1.04593
1.32932
1.46293
1.34166
1.65921
1.79325
1.05841
0.942828
1.63203
1.44367
0.907225
1.16451
0.782149
0.914474
0.876325
1.15764
1.21423
1.7072
1.14076
1.28496
1.00052
0.855756
0.807078
0.864551
0.820105
1.16914
0.994041
0.800836
0.682071
0.847812
1.07751
1.24267
1.09931
1.18245
1.21715
1.16377
1.40505
1.28118
1.13492
0.904088
1.23177
1.12029
1.26894
0.939397
0.822871
0.83838
0.761925
0.955654
0.848687
0.752929
0.759384
0.768399
0.807252
0.710188
1.15668
0.939886
0.750676
0.732716
0.783937
0.728416
0.696544
0.732056
0.859382
0.8906
0.710424
0.700732
0.722302
