0.384644
0.406853
0.387071
0.374647
0.399079
0.346443
0.415326
0.418718
0.464013
0.507016
0.449426
0.42774
0.439538
0.823026
1.56337
1.67531
1.50924
1.64195
1.47029
1.81961
1.62378
1.45292
1.72834
1.24577
1.29515
1.42186
1.33833
1.43342
1.27138
1.28829
1.1216
1.27924
0.925901
1.08696
1.07774
0.992628
1.08305
0.982962
1.04556
1.06478
1.00381
0.359214
0.326808
0.595182
0.606332
0.734231
0.535989
0.295708
0.256375
0.313218
0.487643
0.440962
0.430859
0.428284
0.422588
0.466766
0.328866
0.399562
0.343703
0.537987
0.455118
0.594255
0.340825
0.325005
0.674121
0.598664
0.84235
0.795536
0.423622
0.297213
0.35744
0.267838
0.364573
0.75263
0.789302
0.528612
0.988801
1.07245
0.85931
0.772069
0.668961
0.58432
0.600442
0.739085
0.940092
0.716857
0.895976
0.768219
0.729824
0.528162
1.05323
0.928891
0.855899
0.85817
0.907235
0.830813
0.915441
0.911796
0.899206
0.947339
0.994629
0.907131
0.904488
1.00551
0.968779
0.843236
0.933185
0.734812
0.8848
0.873583
0.729171
0.689953
0.751928
0.503796
0.577477
0.556597
0.556289
0.705813
0.696309
0.540144
0.603791
0.7184
0.985778
0.99256
0.460103
1.12922
1.05106
0.917189
0.829475
0.896081
0.905803
0.828421
0.71639
0.788215
0.871346
0.857435
0.92075
0.734378
0.885433
0.807523
0.885227
1.11439
1.3558
1.42586
1.57134
1.37627
1.40279
1.54797
1.48186
1.48773
1.3742
1.3905
1.44959
1.37302
1.34944
1.31186
1.3722
1.54312
1.4597
1.3898
1.4629
1.35425
1.24761
1.32254
1.2118
1.25096
1.3732
1.30607
1.2686
1.20609
1.25712
1.30027
1.18248
1.14302
1.16965
1.20507
1.16926
1.11937
1.19858
1.18466
1.20112
1.14103
1.16497
1.16324
1.16728
1.18525
1.07614
1.19266
1.17342
1.10341
1.13255
1.08982
1.08049
1.05074
1.09937
1.1741
1.05297
1.075
1.18593
1.072
0.979759
1.03289
1.00846
1.0931
1.04862
1.0304
1.02458
0.972298
0.984285
1.02347
1.02069
1.05293
1.02395
0.99131
0.951302
1.01746
0.967516
0.970361
0.976818
0.972246
0.945301
0.962007
1.06493
1.02086
1.00308
0.943959
1.03892
0.987824
0.960066
0.932889
0.961271
1.00318
0.917833
0.979805
0.955062
0.937219
0.939135
0.92615
0.890052
0.907348
0.876674
0.8229
0.906604
0.851885
0.896169
0.82451
0.819299
0.932932
0.872713
0.871123
0.805492
0.854867
0.948646
0.878329
0.885333
0.924268
0.881122
0.775739
0.902726
0.934303
0.798233
0.854956
0.771044
0.864629
0.903197
0.834517
0.891948
0.923135
0.871716
0.830471
0.77695
0.821296
0.794321
0.83274
0.886491
0.893228
0.76886
0.773677
0.921051
0.804461
0.862862
0.783995
0.75924
0.831668
0.766967
0.825307
0.824411
0.623024
0.685276
0.634487
0.709985
0.786403
0.826898
0.712516
0.688125
0.71886
0.631871
0.734896
0.679331
0.692852
0.676173
0.748493
0.738133
0.606205
0.692192
0.706134
0.683957
0.649196
0.579997
0.694259
0.623649
0.749172
0.631056
0.628861
0.565455
0.652894
0.724004
0.692875
0.584008
0.590019
0.59524
0.625177
0.612121
0.606534
0.611803
0.629772
0.650826
0.650999
0.620531
0.573099
0.575889
0.583771
0.657433
0.610767
0.659134
0.649837
0.599005
0.482693
0.565449
0.483789
0.641207
0.548678
0.640094
0.567901
0.497304
0.523317
0.577211
0.482706
0.527017
0.48141
0.604173
0.499774
0.543843
0.584838
0.546587
0.603843
0.524195
0.502354
0.475933
0.597604
0.455223
0.515389
0.616836
0.511578
0.483277
0.466861
0.465896
0.549394
0.497024
0.527528
0.492894
0.595038
0.587227
0.51148
0.542223
0.533787
0.435262
0.534766
0.494741
0.493253
0.525743
0.499926
0.444878
0.507803
0.492473
0.450873
0.530877
0.512452
0.472546
0.567233
0.569553
0.479763
0.43431
0.529516
0.431217
0.448707
0.450584
0.445808
0.490963
0.397384
0.47691
0.429608
0.520447
0.459458
0.419571
0.528757
0.486487
0.416402
0.473793
0.549396
0.533774
0.424051
0.458582
0.468839
0.530971
0.363372
0.459224
0.45089
0.45131
0.465211
0.515775
0.461925
0.519949
0.476692
0.395262
0.434631
0.405836
0.455115
0.415723
0.42734
0.431696
0.376804
0.43577
0.416361
0.431191
0.493794
0.445818
0.421801
0.360637
0.450431
0.489721
0.405159
0.433015
0.378076
0.426066
0.366285
0.406748
0.388488
0.397025
0.412328
0.36896
0.46598
0.408763
0.389845
0.439809
0.385585
0.413099
0.426261
0.478115
0.387079
0.405696
0.384381
0.447674
0.430513
0.475238
0.431165
0.419042
0.398175
0.42487
0.451979
0.419024
0.396855
0.425695
0.364918
0.444607
0.420146
0.498218
0.313806
0.373533
0.403069
0.374944
0.384879
0.368898
0.39272
0.422779
0.465821
0.517265
0.4772
0.449215
0.388198
0.401265
0.394861
0.417651
0.437956
0.369635
0.378735
0.344268
0.375377
0.429387
0.429024
0.369322
0.418721
0.379667
0.372117
0.398807
0.399709
0.362241
0.406973
0.391254
0.401056
0.436744
0.368529
0.402857
0.395525
0.418419
0.489656
0.459075
0.358628
0.304552
0.326471
0.318997
0.313089
0.341622
0.323811
0.340797
0.334182
0.289376
0.361064
0.354412
0.312347
0.313727
0.316487
0.312124
0.321936
0.328491
0.303357
0.304986
0.313734
0.341601
0.313011
0.293948
0.291907
0.283912
0.301863
0.28164
0.293424
0.311626
0.289774
0.290749
0.270856
0.277349
0.307102
0.315845
0.304853
0.295878
0.304101
0.285066
0.265233
0.270336
0.26534
0.233223
0.250111
0.254734
0.25314
0.251163
0.245899
0.236559
0.205334
0.196126
0.201641
0.19418
0.187189
0.189247
0.210137
0.208142
0.201861
0.198424
0.197643
0.172526
0.166035
0.178097
0.203994
0.196556
0.206611
0.191778
0.244698
0.214163
0.260168
