0.763154
1.72442
1.30821
1.71194
1.91279
2.01149
1.6617
1.78885
1.63932
1.79836
1.74729
1.40528
1.48653
1.16127
1.24023
1.90988
1.7625
1.9029
1.7618
1.80382
1.91563
1.90424
1.8588
1.86526
1.93194
1.91065
1.80293
1.82725
1.77361
1.77481
1.78841
1.82751
1.83594
1.90632
1.80332
1.78735
1.83546
1.82325
1.89913
1.88132
1.88105
1.9426
1.86573
1.93692
1.80534
1.98958
1.94916
1.93108
1.85968
1.87681
1.95828
1.93296
1.99452
2.02509
2.02234
2.10728
2.13073
1.89224
2.04164
1.92446
1.93326
1.98432
2.01905
1.85568
2.05359
2.04127
2.0252
1.84153
2.01245
2.1046
2.02121
1.983
2.05866
2.01667
1.8828
1.82515
1.95093
1.93894
2.08404
1.84775
1.92395
1.84756
1.96434
1.95568
1.88391
1.95742
2.0827
1.98718
2.09107
1.95268
2.03984
2.05596
2.01459
2.15128
2.04198
2.17992
2.09548
2.06574
2.01411
2.0639
1.95231
1.91459
1.97184
2.07597
2.0081
2.11871
2.11723
2.18001
2.18866
2.02755
2.10673
2.0961
2.11494
1.97733
2.11266
2.06386
2.06601
1.99912
2.06645
1.95847
1.87917
1.92832
1.89482
1.93142
1.84342
1.789
1.83562
1.86175
1.68437
1.77452
1.78668
1.7785
1.82618
1.80443
1.6941
1.83083
1.8406
1.85493
1.76469
1.86481
1.81795
1.82962
1.82265
1.7758
1.78889
1.84461
1.8926
1.91849
1.85954
1.88874
1.87934
1.90345
1.862
1.89309
1.82372
1.88278
1.87622
1.87159
1.95743
1.82143
1.97854
1.93248
1.98312
1.81691
1.93896
1.91309
1.80985
1.79398
1.85414
1.86021
1.86094
1.84443
1.87883
1.84325
1.73361
1.81752
1.74924
1.82784
1.77587
1.85916
1.92758
1.92517
1.92161
1.89636
1.84368
1.84661
1.83704
1.83391
1.81
1.82237
1.73945
1.91448
1.77265
1.65062
1.64426
1.63535
1.64178
1.77686
1.75493
1.74661
1.72412
1.73302
1.82178
1.755
1.86393
1.88719
1.87045
1.89834
1.97757
1.87248
1.90751
1.80252
1.7809
1.61056
1.61225
1.57442
1.46851
1.48475
1.55466
1.60331
1.57421
1.60231
1.64797
1.5486
1.85601
1.86113
1.70077
1.8
1.88993
1.81357
1.71451
1.82997
1.87458
1.95828
1.9599
1.93336
1.76783
2.07856
1.84432
2.06675
1.89434
1.83435
1.65759
1.76356
1.68173
1.74735
1.644
1.71857
1.74194
1.69281
1.75394
1.78013
1.71537
1.67175
1.68124
1.58705
1.58802
1.67289
1.62749
1.49018
1.41855
1.48032
1.52794
1.52155
1.51543
1.60664
1.49792
1.49202
1.59093
1.51553
1.55397
1.57711
1.47067
1.4038
1.47518
1.34395
1.43984
1.51258
1.43914
1.63163
1.51335
1.36697
1.38005
1.317
1.36155
1.41008
1.56538
1.6168
1.26716
1.51053
1.48141
1.36761
1.28423
1.29456
1.35667
1.40328
1.30198
1.29197
1.28055
1.17306
1.21535
1.22064
1.02756
1.06258
0.958972
1.09131
1.16265
1.20517
1.14172
1.15104
1.08294
1.12181
1.13643
