3.962940
4.362910
4.407000
5.063320
5.417280
8.980160
11.974000
12.547900
10.339700
12.978000
9.030890
10.999200
9.855480
15.257900
9.695160
13.109500
9.713450
11.448500
9.680050
11.758400
11.404200
13.146600
10.058800
12.852900
9.499070
8.659170
8.795810
9.350620
10.110000
9.654500
8.474670
7.990760
9.926830
10.300500
10.791900
9.049300
8.610250
7.916290
8.925110
9.148440
7.814470
7.728790
8.046620
6.424860
8.405450
6.517670
6.489690
7.474930
7.340760
7.339680
9.065460
7.364100
9.856910
10.142900
9.277510
7.881110
9.420260
9.498590
8.707140
8.723240
7.989860
9.322510
9.216890
10.487900
9.052660
9.489760
10.502700
8.855370
8.535390
9.085300
9.299340
8.823960
8.491610
8.381890
8.018930
9.583700
9.935040
8.543100
9.450800
9.477760
9.793180
9.811850
9.605180
9.042400
9.092080
10.606600
7.913100
9.397420
9.034590
8.144790
10.483900
8.535610
8.262590
8.370430
9.982760
9.556410
10.551300
9.559090
9.081010
8.837770
8.561680
9.011540
10.307600
8.819160
8.534640
9.481760
9.361700
7.439080
8.593650
7.288720
9.353400
8.979970
8.027380
7.707730
8.853510
8.574460
8.909610
7.762280
9.216160
7.022580
8.107620
9.797800
8.263140
9.047970
8.974850
8.657820
7.357820
8.264740
9.978510
6.886880
6.415230
5.706680
7.197190
6.651370
7.427940
7.946080
5.596320
6.226090
7.648100
6.758800
6.880860
6.979010
6.011690
5.133000
5.863580
7.034070
4.574530
4.586530
4.250150
5.385960
4.900510
6.285190
5.031870
5.138990
5.931960
6.941430
6.056820
6.241700
5.202610
6.038270
6.222160
5.605240
6.680120
6.211430
7.915130
5.217970
4.741800
5.244500
6.903120
6.956610
6.272750
3.796530
4.267950
4.828800
