3.784980
4.093680
4.367240
4.696770
5.134280
5.141810
4.991840
5.496110
5.738110
5.340670
5.137150
5.570650
5.719550
6.000650
6.460130
6.531280
6.644910
7.200650
7.242320
7.491960
7.496230
7.769560
8.166070
7.414400
8.063810
7.885800
8.705240
8.939650
8.793920
9.296580
8.877300
8.892320
8.915410
9.449740
9.135220
9.440000
10.049200
10.808000
9.955710
9.539220
10.188000
9.840350
9.965950
10.597000
10.577500
10.960900
10.305200
12.142700
12.132700
11.555900
11.208200
11.813100
12.548900
12.814200
12.708200
12.927500
11.943700
12.462100
11.721200
14.245900
15.425600
12.250000
14.433700
11.981500
15.313900
15.247900
15.029400
15.619900
16.468800
13.503800
14.986200
16.092900
16.304600
15.595800
15.444300
14.735900
15.252000
17.172200
15.957600
16.722000
16.057100
16.473800
14.496800
15.398200
17.542000
16.236500
15.407700
15.896000
16.417300
15.020400
15.333200
18.385500
17.330000
17.075500
16.038000
20.540900
18.948500
19.582000
20.774700
26.284400
21.546900
26.087600
28.326000
29.518000
28.336100
24.094800
24.034400
24.080500
21.403600
21.731300
23.911100
24.245300
20.171200
21.197900
21.890700
23.739300
24.687000
24.205000
26.099600
22.543400
23.281200
25.806300
25.748300
25.285500
25.779500
23.237300
27.593400
26.670300
28.186900
26.168800
24.013600
27.031200
23.694500
26.432100
24.452600
26.833400
25.665100
24.284900
27.460000
27.699900
26.299800
27.714400
25.835900
29.314000
25.581800
28.830400
25.763000
29.090100
24.619300
26.161400
26.998200
30.986300
29.637300
29.101700
25.368500
28.512300
27.290000
27.848000
27.609000
26.729900
25.396100
23.869300
21.682400
23.672000
25.048300
26.437100
26.844100
24.351200
29.591600
31.835700
30.578100
31.300300
31.044900
30.804400
33.017800
36.645500
