0.159138
0.167027
0.159847
0.152107
0.180961
0.180861
0.175014
0.174917
0.194303
0.214855
0.195447
0.197179
0.202731
0.175669
0.214817
0.191689
0.211142
0.227596
0.219826
0.236459
0.227481
0.213055
0.212643
0.218902
0.206779
0.196787
0.22552
0.22152
0.197903
0.184723
0.188236
0.178046
0.167121
0.173621
0.252022
0.270372
0.242989
0.230983
0.254705
0.255722
0.239262
0.217871
0.203443
0.208133
0.208794
0.254254
0.225971
0.30737
0.292175
0.285069
0.299461
0.334093
0.263682
0.36402
0.419578
0.349557
0.29468
0.284712
0.269485
0.239364
0.265119
0.250659
0.256868
0.307549
0.321946
0.325513
0.343836
0.353978
0.337215
0.353187
0.368685
0.38488
0.365223
0.347255
0.361041
0.368676
0.458276
0.385731
0.35766
0.37036
0.441905
0.417566
0.384523
0.38032
0.383891
0.374679
0.376556
0.351627
0.380182
0.479519
0.442385
0.458168
0.406994
0.447659
0.380508
0.46966
0.474813
0.471094
0.486034
0.473541
0.461362
0.487142
0.524437
0.475937
0.46359
0.41907
0.557321
0.516445
0.49228
0.485254
0.459546
0.390976
0.524046
0.390343
0.471605
0.411062
0.425835
0.506091
0.475401
0.508853
0.438707
0.517785
0.497468
0.55346
0.573675
0.523388
0.527707
0.568985
0.49197
0.53382
0.577955
0.583345
0.59197
0.605497
0.669545
0.571502
0.530631
0.47692
0.556621
0.656698
0.683311
0.619959
0.614347
0.617264
0.685262
0.763104
0.622918
0.635985
0.580854
0.662435
0.535968
0.53346
0.695012
0.608664
0.611624
0.603425
0.544492
0.605244
0.508545
0.601551
0.690107
0.758484
0.584849
0.735513
0.762666
0.6638
0.718421
0.826966
0.693779
0.752408
0.763378
0.899206
0.685821
0.761283
1.01398
0.945267
0.806938
1.04103
1.00476
0.922116
1.07136
1.10379
0.893406
0.860121
1.03323
1.0243
1.07641
1.10164
1.25474
1.0872
1.1506
1.14181
1.23126
1.2051
1.4567
1.26861
1.35012
1.50585
1.29109
1.59644
1.52577
1.51711
1.53175
1.48875
1.43056
1.52499
1.74765
1.77372
1.63415
1.46484
1.33578
1.53675
1.38389
1.70235
1.55526
1.60111
1.68868
1.67815
1.6547
1.42348
1.83679
1.80166
1.6833
1.68704
1.89363
1.83698
1.79854
1.43521
1.79098
1.6884
1.74484
1.99594
1.89916
2.16251
1.7858
2.10868
2.28761
2.31549
1.7485
2.0826
1.98775
1.89099
1.78809
2.12544
1.79495
2.18748
2.17083
2.17904
1.88494
1.91525
2.53367
1.87823
2.48076
2.59657
2.23139
2.15554
2.40971
2.54729
2.53606
2.27273
2.26505
2.1808
2.73734
2.66963
2.19906
2.5629
2.069
2.00252
2.34492
2.42846
2.50498
2.68374
2.17005
1.86485
2.36746
2.26604
2.51436
2.52703
2.27094
2.17159
2.39328
2.27384
2.1146
2.35511
2.19706
2.17538
2.76094
2.67723
2.38423
2.51045
2.68234
2.35655
2.8451
2.82703
3.02341
2.93706
2.96922
2.5723
3.13887
3.15524
3.0591
2.6886
3.06275
3.22414
2.73224
2.78329
2.57922
2.95322
3.17606
2.83062
2.70831
2.76471
2.51137
2.92035
3.01951
2.6633
2.89151
2.83932
2.7656
2.86481
3.1108
3.22098
2.39214
2.3177
3.09429
2.49873
3.40424
2.78516
3.30948
2.80489
2.8442
2.34991
2.69933
2.94065
2.59521
2.87885
2.81372
2.87098
2.99854
2.93554
2.873
3.19769
2.80893
2.95231
3.41748
2.77046
2.94724
3.13732
3.16584
3.07973
2.80854
3.04752
2.82724
2.8784
2.5419
3.15337
2.79197
3.03685
3.08444
2.6008
3.02839
2.71349
3.45396
3.59479
3.3291
3.14723
3.63994
3.40984
3.38931
3.34658
3.42566
3.24157
3.50451
3.82834
3.92381
3.65306
3.43022
3.87187
3.0372
3.31003
3.51652
3.27568
3.00281
2.6421
2.98617
3.42174
2.60577
2.74633
3.20195
2.91314
3.74195
3.44214
3.08676
3.63653
2.95448
3.23299
3.1233
3.03722
3.08888
3.07351
3.09384
3.2247
3.1266
2.70329
3.5091
3.27792
3.48033
3.3369
3.76018
3.12511
3.48858
3.54758
3.3816
3.62785
2.93626
3.04725
2.98632
3.35389
3.3545
3.54696
3.1268
3.05783
3.74101
3.73073
3.11288
2.86176
3.79235
3.10832
2.91889
3.44732
2.87923
3.54381
3.46667
3.43766
3.61652
3.38721
3.42834
3.64309
3.57354
4.09172
3.92756
3.32658
3.65595
3.34164
3.50182
3.54488
2.91332
3.70415
3.88555
3.50681
3.52657
3.46536
3.78659
4.31636
3.63829
4.31007
5.02715
4.41432
4.43971
3.60703
4.02871
4.3484
4.1833
4.18538
3.65609
4.32274
4.79031
4.29703
4.64248
4.0599
4.241
4.13888
3.93185
3.84003
4.08248
4.50495
4.23209
4.71408
3.92911
4.01252
4.57897
4.58225
4.88942
4.71502
4.83672
4.17909
4.72347
4.06819
4.35775
4.36171
4.80384
4.48245
4.5853
4.82373
4.25188
4.51508
4.60853
5.29458
4.77147
4.47753
4.44253
4.68428
4.74611
5.1864
4.35184
4.66568
4.78819
4.86118
4.90347
4.91467
5.0376
4.14436
4.28297
5.62189
3.63364
4.20785
4.27292
4.45223
4.64818
5.32887
4.14092
4.83979
4.09141
3.62003
4.02175
4.81976
4.86731
4.37838
4.5585
4.00819
4.73353
4.07803
3.82157
4.75249
4.06884
3.87701
3.83693
4.16369
4.45596
4.01667
4.17982
5.7116
4.24931
4.15609
4.18361
4.10691
4.44531
4.20364
4.11021
4.42681
4.44118
3.71213
4.9869
4.46779
4.33977
4.24962
4.68002
4.18618
4.84604
4.91182
4.4093
4.24114
4.37315
4.7927
4.57518
4.6379
3.16807
3.84132
5.21471
5.39756
6.83041
5.20336
2.57705
1.65229
1.33387
