0.277848
0.297515
0.300574
0.342867
0.432086
0.708203
0.61977
1.08226
1.07146
1.12031
1.39644
1.04533
1.10801
1.03453
0.819953
0.79589
0.876422
0.764697
0.665467
0.620951
0.708684
0.865605
0.869419
0.821793
0.654006
1.04189
0.900206
0.756739
0.770921
0.357642
0.711091
0.727617
0.56044
0.494274
0.558352
0.752505
0.721025
0.520778
0.304623
0.277791
0.309193
0.269701
0.281765
0.386243
0.315821
0.38331
0.588801
0.5405
0.284941
0.27975
0.24684
0.275634
0.312753
0.347103
0.552586
0.844408
0.579521
0.280283
0.290432
0.28198
0.296594
0.344571
0.303205
0.285722
0.297071
0.359859
0.871919
0.708218
0.627583
0.486733
0.821324
0.551195
0.567852
0.555292
0.500091
0.533421
0.641059
0.520254
0.573898
0.507985
0.512723
0.568494
0.545376
0.415057
0.482556
0.569307
0.508366
0.732552
0.630984
0.744367
0.787397
0.63464
0.570617
0.600298
0.57678
0.596459
0.555932
0.637725
0.624138
0.571658
0.509003
0.575443
0.63119
0.877433
0.723421
0.514914
0.706483
0.913158
0.705455
0.772651
0.753493
0.831858
1.36333
0.847862
0.695239
0.755099
0.796811
0.854972
0.894881
0.806677
0.834591
0.749982
0.827315
0.947909
0.918804
0.858964
0.93668
1.10645
1.05209
0.949414
1.18152
1.07303
1.00655
1.0574
0.960899
1.02211
0.916982
0.887528
0.941737
0.960225
0.873389
0.886898
0.795334
0.89006
0.842115
0.933172
0.866951
0.816626
0.78916
0.832834
0.672191
0.677649
0.674638
0.671235
0.646013
0.627577
0.54081
0.597927
0.587046
0.585898
0.517526
0.483296
0.540384
0.559586
0.535356
0.479018
0.48592
0.531927
0.554073
0.501279
0.540484
0.43232
0.412814
0.478076
0.466849
0.510039
0.461002
0.470597
0.408427
0.435243
0.432051
0.413174
0.453615
0.459058
0.407888
0.483746
0.407264
0.430937
0.508318
0.43076
0.365602
0.363207
0.400722
0.36815
0.380137
0.354751
0.407319
0.474436
0.390036
0.353216
0.333138
0.346474
0.299368
0.324888
0.37688
0.280799
0.282861
0.295718
0.325126
