0.163118
0.158275
0.247429
0.26579
0.263372
0.31633
0.538221
0.637828
0.637825
0.684563
0.634585
0.735797
0.826792
0.688219
0.764562
0.748754
0.631326
0.641852
0.594111
0.612564
0.604121
0.59372
0.545045
0.569621
0.570351
0.628762
0.504897
0.406598
0.384017
0.434726
0.402296
0.426673
0.380651
0.39763
0.349117
0.386946
0.387954
0.346342
0.327932
0.324706
0.405145
0.439214
0.477288
0.440353
0.444839
0.455672
0.469935
0.536901
0.480502
0.47409
0.447966
0.460258
0.507914
0.437054
0.531829
0.56405
0.513447
0.514628
0.516737
0.530271
0.34112
0.466615
0.364796
0.300619
0.353181
0.523272
0.564456
0.55106
0.517553
0.489435
0.572202
0.520736
0.548793
0.561913
0.563121
0.530677
0.564828
0.544584
0.481717
0.416897
0.427376
0.478311
0.623153
0.599934
0.597793
0.566905
0.521211
0.56309
0.504094
0.301842
0.380679
0.511507
0.495336
0.535517
0.53889
0.540914
0.62363
0.621616
0.546753
0.511369
0.505635
0.558112
0.492753
0.525828
0.511584
0.540764
0.528018
0.561045
0.508946
0.570144
0.518918
0.55841
0.537258
0.492964
0.514052
0.550157
0.522001
0.57647
0.550182
0.529937
0.556396
0.580348
0.388132
0.566345
0.632721
0.636246
0.5753
0.577219
0.553613
0.317166
0.391652
0.531653
0.559238
0.543546
0.606494
0.603795
0.559131
0.531972
0.602437
0.570439
0.565732
0.566617
0.590264
0.543031
0.623897
0.532122
0.595271
0.656716
0.616826
0.572595
0.569301
0.559471
0.623318
0.543964
0.524884
0.540869
0.55708
0.593826
0.501404
0.545002
0.486079
0.499252
0.452395
0.507767
0.511576
0.456348
0.415722
0.37276
0.469711
0.414704
0.340254
0.414081
0.484757
0.388586
0.444016
0.469039
0.405215
0.400612
0.418771
0.373514
0.523264
0.448199
0.405637
0.43652
0.398762
0.416797
0.409358
0.39139
0.442885
0.444876
0.426319
0.429381
0.447063
0.509065
0.46031
0.445939
0.495684
0.561418
0.493772
0.400365
0.45525
0.375901
0.389693
0.471213
0.424941
0.437461
0.490473
0.482976
0.462186
0.503257
0.479971
0.402377
0.418084
0.517681
0.390958
0.48262
0.426495
0.488962
0.375758
0.438708
0.417551
0.488268
0.393012
0.39689
0.405806
0.414964
0.377812
0.361283
0.424204
0.380626
0.39602
0.391394
0.390365
0.377975
0.389455
0.383572
0.428061
0.403712
0.385013
0.339337
0.380489
0.398147
0.33756
0.329757
0.352589
0.339262
0.384008
0.364985
0.370274
0.365324
0.376521
0.360061
0.356845
0.369265
0.341464
0.376463
0.352868
0.358244
0.385529
0.332873
0.322507
0.380573
0.387375
0.359268
0.37465
0.388064
0.350051
0.360494
0.377297
0.364122
0.367393
0.386146
0.366606
0.350374
0.365562
0.351742
0.374687
0.422216
0.456856
0.398327
0.423801
0.422255
0.44714
0.452084
0.483707
0.492369
0.426494
0.495542
0.422609
0.431522
0.406747
0.432814
0.436864
0.419741
0.43327
0.490208
0.449484
0.423084
0.369324
0.462389
0.428204
0.418943
0.432205
0.361409
0.382659
0.368313
0.371161
0.353964
0.37132
0.381212
0.36964
0.380039
0.332605
0.375553
0.371725
0.379855
0.385061
0.349088
0.324568
0.375747
0.363284
0.352985
0.367262
0.382575
0.368158
0.392603
0.400304
0.40016
0.367349
0.378134
0.36587
0.370669
0.369476
0.361153
0.349467
0.379956
0.345986
0.338266
0.375221
0.351651
0.351186
0.354693
0.3674
0.351762
0.360398
0.369691
0.375458
0.364468
0.379945
0.373803
0.347844
0.369766
0.389071
0.384971
0.385974
0.397108
0.361265
0.394435
0.387425
0.361809
0.406353
0.359181
0.376147
0.381642
0.364265
0.406776
0.400403
0.371136
0.383669
0.408621
0.388922
0.375044
0.388742
0.387466
0.386539
0.386516
0.394737
0.372742
0.373737
0.400854
0.374112
0.382586
0.388551
0.381163
0.396133
0.376831
0.3578
0.332729
0.359928
0.354617
0.367945
0.372857
0.405202
0.443324
0.383396
0.383257
0.39156
0.392389
0.415129
0.454879
0.447882
0.367242
0.397071
0.427304
0.342377
0.362436
0.366694
0.331372
0.342416
0.347738
0.384643
0.402387
0.381635
0.395173
0.369607
0.387098
0.389505
0.412504
0.373256
0.345945
0.400196
0.399763
0.413636
0.41735
0.370799
0.372383
0.387765
0.353613
0.3397
0.382335
0.316069
0.374886
0.390941
0.344978
0.358434
0.366892
0.31451
0.337785
0.384832
0.384443
0.380587
0.372887
0.355372
0.38558
0.379815
0.354059
0.358708
0.344142
0.382542
0.462045
0.486979
0.442054
0.364922
0.364743
0.425613
0.408527
0.416177
0.389462
0.424583
0.404976
0.440308
0.473227
0.444714
0.456607
0.469302
0.403918
0.462186
0.379962
0.340361
0.368302
0.431494
0.46584
0.454533
0.460948
0.432517
0.481166
0.458496
0.473879
0.444134
0.435507
0.427922
0.442031
0.485215
0.465193
0.454045
0.429725
0.475585
0.502559
0.484769
0.45756
0.518367
0.554755
0.541206
0.538364
0.505951
0.451487
0.46304
0.424041
0.459092
0.478446
0.538387
0.493541
0.483819
0.523076
0.476238
0.483961
0.492724
0.478716
0.479154
0.52016
0.525174
0.465528
0.472698
0.494327
0.515028
0.460793
0.501898
0.522705
0.54207
0.579774
0.573578
0.589045
0.548954
0.633109
0.584406
0.585324
0.583193
0.594584
0.617351
0.614281
0.58975
0.565184
0.537762
0.567822
0.588439
0.61012
0.601968
0.602825
0.650985
0.614381
0.680163
0.688423
0.733792
0.739905
0.688706
0.664024
0.667647
0.671992
0.716384
0.664286
0.632861
0.677014
0.651335
0.659611
0.638607
0.625211
0.642775
0.612284
0.672289
0.711707
0.690389
0.593707
0.611814
0.644336
0.673773
0.666071
0.739497
0.775146
0.755836
0.742927
0.732098
0.718041
0.722813
0.73377
0.746327
0.772198
0.760787
0.733633
0.699369
0.677048
0.742977
0.691355
0.732037
0.7125
0.795423
0.815205
0.801671
0.795167
0.777301
0.740521
0.719976
0.726196
0.718363
0.803614
0.764613
0.833196
0.748068
0.734103
0.769898
0.705503
0.785062
0.705221
0.650435
0.682575
0.713486
0.716791
0.773829
0.72851
0.690637
0.734516
0.67402
0.692476
0.653806
0.656566
0.642386
0.686935
0.680541
0.734692
0.791765
0.727152
0.707795
0.774048
0.871873
0.73692
0.677801
0.694716
0.597145
0.71496
0.680392
0.493087
0.42345
0.370491
0.49249
0.527116
0.641849
0.694022
0.781327
0.681553
0.707257
0.526555
0.387625
0.420073
0.323508
0.399938
0.385331
0.439002
0.453157
0.377097
0.334978
0.220824
0.238983
0.279315
0.460052
0.351195
0.323218
0.32544
0.210046
0.176531
0.168655
0.170217
0.155168
0.138627
0.135064
0.127847
0.127051
0.119871
0.12031
0.123909
0.124977
0.118815
0.123355
0.114806
0.117785
0.136977
0.136557
0.138333
0.192821
0.182415
0.165451
0.147721
0.151483
0.160625
0.204839
0.198451
0.241683
0.214962
0.192294
0.190505
0.204332
0.216496
0.228419
0.271033
0.265751
0.228911
0.232963
0.219308
0.220939
0.242314
0.214846
0.207318
0.198512
0.214743
0.221177
0.214473
0.229113
0.216277
0.210009
0.197213
0.228208
0.19757
0.182146
0.209741
0.196656
0.207434
0.189342
0.178885
0.197125
0.178745
0.172234
0.152791
0.154311
0.177696
0.185905
0.189834
0.198857
0.220052
0.181533
0.192115
0.173188
0.218206
0.21726
0.203715
0.227869
0.220348
0.206714
0.208159
0.188649
0.189225
0.166193
0.230251
0.224833
0.193859
0.184617
0.181292
0.214449
0.204998
0.195136
0.231441
0.21978
0.208262
0.228768
0.22038
0.220705
0.228904
0.204135
0.186067
0.229231
0.23833
