0.235774
0.277225
0.266227
0.30035
0.267581
0.385038
0.328545
0.405398
0.400784
0.335816
0.343376
0.356343
0.395296
0.571816
0.366936
0.453903
0.485391
0.406658
0.439559
0.449583
0.425598
0.539162
0.442682
0.505803
0.459004
0.497184
0.696232
0.55847
0.595963
0.581043
0.474895
0.5814
0.517627
0.512088
0.511552
0.539302
0.586721
0.578523
0.569247
0.543899
0.521309
0.890252
0.654174
0.585441
0.72622
0.435613
0.679125
0.786937
0.764947
0.589545
0.774707
0.85231
0.756337
0.809669
0.818401
0.650128
0.881888
0.858247
0.838562
0.786321
0.864064
0.814049
0.716396
0.798785
0.775532
0.652417
0.904817
0.918399
0.826394
0.849203
1.1939
0.970927
0.935238
0.869372
0.759131
0.812682
0.976242
0.912751
0.947807
0.998667
1.04834
1.06648
1.17348
0.914068
0.958277
1.09799
1.08761
0.98671
1.11167
1.21903
1.21205
1.07469
1.13351
1.12593
1.18516
1.16092
1.31727
1.39027
1.07741
1.23726
1.10445
1.27104
1.15317
1.40856
1.26339
1.20119
1.31025
1.13588
1.39515
1.25346
1.31504
1.45886
1.158
1.30818
1.34611
1.16276
1.50716
1.38069
1.34017
1.5775
1.36742
1.18842
1.48444
1.30391
0.999126
1.41733
1.32632
1.3705
1.71431
1.29332
1.4635
1.37784
1.57448
1.45645
1.30109
1.445
1.45136
1.47837
1.3821
1.51539
1.13415
1.82164
1.57313
1.56326
1.47987
1.5826
1.37451
1.46852
1.51755
1.56156
2.10351
1.32936
2.08269
1.52402
1.03591
1.32151
1.28214
1.40864
1.26152
1.2969
1.25091
1.28495
1.69829
1.22885
1.32564
1.40801
1.96367
1.7814
1.517
1.92144
