0.236443
0.244192
0.246599
0.255763
0.247311
0.24564
0.243277
0.251548
0.234328
0.253949
0.245446
0.243736
0.229879
0.234684
0.267168
0.254268
0.251362
0.202637
0.247064
0.252887
0.229495
0.228685
0.238005
0.242806
0.279583
0.268563
0.283759
0.28512
0.281458
0.281752
0.282067
0.287422
0.295245
0.272845
0.286441
0.299041
0.284968
0.279788
0.289326
0.290503
0.274853
0.275429
0.274594
0.29171
0.270238
0.264531
0.265052
0.274551
0.271739
0.267587
0.281865
0.327467
0.296914
0.30614
0.28675
0.260703
0.287397
0.264059
0.284666
0.341249
0.289863
0.284962
0.259878
0.284612
0.32983
0.331136
0.269374
0.278446
0.284662
0.252079
0.243094
0.259283
0.263176
0.237943
0.230035
0.232064
0.235869
0.220214
0.237141
0.211328
0.219752
0.24338
0.229252
0.240553
0.212596
0.221267
0.209833
0.225711
0.209009
0.221442
0.217939
0.217955
0.217825
0.233117
0.222259
0.207193
0.192132
0.226416
0.213363
0.220775
0.229061
0.237164
0.227668
0.240262
0.222424
0.229498
0.219024
0.206971
0.240195
0.257173
0.256486
0.240603
0.245756
0.226437
0.239652
0.246066
0.230487
0.233708
0.251672
0.229762
0.270665
0.250801
0.252691
0.228389
0.261597
0.218816
0.251348
0.278323
0.249152
0.235342
0.238612
0.250767
0.243911
0.237601
0.253061
0.238954
0.244517
0.196488
0.238617
0.221228
0.203674
0.227661
0.218337
0.255928
0.237136
0.22042
0.206713
0.227605
0.222458
0.239888
0.229882
0.282468
0.261624
0.219323
0.258178
0.250679
0.289735
0.295983
0.289041
0.296653
0.309104
0.358926
0.332591
0.328271
0.360352
0.337231
0.288753
0.284635
0.32188
0.239678
0.292259
0.335539
0.322662
0.310055
0.3016
0.29118
0.265018
0.313303
0.310764
0.312042
0.311012
0.253449
0.306279
0.246191
0.236714
0.246043
0.263973
0.229566
0.278663
0.298717
0.276098
0.239303
0.296375
0.221412
0.273883
0.325613
0.296648
0.30864
0.345648
0.325671
0.265754
0.284373
0.312686
0.322022
0.294335
0.286538
0.281018
0.278974
0.276284
0.275154
0.31126
0.291604
0.290365
0.253059
0.249285
0.287326
0.273861
0.319587
0.288584
0.271542
0.305019
0.268701
0.291306
0.263846
0.288827
0.283438
0.261705
0.269821
0.260995
0.299949
0.281975
0.278764
0.259938
0.24119
0.218062
0.273443
0.259823
0.236572
0.204694
0.248489
0.241564
0.236265
0.22828
0.244803
0.256765
0.234906
0.270842
0.241194
0.234603
0.241397
0.24463
0.234831
0.22638
0.224829
0.292567
0.294461
0.350975
0.253946
0.392944
0.33484
0.336852
0.356055
0.375282
0.32937
0.279655
0.347671
0.358952
0.322735
0.286965
0.299999
0.309714
0.356292
0.39725
0.364629
0.485433
0.315675
0.225884
0.269559
0.413528
0.397693
0.447305
0.438515
0.286859
0.249728
0.352412
0.408323
0.276121
0.273482
0.371925
0.194701
0.236694
0.249857
0.200621
0.202207
0.23531
0.236326
0.255906
0.255396
0.186737
0.235546
0.306744
0.357316
0.248991
0.282224
0.367448
0.27448
0.314398
0.276803
0.269907
0.303517
0.339869
0.280605
0.245052
0.258993
0.255036
0.260097
0.216707
0.270086
0.283978
0.337271
0.297275
0.31369
0.358571
0.310562
0.289897
0.277887
0.28612
0.244978
0.19487
0.29131
0.264564
0.217552
0.200482
0.235124
0.187721
0.209825
0.209953
0.198238
0.229351
0.230623
0.194946
0.23447
0.206768
0.317446
0.38963
0.273905
0.254551
0.336684
0.295367
0.297133
0.374363
0.335983
0.325985
0.208279
0.270158
0.190619
0.252145
0.221785
0.270271
0.213924
0.317253
0.340275
0.293789
0.329777
0.330409
0.360996
0.194605
0.244992
0.238466
0.542093
0.443512
0.436234
0.399529
0.321188
0.194549
0.23192
0.254465
0.250445
0.243276
0.263859
0.225258
0.267282
0.188872
0.199092
0.259564
0.256691
0.267573
0.256601
0.253943
0.308503
0.272182
0.237481
0.288899
0.275911
0.256613
0.268832
0.282739
0.29378
0.283873
0.247569
0.284554
0.274599
0.321601
0.327868
0.334877
0.327875
0.357265
0.289085
0.32705
0.413681
0.175821
0.201499
0.315284
0.442891
0.449928
0.402097
0.312105
0.414461
0.413961
0.400174
0.372292
0.532208
0.497555
0.507978
0.426356
0.285931
0.204108
0.335926
0.381746
0.271949
0.357256
0.377084
0.427891
0.347879
0.35777
0.385534
0.299419
0.235596
0.351582
0.278581
0.225968
0.218591
0.256269
0.357894
0.303319
0.436967
0.267881
0.355271
0.422414
0.295482
0.350599
0.359454
0.444573
0.520142
0.317314
0.333969
0.472369
0.278954
0.301518
0.384182
0.353195
0.315143
0.296797
0.333305
0.301417
0.301071
0.33473
0.273181
0.36637
0.286047
0.460398
0.517264
0.482989
0.410337
0.278556
0.240076
0.443002
0.310707
0.266439
0.432622
0.346736
0.308715
0.288731
0.292297
0.358227
0.349715
0.40878
0.349432
0.399606
0.393485
0.403062
0.448732
0.460628
0.372322
0.445265
0.477543
0.426325
0.421958
0.449774
0.405421
0.392796
0.434264
0.393779
0.377571
0.471558
0.421991
0.35
0.281402
0.40845
0.478026
0.428211
0.427165
0.450612
0.394672
0.469284
0.436631
0.453524
0.440574
0.398444
0.416511
0.36906
0.425183
0.422173
0.463281
0.452448
0.485202
0.451121
0.474331
0.49892
0.470601
0.450717
0.420947
0.414327
0.456557
0.420229
0.461316
0.576691
0.492575
0.501383
0.469517
0.438482
0.442813
0.418912
0.435238
0.286547
0.467951
0.497199
0.555399
0.511594
0.516501
0.521267
0.552461
0.568812
0.578882
0.526338
0.534491
0.576956
0.412326
0.495824
0.462349
0.523179
0.483549
0.533159
0.511744
0.497958
0.524287
0.434759
0.542867
0.486379
0.51639
0.500648
0.517331
0.521977
0.492921
0.470921
0.482409
0.51928
0.528344
0.486234
0.480549
0.501264
0.491826
0.503281
0.513136
0.516356
0.631441
0.598871
0.551743
0.563318
0.512408
0.586381
0.557405
0.560817
0.629497
0.505904
0.560896
0.552412
0.597678
0.679565
0.691917
0.720901
0.637219
0.655382
0.708732
0.655662
0.667289
0.678357
0.668726
0.732718
0.684696
0.738646
0.664881
0.692735
0.701109
0.746061
0.759297
0.695006
0.736663
0.799051
0.715262
0.722052
0.783512
0.659078
0.809719
0.746272
0.810311
0.701437
