0.596306
0.604791
0.599698
0.58767
0.608548
0.624421
0.58698
0.605012
0.653692
0.644916
0.632768
0.692985
0.822927
1.29318
1.61669
2.47556
3.30672
3.29294
2.72115
3.35868
3.0563
2.66119
2.05538
2.14765
2.74657
2.13702
2.07166
2.01655
2.21331
2.38983
3.09305
3.06273
2.42922
2.23308
2.39994
2.31472
2.2976
2.67064
2.76487
2.75908
3.12328
3.16846
2.58721
2.68463
2.86039
2.85438
2.41772
2.19276
2.02381
2.4727
3.14782
3.12767
3.00657
3.78597
3.05028
2.29154
2.45054
2.85986
2.28186
2.6271
3.19027
3.41917
3.13685
3.56426
3.16052
3.16388
2.98824
3.73686
3.93344
3.64597
3.85992
3.15194
2.93056
2.62271
3.12235
3.49574
3.24849
3.52185
3.10534
3.27827
2.99721
2.77145
3.44045
3.25049
4.19079
4.35751
3.89536
3.37553
3.03222
2.45085
3.45095
3.86672
3.13814
3.83558
3.41365
3.82674
2.35194
1.90187
3.67704
3.24117
3.28898
2.49383
3.10502
2.98715
2.68652
2.6476
1.93211
1.65401
1.74191
1.68068
1.80537
1.95759
1.89615
2.07398
1.58146
1.84952
1.61558
2.5117
2.77986
2.44463
2.36376
2.22622
2.07856
1.51267
1.77195
1.3973
1.56192
1.66979
1.95794
2.0822
1.81743
1.66135
1.42269
1.25596
1.38472
1.42285
1.34162
1.15384
1.13117
1.07084
1.24866
1.13475
1.08622
1.10871
1.32235
