0.328134
0.370133
0.374352
0.373143
0.363412
0.376096
0.364474
0.350356
0.380184
0.371671
0.406774
0.501366
0.69542
0.710415
0.724646
0.911475
1.01543
0.915898
0.711005
0.89769
0.702659
0.570295
0.640411
0.641884
0.539527
0.582818
0.716644
0.639487
0.59618
0.563478
0.594297
0.562806
0.599559
0.576593
0.606995
0.660908
0.700656
0.721429
0.676841
0.73048
0.737206
0.629749
0.591869
0.589484
0.60698
0.646545
0.570714
0.696187
0.631045
0.649925
0.623374
0.66133
0.688495
0.646895
0.705787
0.747605
0.843833
0.874034
0.84905
0.996984
1.0007
0.867212
0.971002
0.949539
0.964025
0.933429
0.95562
0.953557
0.950904
0.954402
0.9585
0.947567
1.01448
0.965155
1.07562
1.19919
1.18324
1.07935
1.10404
1.08879
1.08052
1.10845
1.1314
1.20237
1.19713
1.13373
1.06951
1.11666
1.12863
1.16326
1.13824
1.29634
1.31766
1.21858
1.09785
1.00923
1.07551
1.13816
1.23085
1.21279
1.19305
1.21495
1.09214
1.16518
1.20891
1.17106
1.14672
1.08285
1.26466
1.09779
1.12044
1.07543
1.12576
1.07326
1.23083
1.38613
1.40604
1.42817
1.32898
1.34008
1.37263
1.28947
1.49406
1.51106
1.87974
1.67013
1.42906
1.21917
1.19151
1.22738
1.22005
1.48489
1.49703
1.22424
1.5301
1.38593
1.33483
1.34406
1.40776
1.54022
1.22738
1.17704
1.13323
1.29733
1.2576
1.24788
1.20618
1.22722
1.18817
1.15696
1.29272
1.32553
1.25958
1.37777
1.24832
1.27272
1.33626
1.3246
1.36316
1.55807
1.51006
1.16294
1.30748
1.40653
1.46294
1.48955
1.40236
1.37629
1.43919
1.32973
1.44091
1.21215
1.38888
1.40289
1.53292
1.74787
1.68256
1.72249
1.96458
2.15576
1.81921
1.70723
1.58055
1.4184
1.50308
1.47778
1.37427
1.39822
1.34353
1.33122
1.26507
1.30529
1.36638
1.29146
1.31975
1.25734
1.47647
1.58719
1.43252
1.46975
1.63303
1.55144
1.63865
1.56266
1.53957
1.39327
1.51089
1.53208
1.72662
1.62139
1.52338
1.65316
1.70589
1.88321
1.60029
1.83149
2.13219
2.2766
2.28306
1.7414
1.72242
1.66187
2.06745
2.11494
1.96851
1.90411
1.95459
1.76288
1.72962
1.83613
1.67732
1.82073
2.10182
1.97774
1.78184
1.74392
1.83393
1.68289
1.55757
1.86559
1.88707
1.78489
1.65337
1.77959
1.83747
1.84117
1.73013
2.04581
1.96762
1.83815
1.97035
2.03234
1.74769
2.04125
2.0191
1.74995
1.86407
1.89616
2.08841
1.85408
2.0162
1.90734
1.94101
1.98256
1.92774
1.9279
2.05025
1.89054
1.82353
1.8331
1.81224
1.7543
1.8226
1.75142
1.71633
1.91122
1.82319
1.96056
1.802
1.84731
1.85837
1.74039
1.72864
1.89741
1.85734
1.9885
2.07073
2.02533
1.96776
1.97814
1.83772
1.88529
1.95089
1.81726
2.02036
1.94083
1.85844
1.91575
1.91993
1.93136
2.02991
2.03457
1.85794
1.90586
1.85872
1.95248
1.8777
1.72015
2.01247
1.97884
1.91437
1.92984
2.06838
2.41446
2.14557
1.95327
2.15269
1.92695
2.1468
2.07276
2.07345
2.23511
2.22183
2.15056
2.14878
2.03731
2.24425
1.9785
2.04607
2.00671
2.27693
2.13034
2.13
2.33479
2.20576
2.18625
2.18488
2.10616
2.05352
2.11628
2.28601
2.13033
2.14464
1.92919
1.92452
2.20537
1.96101
2.2227
2.11473
2.13626
2.06263
2.11461
1.90358
2.13781
2.04066
2.04118
2.07267
2.04893
2.01609
2.09194
2.01027
2.10075
2.2542
1.97971
2.15146
2.09283
2.06095
2.13584
2.15118
2.4669
2.34974
2.20729
2.37391
2.17447
2.08023
2.15039
2.4256
2.15766
2.32938
2.19707
2.18825
2.17478
2.22908
2.04127
2.11667
2.08792
2.23553
2.07206
2.16429
2.11714
2.23813
2.33445
2.28155
2.31936
2.416
2.48633
2.25741
2.34268
2.21043
2.19434
2.08101
2.33415
2.27303
2.26272
2.35698
2.70138
2.47121
2.5084
2.43466
2.65207
2.69043
2.68364
2.5895
2.29674
2.28931
2.61125
2.53149
2.58514
2.56725
2.49798
2.31307
2.18758
2.30424
2.22372
2.17034
2.31484
2.26238
2.42586
2.31335
2.42777
2.30312
2.06862
2.11875
2.43703
2.24937
2.38307
2.21972
2.41406
2.10329
2.44609
2.37754
2.37608
2.21324
2.17495
2.51307
2.63832
2.42828
2.48107
2.64827
2.87802
2.57189
2.46824
2.24289
2.47826
2.60734
2.37517
2.77172
2.46017
2.7466
2.23392
2.8271
2.69628
2.59991
2.70282
2.67309
2.56935
2.52109
2.43957
2.73473
2.2849
2.21193
2.4923
2.18117
2.13284
3.18967
2.99484
3.00343
2.80691
2.38139
2.67984
2.64033
2.16813
2.29797
2.17718
2.17921
2.14592
2.10064
2.10393
1.97785
2.21769
2.10885
1.93198
2.54889
2.45786
2.67969
2.49675
2.72518
