0.807745
0.795764
0.751156
0.779127
0.820636
0.91035
0.851178
0.930216
0.911171
0.831131
0.84989
0.879798
0.926745
0.806187
0.874302
0.822018
0.822164
0.922775
0.981939
0.969523
0.903778
0.878266
0.930026
0.949547
0.894758
0.834445
0.94157
0.97108
0.9022
0.987279
0.915744
0.853509
0.901485
0.984804
0.964499
0.952703
1.11921
1.0309
1.01323
1.29654
1.21641
1.00135
0.961493
1.03758
0.979347
1.08948
1.17312
1.09374
1.13858
1.10229
1.13
1.0655
0.999048
1.10425
1.08125
1.24918
1.19906
1.20043
1.15057
1.09054
1.25542
1.20235
1.35498
1.09669
1.20091
1.29152
1.40386
1.34943
1.26575
1.14793
1.16128
1.29
1.64186
1.227
1.08258
1.10067
1.04566
1.3073
1.3459
1.29793
1.28824
1.36934
1.43548
1.32797
1.53316
1.20605
1.18558
1.2615
1.41397
1.37349
1.32769
1.45784
1.42949
1.40754
1.37036
1.32183
1.39933
1.32733
1.37789
1.25772
1.38041
1.2504
1.49116
1.49159
1.34173
1.27691
1.28542
1.3316
1.28567
1.51601
1.64102
1.34923
1.26831
1.45969
1.52281
1.39683
1.67591
1.63746
1.54755
1.59207
1.53225
1.53155
1.61994
1.21797
1.60737
1.54832
1.40674
1.61098
1.52537
1.68815
1.7184
1.59131
1.50948
1.52902
1.79437
1.51109
1.63756
1.61352
1.4584
1.43755
1.53525
1.59362
1.27921
1.49504
1.58028
1.60722
1.80399
1.54187
1.66273
1.69881
1.5248
1.64118
1.56987
1.58833
1.79764
1.68382
1.52723
1.67721
1.7307
1.62375
1.90271
1.7499
1.53862
1.56351
1.64343
1.55895
1.66418
2.05566
1.59507
1.76363
1.9264
1.86302
1.79827
1.66188
1.99376
1.67822
1.7421
1.90644
1.67191
1.74589
1.84851
1.60607
1.83195
1.79027
1.79238
1.81385
1.94265
1.94867
1.82876
1.9871
1.61462
1.69552
2.05101
2.08005
1.81826
2.03503
1.90036
1.90388
1.86686
1.86396
1.92724
2.06586
1.73256
1.9742
2.10931
1.97869
1.65879
1.81422
2.19269
1.9295
1.95137
2.19584
2.02136
2.19916
2.05597
1.93681
2.08785
1.9356
1.97437
2.0057
1.93621
1.96631
2.00318
2.1455
2.1707
1.9854
1.99405
1.94828
2.06294
2.21569
1.93969
2.21124
2.00987
2.2526
2.30037
2.01585
1.92214
2.05306
2.1139
1.64809
1.82866
1.71105
1.83985
1.93465
1.87169
1.63783
1.74021
1.92692
1.76108
2.03636
1.99198
1.6876
1.79496
1.90852
1.76953
1.81895
1.85241
1.75078
1.73497
1.65675
1.98579
2.05187
1.888
1.89246
1.82514
1.80836
2.04213
1.668
2.02939
2.07762
1.97525
1.76992
1.89099
2.1041
1.88583
2.15457
2.80033
2.49635
2.19848
2.19422
1.81181
2.14472
2.17764
2.57474
2.31204
2.84366
2.67744
2.72755
2.29598
2.13066
2.15957
2.70549
2.3875
2.12986
2.14724
2.54959
2.48346
2.35698
2.80408
2.57339
2.15521
2.32499
2.50851
2.82094
2.80328
2.23322
2.6043
2.50717
2.45914
2.4779
2.41927
2.47312
2.53711
2.39457
2.71592
2.6303
2.29227
2.41482
2.46454
2.24249
1.95955
2.30849
2.27129
2.64152
2.32056
2.82437
2.61425
2.40889
2.5256
2.62949
3.29291
2.58527
2.72593
2.59111
2.55289
2.97157
2.64925
2.96292
2.83401
2.89023
3.6097
3.50651
3.08167
3.3848
3.76482
3.45871
3.24897
3.47045
3.60909
3.8478
3.15394
3.70329
3.03756
3.35655
3.90287
3.10343
3.47706
3.38594
3.02031
3.152
3.32898
3.25377
2.94109
3.2009
3.10557
3.14086
3.04197
3.23899
3.42794
3.15354
3.52272
3.41747
3.23025
3.62053
3.06078
3.32575
2.7283
3.41113
3.1906
3.32875
2.96223
3.36163
3.045
3.04896
2.9084
3.48191
3.62453
3.19423
3.23394
3.22239
3.40082
3.30298
3.48199
3.32489
3.12177
3.82567
3.28521
3.14867
3.9106
3.39479
3.54957
3.49164
3.33955
3.36492
3.37771
3.68898
3.73958
3.53046
3.33769
3.26074
3.80426
3.69549
3.85525
3.35468
3.6433
3.61106
3.54923
3.61038
3.3895
4.19783
4.25213
3.48469
4.4668
4.1184
4.0264
3.49586
3.8749
3.54725
3.77619
3.8448
4.61458
3.69019
3.81637
3.54985
5.23529
3.88443
4.19226
3.86865
3.83739
4.02196
4.06958
4.05441
4.18597
4.84157
4.00371
4.0746
4.16633
4.66759
4.54155
3.97753
4.58893
4.28498
4.19699
3.5069
4.35095
4.36455
4.56237
4.22068
4.0313
4.75815
5.56179
4.03002
4.16329
4.09486
4.12314
3.86942
4.41066
4.21653
4.72271
4.28328
4.21131
4.64103
4.37744
4.71319
4.36666
4.26952
3.80753
4.66948
3.49871
3.43954
4.11995
3.77665
3.6616
3.93758
4.18382
3.93998
4.22558
5.23769
5.711
3.80921
5.29299
4.58732
4.22301
4.26457
4.21395
4.02637
5.05014
3.98257
4.98755
5.05982
6.79366
2.81557
3.59683
4.27867
6.76948
8.79067
8.20064
7.92455
9.00183
7.03259
7.85465
