0.255146
0.29057
0.290344
0.288939
0.322827
0.356928
0.403618
0.351318
0.383562
0.419552
0.418242
0.456389
0.474677
0.548798
0.5771
0.57869
0.614746
0.558453
0.572902
0.620402
0.637912
0.533485
0.724229
0.721453
0.622497
0.791913
0.943148
0.843467
0.781157
0.867181
0.875282
0.804921
0.973609
0.955094
1.18023
1.0356
1.0116
1.18399
0.984848
1.11341
1.19013
1.224
1.30471
1.1107
1.40278
1.14503
1.62489
1.55739
1.26523
1.5629
1.36886
1.8567
1.69798
1.59321
1.68028
1.69498
1.78951
1.80564
1.9525
1.8032
1.65029
1.48375
1.63773
1.38235
1.45091
1.77478
1.63137
1.77735
2.03216
1.62776
1.74144
1.85611
1.72757
1.72822
1.39766
1.64428
1.7654
1.80008
1.79784
2.10748
1.97555
1.82248
1.92115
2.23307
1.83578
2.34529
2.38248
2.30413
2.51393
1.9726
2.01397
1.92865
1.92198
2.27958
1.90005
2.58069
2.23533
2.19831
2.45514
2.49693
2.09987
2.35903
2.28053
2.79414
2.47755
2.45527
2.71855
2.35576
2.05515
1.85895
2.11379
2.09432
2.30853
2.6952
2.61608
2.27987
1.95872
2.18303
1.84221
2.03991
2.40967
2.44177
2.41046
2.32332
1.94811
2.10789
2.2463
2.43629
2.31134
2.28919
2.7707
