2.44316
2.3864
5.07548
4.29275
3.75078
3.29056
3.67639
3.2986
3.50537
3.67889
4.88242
3.49128
3.5
4.09493
6.42775
5.64434
5.10535
4.74176
4.34743
4.8386
3.93508
3.54367
3.20317
3.98323
2.97872
2.98245
2.11415
1.8899
2.06784
1.93279
3.685
2.89987
2.79835
2.34487
2.42456
3.4973
3.08761
3.87594
3.401
3.47832
3.477
3.30679
2.92294
3.55855
2.16635
2.7504
3.29715
2.86133
2.38635
3.65265
3.14765
3.43739
3.08955
4.13791
3.24922
2.60303
2.8721
3.20958
3.08028
3.00918
3.07464
3.3833
2.87197
3.40606
3.67552
2.87333
3.75684
3.52041
3.1761
2.7373
3.19063
2.80361
2.97789
2.86364
2.78511
2.46812
3.18747
3.30587
3.30835
2.72043
2.29097
2.69717
3.15376
2.60276
2.89646
2.2916
2.13335
2.76777
2.25404
2.2649
2.24497
2.15898
2.34147
1.63202
2.33329
2.37317
2.30113
1.98737
2.22874
2.69284
2.389
2.279
2.2895
1.79975
2.27226
1.82695
1.78114
2.51972
2.13643
1.82066
2.00044
2.021
2.0142
1.96812
1.79042
2.00497
1.70726
1.8499
1.69328
1.55358
1.90914
1.92577
1.78552
1.70345
1.71619
1.57794
1.55028
1.76587
1.54994
1.69731
1.74504
1.77796
1.51386
1.60431
1.39039
1.54604
1.61618
1.34999
1.53329
1.19491
1.30145
1.03167
1.06687
0.917561
1.13173
1.00009
0.996075
0.989822
0.773563
1.0028
1.05803
0.910181
0.947182
0.765825
0.628647
0.669478
0.718032
