0.910619
1.035890
0.840797
1.018260
0.871264
0.792734
0.856914
0.912634
0.991295
0.993963
1.011280
1.156810
1.246850
1.283380
1.127200
1.252920
1.198380
1.402690
1.254190
1.305030
1.269800
1.204040
1.201860
1.379570
1.245970
1.228560
1.450930
1.315810
1.253850
1.643790
1.595830
1.168360
1.154300
1.409040
1.296880
1.200750
1.341370
1.417640
1.415180
1.619770
1.267570
1.527180
1.808370
1.529510
1.476730
1.781160
1.827160
1.583700
1.491850
1.777930
2.061470
2.075480
1.732620
1.933210
1.906790
1.771120
2.480200
2.647760
2.604940
2.788910
2.970930
1.703030
1.595700
1.723470
1.460160
1.616070
1.887390
2.555140
3.345780
2.344370
2.811340
2.401830
2.521640
2.682270
2.057400
2.864620
2.749460
2.517490
2.624680
2.851660
2.472610
2.620830
2.579430
2.152260
2.892660
3.180910
2.651040
2.551010
2.915110
3.662760
2.717930
2.909850
3.136020
2.913630
2.828960
2.527000
3.425020
3.109050
3.476470
3.375410
3.157680
3.454330
3.370780
3.694150
3.750070
3.195660
2.523680
3.253880
3.926050
3.593800
3.580940
3.394340
3.705260
2.929740
3.355760
2.925920
3.132580
4.243710
3.626320
2.915630
3.295690
3.937280
3.422590
4.059290
3.598470
4.289240
4.146550
3.220990
4.287380
5.220550
4.061930
3.918430
3.714370
4.394350
3.615190
4.119190
3.662530
4.002620
3.337700
4.452880
4.875130
5.821230
4.351280
4.134740
3.576520
4.563070
4.248160
4.136220
4.338840
3.709140
3.781290
3.634090
4.611590
3.633440
4.238850
5.062260
4.710290
4.409790
4.989890
3.945420
4.772000
4.600130
4.586230
4.252830
4.580870
4.152620
4.090210
4.915370
4.997460
5.601900
4.506860
4.817670
4.654090
4.754580
4.386120
5.661370
3.934750
4.748870
5.216210
4.250570
5.628070
4.557230
5.466740
4.208200
5.065010
4.658630
5.098410
3.858180
5.364640
5.680510
4.350800
4.444190
3.919620
4.998210
5.012690
3.746200
5.091200
5.606540
4.639240
4.623830
3.374970
4.773970
5.938060
5.066440
4.870130
4.732290
4.873790
3.971130
4.677130
5.156650
4.576460
4.989220
5.628110
5.055500
5.129070
4.545780
4.766010
4.006170
5.251920
4.421890
5.310580
4.510350
4.286660
5.371730
4.977460
4.665720
6.031500
4.737380
4.930070
4.525560
5.186260
5.545600
6.121870
4.242640
4.506950
5.230540
6.092550
4.996150
4.816510
5.778250
4.921200
5.472480
4.675860
5.812690
6.110720
5.008020
5.980540
5.328400
5.041300
5.209140
5.913130
6.406440
5.527290
5.419860
5.592150
5.579750
6.540840
4.788890
4.751250
7.087320
7.129430
6.399830
6.670620
6.670740
6.392100
5.801660
5.727290
5.651280
5.704130
6.096340
5.000740
5.098900
5.858670
5.581910
5.087680
6.390790
5.746690
6.210610
6.500500
5.585530
5.647100
5.046960
6.082710
5.431060
5.756920
7.049930
5.838210
6.277650
6.494590
6.461190
6.968950
6.451640
6.026010
7.560150
7.634030
7.529290
6.784160
5.714370
5.415880
6.370390
6.862390
6.856840
8.549070
7.314010
8.045040
7.283610
5.859590
6.609360
6.528680
6.386550
6.494410
6.848590
7.407290
7.343650
8.199720
7.580640
7.468450
7.305770
7.632730
7.691300
6.126170
7.183660
7.322290
7.128920
7.640760
7.470460
7.363800
7.318180
7.359510
7.608320
7.378760
6.952820
7.070590
7.344740
7.105910
7.185820
8.287660
7.523030
7.873160
7.555530
7.526830
7.952120
8.012290
7.048690
7.402780
7.186630
7.432870
7.921960
7.082430
7.177240
7.891660
6.989860
7.331080
7.042460
6.714200
8.093060
7.861410
7.328210
7.422830
8.399420
7.886260
9.302620
9.570320
9.403820
10.117800
10.141700
10.014700
10.197100
9.780520
9.593680
9.016960
8.824970
8.894710
9.528780
9.404690
9.314930
8.411030
7.437590
8.051500
7.218520
8.441590
6.821540
8.629810
7.589430
8.219910
8.593970
7.804690
7.880910
9.434030
7.722240
7.416940
9.040350
7.919530
9.892520
8.438230
9.939970
11.044500
9.120650
10.604300
9.746980
10.723200
9.554110
10.353300
8.115310
9.755350
10.469200
10.719800
11.421200
10.831200
11.023000
9.484360
8.996400
9.763610
8.864060
9.254690
9.810770
9.512480
10.404500
8.916330
9.750180
8.044450
8.684010
9.125550
10.773900
11.310000
10.659400
10.756800
11.273800
11.524300
10.406900
9.910250
11.788200
6.824720
7.654420
7.513460
10.004300
7.274600
9.894370
9.356720
8.395490
8.179600
7.943090
8.021470
6.530100
7.637570
6.701910
6.468790
8.479730
8.834270
6.982740
6.399070
7.499620
7.627860
6.418290
6.895700
6.665230
7.115730
7.506810
7.252800
7.332540
9.803960
10.503300
12.778500
11.940200
11.831800
11.450500
12.697900
11.151500
12.038400
10.720900
11.617800
10.536900
11.634500
