0.489643
0.46623
0.42616
0.421569
0.416609
0.439882
0.559627
0.443901
0.477377
0.619814
0.731962
1.02315
2.75128
2.52105
2.03653
2.18376
1.96511
1.82735
1.75393
1.91072
1.87468
1.9577
1.58118
1.73483
1.67453
1.68369
2.02865
1.79693
1.89662
1.86106
1.98942
2.27947
1.87994
2.13886
2.13822
1.78038
1.76259
1.88065
2.07603
1.96657
1.90201
1.83093
1.93632
1.61576
1.82646
1.56004
1.5544
1.61975
1.38776
1.40941
1.54389
1.74956
1.45029
1.581
1.85588
2.1141
1.84873
1.64929
2.08425
1.70877
1.55708
1.21329
1.32637
1.59854
1.66593
1.98154
2.22454
1.7642
1.33935
1.67007
1.74746
2.3001
2.18463
2.32849
2.04278
2.05078
2.10763
2.19447
2.42969
2.14909
2.58542
2.2244
2.07209
1.97431
2.12683
2.32347
2.23182
2.03626
2.02235
2.16819
2.18903
2.00432
2.04022
2.07339
2.07679
2.26522
2.17949
1.97249
1.86265
1.83477
1.95634
1.6504
1.66099
1.54147
1.71055
1.21771
1.44273
1.54855
1.6102
1.36356
1.37018
1.33167
1.31485
1.5869
1.787
1.78653
2.52619
2.99124
2.30785
2.02217
1.83493
2.07481
1.93509
1.89521
1.82311
1.62144
1.85507
1.7818
1.79735
1.62069
1.23095
1.12262
1.05785
1.10628
0.993977
1.00429
1.07728
1.18387
1.10371
2.08671
1.97246
2.54139
2.51722
2.98096
3.24442
4.14802
3.54514
4.29256
4.42596
4.47799
3.85073
3.92774
4.6312
4.10823
3.94963
3.9562
3.77142
4.18518
4.1001
3.88475
3.80718
3.85229
3.48369
3.94289
3.21364
4.32321
4.42791
3.37174
3.7191
4.39272
3.68955
3.94126
3.34345
3.82108
4.6903
3.84253
4.2329
4.65314
3.95632
3.86652
4.31478
3.70806
3.6833
4.35087
4.225
3.81391
4.09728
4.14206
3.4821
3.77377
4.05207
3.9024
4.396
3.99849
4.67393
4.15606
3.76751
3.89241
4.93472
4.2699
4.05219
4.31527
4.1664
3.59688
3.38452
3.55549
3.48844
3.69916
3.82108
3.56325
3.08083
3.60784
3.72863
3.88573
3.55534
3.39015
3.95179
3.79358
3.85641
3.41655
3.86826
3.97245
3.56309
3.7161
3.96671
3.71758
3.58035
3.60847
4.33649
3.75247
3.59333
3.84795
4.32835
4.3728
3.00896
3.44245
3.07479
3.20882
4.06196
3.90771
3.25923
3.3143
3.89524
3.15322
3.54751
3.10592
3.85893
2.97224
3.30623
2.84107
3.44411
2.77223
2.40307
3.10535
2.74157
2.7935
2.6154
2.70093
2.21853
2.25316
2.19706
2.15462
1.643
1.99271
1.96167
1.78549
1.55715
1.71753
1.48808
1.79062
1.97175
1.38665
1.12697
1.534
1.2514
1.2966
1.15599
1.07544
1.07656
1.1478
1.01489
1.07376
0.877816
0.953048
0.881402
0.922455
0.935139
0.857818
0.779171
0.703936
0.715847
0.853842
0.769251
0.65382
0.661865
0.62389
0.57357
0.567612
0.537265
0.459833
