5.494560
5.029530
11.893800
10.767900
10.572400
9.717610
10.199800
8.427050
9.334820
10.015600
10.645200
9.842180
9.636230
8.113250
9.626270
8.306840
7.938090
7.322910
7.528260
9.151920
8.689780
8.142140
6.428660
5.890370
5.494630
6.592880
6.143560
6.586030
7.204150
7.689280
7.968170
8.517290
7.435690
7.344250
7.614380
8.146600
8.920950
7.691730
8.162270
7.071630
8.486830
7.123630
7.353510
6.193310
6.802520
6.850460
6.011310
6.401410
8.050170
7.031140
8.003330
7.144020
6.446590
7.174500
7.122900
8.122650
7.576460
7.694620
7.187820
6.684140
6.412180
6.851310
6.594160
7.525740
6.018640
6.011170
7.229120
6.181590
7.000680
6.479690
7.370900
8.531260
7.026100
7.079700
7.069480
6.034790
5.707690
6.566510
7.030830
6.637840
6.196400
5.827440
5.991860
6.559820
5.671530
5.534770
5.740130
6.149590
6.798920
8.028300
6.954190
7.826610
5.734530
5.997850
5.720970
5.331620
6.160010
5.593770
7.618110
5.987560
7.180200
6.580080
6.220150
6.341980
5.909270
5.290990
5.649770
6.763400
6.109840
5.782940
6.529680
6.138740
5.349430
5.863960
5.041610
4.902260
5.133440
5.796170
5.079820
6.184130
4.876260
4.719690
5.017530
4.647820
5.348060
5.814750
5.108780
6.304800
6.371430
6.911540
5.487500
5.463550
5.700930
5.213950
4.777090
4.828510
5.065250
5.178020
4.784710
5.402530
5.165070
6.113240
5.495760
4.876840
5.115210
5.151850
5.046010
4.826830
6.318330
6.308620
6.805470
5.434200
5.011750
4.785020
5.816480
4.544960
4.908720
4.171350
4.152970
4.028030
4.457300
4.347750
3.640030
4.492090
4.012540
3.959670
4.525460
4.165120
4.589590
4.318340
4.388280
3.992670
4.018760
3.684940
3.891650
3.674080
4.195750
4.269110
4.672760
4.109120
4.453400
4.302910
4.698900
4.200450
4.030390
4.026820
3.894970
3.844710
3.483230
3.677610
3.943100
3.793880
3.826070
3.779950
3.473710
3.279140
3.545090
3.697120
3.734310
3.744550
3.459210
3.457570
3.389160
3.610890
4.114220
3.973510
4.383090
3.642960
3.953300
4.088950
3.793490
4.594790
3.310110
3.447710
3.845180
4.080640
3.922270
4.028170
4.471900
4.378520
4.289500
4.757520
3.690180
3.946960
4.391210
4.362800
4.388740
4.558500
4.736260
4.537960
4.422600
4.474180
4.138100
4.145930
4.262110
3.801410
3.729980
4.171500
3.884410
3.962520
3.552900
3.666710
3.686520
4.216240
4.812020
4.012820
4.169760
4.371610
4.540930
4.378660
4.192540
3.622620
3.566420
3.858380
3.936400
3.676320
3.549820
3.463720
4.259350
3.612220
3.718150
3.490460
3.513890
3.782240
3.181810
3.615350
3.540870
3.385410
2.985610
3.100830
3.333020
3.524360
4.676500
3.571630
3.332830
3.501800
3.561220
3.448870
3.477670
3.013980
3.316400
3.481300
3.117010
3.367160
3.083170
3.212460
2.788360
2.974200
3.521910
3.183320
3.377910
3.753540
3.186000
3.800540
3.476480
3.109720
3.463740
4.005380
3.519050
3.301240
3.336470
3.487940
2.974430
3.129320
3.330420
3.368770
3.454770
3.056580
3.073880
2.665960
2.768370
2.649380
2.573270
2.731440
2.721230
3.069830
3.175260
2.812700
3.071340
2.561690
2.632670
2.918670
2.604140
2.761480
2.891470
2.764880
2.545920
2.961750
2.516120
2.748960
2.372540
2.318990
2.703090
2.850000
2.602530
2.722420
2.434420
2.537310
2.543430
2.845410
2.689620
2.706000
2.603000
2.465800
2.319770
2.269790
2.306980
1.922470
2.243270
2.640540
2.481900
2.267140
2.442270
2.661900
2.435210
2.263760
2.345720
2.465880
2.308720
2.821260
2.688930
2.152250
2.376270
2.485990
2.462220
2.350820
2.214630
2.600730
2.352540
2.386640
2.118720
2.538720
2.281930
2.087450
2.424910
2.177370
2.116730
1.799040
2.148510
2.473070
2.452390
2.344180
2.527590
2.322540
2.369760
2.224580
2.215620
2.558320
2.346830
2.157950
2.143810
2.305370
2.369890
2.113170
1.979940
2.331640
2.276510
2.236910
2.245860
2.352720
1.972770
2.296290
1.939610
2.347020
2.416980
2.109130
2.178300
2.437760
2.264970
2.404250
2.385760
2.375360
2.217250
2.411700
2.143320
2.405440
2.138960
2.094700
2.108990
2.320720
2.101090
2.248970
2.304940
2.415710
2.209570
2.085670
2.214090
1.838180
2.225550
1.897160
2.029200
2.156860
2.216990
1.934150
2.300460
2.280940
2.131940
2.153820
2.145490
2.377090
2.378920
2.104280
2.158650
2.027440
2.279250
2.060500
1.854800
2.092780
1.885650
1.992750
1.927730
2.095570
2.120260
2.107250
2.011800
2.125040
1.994050
2.057310
2.077690
1.839590
1.679390
1.943760
2.091200
1.977310
1.979820
1.998160
2.205690
2.080760
2.082780
1.896150
2.163560
1.760900
1.922030
2.016650
1.949390
2.025820
1.865710
1.918830
1.721430
1.704200
1.943230
2.110020
2.018350
2.032860
2.116120
1.945770
2.016830
1.908390
1.943640
1.663570
1.917610
1.733010
1.658940
1.895090
1.732080
1.903450
1.643670
1.926700
2.229500
2.037230
2.100410
1.512220
2.013920
1.902290
2.054360
1.873650
1.789650
1.914770
1.984530
1.868860
