0.0713066
0.0911802
0.0867096
0.205046
0.130066
0.171287
0.208459
0.230565
0.258657
0.270482
0.290093
0.300457
0.29472
0.34874
0.348801
0.374044
0.348843
0.471937
0.441493
0.546217
0.413086
0.71544
0.461859
0.398869
0.534967
0.854059
0.626007
0.655644
0.803977
0.743157
0.65371
0.891149
1.00405
0.693913
0.759257
0.637588
1.28472
1.14288
1.08177
1.17749
1.1659
1.44505
1.18061
1.3592
1.38565
1.31338
1.07849
1.4143
1.26539
1.52915
1.39122
1.53061
1.57835
1.38694
1.87638
1.63423
1.85793
1.51377
1.35546
1.48251
1.34927
1.72871
2.07697
1.47312
1.58391
1.81897
1.51469
1.51555
1.68778
1.7784
1.87329
1.82641
2.00156
1.73893
1.4645
1.74634
1.6213
2.08979
1.92649
1.99119
1.89997
1.76796
1.97287
1.55075
1.74616
1.84205
1.75949
1.49974
1.83086
2.01151
1.63384
1.90103
1.83624
1.96582
1.85977
1.89711
1.82324
1.91649
1.94148
1.8695
1.86492
1.72802
1.8996
1.73739
1.94943
1.83093
1.9144
1.91124
1.9484
2.03474
1.75232
1.73372
1.38164
1.645
1.88553
2.31477
2.38342
2.28455
1.51675
1.16391
1.26112
1.49521
1.09082
1.57651
1.55598
1.76607
1.95528
2.6234
3.09331
1.8583
3.02516
