2.16789
3.75397
5.6514
4.5964
3.49698
4.03606
5.29658
5.50686
6.05532
5.21552
3.90023
3.79608
3.49002
4.71642
4.08166
3.42157
4.76308
6.31998
4.64374
4.84441
4.03714
4.49725
4.29529
4.73175
4.19263
4.42663
4.62484
4.61207
4.73307
4.43332
4.60073
4.22454
3.96873
3.63344
5.33469
4.17046
4.61831
3.90207
4.36258
3.82904
4.44236
4.2946
4.08057
3.70897
4.66246
3.97113
3.96604
3.86522
3.66051
4.38844
3.82365
4.29999
4.02242
2.96293
3.20631
3.52505
3.55186
3.80083
3.42192
4.26064
3.46531
3.8288
4.93592
3.8761
3.57466
3.42638
3.30284
3.82771
3.63985
4.36185
4.51793
2.9686
2.98955
3.38025
3.79977
3.6477
3.58654
3.11155
3.47987
4.43679
2.97669
3.06265
3.68068
3.69191
3.92731
2.65829
3.27515
2.97701
2.00562
3.2136
3.15686
4.333
3.63975
2.83219
2.94051
3.09754
2.70746
2.59001
2.20349
2.6629
2.96807
2.72803
2.95991
2.41495
1.90727
3.13941
2.31309
2.09109
2.07272
2.33374
2.74321
2.47888
2.15277
2.38551
2.06742
2.31549
1.99441
1.46662
