0.333641
0.352479
0.413435
0.346991
0.375583
0.749799
0.624923
0.80255
1.08142
1.54213
2.74983
2.08291
1.76363
2.00296
0.904971
1.10711
0.946586
1.38473
1.15342
1.11798
1.06387
1.28316
1.40204
1.18528
1.17015
0.992831
0.972791
1.26673
0.933692
1.08148
1.01878
1.03305
1.0419
1.37313
1.32735
1.34116
1.12347
1.44803
1.10719
1.08511
1.18774
1.3755
1.19729
0.937658
0.913115
1.34813
1.14036
1.14412
1.04123
1.45478
1.2996
0.979309
0.855231
1.08693
1.14615
1.31719
1.2444
1.18101
0.970715
1.05717
1.07829
0.993976
0.871575
1.12452
1.17961
0.829183
0.896748
0.865974
0.853689
1.20638
1.38368
1.06064
0.996251
1.14121
1.31897
1.01052
0.95809
0.85174
1.2896
0.834264
0.805606
1.04537
0.797593
0.982384
1.06697
0.834592
1.04602
1.21048
1.53155
1.0785
1.05906
1.049
1.002
0.881185
1.00257
0.779955
1.14232
1.16208
1.02435
1.06572
1.01773
1.1734
1.05989
1.31414
0.88411
0.85319
1.12622
1.11942
0.831565
0.999309
0.96703
0.836177
0.974141
1.20173
0.90311
0.804952
0.947289
1.06005
1.4806
0.852084
0.785671
1.00797
0.774872
1.11298
1.0802
1.2916
1.2964
1.30828
1.17608
1.28969
1.33578
1.09362
1.18319
1.45595
1.14091
0.987204
1.72857
1.27779
1.10027
1.14764
1.29688
1.14673
1.06878
1.15527
1.04571
1.48511
1.30521
0.987041
1.22377
1.06719
1.23012
1.07816
1.46849
1.00527
1.11284
1.07798
1.24146
1.09944
1.38359
1.1757
1.75561
1.38373
1.13588
1.28085
1.31859
1.37758
1.12775
1.16764
1.3467
1.09017
1.3305
1.0201
1.35503
1.49821
1.3622
1.42222
1.38154
1.42977
0.991196
1.24013
1.17876
1.23364
1.39193
1.13851
1.27902
1.32346
1.29083
1.48776
1.26985
1.90314
1.39388
1.23833
1.64872
1.38777
1.08391
1.58341
1.52365
1.81803
1.56286
1.10258
1.42865
1.2735
1.48601
1.17672
1.35748
1.30406
1.44048
1.34171
1.41344
1.22338
1.18325
1.39208
1.68162
1.3308
1.56597
1.58682
1.39416
1.40471
1.35522
1.79941
1.59126
1.65414
1.59925
1.22361
1.46462
1.54942
1.81191
1.45403
1.4745
1.71809
1.36488
1.42195
1.35616
1.39116
1.44283
1.4885
1.4306
1.58946
1.5388
1.48763
1.59071
1.49615
1.31826
1.34054
1.59801
1.61291
1.53201
1.50421
1.60109
1.74874
1.78695
1.73635
1.75846
1.62114
1.4713
1.89546
1.68013
1.92528
1.7177
1.55419
1.42934
1.51863
1.83232
1.87658
1.85036
1.9853
1.95196
1.82127
1.75016
1.96276
2.01292
1.91935
2.14272
2.14642
1.94722
1.78391
2.19818
1.80969
2.28365
1.89972
1.82505
1.95545
1.80357
1.80107
1.88736
2.22284
1.83981
1.97999
1.8958
1.71218
1.59611
1.67028
1.63336
1.85216
2.13726
2.00891
2.13913
2.4989
2.39271
2.11414
1.97152
2.20271
2.47246
1.95407
1.97469
2.07228
2.01463
2.35272
1.97444
1.98669
1.92611
2.26113
2.32039
