2.654000
2.529760
2.151890
2.543840
2.501580
2.586850
2.739540
2.635160
2.612150
2.536320
2.668080
2.755060
2.696120
2.732110
2.562520
2.687600
2.967550
3.218710
3.133560
3.047960
2.825110
2.779720
3.286550
4.219690
3.958560
3.735000
3.617400
3.803260
4.069270
3.469400
3.965570
3.999750
3.665240
4.365920
4.466330
4.087390
4.511240
4.224540
4.515280
3.923210
4.629180
4.852790
4.206860
4.508490
5.478060
5.818930
5.528070
6.436310
7.544000
7.336080
6.808620
5.817950
5.728990
7.598040
4.920070
5.943930
5.920460
5.587040
4.923240
5.566520
4.430560
3.814130
4.129930
5.520630
4.322890
3.212720
4.267000
4.115050
4.703620
4.519240
3.941090
4.487770
5.256680
6.158700
5.288680
6.436100
5.787730
6.628780
6.552290
5.735500
7.594170
6.966970
7.088600
7.005380
7.399870
6.234730
6.393300
6.060850
6.277780
6.696520
6.939600
6.425490
6.909180
5.879060
6.013040
6.244430
6.489170
5.953810
6.067730
5.851960
5.677250
5.461500
6.312870
6.954480
6.236880
5.767020
7.023520
5.112710
5.377940
5.746570
5.690980
5.725120
6.068710
6.545270
6.619040
6.895090
7.408330
7.172170
7.616930
7.615320
8.043520
8.034930
8.250070
8.491110
8.067590
8.164290
8.252800
8.484700
8.068520
8.799850
8.015690
8.443810
8.516490
8.506140
8.703090
8.700150
8.598810
9.203880
8.922970
9.095120
9.100060
9.128210
8.792230
8.828550
8.673190
9.270100
8.770800
8.817690
8.922570
9.149180
9.594970
8.318820
8.308980
8.747450
8.340320
8.054950
8.726030
8.081690
8.135830
8.086060
8.157120
7.150980
8.168540
7.626790
7.870700
7.764360
7.766090
7.139700
7.537290
7.172020
7.259270
7.297850
7.095840
7.379160
7.290330
6.861320
7.005750
6.764010
6.865870
6.566180
6.317760
6.051530
6.852210
6.255630
6.192010
6.198840
6.382710
6.101880
6.261180
5.920160
6.233190
5.998520
6.351670
6.288100
6.196240
6.254890
5.935240
6.002430
5.919400
6.051170
5.649520
6.189670
5.858390
5.684350
5.684860
5.824290
5.740120
5.337610
5.478810
5.430270
5.849240
5.702790
5.554920
5.929860
5.986170
5.789720
5.914570
5.821140
5.530400
5.906330
6.197560
5.695200
5.680180
5.705860
5.482090
5.460840
6.013950
5.676820
5.761600
5.708860
5.779680
5.535840
5.276500
5.856970
5.517830
5.413250
5.652470
5.704480
5.927010
5.665170
5.706360
5.539130
6.204280
5.938220
5.837860
5.720790
5.806630
5.529180
5.584720
5.582670
5.557340
5.575450
5.444950
5.867460
5.897920
5.976860
5.713950
5.897600
5.821260
5.835740
5.973380
5.901320
5.494770
5.896090
5.555580
5.566750
5.461760
5.831750
5.805730
5.763670
5.532700
5.177190
5.872440
5.823540
5.788050
5.964090
5.688920
5.524210
5.590160
5.801970
5.629560
5.419790
5.748790
5.665960
6.081600
5.600940
6.152320
6.147940
5.904850
6.068570
6.037940
5.857600
6.156350
6.200220
5.965570
5.862440
5.756800
5.809100
5.732510
5.325850
5.817120
6.063630
5.740760
5.466030
5.518190
6.152310
6.217450
5.932020
5.451270
5.682740
6.066040
6.210000
5.538310
5.732630
5.891740
5.700760
5.580700
6.179770
6.007910
6.001450
5.857020
5.708740
6.138080
6.264680
6.123930
6.131110
6.093520
6.213580
6.089830
6.272310
5.669660
5.634980
6.082040
6.095520
5.977730
5.918000
6.076360
6.199230
6.335920
6.007250
6.253590
6.752870
5.926640
6.472280
6.001920
6.356130
6.334530
6.328320
5.572150
5.918310
5.868810
6.368270
6.031270
6.505800
6.198590
5.949680
6.253840
6.251470
5.778810
6.376430
6.221420
6.092690
6.364920
6.753580
6.265530
6.645810
6.651450
6.179730
6.317600
6.060260
6.875990
5.919680
6.325560
6.001980
6.041890
6.301160
6.198930
6.148020
6.165630
5.876690
6.090510
6.504250
6.216660
5.899650
6.526380
6.554990
6.584700
6.343880
6.336090
6.604260
6.660620
6.533090
5.879760
6.027680
6.039900
6.467500
6.197860
6.895410
5.868340
6.406750
6.783570
5.998450
6.332550
6.513930
6.370110
6.703880
6.930820
6.784170
6.413890
6.737430
6.596620
6.893790
6.421640
6.672720
7.169450
7.352990
6.307160
6.856040
6.933480
6.787600
6.752910
7.198180
7.035820
6.898990
6.892470
6.912250
6.322770
7.142320
7.128980
7.154040
7.386660
7.093810
7.064060
6.995390
7.705680
7.557670
7.104310
7.099270
7.447060
7.745920
7.603240
6.968360
7.470370
7.231080
7.840970
6.791270
8.463680
7.870010
7.586330
7.970690
7.437320
7.638840
7.793040
7.491270
7.564600
7.382520
7.192350
7.426720
6.961060
7.670460
7.248210
7.535330
7.539410
7.186470
6.979150
7.152780
7.021280
7.463950
6.697830
7.202270
7.320920
6.657270
7.065470
7.216390
7.204800
6.995720
6.095000
6.822840
6.974610
7.085320
7.077510
7.151700
7.183940
6.903120
6.952520
7.392280
7.202950
7.477970
7.271000
7.578040
7.595640
7.185120
7.396080
7.591920
7.492350
7.606360
7.603430
7.988700
7.499710
7.788020
7.443980
7.262370
7.515120
7.780280
7.241680
6.848300
8.139570
7.850500
7.848560
8.247790
8.204010
8.644190
8.734930
8.366910
8.574890
8.776800
8.862070
8.357790
8.501640
8.843480
9.184290
9.131990
8.821660
9.491910
8.788510
8.616430
9.288960
8.785430
9.135980
9.057200
8.840050
8.535640
8.931290
8.733770
9.177260
8.860590
9.109590
9.362110
9.352440
9.029060
9.398430
9.150720
8.766410
9.116820
8.317200
9.004060
9.191320
9.108450
8.932140
8.530290
8.729290
8.644510
9.111480
9.130380
7.913480
8.986780
9.163010
8.857090
9.224600
9.008660
9.226260
9.403180
8.952890
8.895110
9.233050
10.003700
9.501700
9.694380
9.012220
8.624260
8.888730
9.496520
9.792740
9.036210
9.894660
9.925360
10.538600
10.083800
9.950870
10.209100
10.436100
9.944020
9.833470
10.716600
10.019200
9.869680
9.952050
10.361100
10.363100
9.535930
10.269500
10.059000
9.788240
10.410100
9.239620
10.238400
9.564050
9.767400
9.704550
10.006500
9.840810
10.189500
10.255700
9.750360
9.595430
10.321600
9.935660
9.550010
10.086200
10.142000
10.796900
10.121000
10.430900
10.080400
9.674530
9.836770
10.648600
9.666260
9.911050
10.363400
9.737120
10.160300
10.509900
9.860140
10.160600
10.981400
10.329300
10.506300
10.601100
10.928900
10.050400
11.066600
9.670380
11.079800
10.773100
11.289300
10.561200
11.266600
10.999700
10.513700
10.322600
10.626300
10.864300
10.292900
10.695000
10.608700
10.843900
10.973100
10.308800
10.350200
10.269100
11.000200
10.595100
10.827900
10.767100
10.616700
10.851800
10.592600
10.953700
10.933700
10.266800
10.080500
10.390100
10.051200
11.346900
10.540700
10.580600
10.497400
11.556400
11.457600
11.197600
11.498100
10.934900
11.570900
10.848700
11.263600
11.674600
11.451200
11.542000
11.002900
11.053100
10.886100
10.904700
11.630300
11.356000
11.961100
11.218300
11.478100
11.221000
11.838100
11.268300
11.037100
11.430600
11.412900
11.056600
10.271700
10.832000
11.176200
11.191500
11.275800
11.862800
11.221800
11.789000
11.819500
12.290000
12.430900
12.813800
12.670100
11.708200
12.114600
12.571600
12.604700
12.372300
11.855300
13.196900
13.241700
12.271800
11.904000
12.471600
12.041800
12.504500
12.718400
11.197100
11.916600
13.436100
11.885500
12.157200
12.122800
12.407700
11.039800
11.740500
12.325300
11.909500
12.618700
12.224800
11.025800
11.633500
11.257600
11.102700
13.119300
12.833200
12.111000
13.335400
12.759800
14.014000
13.996500
14.403000
14.085000
13.004800
14.612800
14.352400
12.430100
12.481900
12.892100
12.696800
13.295000
12.612500
12.086900
12.313000
11.906900
12.491700
12.728000
12.686900
12.248200
11.762800
12.708900
12.509700
12.263800
12.918300
13.046900
13.074700
13.160800
14.746100
14.373200
14.272100
13.841600
13.094500
13.881400
13.503100
11.736500
12.198700
11.901000
11.669800
12.104900
13.107600
14.697600
14.752200
13.869400
12.552800
13.152000
13.564000
14.694200
14.805800
14.573400
14.437900
13.848700
15.086700
13.113000
11.707900
11.936100
13.419200
13.237100
11.565800
13.970200
15.470000
15.060200
14.700500
12.063800
14.077400
13.733000
13.130800
16.429300
15.360600
13.362500
13.303900
13.142500
12.633900
13.226300
13.350500
14.223000
14.542400
