1.12593
1.16141
1.62861
2.744
1.62422
1.54134
1.71073
2.14806
2.48532
2.1254
2.33542
3.49365
6.6688
6.34933
5.48731
4.08452
2.57551
2.48776
2.38778
3.50742
4.11627
4.71534
4.02064
6.14469
4.00477
1.94638
3.35424
4.07056
3.84558
4.00445
2.87545
3.10822
3.95216
4.30203
3.27272
2.02214
3.04133
2.87079
3.8555
4.44245
4.27973
2.93451
5.98297
5.4671
3.87366
4.62037
3.48583
3.36046
4.79459
4.9465
4.49743
4.85824
5.07887
4.53919
3.43356
2.85374
3.45402
4.29282
4.84948
4.29184
4.07907
5.17024
4.49381
6.03178
5.02976
5.2458
5.61447
4.29805
4.50478
3.46103
3.79643
3.70345
4.08465
3.77879
3.6704
4.93801
3.1762
3.82608
5.02286
5.44387
4.05611
3.56936
3.49948
3.11128
3.69786
4.00247
3.7788
3.52877
3.93971
2.67977
2.99238
2.32919
