1.68738
2.31063
2.46691
2.29102
2.05936
1.50647
1.38458
1.69403
1.45566
1.24523
1.24624
1.22633
0.810672
0.916758
0.814799
0.781657
0.815282
1.17909
1.04263
0.880161
1.03446
0.959846
1.85779
1.84065
1.55344
1.71003
1.44546
1.79306
1.64419
1.1223
0.956916
1.15418
1.18095
1.13163
1.37865
1.69551
1.30587
1.27236
1.43038
1.22289
1.2396
1.26395
1.26344
1.20963
1.29387
1.11558
1.10857
1.06712
1.0389
1.20161
1.19886
1.35631
1.09537
1.17876
1.07957
1.1206
1.08434
1.2099
1.22896
1.1445
1.19179
1.19973
1.15354
1.16753
1.05322
1.103
1.02375
0.999419
1.19248
1.1039
1.03732
0.9072
1.11244
0.990051
1.10331
1.12605
1.00665
1.00788
0.856582
1.0511
1.13462
1.10402
1.04961
0.946128
0.958752
0.963891
0.99531
0.986946
1.01171
0.84489
0.892085
1.00514
0.836293
0.966873
0.820553
0.907317
0.945251
0.868482
0.786977
0.892083
0.933087
0.936389
0.797332
0.8779
0.916515
0.891497
0.865715
0.947381
0.892743
0.822648
0.808288
0.815251
0.721476
0.785527
0.775886
0.700021
0.749871
0.715917
0.667902
0.604204
0.712643
0.706879
0.655403
0.635253
0.72086
0.720612
0.609553
0.757649
0.635487
0.629837
0.678253
0.641132
0.669604
0.739124
0.659501
0.567379
0.622175
0.628436
0.652676
0.664773
0.608234
0.643647
0.587532
0.654563
0.622365
0.572542
0.592827
0.545619
0.609963
0.624623
0.66609
0.682365
0.65814
0.602813
0.645786
0.65625
0.589899
0.585623
0.58101
0.546296
0.522811
0.641625
0.608204
0.593548
0.601403
0.643409
0.647987
0.646809
0.580251
0.775027
0.878299
0.798437
0.692357
0.65191
0.71004
0.677455
0.70471
0.606334
0.591002
0.672362
0.611674
0.588543
0.649802
0.574039
0.523603
0.559376
0.731475
0.590297
0.54583
0.615593
0.566469
0.566769
0.567128
0.555216
0.567483
0.52838
0.578835
0.544402
0.532022
0.535857
0.499484
0.544997
0.514087
0.543935
0.533186
0.515087
0.516344
0.489729
0.524175
0.478376
0.485153
0.421252
0.49153
0.514374
0.506572
0.480202
0.465036
0.511227
0.468736
0.485606
0.468953
0.475337
0.513201
0.486297
0.433399
0.473524
0.45893
0.473474
0.492163
0.448802
0.418129
0.508397
0.49615
0.480905
0.447128
0.501148
0.539194
0.48598
0.475357
0.484096
0.531227
0.473507
0.468073
0.423767
0.422442
0.386604
0.435049
0.434292
0.510188
0.439011
0.445881
0.468465
0.502871
0.514578
0.622449
0.480806
0.496068
0.494486
0.495944
0.41232
0.451628
0.45202
0.421862
0.433144
0.408766
0.48031
0.452725
0.509776
0.428555
0.450661
0.442555
0.416945
0.393547
0.404072
0.405226
0.401788
0.426701
0.465767
0.455319
0.413573
0.401519
0.398221
0.429753
0.420699
0.446186
0.429425
0.377807
0.431776
0.375954
0.387826
0.392117
0.392361
0.40062
0.411903
0.406532
0.3731
0.39328
0.418321
0.378725
0.394493
0.407241
0.41534
0.399543
0.428405
0.453042
0.41086
0.450926
0.350943
0.440493
0.387344
0.38459
0.348861
0.385081
0.42461
0.428027
0.413599
0.453648
0.377334
0.353782
0.356209
0.35693
0.447728
0.404741
0.370722
0.496499
0.421631
0.458846
0.502654
0.496429
0.551229
0.471012
0.369377
0.503983
0.423144
0.51496
0.568479
0.504468
0.430468
0.357174
0.303452
0.307739
0.29671
0.352563
0.317787
0.300123
0.31312
0.247795
0.268528
0.244672
0.281813
0.238108
0.250156
0.239814
0.248993
0.241429
0.23941
0.261863
0.220997
0.189199
0.215031
0.210527
0.212158
0.200648
0.19362
0.209911
0.197345
0.210277
0.189402
0.226435
0.18907
0.211253
0.236224
0.199174
0.200282
0.203665
0.187421
0.171763
0.182623
0.184291
0.207305
0.199377
0.170178
0.19536
0.175647
0.181041
0.140989
0.199446
0.17662
0.185452
0.174855
0.181737
0.16119
0.161619
0.151556
0.144397
0.16106
0.159449
0.127427
0.157446
0.139237
0.137876
0.138557
0.131007
0.137351
0.137011
0.132621
0.162814
0.151757
0.149497
0.163621
0.144074
0.152368
0.161442
0.1675
0.154582
0.141467
0.163076
0.171422
0.169634
0.182974
0.150452
0.17139
0.154918
0.170216
0.172154
0.148193
0.158673
0.150709
0.13742
0.168364
0.175834
0.128202
0.143588
0.179764
0.151967
0.138935
0.140637
0.151696
0.180546
0.179761
0.179488
0.206986
0.205024
0.27212
0.205339
0.213936
0.197018
0.205762
0.136081
0.136741
0.153224
0.14779
0.135992
0.140258
0.14539
0.149452
0.144332
0.157408
0.144425
0.151005
0.162055
0.144344
0.140072
0.153156
0.132485
0.135332
0.14126
0.139559
0.128628
0.135931
0.133432
0.112326
0.136736
0.132929
0.16169
0.149365
0.144744
0.175215
0.162003
0.154014
0.159025
0.134595
0.126798
0.146194
0.140372
0.173928
0.134972
0.150611
0.137431
0.167004
0.143835
0.164481
0.15055
0.105551
0.141868
0.154258
0.115832
0.129279
0.170802
0.192984
0.121826
0.121323
0.133915
0.135321
0.140251
0.146875
0.111916
0.120407
0.154715
0.141958
0.135534
0.13019
0.136437
0.136792
0.150736
0.134724
0.118642
0.142869
0.170978
0.153693
0.182884
0.180813
0.16689
0.17283
0.143338
0.162209
0.163672
0.174964
0.207003
0.181437
0.20049
0.169384
0.168302
0.182262
0.191127
0.223327
0.205936
0.198552
0.213925
0.198172
0.195504
0.213792
0.198437
0.211813
0.201498
0.184911
0.169181
0.170213
0.149479
0.163016
0.175366
0.176627
0.169723
0.143618
0.164786
0.161645
0.176911
0.182973
0.181761
0.183443
0.204526
