0.199326
0.198251
0.190662
0.237537
0.20497
0.21571
0.225055
0.234917
0.168957
0.206512
0.243083
0.263575
0.224905
0.163653
0.216234
0.212439
0.211111
0.205325
0.208079
0.204431
0.208416
0.22016
0.204334
0.219465
0.198288
0.173945
0.206633
0.23241
0.545889
0.46958
0.428258
0.522027
0.474768
0.311181
0.402006
0.519868
0.555524
0.479748
0.434688
0.459151
0.519691
0.441063
0.415992
0.535421
0.362805
0.520192
0.584013
0.543416
0.487101
0.482943
0.477323
0.544979
0.480747
0.43823
0.452771
0.583274
0.588994
0.457147
0.541347
0.29584
0.287273
0.400078
0.320742
0.647778
0.797059
0.539003
0.461043
0.928914
0.767207
0.699166
0.762489
0.713152
0.826902
0.76493
0.822179
0.919194
0.999476
1.05225
0.935494
0.729954
0.816575
0.849301
0.886461
0.840958
0.822263
0.877355
0.869764
0.957646
0.740373
1.33089
0.901394
1.25124
0.964756
1.24406
1.09702
1.4036
1.35711
1.05022
0.959999
1.07237
1.13961
0.908411
0.838028
1.15824
0.779193
1.06757
0.960132
0.768651
0.70994
0.713548
1.10003
0.949254
0.925845
1.10148
1.24896
1.325
1.45601
0.942023
1.10703
1.00053
0.658846
0.725166
0.963722
0.949225
1.27709
1.30834
1.46442
1.32413
1.00187
1.28825
1.04433
1.45334
0.932695
0.868251
0.845267
0.958207
1.16638
1.20065
1.56209
1.30975
1.1739
1.10788
0.748319
1.1262
1.03791
0.910986
0.918869
1.43033
1.44842
0.932156
1.20469
0.968097
0.917389
1.23255
1.04964
0.987505
1.14313
1.02455
1.23225
1.21318
1.17503
1.62912
1.73373
1.16906
1.09258
1.38066
1.35874
1.33623
1.33203
1.43506
1.14082
1.12368
1.36474
1.24652
1.30314
1.13824
0.893042
1.19891
1.31288
1.26915
1.14076
1.04248
1.12227
1.52207
1.44825
1.16743
1.0014
1.20797
1.11602
1.34451
0.746425
1.2272
0.799854
1.01563
1.09431
0.950152
1.49373
1.36968
1.35505
1.11615
1.11257
1.14166
1.67671
1.0856
1.91262
1.53356
1.52877
1.04129
2.00837
1.79431
1.88519
1.8547
1.43915
0.907475
0.28028
0.237448
0.400539
0.269794
0.216899
0.306442
0.308882
0.314619
0.333438
0.421169
1.72492
1.05074
1.02594
1.11295
1.32688
1.07776
0.458199
0.263954
0.203244
0.205254
0.203256
