0.318345
0.326214
0.339828
0.333522
0.341178
0.328052
0.338404
0.396922
0.458584
0.776904
0.555439
0.614669
0.691179
0.869635
1.00559
1.61699
1.00149
1.30114
0.879689
1.79869
2.34586
2.30002
2.00786
1.75699
1.86123
1.7752
1.62156
2.04701
1.90191
1.70829
1.5802
1.93481
2.05174
1.93926
1.78076
1.50692
1.29152
1.36889
1.51131
1.79483
1.87504
2.0445
1.62558
1.39547
1.26574
1.55853
1.64
1.6618
1.52926
1.48099
1.66481
1.56649
1.54175
1.58089
1.6522
1.76156
1.92227
1.55209
1.53206
1.80275
1.74829
1.31492
1.48344
1.13345
1.4951
1.44789
1.3442
1.30929
1.62752
1.72395
1.62263
1.44611
1.683
1.53655
1.62364
1.51756
1.46363
1.50106
1.558
1.4891
1.85088
1.70927
1.44744
1.46605
1.35817
1.75601
1.65894
1.70963
1.60246
1.52609
1.46066
1.57579
1.57674
1.50287
1.49098
1.7047
1.66982
1.48596
1.48755
1.57841
1.51765
1.52081
1.53836
1.34208
1.48785
1.69187
1.60674
1.36259
1.62593
1.47763
1.54336
1.25932
1.36085
1.56184
1.55515
1.50195
1.46328
1.65231
1.42383
1.57148
1.79067
1.44179
1.58442
1.62696
1.64725
1.43471
1.97629
1.52249
1.49533
1.25762
1.47523
1.67634
1.51914
1.6679
1.52868
1.48744
1.39814
1.50483
1.14783
1.23237
1.29532
1.43429
1.32693
1.37176
1.30694
1.36022
0.894541
1.2688
1.22456
1.18901
0.927262
1.00745
1.10625
1.04001
1.20044
1.31475
1.13964
1.0019
1.1479
1.14911
1.07199
1.2167
1.06149
1.07647
1.03987
1.14368
1.14541
1.06004
1.08709
0.985259
1.1534
1.08051
1.08336
0.927017
0.847722
0.9405
0.995063
0.929535
0.963786
1.11246
1.00384
0.97734
1.19274
0.731234
0.95562
0.841224
0.785594
0.902558
0.848029
0.892757
0.876623
0.838601
1.11953
0.747241
0.807371
0.88912
0.960328
0.816137
0.785695
0.859211
0.676807
0.942537
0.826011
0.792871
1.02067
1.07167
0.848871
1.03873
0.819517
0.853308
0.912348
0.716566
0.635782
0.867758
0.898225
1.06293
0.992546
0.803494
0.767506
0.722086
0.736212
0.679906
0.701237
0.717299
0.874292
0.695334
0.768715
0.809919
0.92587
0.797848
0.757624
0.705304
0.739842
0.855095
0.769549
0.720783
0.633344
0.780009
0.780504
0.735027
0.748412
0.843477
0.771108
0.679185
0.8245
0.785439
0.869234
0.703496
0.483116
0.626638
0.674426
0.707511
0.719976
0.777513
0.718831
0.758927
0.71567
0.666642
0.770823
0.673316
0.667356
0.844549
0.785116
0.723432
0.636407
0.701647
0.810232
0.800496
0.732755
0.907936
0.720113
0.787537
0.926374
0.686626
0.622436
0.560557
0.711742
0.899038
0.661517
0.82906
0.754541
0.622536
0.680068
0.666049
0.94425
0.786211
0.848254
0.614074
0.697705
0.837645
0.606984
0.577731
0.856056
0.661596
0.791892
0.618862
0.785166
0.821123
0.727856
0.766397
0.973331
0.760149
0.659829
0.839197
0.685452
0.842805
0.888729
0.805983
0.730492
0.710201
0.761554
0.79158
0.829985
0.687517
0.718998
0.551941
0.762961
0.619621
0.601813
0.609075
0.592179
0.636281
0.64753
0.694666
0.616416
0.663145
0.638704
0.64137
0.737389
0.682262
0.623312
0.60158
0.603119
0.737185
0.688531
0.666452
0.670911
0.623678
0.611062
