3.859540
3.900640
4.165430
4.001120
4.099070
4.215950
4.223020
4.131410
4.589050
4.786220
4.867650
5.165060
5.088360
5.017450
5.013590
5.273440
4.820450
5.162330
5.051720
4.956740
4.974320
4.934010
5.506670
5.031290
5.013950
5.445790
5.446980
6.102330
5.793460
5.938540
6.216920
5.489840
6.114620
6.126010
6.220860
6.553980
7.384630
6.109060
5.493310
6.717710
5.658000
6.269020
5.992140
5.748160
7.058880
6.337410
5.942850
6.874900
6.305770
5.702090
6.183560
5.978510
6.056410
6.140550
5.557630
6.101640
5.830140
5.678690
5.271410
5.786340
5.979780
5.518090
7.108820
6.596600
7.056120
6.286870
6.288570
5.446620
5.676780
5.989320
6.292800
6.765260
6.296700
5.813920
5.742410
6.175200
5.562950
6.580950
5.948100
5.879860
6.247540
5.881260
5.709410
6.389950
6.420030
6.182380
5.809170
6.736440
6.775920
6.874260
6.603430
5.984950
5.953790
5.759760
6.345220
6.093970
5.449650
6.256590
6.136010
6.570530
5.844730
6.537700
7.058570
7.089910
6.676890
5.658450
6.272190
6.331230
7.560040
6.055130
5.901690
6.537280
6.153440
7.185150
7.595040
7.070530
7.494450
7.016770
6.528740
6.601880
8.066420
7.563710
6.446030
6.389450
7.888740
6.924080
6.758500
6.990250
8.203530
7.091880
7.354340
7.485780
7.484230
7.588610
7.704600
7.498340
7.001050
7.814410
6.938330
7.808020
7.463720
9.213310
7.966280
9.027560
9.050870
8.971690
9.940790
8.100850
9.321110
9.028080
8.716440
9.431200
9.066810
8.893000
8.591030
9.438940
8.755190
8.747380
9.594900
9.253620
8.703910
8.967660
8.942150
7.292270
9.143540
8.057740
10.051200
9.330920
9.296740
9.984570
10.325900
11.448200
9.857850
9.957370
10.083900
10.544200
11.776900
11.168300
11.519800
10.535200
11.982200
11.784500
11.795300
11.732200
12.355900
13.126900
11.605300
11.017200
11.279900
12.439700
14.159700
13.466600
12.476200
12.303100
12.277400
14.732600
15.440100
13.071100
13.346100
12.453300
9.989250
11.603200
17.715900
13.592000
11.788500
11.991800
12.675600
9.458000
11.870500
10.587200
9.676930
10.658300
13.537300
13.336200
12.426100
12.561300
8.814910
11.787800
12.496000
13.685000
17.687900
17.368400
19.830700
16.385000
14.080500
17.837700
16.809900
15.032000
14.595900
15.071300
17.056300
18.938300
18.216800
13.114800
21.960700
15.568100
13.463600
18.163600
12.743900
15.758800
16.247300
14.602000
14.375800
16.423300
15.097400
13.907000
14.828400
14.320300
20.270800
19.931200
19.598500
20.207400
16.910700
19.865600
19.041800
13.667300
16.443400
17.013800
13.309500
10.655300
13.055800
12.924100
11.726200
13.193700
12.441800
12.161600
14.726600
10.910600
11.667700
10.190500
11.116500
11.116200
13.534300
13.312500
11.129700
13.576300
12.429600
13.164100
12.434700
12.205800
7.707300
7.286100
6.883230
6.328120
6.803160
7.324040
7.315920
