1.013410
0.946377
1.084540
0.768057
0.906258
0.817228
0.866643
0.782156
0.786544
1.033670
1.006790
1.225670
1.288940
1.110500
1.009590
1.101300
1.021490
1.171330
0.903584
1.034360
1.092290
1.175060
1.229290
1.247760
1.143450
1.082030
1.152840
1.291290
1.197280
1.393900
1.148940
1.221880
1.001490
1.334680
1.264050
1.209780
1.192740
1.276890
1.410850
1.108340
1.079880
1.044260
1.342880
1.695630
1.613180
1.518730
1.811680
1.204260
1.307200
1.370730
1.542180
1.400480
1.539260
0.960837
1.196850
1.970410
1.867060
1.527290
1.089670
1.907430
1.587240
1.565350
1.803600
1.214790
1.236810
1.043250
1.400840
1.561600
1.276190
1.200300
1.365350
1.187690
1.402500
1.733530
1.380270
1.525740
2.071140
1.656550
1.397330
1.809650
1.644040
1.334900
1.401720
1.592160
1.552240
1.675960
1.344440
1.210680
1.604270
1.545170
1.558140
1.499440
1.842800
2.095960
1.827500
2.013830
1.930810
2.125590
1.673330
1.418480
1.745580
1.890430
1.880890
1.850820
1.917520
2.265700
1.203930
1.974850
1.480350
1.444370
1.720710
1.470230
1.549840
1.577300
1.799760
1.597520
1.955550
1.660190
2.112070
1.923120
2.105140
1.566750
1.549710
1.988610
1.927900
2.031430
2.223690
1.850630
1.966890
1.862520
2.042750
2.271030
2.278700
2.567120
1.977950
1.945440
1.994280
2.161900
2.145420
1.878580
2.158050
1.870600
1.562210
2.123150
2.069620
1.989980
2.011700
1.832230
2.105600
2.175650
1.675400
2.050710
1.760200
2.096530
1.761500
1.495010
1.960520
2.363390
2.056280
2.322020
1.448370
1.947890
2.082500
1.895820
1.878940
1.963290
2.127750
2.055700
2.024550
2.046000
1.923930
2.223580
2.420990
2.316050
2.120950
2.382290
2.061420
2.210410
1.953590
1.971860
2.029130
2.102940
1.978230
2.480640
2.145080
2.108050
2.483630
1.943270
1.560630
1.925720
2.138430
2.833950
2.526480
1.942080
2.120930
2.614220
2.406190
2.786290
2.164410
2.682740
2.562760
2.533360
2.547120
2.317250
1.912000
2.360040
2.172420
2.070700
2.077540
2.174040
2.260690
2.152050
2.227030
2.242460
2.075710
2.135480
2.437010
2.216320
2.064410
1.844340
2.315090
2.225950
2.047950
2.086350
2.551500
2.335440
2.123920
2.568960
2.292160
2.263110
2.593810
2.546870
2.632310
2.627180
3.017360
2.693670
2.961940
2.520900
2.597650
2.870200
2.823490
2.968080
2.873150
2.893560
2.570840
2.860130
2.880970
2.624230
2.502230
2.999710
2.477020
2.491510
2.789660
2.703730
2.756620
2.744410
2.158930
2.810520
2.563330
2.910910
2.297010
2.451700
2.505400
2.285560
3.023520
2.818750
2.750750
2.395330
2.434360
2.755240
2.934920
3.013360
3.157110
3.293430
2.915290
3.044980
2.857150
2.516010
2.984780
3.065160
3.162460
3.193060
3.136360
3.293130
3.180500
3.059870
2.986230
3.395610
3.368000
3.185910
3.191110
3.218920
3.345520
3.051400
3.144310
3.664290
3.693260
3.744180
3.682960
3.163400
3.462490
3.406880
3.530110
3.425480
3.703780
3.833160
3.307500
4.011030
3.518200
3.551200
3.475760
3.722000
3.184250
3.799340
3.891750
3.227720
4.292500
4.191090
3.495460
3.771070
3.936560
3.920160
4.156570
3.735800
2.976910
3.909930
3.997020
4.179090
4.065650
4.186720
3.767170
3.958280
4.331420
3.884250
3.677180
4.751800
4.198000
4.335820
4.082310
5.092210
4.264180
4.675480
4.405340
4.245290
4.599050
5.048560
4.863860
4.802460
5.293370
5.355620
4.813130
4.866780
5.137550
4.580650
4.565060
4.242270
4.918030
5.011090
4.933580
4.984270
5.257120
4.963860
4.440610
5.034460
5.406600
4.783540
5.271900
5.516560
5.220950
4.906750
4.795230
4.923560
4.769070
4.753140
4.637410
5.223300
4.974560
5.284280
5.985780
4.781260
5.273030
5.008880
4.538940
5.287590
4.734530
5.287760
5.145800
4.957800
5.588720
4.861120
5.916640
5.050380
5.653960
6.217460
6.458090
5.907350
5.655000
6.238980
5.825320
6.406530
5.666680
5.626240
5.694760
5.541440
5.160020
6.439030
5.690920
5.770910
6.059260
5.440100
5.921170
4.934000
5.297970
5.034940
5.955120
5.498040
5.261860
6.450400
7.025050
5.875760
5.736240
7.328830
6.178160
5.853760
5.926430
6.439200
6.386190
6.586270
5.744530
5.646630
7.005230
5.838380
5.526370
6.681220
6.375210
6.264870
7.055250
6.510930
7.184740
5.619620
5.915610
6.142810
5.819670
6.530830
6.275720
6.268590
5.661180
5.888140
6.364300
5.743890
7.348320
5.858690
5.897400
6.429220
6.536110
6.211870
6.383870
7.352670
7.446700
6.569130
5.117280
5.510370
6.137210
5.260360
4.956830
5.359180
5.598810
6.059160
5.594140
5.691830
6.992200
6.525190
7.757910
7.086040
5.223800
5.926080
6.733900
6.597750
6.363100
7.942900
7.628770
5.717880
8.129940
7.456990
7.030340
6.692740
5.828810
5.666030
5.423320
6.556730
7.319740
6.097080
5.547120
6.323340
5.446410
7.273430
6.194820
5.848360
4.810480
5.109940
5.612090
7.044110
5.943020
7.932210
7.211380
6.840090
6.851350
8.064930
6.674830
6.929540
7.321220
7.861280
7.201630
6.767960
6.953900
5.338840
6.345230
6.485860
6.383160
5.914000
7.065550
5.584130
6.399360
6.286050
6.172070
6.853900
7.053040
6.089940
5.002370
5.984420
5.493160
6.465730
6.346190
7.168660
6.679760
