6.853550
7.445730
7.393030
7.257230
6.152180
6.413980
7.187090
7.490420
7.323000
7.447730
7.253930
7.389620
7.329430
7.439140
7.452480
7.435760
7.383810
7.265940
7.277940
7.519940
7.277070
7.763980
7.947460
7.511020
7.584060
7.774040
7.572380
7.067480
7.425860
7.322940
7.475970
7.016660
7.368570
7.434420
7.574940
7.511590
7.200880
7.746480
7.508730
7.158590
7.823630
7.569660
7.154340
7.219700
8.104440
7.838250
7.487680
8.224960
7.938630
7.898790
8.273120
7.647380
8.189880
8.703150
8.320670
8.125290
8.153310
8.072900
8.654350
8.098930
8.345580
8.565050
7.419990
7.997860
8.453780
8.259580
8.507270
8.697770
8.215560
8.294510
8.245800
8.581490
9.028010
8.027010
9.498670
9.051990
8.249390
8.621900
8.470070
7.927430
9.386420
8.624380
8.138650
8.312640
8.593500
8.918130
8.539790
9.116110
8.439810
9.722400
8.752940
8.915710
8.464520
9.244530
9.640360
8.955420
9.139700
8.635840
8.667860
9.690610
9.351600
8.934210
9.094090
9.681870
9.631220
9.269400
9.109910
9.644250
9.357450
9.031300
8.941670
9.290680
9.657710
10.019400
9.735100
9.490680
9.332040
9.365190
9.244170
9.465530
9.457860
9.464100
9.983360
9.786010
10.177400
9.796390
9.908870
9.485240
9.508050
9.913430
9.811160
10.205300
9.529840
9.871340
9.904410
9.353550
9.789110
9.248900
9.847120
9.553210
9.357490
9.531320
9.557100
9.626940
9.349180
9.650310
9.540990
9.606020
9.696970
9.401960
9.790000
10.334200
9.836090
10.382900
9.900700
10.510500
10.355400
9.949560
10.139200
10.046500
9.706210
10.170900
9.889420
10.490100
10.391100
10.940500
10.748900
10.330300
10.739300
9.424960
10.394800
10.237000
10.034300
9.098790
8.090410
8.024980
8.573270
7.881090
7.756690
7.163630
6.663770
6.997750
6.538290
6.541900
5.798230
5.046880
5.428660
5.944720
4.706600
5.043180
5.050250
4.562680
4.495510
5.449300
6.282740
7.360900
5.824320
4.590560
4.547600
3.431490
3.616290
5.113850
4.279720
3.949740
4.324880
3.730970
4.318090
4.526350
4.442870
4.218810
4.181620
4.542440
4.543790
4.234990
4.106760
4.674250
4.157400
3.909360
4.406460
4.236980
4.063320
4.300950
4.567670
3.885910
4.371720
4.235650
3.889040
3.896830
4.218670
3.835420
3.966650
3.324250
3.229920
2.939040
3.239680
3.428310
3.663050
4.281680
3.962820
3.423690
3.106530
3.279860
3.512250
3.742150
3.574130
3.616340
3.830780
3.091870
3.121750
3.491210
3.856160
3.929740
4.294290
5.566210
5.163040
6.028370
9.021980
6.311570
5.963420
6.128640
6.711360
7.410510
5.702590
5.165540
5.755120
6.407580
6.640750
6.176190
6.316390
6.236570
7.349210
7.816920
7.300460
7.569790
7.890900
7.862860
7.493770
7.832300
7.780000
7.203370
6.531420
7.128680
8.112310
6.917570
8.187920
7.244970
7.894640
7.529040
7.805770
7.391410
7.610860
6.901780
7.793870
7.027360
7.614420
7.206950
6.532910
6.614030
5.734540
6.060100
7.121530
6.431910
5.599150
6.440660
6.651320
6.443910
6.239650
6.277190
6.520540
7.678480
7.281180
7.894480
6.452360
6.523370
6.553640
6.935000
7.647470
7.558610
6.936510
6.609140
8.452920
8.352650
8.886410
8.636870
8.618710
8.655480
8.217720
8.574540
9.418830
8.470950
8.913290
8.772570
8.813300
9.365760
8.064960
9.574220
8.864790
8.851080
9.331930
8.734410
8.417330
8.925400
8.002370
8.906180
8.207130
8.763840
8.284380
8.072920
9.015440
9.055740
8.885010
8.419170
8.476100
9.303130
9.190360
8.557030
8.038860
8.894870
9.039850
8.315830
9.338890
9.418310
9.264890
8.937660
9.606950
9.285020
9.228580
9.362920
8.916840
9.890710
8.848710
10.386000
10.435600
9.815950
9.440610
8.905080
9.331730
10.216800
8.548280
9.314650
8.512490
8.628280
9.358230
9.205280
9.356150
9.554000
9.052900
8.696920
10.645200
8.666000
8.652190
11.697300
10.340400
9.770160
10.680000
11.483600
12.225100
10.510400
9.983380
9.269970
9.595910
10.424200
9.579920
10.377300
8.673710
7.874120
8.702620
8.892700
9.527620
8.754060
9.301620
8.555460
9.492000
9.515590
8.424220
9.145130
9.572360
8.283300
9.100670
9.401620
8.960260
8.208880
8.709390
9.021460
8.963610
9.484210
8.823150
8.289230
8.557060
9.187640
9.761550
9.531680
9.392910
8.795970
9.196350
9.619770
9.825100
10.052800
8.678930
9.898510
8.855800
9.060410
9.197550
9.216200
9.646050
9.033620
9.530810
9.451720
9.183680
10.365000
9.863900
9.869020
9.472180
9.990920
9.703120
9.936070
8.855860
9.559780
9.579620
9.744550
10.439100
9.209350
9.676210
10.465900
9.769440
9.767810
9.559780
11.783600
10.676600
9.579260
9.358190
10.597400
9.604230
11.267500
10.542200
10.257300
10.009000
10.048800
9.319740
11.292000
9.391500
10.618900
11.093300
10.196500
9.976540
10.271800
10.039200
10.814500
10.849300
10.592500
9.403490
11.103600
11.628600
11.086900
11.299800
10.271800
10.713600
9.812540
11.141700
11.004100
11.513100
9.125880
11.217600
11.499600
10.708400
11.443300
10.572100
9.617280
11.430100
10.125300
11.332900
10.390200
11.577200
12.442600
11.790000
10.779600
12.528500
11.688900
11.767300
14.079400
12.412300
13.039500
12.073100
12.178600
12.690000
12.580700
11.475100
12.515800
10.781900
11.122200
9.563790
10.501300
11.316800
12.554900
11.323300
10.376800
11.576800
12.970400
12.157100
13.605300
11.909500
14.758700
15.899800
14.568300
13.679800
11.939800
8.524040
9.921510
9.675130
7.448510
9.895780
8.938830
8.382650
9.329530
15.293900
8.776610
9.342080
11.178400
9.813520
11.916100
13.261300
13.521300
13.567300
13.513600
13.481100
12.567700
12.368300
12.189000
10.665300
11.310200
11.422900
9.318940
8.935900
7.806110
8.066850
9.460720
8.434870
10.613600
12.080300
12.700600
9.742550
10.551300
11.850300
10.911200
11.629500
9.808710
9.995070
8.106230
8.328070
6.270030
6.655400
7.693320
7.677920
7.274440
7.842550
8.100850
8.974280
7.826440
8.178970
9.185500
7.789330
10.515000
10.243800
9.292660
12.062000
8.415080
10.701200
11.481700
9.728090
10.490800
11.256400
10.142000
11.109900
12.496000
12.892700
13.341000
11.139200
14.283300
13.358800
11.928300
13.772600
12.665300
12.188600
8.721170
10.327400
7.743820
10.853300
6.227300
