0.0811461
0.0654278
0.0595743
0.0735989
0.0779746
0.0757721
0.0765685
0.0873074
0.0725299
0.0768282
0.103518
0.125256
0.121632
0.132754
0.284021
0.237467
0.202301
0.21985
0.226721
0.214431
0.322181
0.284588
0.510788
0.447187
0.47221
0.524642
0.538283
0.500125
0.549731
0.516288
0.478601
0.506364
0.572486
0.57347
0.610573
0.668719
0.608247
0.593926
0.655227
0.665076
0.777195
0.654427
0.789236
0.846138
0.949299
0.883657
0.80643
0.896937
0.787022
0.67777
0.888984
1.06157
1.12857
1.01526
1.09295
0.965265
0.92964
0.746382
0.952317
0.718761
0.939442
0.934898
0.673499
0.621033
0.511617
0.485285
4.11479
4.1474
2.2969
0.821427
1.83593
2.74159
2.70754
0.884232
0.623602
0.675829
0.673247
0.643484
0.669805
0.634608
0.640874
0.734047
0.658526
0.708686
0.755504
0.616701
0.508979
0.532442
0.706982
0.811717
0.776863
0.771121
0.990677
0.675776
0.754402
0.712352
0.527627
0.618201
0.66971
0.658366
0.691886
1.06679
0.846181
0.772803
0.633987
0.569412
0.797216
0.958676
0.613182
0.861449
0.780508
0.796428
0.916966
0.794339
0.865263
0.785471
0.841967
0.855348
0.908927
1.07332
0.892672
0.900528
0.905418
0.773233
0.553366
1.1318
0.857582
0.711229
0.735231
0.724782
1.15007
1.07852
0.80335
0.766498
0.516906
0.577251
0.811064
0.756034
1.06839
1.18945
0.84872
0.827476
0.882265
1.06622
1.00066
0.934209
0.915933
0.722823
0.796836
0.815813
0.946746
0.826159
0.940253
0.740217
0.883258
1.00968
0.540687
1.14804
0.771566
1.09235
1.29542
0.936991
0.948946
1.14753
0.866589
0.705871
0.936847
0.726937
0.942081
0.56725
