10.865200
11.281400
10.940700
10.928000
10.794500
10.678800
10.736100
11.105000
11.259200
11.140400
11.239500
11.258600
11.277200
11.001900
10.954300
11.018200
11.215000
10.726100
11.208100
11.011800
11.271500
11.038900
11.442900
10.215200
11.196300
11.503700
11.001100
11.542700
11.335500
11.314300
11.117900
10.748100
11.157700
11.214800
11.150300
11.355100
11.100000
10.938900
11.363700
11.251900
11.173600
11.365400
11.099600
11.427100
11.152200
11.445800
11.262900
11.475400
11.265500
11.381200
11.496600
11.287500
11.456700
10.411100
11.756500
11.273800
11.702100
11.287600
11.825300
11.915500
11.428600
11.325000
11.357600
11.382900
11.517300
11.985400
11.674000
11.677600
11.618100
11.807600
11.588700
11.813600
11.140000
11.350600
11.947700
11.938700
11.895900
11.970100
12.269600
11.636900
11.980800
11.876500
12.107300
12.218400
12.186900
12.240500
12.141700
12.004900
12.062300
12.102400
12.077100
11.914000
12.046200
12.173900
12.051500
12.149800
12.253400
12.260700
12.124900
12.261500
12.291400
12.025000
12.501300
12.210200
12.574400
12.360800
12.330000
12.511400
12.408100
12.116000
12.548300
12.472500
11.767900
11.964200
12.318800
12.256400
12.577600
12.499800
12.175400
12.352400
12.126500
12.171500
12.394400
12.086900
12.306800
12.267900
12.358500
12.450700
12.516900
12.719800
12.242000
12.264200
12.222500
11.647900
12.197600
12.179500
12.579100
12.302200
12.602800
12.508900
12.402400
12.590800
12.623000
12.518500
12.385700
12.314400
12.186100
12.813700
12.706800
12.509600
12.399700
12.587700
12.354700
13.080200
12.425800
12.530600
12.674600
12.958700
12.534700
12.897300
12.796900
12.812100
12.577900
12.795000
12.929100
13.222600
12.710900
12.568600
12.911800
12.997900
12.580800
12.719700
13.124000
13.024800
13.280500
12.651600
12.729800
13.118800
12.775000
12.634200
12.928500
12.761900
12.907700
13.078900
12.794100
13.035800
12.484100
12.672700
12.545700
12.773700
12.982600
12.654900
12.962000
12.916600
12.845000
12.746900
12.851200
13.251900
12.934900
12.947800
13.114100
12.828000
13.201900
12.820000
12.691200
13.307300
12.738800
12.722100
13.039000
12.794200
12.588100
12.796700
13.232600
12.891300
12.701800
12.913400
12.697100
12.982400
13.274600
12.708200
13.102700
13.245700
12.945100
12.683400
13.017700
12.839700
13.113300
13.156500
12.889000
13.646200
13.379100
12.897100
13.023900
12.909600
12.937400
13.268700
13.387400
12.981500
13.002800
12.935000
12.893400
13.495600
13.142100
13.017400
13.063700
13.211800
12.874000
12.945400
13.010500
12.835900
13.424900
12.910200
13.544700
13.111000
12.521500
13.059800
13.569400
13.304800
13.153400
13.115000
12.656100
13.277700
12.999700
13.128900
13.415500
13.573200
13.039100
12.649200
13.500000
13.381900
13.697800
13.498900
13.115800
14.005900
13.020700
13.059300
13.424000
13.548800
13.260300
13.167300
13.207800
13.290000
13.774800
13.338000
13.243000
13.253400
13.497100
13.437400
13.176800
13.446300
13.354600
13.084800
13.648300
13.324900
13.265200
13.204000
12.976700
13.342400
13.487700
13.539200
12.087000
13.109000
13.331000
13.256400
12.894200
13.862700
12.998400
13.515500
13.763700
13.485800
13.303100
13.300400
13.319500
13.481200
13.412400
13.536700
13.829200
13.963000
13.637700
13.966900
13.766900
13.996600
13.863100
13.678700
13.150000
13.497100
13.949900
13.918000
13.595200
13.045500
11.917200
13.676900
13.537500
13.228300
13.474000
13.435200
14.114300
13.724100
14.047400
14.134200
13.912500
13.462300
13.650600
13.605400
14.294400
13.753600
13.294700
14.190100
13.829400
14.050300
12.994600
13.694400
14.153300
13.749900
14.057900
13.529400
13.563300
14.156400
13.876700
14.102100
13.614100
14.015400
14.064900
14.415100
14.153200
14.136900
14.193100
13.935200
13.680700
14.245300
14.402100
13.938500
14.411400
13.849700
14.061800
14.060500
13.780800
14.017000
14.571200
12.377000
13.900600
13.972200
14.820100
14.479800
15.072500
14.773300
14.763200
14.341600
15.018400
14.614700
14.905200
14.458700
14.787600
14.500200
14.434000
14.406200
14.465200
14.518500
14.757900
14.810100
14.442500
14.792700
14.856400
14.218700
14.177800
14.667000
14.257900
14.518300
14.328100
14.740900
14.532000
14.577700
15.053100
13.886600
14.164600
14.556400
14.347800
15.092400
14.739700
14.726800
14.728100
14.724200
14.714100
14.673500
14.431700
14.594400
14.681600
14.565000
13.250200
14.781500
14.942800
15.067500
14.688200
14.710100
14.555300
14.424200
14.748000
14.474500
15.044400
14.599000
14.296500
14.782400
14.661400
14.525300
14.821600
14.809200
14.380900
12.075400
14.594300
14.718800
14.990400
14.926500
14.920600
15.097100
15.100000
14.675300
14.952400
15.017800
14.342400
15.074100
15.099300
15.101300
15.533700
14.479900
14.634800
15.001500
14.714900
14.717900
14.684600
15.636500
14.845600
15.653100
15.245200
15.340300
15.104100
15.276900
14.576100
15.166600
15.165800
14.975800
15.434900
14.554800
15.356200
15.276600
14.877800
15.259200
15.224800
14.856300
15.911200
15.049400
15.499200
14.776900
14.968700
14.911300
14.775300
14.680300
15.555700
15.917200
14.984800
15.175000
15.357700
15.020500
15.082000
15.216100
14.951800
13.489900
13.715600
15.124600
15.532100
14.963000
14.987500
15.643600
14.875600
15.017700
14.955300
15.112200
14.837000
14.842600
14.947000
15.132100
14.856400
14.821700
14.602300
15.277300
15.208000
15.513000
15.115800
15.712000
15.481500
15.670900
15.910300
15.708600
15.492200
14.946100
15.605500
12.929100
15.021400
15.754600
15.310700
15.497200
14.883000
15.466700
15.016700
15.548400
15.218900
14.967600
15.375300
15.522300
15.471500
15.663800
15.434900
15.389300
15.775900
15.857600
14.946800
15.730100
16.057100
15.964700
16.166400
16.212100
15.899700
15.865900
16.066800
15.732800
15.992200
15.989300
15.515400
15.684400
16.056400
15.388900
16.198200
15.861500
15.992100
15.768200
15.365300
15.677600
16.712900
16.550500
15.807200
16.189500
15.299800
15.741000
15.974200
15.988500
15.984200
15.050200
16.270100
15.846300
16.894400
16.979500
16.390400
15.890400
16.463800
16.514900
15.992100
15.906700
16.312700
16.852000
16.223600
16.325600
16.763700
16.092500
17.218200
16.261800
16.321000
16.376700
16.703700
16.513600
16.366700
15.752300
16.014800
15.887900
15.665600
15.933700
14.350800
15.647000
16.169500
15.891200
16.094300
15.936200
16.442800
16.203500
16.183100
16.085600
16.371700
16.790800
16.140000
15.464800
16.780900
17.036300
16.299400
17.020300
16.429100
17.308300
16.652900
16.166600
16.378700
16.380900
16.614300
16.174000
16.816900
16.928900
16.333000
15.281300
16.484400
16.074900
16.663900
16.554800
16.164300
16.460900
16.822700
16.126500
16.332000
16.502300
16.904900
15.980500
15.777900
17.142100
15.918600
16.050100
16.511200
16.139400
16.402600
15.511900
17.045000
16.044600
16.910000
16.429900
15.640200
16.339000
15.800800
16.357400
14.637900
16.320200
17.606900
16.967100
16.804500
16.986900
16.672600
16.555200
17.195100
15.674800
15.519900
16.621900
16.450400
16.682800
16.261800
16.529600
16.596700
16.560900
17.266100
16.511900
16.218200
16.375300
16.234300
17.220300
16.439300
17.079500
16.920200
16.712500
15.656100
16.986000
15.859800
16.677700
16.790700
16.304900
16.332300
16.641100
17.194500
17.295400
17.117700
16.619700
14.781600
17.084400
16.642900
16.752700
17.109400
16.641300
16.862200
16.718900
17.285600
17.356000
15.993100
17.374700
16.907000
17.262700
16.526400
16.955200
16.742100
17.479900
16.789600
17.163400
17.473300
16.356800
16.855300
17.500900
17.156100
16.757300
17.109200
16.820100
17.042600
16.016600
17.169200
16.643000
16.477300
16.484500
16.673600
16.911100
17.643300
16.675100
16.969600
16.469400
17.057500
16.902100
17.433500
17.093200
16.857100
17.422700
16.166300
16.762900
17.405000
15.769300
16.798300
17.242600
17.744600
17.822900
17.276900
18.005300
16.686300
18.515700
16.833700
17.321900
17.532900
18.370000
17.809000
18.391100
17.721000
17.943100
17.228900
16.960200
17.087000
16.726500
17.109100
17.642700
17.457200
17.292000
17.444600
17.299200
17.686300
16.730300
17.377500
16.598300
17.204500
18.004800
17.759300
17.829700
17.624400
17.688600
17.646300
17.530800
17.970600
17.722000
16.972900
17.897700
16.994200
17.704100
16.689300
17.769000
17.456600
17.487600
18.244400
17.082000
17.891800
17.442900
18.619700
17.973400
17.721600
17.953300
16.272600
18.107100
18.134100
18.035800
17.910800
17.481700
17.886600
17.630500
18.953100
19.163500
17.959600
18.835200
19.159000
18.811400
18.694100
18.091200
19.330400
20.311800
19.970300
19.337200
19.223200
18.298400
19.281800
18.359700
17.306500
19.673200
19.581700
18.938200
18.072800
16.795900
16.566900
17.718000
18.371500
18.157600
18.111500
19.669100
19.273500
19.916800
20.580200
20.013600
19.963600
19.071100
18.658800
17.564600
17.703200
18.615100
19.477900
19.729500
18.599400
18.057900
18.596600
18.154500
18.460100
17.951700
18.367200
18.433700
18.334700
18.656800
18.587500
15.917300
18.009000
18.786300
19.048000
18.933700
18.458100
19.575600
19.388700
19.573600
19.248200
18.723800
15.490100
15.391700
14.911000
15.443200
15.233000
15.752900
16.302800
17.127700
17.348300
17.938800
18.449400
18.505800
18.985700
18.678800
18.489800
17.861400
18.192800
18.271700
17.882700
17.454100
17.882500
17.740600
17.022000
17.502800
17.177000
17.561100
17.647500
15.930400
17.492600
17.552100
17.264100
17.048400
16.921900
16.870900
16.586100
16.769400
16.050600
15.847900
15.283900
16.332000
16.260500
16.459700
15.929600
15.782600
16.606500
16.666800
16.954700
16.337700
15.705000
13.755200
13.517900
14.085000
13.521500
