1.31976
1.33419
1.03661
1.51447
1.18787
1.3027
1.11108
1.17934
1.29079
1.20906
1.34894
1.55879
1.16304
1.42201
1.39569
1.06429
1.4371
1.06145
1.69301
1.36595
1.69164
1.72832
1.15737
1.53402
1.46357
1.46985
1.19435
1.56146
1.745
1.49121
1.95343
1.64583
1.54477
1.45239
1.47763
1.5188
1.8095
2.15846
3.78555
5.37995
2.4904
6.84132
1.80457
1.4898
1.46492
2.26792
1.93092
1.70774
1.6589
2.11949
1.51879
1.69884
2.44135
1.95644
1.9126
2.00079
1.95987
1.86479
1.81969
1.7281
1.13226
1.46717
1.82422
1.57292
1.75389
1.42179
1.82232
2.09764
2.25248
1.9029
1.72476
1.90258
1.69062
1.90287
1.63649
1.83858
1.71471
1.92874
1.78469
1.52159
1.4447
1.30826
1.38446
1.70379
1.60058
1.68059
1.456
1.53971
1.81709
1.57589
1.57761
1.42102
1.85555
2.00991
1.59703
1.79852
1.33831
1.62546
1.31042
1.17858
0.832037
1.24982
1.31123
1.43302
1.07404
1.06297
1.14639
1.07166
1.00679
0.909679
0.843698
0.98566
1.26459
1.11647
1.13037
1.1468
1.3572
0.95939
1.27958
1.25895
1.16443
1.01172
1.02278
1.06505
0.847771
0.854137
0.848996
0.964731
0.931918
0.951227
0.88776
0.925194
1.00779
0.887111
0.80619
0.839766
0.657796
0.749604
0.856469
0.648192
0.554403
0.753849
0.484955
0.44194
