0.174408
0.190405
0.1998
0.221283
0.218581
0.242009
0.250745
0.233077
0.256699
0.22123
0.232859
0.250638
0.232796
0.272498
0.285687
0.275996
0.234575
0.23903
0.227176
0.212816
0.230509
0.23534
0.256362
0.239249
0.236475
0.219518
0.217618
0.230142
0.216697
0.234985
0.229351
0.238418
0.211938
0.213266
0.25894
0.24483
0.233437
0.23612
0.200025
0.254883
0.217729
0.292507
0.233021
0.234968
0.206908
0.223208
0.24099
0.256777
0.25332
0.239683
0.276415
0.278521
0.24063
0.219918
0.251414
0.215399
0.201018
0.264564
0.2349
0.269049
0.265062
0.267751
0.271389
0.22811
0.309808
0.227306
0.231679
0.340708
0.263988
0.271708
0.212255
0.272532
0.2745
0.270698
0.246132
0.276886
0.23473
0.299974
0.2785
0.366309
0.332553
0.301656
0.275698
0.229112
0.250537
0.315973
0.306353
0.274567
0.32439
0.307779
0.304161
0.364958
0.270532
0.32408
0.267265
0.240433
0.274022
0.216161
0.334164
0.280015
0.321043
0.272536
0.310721
0.292094
0.314068
0.232134
0.277622
0.29352
0.341163
0.397031
0.322824
0.381321
0.31199
0.324078
0.297827
0.327085
0.311819
0.266286
0.3227
0.377287
0.29605
0.360202
0.362059
0.408638
0.369458
0.342252
0.244065
0.287775
0.329209
0.302369
0.296472
0.296352
0.438946
0.327556
0.3172
0.260496
0.327912
0.354249
0.392936
0.337698
0.392101
0.328798
0.274458
0.31168
0.276472
0.261734
0.213485
0.267047
0.383399
0.418208
0.339121
0.384247
0.420632
0.447836
0.494925
0.369753
0.334686
0.269915
0.220114
0.167541
0.17999
0.253403
0.368977
0.264959
0.258995
0.318218
0.369891
0.41331
0.367511
0.322969
0.459635
0.372947
0.356975
0.399398
0.378191
0.433898
0.486789
0.412228
0.387154
0.428649
0.513451
0.443676
0.480052
0.399466
0.415119
0.365264
0.448995
0.403569
0.382505
0.274333
0.304511
0.351791
0.322442
0.292612
0.339625
0.34565
0.357833
0.388037
0.280685
0.287405
0.351182
0.292422
0.281635
0.2533
0.304898
0.374496
0.475341
0.232187
0.338979
0.322818
0.381531
0.356453
0.402936
0.38719
0.392613
0.466883
0.430742
0.389705
0.391508
0.445814
0.425398
0.352914
0.37168
0.287113
0.659184
0.41156
0.429694
0.478072
0.547142
0.361865
0.536311
0.551799
0.505799
0.29193
0.452295
0.369646
0.259147
0.39351
0.327946
0.293011
0.378891
0.374943
0.418411
0.60957
0.439687
0.465105
0.295627
0.436959
0.451204
0.464328
0.492986
0.493271
0.380335
0.39085
0.399809
0.391486
0.412524
0.564082
0.293714
0.679666
0.636905
0.513913
0.436936
0.259684
0.2691
0.258249
0.511851
0.624176
0.357859
0.303398
0.544894
0.435014
0.403975
0.58333
0.527081
0.6551
0.365944
0.41143
0.459719
0.371889
0.375662
0.327741
0.403032
0.380745
0.48894
0.622775
0.598259
0.53188
0.59959
0.474998
0.37849
0.444698
0.610218
0.480594
0.565087
0.525845
0.554822
0.649608
0.714938
0.49936
0.564209
0.630378
0.394466
0.453683
0.301071
0.360474
0.334494
0.287804
0.504245
0.36534
0.44818
0.347421
0.450279
0.336372
0.542691
0.660845
0.445529
0.504266
0.363718
0.488567
0.559891
0.516631
0.464336
0.317044
0.56067
0.504848
0.495553
0.639831
0.54576
0.410154
0.704834
0.770279
0.930989
0.705997
0.787922
0.66608
0.825006
0.598414
0.516419
0.646196
0.742983
0.531049
0.967506
0.695826
0.8561
0.9051
0.87361
0.707742
0.714902
0.744081
0.918772
0.527146
0.419364
0.509549
0.453961
0.433976
0.484846
0.7136
0.763859
0.743608
0.797932
0.694609
0.515332
0.480501
0.462879
0.484783
0.645658
0.542148
0.563591
0.430087
0.496371
0.484272
0.729918
0.621541
1.00565
0.606418
0.341937
0.558656
0.431085
0.508731
0.366755
0.231933
0.606491
0.724105
0.527077
0.635422
0.532156
0.514925
0.858015
0.554776
0.65892
0.576216
0.49113
0.25646
0.283488
0.349567
0.688629
0.340375
0.365982
0.234052
0.347668
0.299592
0.314081
0.276614
0.307279
0.549826
0.569835
0.765455
0.832088
0.772745
0.596377
0.587147
0.552574
0.56793
0.997331
0.797083
0.648237
1.20721
0.900704
0.64936
0.705539
1.08364
0.605906
0.629578
0.601118
0.803336
0.559123
0.627077
0.714744
0.58949
0.515437
0.780438
0.931951
0.639714
0.768071
0.786894
0.709408
0.928538
0.687146
0.796639
0.943735
0.725067
0.651188
0.449876
0.564261
0.655111
0.761534
0.966487
0.876589
1.00501
0.944735
1.05421
1.11402
1.21634
0.983423
0.979454
0.955193
0.91497
1.09028
1.04439
1.03953
1.03863
1.08442
0.913315
1.12861
1.2137
1.41386
0.961982
0.426801
