1.13784
0.931107
1.34517
1.45868
0.886804
0.910741
0.888181
0.987564
0.69958
0.554145
0.598478
0.708425
0.587557
0.684854
0.635759
0.656747
0.613569
0.674994
0.667886
0.668182
0.513234
0.679541
0.802853
0.781777
0.901001
0.771457
0.733575
0.546949
0.66041
0.638986
0.753984
0.75919
0.888903
0.799658
0.974441
0.605697
0.713712
0.905612
0.827149
0.632437
0.611084
0.572721
0.721214
0.628799
0.705826
0.780015
0.604762
0.880163
0.686259
0.823759
0.744605
0.694017
0.395629
0.643913
0.800864
0.755266
0.683463
0.879235
0.711041
0.725437
0.603882
0.677476
0.762664
0.89504
0.738713
0.677543
0.682359
0.774418
0.882043
0.768779
0.756461
0.737375
0.73513
0.691542
0.673303
0.626
0.793751
0.728008
0.663377
0.6941
0.777177
0.628864
0.640767
0.746475
0.68484
0.751645
0.810395
0.73667
0.59599
0.703448
0.693169
0.743027
0.706195
0.747922
0.711082
0.689507
0.641702
0.821412
0.708083
0.791579
0.888714
0.462078
0.602373
0.564657
0.716055
0.692556
0.64683
0.644886
0.644546
0.642949
0.537339
0.656811
0.679929
0.637863
0.787012
0.784438
0.797901
0.626441
0.471049
