1.15349
1.15969
1.18487
1.29442
1.79908
1.59409
2.92581
1.78892
3.38955
3.62979
4.22495
4.2194
4.68306
4.36985
3.66135
3.70544
3.93488
3.90824
3.62306
3.36088
3.75733
3.97543
4.15325
4.07321
3.59576
4.37544
4.45354
4.32515
4.01715
4.11523
4.13599
4.34118
4.3707
4.24209
4.20157
4.21335
4.42567
4.06451
3.94859
4.06765
4.04741
4.09951
4.01549
3.88847
3.73729
3.81322
4.59448
3.68784
4.08417
3.14841
3.00004
3.51733
4.42024
3.65359
3.22166
3.44329
4.35583
4.42817
4.12014
3.87455
3.98531
3.93427
3.16314
3.04283
3.25667
2.92851
3.79111
3.45817
3.21632
3.2815
3.82801
3.31486
3.04913
3.00268
3.54109
3.62009
3.40345
3.05611
2.55516
2.6212
3.20206
2.67207
3.03283
3.28012
2.83528
2.55223
3.21689
3.27297
2.92435
2.71618
3.21158
1.92098
2.52211
2.44108
2.50738
3.04673
2.22713
2.42572
1.82731
1.80783
1.97897
1.54568
1.49273
1.34271
