3.483130
3.114600
3.265190
4.323660
2.714310
2.389430
4.914990
4.550610
4.508430
4.422640
3.581000
4.870460
4.012780
4.355610
5.064770
4.820070
5.034170
6.715700
7.154650
5.366530
4.223240
3.227330
4.249660
4.856840
7.222960
5.981080
4.976410
5.177410
4.805160
4.632060
4.589380
6.286340
6.413790
6.457850
7.915800
6.499870
5.617250
8.884940
8.014820
7.845720
8.148830
7.694540
7.918450
7.729060
7.849160
8.042280
8.492530
7.954650
7.903870
7.611580
7.055730
7.180630
7.516750
7.664440
6.895370
7.176390
7.870560
7.170560
8.004040
7.056230
6.741600
7.901920
8.133830
8.046060
7.669460
6.799660
7.149780
7.707380
7.540320
8.865360
7.363080
8.438190
7.069280
7.491470
6.956420
6.921560
7.383220
7.391630
7.931250
7.706780
8.063380
8.185620
8.179630
7.352060
8.693940
6.352340
5.469360
3.079570
4.029260
3.423470
