4.100090
4.243060
5.325100
8.804510
11.367800
10.739200
9.321330
9.127800
8.834780
10.632400
10.652100
9.663290
9.360150
9.912710
9.611210
10.086700
9.455310
8.272030
8.202610
7.913380
7.801990
7.478120
7.085900
7.392120
7.670420
7.533190
7.176690
6.620920
7.473360
7.687850
8.144490
8.173870
8.851230
8.488590
8.182990
8.099680
8.788810
9.085500
8.779120
8.900680
9.283270
8.938100
8.445570
7.809680
7.703170
7.130340
7.526030
8.046190
7.112990
8.084750
7.909710
7.586780
8.210210
7.173120
6.969750
6.583930
8.111990
7.524200
7.161800
7.665290
7.170230
7.709230
7.241110
8.030250
8.535860
8.099870
8.441660
7.642920
7.294070
7.942030
7.625790
7.261280
7.828610
8.241550
8.617290
7.737530
8.123460
7.260300
8.241960
7.500790
7.471890
7.274250
7.028410
6.663890
7.606760
7.706290
7.304680
7.194940
8.071670
7.238640
6.729710
6.817640
6.820220
7.289860
8.135360
7.994900
6.906880
8.549160
7.484630
7.320550
8.175390
7.692140
7.907520
8.086630
7.102840
6.897970
7.492670
7.469830
6.502800
6.312260
6.984970
7.801880
7.502520
7.187780
7.501070
7.118640
7.194600
8.323580
6.555560
7.543670
6.445730
7.024680
6.478180
7.018310
5.762990
7.046930
6.479050
6.465030
6.660790
7.250950
6.848790
7.177840
7.238080
7.323310
6.480840
6.006950
7.195610
5.703610
6.294420
6.804090
6.502860
7.243000
5.992860
6.771270
7.210350
6.183340
5.203550
7.331790
6.274400
5.622230
5.707940
6.234510
7.568160
7.294410
6.586410
6.898020
6.678440
6.230780
6.283360
6.715070
5.531850
6.069110
6.338820
5.795400
5.270430
5.790250
5.991090
5.466730
6.458560
5.746190
5.743280
5.461380
6.547640
5.641370
5.550970
5.983330
5.496400
5.724150
6.752440
5.756120
5.027340
4.577130
6.353050
5.044460
5.844600
5.301590
5.504930
5.299740
5.263460
6.075550
4.737790
5.332720
4.467880
4.809370
4.734200
4.882720
5.289290
5.334890
4.777440
5.034530
4.460800
5.516580
4.722740
5.045630
4.482630
4.377880
5.325780
5.062380
4.696670
4.577640
4.359610
4.463320
4.570600
4.283040
4.695510
4.214030
4.612400
4.380990
4.353980
4.245390
4.055140
4.478330
4.272050
4.187940
4.096970
3.997510
4.160810
4.064540
3.947900
3.802680
3.793670
3.766440
4.189650
3.975000
3.860560
3.682700
3.606840
