3.19901
4.79293
1.22835
3.84927
1.76963
1.77156
3.45583
1.22061
3.7514
3.83913
4.05082
3.96883
3.76963
3.89103
4.08504
3.96539
4.2121
4.19699
3.68846
3.94237
4.08494
3.99013
3.8833
3.01979
3.84535
4.01895
3.533
4.03397
4.18475
4.05262
3.85637
3.57685
3.6598
3.74972
3.70289
3.24272
3.50199
3.87419
4.22423
3.40228
3.92149
3.93943
3.96167
3.32669
3.92996
3.64664
3.62995
3.60753
3.90735
3.31211
3.36764
3.51125
3.49187
3.33655
3.73359
3.66921
3.78187
4.27908
4.29994
4.46661
4.16047
3.81586
4.27668
3.82674
3.71475
4.34321
3.98266
3.66345
3.71486
3.67377
4.12219
3.53989
3.45368
3.56126
3.47982
3.24037
3.82144
3.50981
3.29228
3.19701
3.21387
3.27436
2.43479
2.90223
3.12708
2.36181
2.87999
3.0402
2.35512
2.77814
2.65871
2.47323
2.46369
2.51274
2.29044
2.28627
2.13658
2.49816
2.15116
1.99976
1.56995
1.81774
1.86881
1.81446
1.84917
1.85629
1.61672
1.66645
2.0541
1.63045
1.69103
1.52916
1.38875
1.46257
1.61929
1.53044
1.35086
1.53471
1.42792
1.27844
1.24374
0.994421
0.993002
0.919205
0.801345
0.732412
0.757197
0.7044
0.760508
0.651099
