6.118150
6.141160
6.096870
6.308120
6.359350
5.882170
6.816840
6.968840
6.671040
6.703480
6.330670
6.755920
6.989890
7.287970
6.683130
6.897250
6.751700
7.652720
7.181790
6.497700
7.667910
6.840790
7.791360
7.066880
6.871600
6.995260
7.074290
7.267180
7.136440
6.879550
6.989280
6.871860
7.441110
7.856450
7.333540
8.190760
7.695090
8.340260
8.042880
7.323790
7.873210
8.212450
7.526580
8.531920
7.208070
7.700680
8.344610
7.913500
7.621980
7.040840
7.576940
8.667720
8.599030
8.411570
9.179540
8.813980
8.204240
8.037410
7.819540
8.114330
7.146290
8.578090
8.161020
8.362050
9.301020
8.534210
9.172760
9.271490
9.207140
8.892320
9.076110
8.985610
9.626180
9.238070
9.045390
9.231800
10.434000
9.294270
9.983640
9.240420
9.516180
9.560350
9.058500
11.555800
9.475110
10.203100
9.513950
8.695180
10.130900
9.725220
12.522500
11.162700
9.773190
11.254500
10.970900
9.877560
10.805100
12.625100
11.759700
13.780000
11.692200
11.440300
11.671700
9.549590
9.182490
9.837480
8.421590
8.550040
7.233010
7.243130
6.761560
6.768690
