2.320640
2.219800
2.357200
2.410680
2.252730
2.035280
2.087010
1.825140
2.175330
1.765160
2.326890
2.027750
2.042460
1.887880
1.895320
2.036470
2.406410
3.021270
2.166810
1.796650
2.067600
2.866440
3.366910
2.908980
2.794660
2.770820
2.610360
3.847730
4.017500
4.279370
3.532220
3.916290
3.767970
3.315250
3.034440
3.107810
2.936660
2.725340
2.515570
2.982490
2.864320
3.307400
2.947350
2.539560
2.637050
3.291350
3.208350
2.865820
2.661700
3.133240
3.119480
3.225000
3.503530
3.436190
3.554530
3.790900
3.047650
2.786430
2.761610
2.771060
3.063120
2.639210
3.697610
2.894400
2.764470
2.865180
2.482520
2.386640
2.266160
2.365000
2.563550
3.069220
2.502050
1.851400
2.000730
1.738960
1.961110
2.173450
1.576890
1.595400
2.081110
2.037210
1.814290
1.694330
1.831270
2.121240
1.381680
1.525380
1.863510
1.676340
1.733140
2.237640
2.186100
1.949870
2.254600
2.085270
2.286380
2.105680
2.059880
1.961090
2.782780
1.856190
2.369860
2.630050
2.722620
2.959160
2.571920
2.646110
3.174520
2.036990
2.305140
2.282460
2.751230
3.300390
4.083990
2.945490
3.225450
2.982870
3.228910
2.827430
2.559150
3.587130
2.778990
3.030610
2.587490
2.836660
2.851350
2.687890
3.476960
2.824260
3.043930
3.506960
3.524430
3.492370
3.631030
2.969640
3.246640
2.956480
2.810960
2.888660
2.493010
2.546820
2.984940
2.467740
2.077010
2.283620
2.208990
2.255620
2.200680
1.949700
1.957350
2.073660
2.052940
2.261000
2.039880
2.128760
2.284020
2.150240
2.085820
2.218450
2.218630
1.957510
1.980840
2.207490
2.521170
2.815930
3.131720
3.168500
2.481430
2.480460
2.399190
2.422700
2.729260
2.564850
2.481210
2.552200
2.602160
3.689120
2.496710
2.753820
2.612350
1.974370
1.682350
2.463210
2.550440
2.223760
2.079790
2.458660
2.160500
2.454200
1.981460
1.699900
2.186930
1.641880
1.762610
2.166720
2.758620
2.677680
2.626930
2.627210
3.090310
4.045580
4.211070
3.344190
3.415260
4.071860
3.199730
3.667190
2.856100
2.622430
2.227930
2.332200
2.589050
2.428290
2.475470
2.197450
2.059700
2.300400
2.111430
2.321050
2.292250
2.508880
1.960100
2.003340
2.176890
2.446330
2.263200
2.221280
2.143780
1.959500
2.081460
2.140260
2.301010
2.244170
2.082520
2.257210
2.184000
2.264380
2.506520
2.328340
2.340690
2.744620
2.492420
2.358020
2.328970
2.300950
2.457400
2.946220
2.332320
2.453480
2.807140
2.811760
2.925160
2.355410
2.893290
2.861120
2.156400
2.197980
2.402510
2.313660
2.132810
2.380690
2.209820
2.049310
2.895300
2.113860
2.309720
2.366450
2.276480
2.528870
2.204630
2.391870
2.490560
2.252430
2.783050
2.142260
2.640540
2.270030
2.174140
1.988100
2.221790
2.072120
2.144310
2.003370
2.160660
3.225550
3.813270
3.531940
3.615560
2.890520
3.064550
3.730300
2.553350
2.513100
2.714010
3.360850
2.911220
2.847670
2.699410
2.593630
2.464670
3.412830
2.774530
2.620270
3.122560
3.462030
3.037680
3.597090
3.490910
3.272190
3.262270
3.467200
3.544280
3.366580
3.681930
3.011160
3.030420
3.017530
2.446000
3.249210
3.185340
3.430710
3.106370
3.303130
3.400350
3.943190
3.738090
3.759910
3.362700
3.161670
3.545270
3.742030
3.498390
3.501760
3.425330
3.719200
3.551350
3.921820
3.417120
2.978850
3.254550
3.088260
3.104290
3.480040
3.143140
3.194550
3.527790
3.851430
3.666710
3.473630
3.460000
3.341760
3.532720
3.877750
3.241520
3.231090
3.845010
3.542820
3.667210
3.689560
3.745640
3.428350
3.289870
3.445820
2.895650
3.235130
3.419600
3.530750
3.374850
3.292280
3.170480
3.215790
3.400250
3.485760
3.699890
3.813840
4.372090
4.759460
4.868510
4.409420
4.240230
4.196780
4.217700
4.524410
4.023370
3.850070
3.612450
3.053270
3.845330
4.293660
4.522830
4.443390
4.952250
5.079460
4.537930
5.096420
4.633720
4.679290
4.535460
5.121210
4.724420
4.884440
5.471640
4.656010
5.620990
5.087530
5.214670
5.248960
5.438080
5.079530
4.974430
5.213200
5.167780
4.522420
4.925800
4.907010
5.608830
5.299030
4.572480
5.202890
5.287830
5.103240
5.823730
5.776460
5.754290
6.474110
6.595890
6.273680
6.212900
5.318800
5.460500
5.472450
5.582630
5.519690
6.453120
6.437840
6.617310
6.652970
6.068910
6.127900
6.150250
6.832030
7.140580
5.958060
7.041840
6.270120
6.761910
7.177270
6.917770
7.373360
7.915390
7.499980
8.887330
9.335370
6.917530
7.788110
7.516900
8.210350
7.175700
7.960460
7.877250
8.296850
8.025020
9.009460
8.270060
9.903620
8.757310
8.471740
9.457840
8.452190
10.439800
9.120200
10.349000
12.731900
9.424790
9.777470
7.977990
7.084520
7.220680
6.937310
6.899720
6.467440
7.465890
8.323860
9.627010
9.339290
9.124240
8.111950
6.704800
5.207310
6.623330
5.844130
6.122230
6.913550
5.948830
6.661440
5.852120
6.206850
5.319900
6.035700
6.191040
6.647170
5.879060
6.105080
6.029320
5.441510
5.647950
6.042870
7.889700
6.471540
5.470250
5.676780
5.612930
7.101780
6.123140
6.926020
6.363310
6.071510
7.032890
8.401670
7.260260
6.644390
6.775360
6.483280
6.738710
9.118190
5.951120
7.355850
7.045980
8.085300
7.739670
8.396040
8.161050
8.994570
10.124400
10.204500
9.020300
8.174070
8.277660
7.980600
7.992150
8.368140
8.937390
12.158000
9.870410
11.266100
11.032200
11.513400
12.389500
10.844000
10.889700
9.663600
9.387890
9.872690
9.731040
8.476090
8.900300
7.319130
9.486310
9.259430
8.618320
8.097250
7.895380
9.512840
8.852640
10.420500
9.364160
8.354270
9.394480
10.958600
8.794850
10.173400
11.002400
11.884800
10.790400
11.207600
9.422130
9.383310
8.772900
9.221800
8.807280
10.254300
9.905840
9.512580
12.530100
11.661900
8.634850
10.661800
10.284500
11.469800
12.546000
10.243700
10.923600
9.875850
10.544100
12.356700
10.094000
12.697900
10.089400
10.770500
10.720000
10.942300
11.019700
10.355700
9.608770
10.737200
9.919230
9.966560
9.704890
10.544800
11.245900
10.592400
11.483500
10.768700
12.375600
10.377300
12.381600
11.893700
12.544900
11.600900
10.572500
12.252300
12.414200
10.496500
8.539430
10.910200
12.576500
10.510000
8.306660
10.805300
11.795900
10.803200
12.889200
14.144100
10.906200
9.530240
10.652100
11.213400
12.169700
10.167300
12.337800
14.452100
12.924100
16.141100
13.143300
12.170700
10.621000
8.985130
11.233900
11.169700
12.176600
12.807000
12.745300
10.757700
17.344700
14.918000
13.363100
10.292400
9.579360
11.098200
10.381000
16.601700
13.192100
17.977200
15.993100
19.040700
16.256100
18.399900
14.475600
17.702900
10.877600
12.019800
11.368200
11.093900
10.958900
22.703200
22.586100
17.201400
18.165600
19.413200
19.949200
14.942100
17.288300
18.288300
17.757100
16.211100
12.097900
13.698000
17.465400
14.641900
17.678100
14.882400
16.928800
14.753000
17.653700
17.749100
16.238500
14.407200
14.722300
16.343700
15.757600
16.016600
13.211000
16.809900
19.281500
17.793700
15.476200
14.314400
14.138900
12.246900
18.014300
18.516300
15.267900
15.867700
20.067200
20.995100
25.649700
20.231700
18.195100
12.055500
6.386340
6.970040
11.796000
20.541800
25.043200
20.756500
26.115200
15.248200
21.324200
20.774500
30.040900
5.142390
4.977780
4.605210
4.408930
4.205690
4.301770
