0.842086
0.84072
0.827862
0.806583
0.839207
0.841479
0.818617
0.887462
0.835464
0.860668
0.842392
0.888535
0.935983
0.912997
0.936454
1.01682
1.01354
1.08518
1.05774
1.07671
1.16167
1.09338
1.12817
1.24268
1.16063
1.25901
1.2643
1.32523
1.68211
1.17854
1.57589
1.46985
1.67345
1.34113
1.80017
2.1141
2.01886
2.40666
5.13973
3.93118
8.48754
7.39229
6.14105
5.04127
4.24765
2.45589
1.69303
1.91568
2.53946
1.20127
2.34886
4.09906
3.7821
4.45889
3.00972
2.91656
2.76732
2.51894
2.66389
3.01051
2.79798
2.36889
2.95246
2.92115
2.63423
2.84915
2.56824
2.7723
2.9037
3.13707
3.41315
2.78278
2.58491
4.00261
3.69629
3.12705
2.15222
2.41472
2.37742
2.49511
2.40827
2.29688
2.49808
2.77856
2.61644
2.3579
2.80132
2.2848
2.68262
2.22675
2.2915
2.25024
2.33997
2.48593
2.14384
2.21994
2.18647
2.20943
2.16065
2.05203
2.12176
2.15161
2.07462
2.0296
2.04552
1.85574
2.05256
2.02032
1.92419
2.17274
1.81452
2.0341
1.85639
2.01279
1.88857
1.72457
1.66122
1.79708
1.68637
1.81149
2.05083
1.8314
2.00373
2.07315
2.0556
2.15012
1.94661
1.87747
1.81168
2.20173
2.1904
1.78094
2.03243
1.92678
1.92929
2.08044
1.99427
1.90405
1.98857
1.69753
1.93587
2.04727
1.73295
1.71016
1.89455
1.92343
1.99413
1.66747
1.67978
1.62474
1.5122
1.62145
1.68128
1.92834
1.79465
1.57442
1.71618
1.57792
1.44855
1.63585
1.794
1.63282
1.56114
1.43747
1.44414
1.50541
1.38462
1.32442
1.31704
1.08236
1.24604
1.62418
1.18335
0.897117
1.54459
1.14251
0.893931
0.841442
1.14404
1.34881
1.20015
0.888092
1.00887
0.680435
0.536373
0.607518
0.524738
0.613921
0.729814
1.11203
2.55254
2.26139
1.74183
2.23468
1.92087
1.53368
1.61846
2.23908
2.15159
1.42394
1.61421
1.13302
0.771866
1.01094
1.13672
1.32977
0.941213
1.19654
1.02255
