0.694902
0.684392
0.659863
0.716249
1.00718
1.58557
1.35472
1.34357
1.18591
1.1979
1.10183
1.08521
1.2013
1.06729
1.0036
1.12564
1.19728
1.18517
1.25443
1.32664
1.06695
1.09447
1.17839
1.12193
1.07722
1.07152
1.10088
1.02638
0.945938
0.971549
1.03221
1.10076
1.06262
1.1034
1.25912
1.10606
1.13538
1.13532
0.996382
0.915821
0.780993
1.11323
1.0134
1.26939
0.824697
0.721417
0.801895
0.989522
0.87685
0.880147
0.97397
0.961493
1.01289
0.953588
0.541467
0.762532
0.992028
1.23194
0.969114
0.780935
0.826968
0.965656
0.935722
0.963686
1.06226
0.898094
0.968342
0.851124
0.762685
0.937916
0.906389
0.950089
0.804817
0.688259
0.632756
0.692941
0.763006
0.708504
0.801213
0.768573
0.688589
0.531705
0.535819
0.647805
0.663015
0.569662
0.560088
0.54001
0.548137
0.542203
0.64853
0.585517
0.523969
0.518732
0.544087
0.502302
0.516737
0.578432
0.668822
0.732926
0.71787
0.752818
0.817149
0.727127
0.680449
0.677286
0.790264
0.715403
0.742004
0.680065
0.619532
0.659555
0.628318
0.612219
0.677801
0.603254
0.590033
0.530252
0.515672
0.527561
0.617428
0.538078
0.518269
0.697921
0.535187
0.616151
0.586312
0.583994
0.499189
0.521528
0.543122
0.565043
0.525138
0.534313
0.623997
0.541624
0.593796
0.599628
0.718757
0.578031
0.657167
0.663898
0.616009
0.640375
0.796413
0.533326
0.49731
0.489332
0.483467
0.520843
0.476009
0.51243
0.53959
0.492424
0.432338
0.397436
0.377899
0.464974
0.425068
0.523706
0.5085
0.462906
0.499274
0.477553
0.494053
0.513624
0.486868
0.485405
0.519582
0.536648
0.56644
0.513898
0.567723
0.519884
0.567352
0.648466
0.467606
0.425539
0.45668
0.467253
0.469501
0.468263
0.438696
0.465295
0.415558
0.467212
0.434888
0.410902
0.427801
0.38019
0.442967
0.456093
0.504003
0.534834
0.59153
0.509391
0.526831
0.503829
0.513132
0.463413
0.432301
0.441311
0.414211
0.42247
0.389906
0.437687
0.416925
0.462199
0.41604
0.518522
0.486427
0.481661
0.506978
0.599261
0.606828
0.532981
0.512629
0.591552
0.41804
0.520259
0.507675
0.473408
0.452611
0.527169
0.534912
0.570354
0.570537
0.658183
0.49861
0.501322
0.504099
0.456341
0.458471
0.467404
0.449782
0.436446
0.44948
0.604661
0.48206
0.544916
0.557997
0.634277
0.506214
0.480868
0.466624
0.531457
0.47658
0.437872
0.374536
0.4874
0.504683
0.573669
0.544082
0.472593
0.704953
0.717678
0.612138
0.419427
0.451077
0.439679
0.604484
0.514949
0.4227
0.647507
0.358758
0.343446
0.343506
0.357558
0.448026
0.377136
0.377727
0.414545
0.447321
0.445865
0.475535
0.547745
0.668099
0.378917
0.373323
0.527072
0.488171
0.411858
0.436244
0.418266
0.376469
0.327188
0.583331
0.514745
0.479908
0.416526
0.348877
0.351343
0.336541
0.33224
0.303683
0.362959
0.340171
0.40171
0.367676
0.38082
0.314316
0.362638
0.278866
0.357377
0.418211
0.403109
0.692507
0.54286
0.38152
0.380363
0.306512
0.29774
0.273542
0.380608
0.35984
0.338905
0.321203
0.35726
0.311828
0.321616
0.356827
0.307232
0.299546
0.301966
0.310729
0.289991
0.290817
0.300977
0.308714
0.335851
0.379734
0.369075
0.379995
0.315403
0.428078
0.374456
0.347832
0.335777
0.290764
0.331964
0.309244
0.280587
0.348634
0.319934
0.3513
0.361747
0.29647
0.344521
0.316033
0.323783
0.334601
0.312594
0.261039
0.277544
0.27508
0.322062
0.302864
0.28581
0.27279
0.301427
0.298382
0.334956
0.384231
0.329244
0.302865
0.364836
0.344349
0.316122
0.334253
0.383326
0.44041
0.363275
0.393556
0.397968
0.388488
0.35308
0.37648
0.390827
0.389707
0.313307
0.35743
0.374829
0.355115
0.410177
0.350221
0.381364
0.356155
0.297836
0.300913
0.294876
0.511843
0.462957
0.530134
0.444529
0.365728
0.374227
0.443098
0.392944
0.471472
0.459218
0.609742
0.437273
0.487974
0.421519
0.386047
0.390181
0.422696
0.426697
0.387665
0.401138
0.385551
0.494472
0.395319
0.458494
0.36982
0.371614
0.380838
0.380413
0.310272
0.30516
0.297265
0.345739
0.367047
0.406696
0.376877
0.426334
0.455577
0.419346
0.455547
0.506204
0.420931
0.436883
0.490881
0.47022
0.445687
0.463743
0.441738
0.447836
0.380203
0.357484
0.372438
0.404112
0.416115
0.425263
0.511036
0.444897
0.519938
0.466216
0.442366
0.425574
0.451041
0.432489
0.490736
0.533767
0.536137
0.459081
0.466131
0.443271
0.461176
0.389238
0.397833
0.410359
0.384547
0.408627
0.399505
0.412436
0.412563
0.451756
0.40923
0.406323
0.42843
