6.952910
7.157020
7.396200
8.272560
9.661810
9.801330
10.819000
16.268300
19.918200
16.528900
23.779800
19.212800
33.965700
41.060400
23.514200
19.453500
23.929100
23.674200
16.133000
16.531000
18.213600
15.395000
15.748000
17.707900
16.002400
15.520400
16.263800
16.132500
17.651600
17.523900
14.002200
13.930600
17.222700
17.557400
19.250200
17.542800
17.150700
20.087000
21.440500
17.519600
19.428800
19.436200
15.891400
21.794000
17.313400
17.333100
18.392400
16.700300
19.016300
19.606800
20.793200
18.035500
18.202000
16.660200
17.870700
16.626900
19.051300
19.699500
18.097500
18.360400
17.503100
15.099300
17.855000
18.229800
18.882700
17.995400
18.321700
17.763600
18.584500
17.975300
18.256700
17.419000
19.004400
20.079500
17.939500
18.639900
16.849600
16.017500
16.561700
15.604600
15.537500
16.624600
14.473600
14.687200
14.936800
15.539600
15.793600
14.784300
14.420900
16.294600
14.688800
16.902100
13.480600
11.966100
14.891000
15.266600
15.537300
17.088400
11.827000
14.516200
12.629300
11.464200
12.149800
11.669200
13.133700
12.992700
13.299300
12.124800
12.237000
12.102000
12.010200
10.282400
12.043600
11.402700
12.703600
12.350500
10.846700
11.137000
9.431330
9.481880
9.814030
8.877730
10.448200
8.321770
7.558780
