4.978030
6.028340
6.119100
10.195900
19.335800
14.547100
15.025100
12.921200
11.201300
12.384300
16.714500
15.487000
14.414700
15.062700
12.228500
12.912500
14.118100
13.354600
13.501700
17.320100
13.211300
10.744600
12.840700
9.961850
11.922800
17.455800
13.557600
13.617900
13.913100
22.799900
8.529890
6.535100
6.504410
6.084720
8.174230
6.971170
10.057200
12.069300
14.580600
7.161750
12.756800
9.601590
7.402300
6.720720
14.925300
6.153190
11.044000
6.217220
6.799220
6.723510
13.712200
12.854500
13.412800
10.156700
12.271800
12.691900
9.437700
9.191260
11.915600
10.866400
10.516600
9.034960
8.235980
13.416300
12.987300
12.743000
12.765800
13.563300
12.453900
10.632700
11.072700
11.534500
10.728100
10.954700
13.942900
12.226900
11.373000
12.165400
12.147600
14.829000
14.052000
15.437800
12.696000
12.219500
15.774500
11.363600
9.691350
10.678200
12.987400
13.474200
11.843000
11.002100
10.739100
9.206820
13.051700
11.487300
14.355200
13.870500
16.707400
15.086600
14.694600
12.118700
11.102000
14.568000
11.267300
12.534400
15.160200
13.234200
11.131800
14.405100
15.226300
8.918980
15.343500
14.324600
12.937500
11.443800
12.568500
9.993260
8.483100
13.697200
14.448500
10.304300
9.343490
9.497970
8.744920
8.878970
9.686270
9.252330
9.390910
8.206920
6.261240
8.311000
6.182610
6.898420
6.748670
6.642580
7.228680
7.085640
7.158130
5.559440
5.832960
4.969160
4.782160
5.010000
5.269750
4.595390
