0.341678
0.377652
0.418164
0.525894
0.713443
0.700226
0.994174
2.06574
0.738987
2.46424
2.63964
2.6799
2.79586
3.06514
4.12565
3.12869
3.52149
1.8214
1.71052
1.25972
1.49256
1.37306
1.08699
1.12787
1.3618
1.70279
1.60437
1.42686
1.21491
1.04097
1.10139
1.53788
1.32041
1.43746
1.62157
1.21433
1.2079
1.43808
1.06031
1.28284
1.32988
1.07881
1.04332
1.00355
1.29352
1.02957
1.16632
1.12946
1.12397
1.0653
1.30528
1.01435
1.05614
1.14959
0.946005
1.24775
1.10599
0.952526
1.08099
0.968061
0.998079
1.02605
1.0557
1.19683
1.13784
1.13764
1.14484
0.918788
1.10648
1.05516
1.02461
1.07637
1.16813
1.08244
1.04805
1.0935
1.19545
0.851833
0.968002
1.04756
1.14867
0.983949
1.13664
1.06296
0.967156
1.10657
1.12236
1.18215
1.20044
1.01679
1.03802
0.918948
1.00683
0.973577
0.774087
1.05719
0.943316
0.956312
1.01378
0.971716
1.01136
0.903148
0.920671
0.940098
0.773529
0.943024
0.887764
0.645556
0.827009
0.872709
0.697175
0.660487
0.703265
0.749695
0.780576
0.813835
0.642273
0.811391
0.72447
0.578915
0.74346
0.783286
0.656606
0.74248
0.641597
0.653474
0.64808
0.544749
0.764524
0.697529
0.65098
0.53661
0.618514
0.691279
0.53212
0.513953
0.539121
0.49703
0.430918
0.555318
0.447781
0.414177
0.728361
0.397044
0.513887
0.392382
0.477715
0.41193
0.618399
0.396068
0.586077
0.487155
0.353228
0.473363
0.529463
0.74136
0.340572
0.513449
0.401463
0.428276
0.417031
0.499859
0.404382
0.372054
0.314456
0.428767
0.396115
0.397242
0.417243
0.318014
0.566926
0.446154
0.243101
0.284662
0.245188
0.254087
0.375581
0.440857
0.279051
0.230278
0.303622
0.316267
0.259234
0.423879
0.205299
0.266586
0.182901
0.305218
0.27461
0.216823
0.226722
0.168881
0.197697
0.204202
0.186076
0.212734
