0.523394
0.536635
0.535433
0.543562
0.523792
0.532147
0.52887
0.563678
0.589544
0.546872
0.60398
0.815128
0.730101
0.823642
0.964281
1.04445
1.4882
3.77244
3.5036
3.84247
3.08305
2.28264
1.28916
1.43303
1.99839
1.57962
1.3028
1.80964
1.87895
2.13978
1.78141
2.03805
1.9435
1.89848
2.02827
2.20234
2.0619
1.91849
1.87832
1.83276
2.23833
2.13605
2.21931
2.12762
2.23994
1.91713
2.13964
2.10776
1.65061
2.11286
1.96895
2.01064
1.88663
2.23579
1.88517
2.33739
2.31756
2.21053
2.12738
2.33935
2.14627
2.50818
2.44662
2.47377
2.50685
2.46981
2.00997
2.39893
2.30223
2.43402
2.18949
2.19658
2.35095
1.66201
2.37918
2.19975
2.18164
1.9827
1.93304
2.20627
1.90471
2.2558
2.13541
1.99255
2.04345
2.26527
2.12021
2.0232
1.90552
1.74171
1.85993
1.89174
2.0936
2.0592
1.8542
2.08028
2.14453
1.84777
2.24979
1.86643
2.14626
2.2793
2.3876
2.04692
2.21706
1.676
1.80553
1.91618
1.62403
1.86116
1.84552
1.68254
2.09262
1.69315
1.7385
1.69998
2.39513
2.47179
2.38082
1.94658
2.10542
2.16649
1.96278
2.21385
1.67609
2.47692
2.07664
1.7515
2.26087
1.62956
2.26027
1.88595
1.66075
2.31619
1.82345
1.49494
1.78218
1.2091
1.51842
1.63317
1.43482
1.66605
1.98844
1.67804
1.80226
1.77549
1.76469
1.21768
2.10142
1.53732
1.21396
1.2273
1.35086
1.2421
1.39314
1.27328
1.23152
1.17064
1.15537
1.2162
1.21631
1.17859
1.17255
1.0406
1.04148
1.12428
0.92291
1.06015
1.01002
1.1078
1.28454
1.03309
1.14919
1.08484
1.10802
0.740015
0.729968
0.760112
0.714494
0.780963
0.657931
0.504332
0.656987
