3.933260
5.019220
4.761800
4.533050
5.031780
4.580500
5.036870
5.216600
5.460960
4.941770
6.109880
5.635560
5.370670
5.845420
6.418930
6.447030
7.008920
6.894790
6.153590
8.134740
7.063840
7.527010
6.866420
8.383890
7.568230
8.707010
7.896720
8.407760
7.630620
8.565130
9.445930
7.971340
9.875220
8.111720
9.088510
9.483110
10.593000
9.089670
9.212460
8.661230
9.377990
8.905950
9.793500
10.266200
12.576900
11.041900
9.544560
10.077300
10.079200
11.660900
10.622700
11.924900
11.131400
10.988300
11.733100
11.256300
10.628500
12.363700
11.191900
11.507600
12.170300
12.843200
13.144700
10.335300
12.063400
12.917600
11.391800
11.091500
11.790800
12.074600
9.916180
12.096900
12.608600
11.848100
12.939900
11.180000
12.397300
11.670300
12.435200
10.314100
12.678000
13.261400
12.262200
13.041100
12.407800
10.563200
11.608500
11.845100
11.334100
10.200300
11.219000
11.832300
13.464600
10.556900
12.844100
11.838200
13.574100
10.453100
14.896600
12.574700
13.171500
15.682900
14.133300
13.895300
11.306800
13.337000
12.846500
16.892600
12.019300
13.050300
13.304900
13.507600
10.819900
12.572500
8.343570
11.046000
13.863200
11.752000
12.903200
12.840400
13.596100
13.609500
14.797900
13.802100
14.195300
12.693000
12.728700
15.639300
20.129800
22.325400
21.477700
19.946700
25.377700
20.787000
11.133500
10.133200
