0.162495
0.145677
0.13684
0.118897
0.0978381
0.0983059
0.108777
0.114795
0.103189
0.0958033
0.0980473
0.100921
0.0721023
0.111002
0.0951516
0.112244
0.0988913
0.102103
0.096851
0.0832039
0.0900076
0.10403
0.0813001
0.0797018
0.0869962
0.105303
0.0861068
0.0944687
0.0891321
0.0810734
0.0574636
0.0715048
0.0744818
0.0701486
0.0756759
0.123688
0.168555
0.196676
0.155656
0.170698
0.177819
0.164898
0.216235
0.330591
0.327463
0.286522
0.228452
0.352549
0.387075
0.406559
0.325945
0.334839
0.34837
0.408077
0.324978
0.331116
0.450401
0.511987
0.695547
0.401705
0.404517
0.473972
0.431623
0.483391
0.458959
0.553046
0.459149
0.344901
0.492894
0.413669
0.468768
0.391499
0.359983
0.415117
0.416926
0.615223
0.479105
0.388714
0.463362
0.535006
0.476543
0.619174
0.542757
0.542545
0.430824
0.537421
0.532741
0.580561
0.580054
0.54769
0.580676
0.642923
0.489417
0.489141
0.44184
0.496082
0.465275
0.33404
0.709195
0.612023
0.53178
0.759192
0.795015
0.736232
0.62769
0.741976
1.0487
0.705847
0.911999
0.658733
0.624145
0.796737
0.729497
1.01759
0.847451
0.753222
0.935773
0.798606
0.790208
0.9624
1.36645
0.921479
1.48851
0.828248
0.808875
0.592777
0.855358
0.671579
0.715169
0.793878
0.897418
1.65046
1.23014
0.823843
0.764324
1.0308
0.704636
0.711388
0.779389
0.771844
1.24656
1.04857
0.763738
0.595307
0.532777
0.68155
0.870716
2.10041
1.06596
0.836872
0.924624
1.20481
0.654712
0.234298
0.706725
1.14038
0.797567
1.46121
1.4593
1.11124
0.986804
1.09754
1.52963
0.505224
1.00996
1.47615
0.764648
1.18668
1.15384
0.522549
0.906418
1.37796
1.67833
0.832429
1.35005
0.483598
0.18701
0.197378
0.549763
1.38722
1.47106
1.06688
0.370363
