10.766400
10.320700
9.335350
14.997000
18.634000
22.048300
17.659700
20.194200
22.079900
20.213200
20.439800
19.713100
19.120100
18.417900
17.185000
12.934500
12.328000
15.310600
16.791800
13.857500
12.206400
12.368300
12.350700
10.546700
14.051600
14.680500
14.206000
13.644200
15.966300
14.624300
15.349500
14.512100
15.222800
16.128500
14.301900
12.615400
13.985700
12.684800
12.905500
14.694800
16.475400
15.519500
15.543700
16.753900
13.410600
14.360200
14.246700
13.963300
14.892700
11.499100
14.845200
17.322000
16.948300
15.210200
13.373100
13.978400
15.804300
14.469100
13.657200
13.779900
13.388800
15.577100
14.292300
17.129800
13.706100
11.890600
14.531100
14.550400
10.255100
13.542700
13.070000
13.523800
13.157900
13.751900
14.246800
13.661600
13.270500
12.886200
13.527400
13.190900
14.711300
11.637200
11.973500
13.505900
10.433400
12.911600
14.170900
11.697200
12.860200
15.152400
13.285300
13.617700
12.289900
13.874600
13.562500
12.097800
15.194300
15.272300
14.567100
13.647300
11.915600
11.028000
10.972100
11.238300
10.320700
10.896900
10.602200
10.085100
11.876400
11.865100
12.067600
11.379300
9.290240
12.335300
11.911300
12.034800
10.557200
10.987200
8.729420
10.558800
8.416590
9.798370
9.505820
10.213900
10.277300
8.210150
7.868390
8.061040
8.902350
10.447300
10.077000
12.677200
11.092900
11.139400
11.342500
11.275100
11.780800
10.653100
9.999460
10.111600
13.472500
11.868300
12.040900
10.792700
9.915470
11.602200
11.208200
10.782400
11.011100
10.477000
10.004700
7.263680
5.675380
6.963280
7.278810
7.955800
7.577940
6.837490
6.254900
6.916880
7.229230
5.797650
6.356250
6.683040
7.736730
6.761410
7.398430
10.345300
8.763390
8.980130
7.427700
7.682380
9.341360
6.163060
