0.856095
1.04379
1.33525
0.850729
0.979702
0.919165
1.29179
0.955736
0.987851
1.30236
1.85255
1.80058
1.29148
1.52336
1.26034
1.17576
1.4143
0.828318
1.79976
1.82388
1.24454
0.991218
1.06772
2.28051
2.28442
1.74987
1.59835
2.08721
3.28366
2.07295
1.95312
2.00959
2.44625
2.21963
2.34642
1.45262
2.08176
2.12711
3.76963
3.13672
3.41993
3.17861
2.72476
3.64357
3.0188
2.69937
2.80273
2.85609
2.6308
2.61248
3.31386
2.7285
2.8471
2.77294
3.22359
2.36839
2.88049
2.48771
3.31125
3.07722
3.15235
3.32709
3.14362
3.3549
3.23359
3.33662
3.04183
3.45795
2.75915
2.46581
3.70093
2.79275
3.00627
2.6957
2.85599
3.0508
3.24382
1.63696
2.25187
1.91063
2.15884
1.99863
2.90894
2.54169
1.83455
3.37904
2.18927
2.28068
2.30058
3.04692
2.49556
2.11149
2.07739
1.99586
1.82165
1.83118
1.89218
2.0829
1.65126
1.53989
2.27312
1.77963
1.80437
1.7882
1.70856
1.65928
1.76942
1.63449
1.51593
1.57468
1.53282
1.48336
1.48216
1.63479
1.78491
1.44643
1.21064
1.41371
1.74603
1.45815
1.22707
1.20164
1.29436
1.52351
1.53673
1.09475
1.2782
1.33661
1.52285
1.8331
1.58539
1.23136
1.58857
1.10377
1.13028
1.08722
0.879115
0.886871
1.04254
1.05211
0.817772
1.03267
0.53146
0.734216
