19.315900
20.537600
30.500000
32.891100
34.836600
33.756800
28.867800
24.159300
25.982100
27.565600
27.375200
27.175000
24.951800
27.980600
24.248400
25.800800
24.595900
23.788900
17.936200
17.553300
18.571900
29.575300
29.775300
27.819300
21.411800
24.226200
22.063000
23.439800
25.665300
24.269200
26.639600
24.578200
22.761900
24.670600
24.235000
24.166200
24.540600
24.077200
27.693900
23.486900
23.428100
23.830900
25.794300
27.250500
25.388800
26.696700
25.677200
24.610300
28.486100
24.271500
26.201700
26.637700
25.149000
23.774700
24.497700
24.492400
26.260800
24.199700
24.711700
24.596100
24.699000
20.874900
23.204800
23.481600
22.387600
23.244000
23.296300
23.591900
23.827300
24.506300
24.340300
22.377500
21.230300
21.608900
22.042800
23.731400
22.625900
23.832400
23.122400
21.200000
21.269200
23.261500
23.315200
21.940400
22.538400
22.593500
24.527700
22.136900
25.230000
24.736000
22.770100
21.553800
22.360300
22.754900
24.078500
20.222000
23.216300
21.575600
20.970100
22.431100
24.444600
23.738700
22.899000
21.831900
21.895600
20.590900
25.654000
25.292800
21.833000
22.711800
22.976300
20.051900
23.232000
23.121700
23.185800
22.572100
20.993500
19.216500
20.019200
22.650400
21.373700
17.985300
20.207700
21.883600
20.036000
19.867400
22.055800
22.474600
23.018100
21.159300
20.524900
19.380900
18.937100
18.456300
18.789000
19.324200
23.098900
18.385900
18.836800
20.550500
15.495800
18.462700
11.168400
10.295000
10.619900
14.326500
14.258600
11.094800
10.539900
11.893600
11.719800
11.166800
11.393000
15.842800
14.958800
8.741250
11.530000
10.905300
13.691800
12.722400
16.912800
18.849500
14.339000
11.536700
15.036900
10.601700
13.854500
14.186000
19.693100
10.080000
12.738500
16.741000
15.522000
10.388400
15.455700
11.940600
13.293400
8.636910
11.367500
11.933700
12.429100
10.322800
8.252890
10.477700
12.812700
10.894700
9.737410
11.044700
11.640700
9.211940
9.450090
11.096900
11.952900
12.903100
13.874400
13.939000
13.250800
10.557600
12.265500
11.716700
10.386900
11.340700
11.391400
8.195340
7.664080
11.694900
12.311700
8.088750
10.703800
9.197180
12.226500
9.487020
9.525650
9.542690
9.587860
8.192860
8.443110
10.460600
8.797300
9.125390
10.343000
9.193190
8.553790
8.409440
8.294370
8.467620
8.548670
8.882050
8.124550
10.134000
8.913990
3.996700
4.851980
5.727900
4.251850
6.685680
6.237710
7.276200
7.906370
6.588260
6.686840
7.145400
6.109490
5.238200
6.246690
6.955460
4.330000
7.551330
7.922010
6.991010
5.177810
6.856720
4.160110
5.360640
4.713080
4.708150
6.516960
4.233220
4.853540
4.883850
3.500240
