0.0285557
0.024223
0.072398
0.0719068
0.0614705
0.0857354
0.0540954
0.0686864
0.0749046
0.0828775
0.0850218
0.078269
0.0994249
0.0961255
0.110787
0.112127
0.112975
0.105684
0.09853
0.120449
0.130531
0.10751
0.112303
0.0890979
0.0951706
0.0906347
0.0950363
0.112572
0.155207
0.12537
0.282371
0.199337
0.520036
0.579119
0.353015
0.336985
0.280481
0.398273
0.480554
0.529184
0.41283
0.551154
0.660765
0.520538
0.42118
0.509318
0.533914
0.577996
0.483264
0.591956
0.753284
0.631408
0.600847
0.807525
0.505104
0.756992
0.757835
0.797292
0.760766
1.16708
0.83675
1.07575
1.10069
1.03802
1.06888
1.54818
1.2042
1.49435
1.31118
1.55078
1.0927
1.61548
1.78532
1.58932
1.55899
1.75342
1.92072
1.55478
1.69068
1.74305
1.91706
1.91333
1.8528
1.78478
1.81497
1.81637
2.40982
1.53605
2.11997
2.76224
1.96081
2.37786
2.43683
1.75748
2.34204
2.20878
2.62035
2.74499
2.11555
2.35038
2.60535
2.67842
2.64937
2.44655
2.31887
2.69402
2.59873
2.37022
2.89488
2.65182
2.44942
2.38905
2.31749
2.48431
2.68427
2.85802
3.03664
3.00231
2.88161
2.64711
2.57149
2.68137
2.9384
3.19288
2.52815
3.13213
2.40493
3.01855
2.73098
2.61369
3.38835
3.37309
2.60787
2.80038
3.16508
2.94103
2.89583
3.04417
2.91387
2.7435
2.47287
2.73989
2.74071
2.65554
2.60309
2.30899
2.52712
2.57193
2.70642
3.1269
2.86997
2.57448
2.83449
2.61822
3.45528
2.80853
3.44612
3.48195
3.11394
3.08825
3.11441
2.17408
1.97436
3.07386
3.82616
3.61014
3.97541
3.81924
4.22448
5.18618
