0.138319
0.165715
0.141655
0.152319
0.159518
0.151431
0.163357
0.210706
0.215395
0.265979
0.261654
0.424424
0.33503
0.368189
0.320844
0.246205
0.180699
0.182291
0.231973
0.191615
0.167925
0.198311
0.170153
0.268715
0.25556
0.263738
0.48851
0.533499
0.577578
0.446082
0.40199
0.377826
0.287682
0.340385
0.389112
0.390458
0.388488
0.361996
0.421097
0.400702
0.390477
0.391427
0.423773
0.414623
0.477106
0.498345
0.477868
0.611284
0.586769
0.515914
0.634649
0.610583
0.596068
0.630891
0.563312
0.73694
0.645517
0.525778
0.459292
0.561426
0.604697
0.613143
0.560913
0.48266
0.578479
0.525355
0.559044
0.639596
0.671857
0.507317
0.63395
0.593768
0.586571
0.699679
0.578645
0.659102
0.759746
0.762546
0.935854
0.68986
0.792349
0.784085
0.74427
0.843515
0.776051
0.821951
0.832494
0.800669
0.949778
1.05272
0.971623
0.747995
0.78122
0.744458
0.773268
1.09983
0.992197
0.865275
0.898721
0.846505
0.953645
0.793209
0.914047
0.840484
0.962994
0.952841
0.893493
0.953726
1.25029
1.17858
0.976218
1.20743
0.848928
0.851124
1.0563
1.05727
1.15154
1.11341
0.97922
1.07792
1.12617
0.83695
0.927287
0.950762
0.979706
1.15937
1.05665
0.978614
1.06263
0.886778
0.917776
0.976332
1.04321
0.96659
1.02606
0.948023
0.944945
1.14186
1.02655
1.19705
1.20214
1.34961
1.21101
0.977531
1.08364
1.27254
1.26081
1.30913
1.2347
1.36285
1.41586
1.39424
1.39762
1.22528
1.39549
1.33199
1.34669
1.12728
1.42863
1.25931
1.3716
1.352
1.38405
1.2894
1.37504
1.29846
1.26652
1.31417
1.23328
1.66476
1.32123
1.45617
1.55215
1.39473
1.65115
1.39925
1.48391
1.43382
1.3892
1.47379
1.32152
1.49751
1.50861
1.40172
1.467
1.77293
1.40216
1.30774
1.56952
1.42489
1.41366
1.69116
1.17491
1.40995
1.38495
1.2656
1.48618
1.4977
1.25961
1.56197
1.78748
1.4724
1.54863
1.6743
1.56665
1.61531
1.24535
1.83084
1.28829
1.65291
1.68378
1.49036
2.19747
2.0767
2.30242
2.19036
1.85755
2.75899
2.6009
2.21248
2.59738
2.25832
