4.854950
5.522500
6.410490
3.990500
3.654880
3.343880
2.531460
13.526000
8.401740
6.909670
4.575540
4.197240
4.911920
3.547760
3.875380
3.124690
3.825990
3.280110
3.572690
5.399770
4.240300
6.405100
6.140970
4.668400
4.678150
7.166920
6.450140
8.431050
8.346660
7.140800
6.009180
6.461460
6.203710
6.763510
6.495780
5.635780
6.333160
6.732470
5.432190
5.478870
7.354790
5.915640
5.933170
5.769750
6.541340
6.926330
7.252140
7.284220
6.346040
7.091500
6.446820
7.155770
6.147050
7.835390
6.617620
5.182810
6.361670
5.189920
6.256970
6.187310
5.116620
5.740560
6.219840
5.878400
6.074420
7.005600
8.749900
7.562090
6.922080
7.267660
8.286150
2.732450
2.498250
4.080730
12.284400
10.447600
9.431170
5.881120
8.211880
7.148520
5.634600
6.380520
7.393330
6.236670
7.003990
6.393020
6.920470
6.552270
7.263580
6.337370
5.326900
8.665420
5.186090
6.678950
5.390830
5.524850
6.284380
6.754770
7.578020
6.425950
7.804630
5.737510
5.148810
5.568770
4.612010
6.830050
7.576890
8.156900
6.529580
6.459520
6.937200
7.127500
6.040690
8.140910
6.903370
6.544580
6.785840
6.639350
4.633050
6.318560
6.566720
5.895940
6.077910
6.501470
7.015420
5.188720
6.099410
6.386320
5.637100
6.113620
6.514230
7.008760
7.948210
6.566410
6.176460
5.545000
5.776240
5.656410
5.715000
6.497570
6.466630
6.305420
6.328220
7.755770
7.340110
7.348120
7.009470
5.989230
7.565780
7.773270
6.191410
6.475600
6.632680
6.169180
7.321590
5.595610
6.016890
6.418970
6.471350
6.463170
5.404270
6.235910
5.172650
7.052820
6.487190
6.051690
6.887530
5.628080
6.743780
6.820160
6.627770
6.506340
5.976530
5.868840
5.608910
5.548220
6.023860
6.482010
7.834110
6.645230
5.428910
4.450980
5.795620
5.221060
5.567840
5.943510
6.744770
7.100150
5.103910
6.509830
5.647040
4.963510
4.872380
4.854000
6.089770
4.969810
5.292140
4.710710
5.189490
4.475030
5.199630
4.399690
4.783280
5.032460
5.564150
5.130760
5.053940
6.056880
5.475240
5.137080
5.853340
4.035780
5.000620
4.529110
4.535120
5.163270
5.186380
5.612100
5.522790
4.708960
5.049340
5.039900
5.048780
5.459860
5.423130
5.480960
4.519880
4.345330
5.018450
4.494880
5.050260
5.552160
4.336770
4.868690
5.449810
5.567880
5.558430
5.963520
5.038180
6.081050
5.206020
4.840820
4.242400
4.709880
5.207500
5.158460
4.592910
5.293240
4.711610
4.516890
5.167200
5.029920
5.395520
5.254780
5.557520
6.012910
5.668930
5.575350
5.332010
7.391630
6.704850
6.253600
6.286090
6.620630
6.490850
6.356550
6.282260
6.310450
6.927910
5.837990
6.900760
6.363730
7.055280
7.344450
6.455610
6.576120
6.829270
6.918880
6.347290
6.984440
5.855810
5.981870
4.669380
6.177580
5.894150
6.496890
5.911410
6.473740
5.970720
5.592330
5.204320
6.471580
5.695730
5.685460
5.658110
5.306350
6.598160
5.436840
5.166570
5.889480
5.558240
5.352260
5.539470
5.286270
5.779640
5.725320
5.598220
5.928200
6.195670
6.555530
6.602540
6.081930
6.033020
7.478500
7.465960
6.469760
7.391590
6.372100
5.913950
6.640490
5.932730
6.500530
5.987160
6.102300
5.062130
4.885210
5.446230
6.053180
4.664870
4.681960
5.407780
5.866820
6.035140
6.148200
6.951680
5.698470
6.311300
6.430510
7.073430
5.320030
6.348760
5.777340
5.974390
5.758240
5.131450
5.079900
6.079380
5.220730
4.887650
6.122530
6.277910
6.171320
6.210280
6.383860
6.631220
7.089140
5.921480
6.287390
5.811640
6.112850
6.518680
5.754440
6.363550
5.849560
6.859810
5.576200
6.091750
7.201030
4.963910
5.291490
5.639550
5.983530
5.603460
5.868600
6.541770
5.502890
5.913490
6.008850
5.510940
6.403580
5.978250
6.623180
7.226600
7.255330
5.964440
6.531390
5.861110
6.607290
6.186180
5.714300
5.802460
5.919920
6.071330
5.732680
5.745600
4.857300
5.352510
5.451910
5.480370
5.216440
5.262160
5.025580
5.398630
5.101710
6.207350
5.479510
5.205330
5.637790
6.084900
5.990650
6.343310
6.816820
6.182160
5.765970
5.773840
7.003010
5.646660
6.252500
5.799250
6.930950
5.078190
6.072200
5.352010
5.927910
6.872370
5.914000
5.768810
6.626950
7.359710
6.616560
6.721000
7.039510
6.034760
6.493770
6.072930
6.702520
6.212140
7.691290
7.529940
6.084010
6.750990
7.560110
6.758120
7.356300
6.602480
5.900900
6.520870
6.315600
7.369130
6.175350
5.674370
6.771760
5.733730
5.574340
6.302930
6.140800
5.775330
5.725720
6.298090
6.073590
6.066530
5.682910
5.283760
5.549870
4.890930
5.915440
5.813060
6.335580
5.067810
7.305130
6.180540
5.453030
5.142120
6.202950
5.578020
6.720940
6.481840
6.307640
6.725750
6.863270
5.896860
6.425000
6.826730
6.233240
6.595840
6.421510
5.945220
6.000680
5.970990
5.673890
6.426530
6.294820
5.457470
5.845940
5.344480
6.155290
5.810060
5.374240
5.617720
4.823110
5.508900
5.417320
5.779570
5.712350
6.149730
5.919500
4.494800
5.156050
4.721940
6.449290
7.416090
6.655270
5.563210
5.573860
4.942660
3.633410
4.855060
4.794680
5.510670
4.672710
5.437450
4.943570
4.845050
4.990060
5.071420
5.157150
5.096750
5.289980
4.199860
4.113060
3.876000
4.274050
3.770950
3.524860
3.339980
3.507180
3.299350
3.184570
3.088100
2.768800
2.565840
2.705960
3.050090
2.461370
2.869440
2.902300
3.192450
2.283630
3.257470
3.167280
3.553740
3.435600
3.656000
3.722650
4.323970
4.344850
4.306010
3.934790
4.361860
4.817690
4.616490
4.793830
4.068370
5.040390
4.738790
4.629460
4.368640
5.181630
4.308700
4.064790
3.973460
3.773380
3.658290
3.656950
3.415570
3.579590
3.751440
4.068380
4.478820
4.161290
3.719680
4.296010
3.394150
3.430640
3.205310
3.650510
3.230620
4.057630
3.470540
3.658480
3.348760
3.240490
3.349360
3.476980
3.631700
3.146800
3.461450
3.216790
3.639040
3.643230
4.010320
3.886160
3.866880
3.628350
3.524540
2.909520
3.451600
3.729980
3.545990
3.490470
3.381230
2.853280
2.999400
3.664550
3.062420
2.993850
3.259940
2.560470
2.750590
2.785710
2.502650
2.422100
2.239180
2.199420
2.293290
2.306190
2.564050
2.206750
2.595980
2.407330
3.077720
2.801630
2.749260
2.764330
2.774650
2.583010
2.575580
2.716380
2.371970
1.973760
2.242920
2.156430
1.962410
2.051010
1.721330
1.780190
2.101040
1.786980
2.050090
2.304310
2.322470
2.055300
1.955980
1.827060
1.914880
1.901550
1.698590
2.085400
1.958560
1.776830
1.707960
1.909330
1.918660
1.913710
1.771390
1.935120
1.989620
1.916430
1.788240
2.056800
1.687580
1.727050
2.143660
2.082030
1.983660
2.153150
1.744570
1.970270
1.883270
1.837390
2.052780
2.195750
2.137960
1.930650
1.954830
1.916390
2.192350
2.126130
2.249440
1.769750
1.973490
1.876170
2.142660
1.965780
1.898150
1.875520
1.812570
1.841170
1.581140
1.688340
1.781210
1.794530
1.944480
1.793940
2.053380
1.828730
1.742500
1.872770
1.959140
1.722060
1.975920
1.820960
1.789610
1.821600
1.928440
1.791830
1.828320
1.837420
1.722370
1.841900
1.639910
1.807750
1.679150
1.769010
1.681540
1.901800
1.518760
1.752530
2.071680
1.828330
2.074130
1.846590
1.919130
1.778390
2.113600
1.695770
1.678770
1.505710
1.828490
1.945680
1.680860
1.789900
1.780440
1.715970
1.610090
1.794000
1.707230
1.762660
1.824730
1.951660
1.918140
1.750340
1.749520
1.939460
1.593260
1.788930
1.619320
1.712660
1.590580
1.676070
1.509490
1.776500
1.809270
1.715260
1.795470
1.731750
1.516020
1.744020
1.653220
1.711100
1.621560
1.665880
1.875580
1.799710
1.784600
1.899740
1.714780
1.711130
1.866730
1.551610
1.624340
1.681900
1.683880
1.715360
1.718410
1.832310
1.685100
1.690530
1.718600
1.708890
1.690730
1.613670
1.704690
1.749630
1.803960
1.803410
1.583400
1.782020
1.726640
1.586190
1.855090
1.671810
1.708590
1.814370
1.581080
1.698830
1.727040
1.775590
1.463380
1.792500
1.720320
1.703080
1.657030
1.666780
1.462710
1.602840
1.599560
1.653620
1.635150
1.618050
1.708640
1.588660
1.675410
1.537830
1.679800
1.679700
1.645090
1.690270
1.620250
1.437900
1.736790
1.488950
1.609900
1.837730
1.451620
1.757350
1.881470
1.817280
1.761900
1.778850
1.963460
1.858570
1.841330
1.774650
1.898810
1.911170
1.825180
1.485070
1.511750
1.817000
1.755430
1.790870
1.825450
1.624180
2.085480
1.664530
1.649110
1.809340
1.703280
1.848690
1.718910
1.599760
1.753770
1.702580
1.593110
1.890520
1.450670
1.873200
1.615610
1.583160
1.640880
1.650870
1.726870
1.666570
1.761430
1.671220
1.646470
1.754200
1.818350
1.484580
1.747330
1.637870
1.676920
1.724060
1.618220
1.765210
1.597690
1.985570
1.791360
1.753010
1.840460
1.605670
1.745740
1.871400
1.861880
1.923120
1.785190
1.947740
1.812560
1.994700
1.950760
2.011800
1.870090
1.762390
1.872200
1.724020
1.928950
1.866560
2.034890
1.893260
1.899860
1.902540
1.829480
1.712220
2.000670
1.877050
1.860110
1.820850
1.905660
1.677720
1.786480
1.890290
1.781170
1.633740
1.731650
1.752940
1.665230
2.041040
2.001150
2.121600
2.013560
1.838200
1.708780
1.810320
1.871330
1.798590
1.840490
1.788990
1.960520
2.026610
1.746560
2.109570
1.807220
2.061860
1.913370
1.883780
1.812690
1.983780
1.931790
1.926950
1.907510
1.899230
1.775260
2.047890
2.141700
2.060370
1.673730
1.950840
1.655690
1.977650
1.876070
1.757460
1.667860
1.924910
1.794380
1.782560
1.979180
2.058620
1.885750
1.895090
1.763640
1.633040
1.815720
1.700580
2.001830
2.003210
2.122180
2.261660
1.855520
1.840170
1.894180
1.945530
1.726690
1.962480
1.968160
1.849390
2.025640
1.838890
1.857810
1.600250
2.017360
1.766470
1.685200
1.749340
1.875810
1.582950
1.499700
1.746030
1.734400
1.639250
1.474430
1.482150
1.459460
1.805820
1.600280
1.310670
1.324630
1.516590
1.548590
1.593720
1.468780
1.538470
1.495620
1.524320
1.279350
1.383020
1.043640
