0.444955
0.541081
0.436168
0.534298
0.555144
0.539977
0.53264
0.7103
0.675159
0.566946
0.773522
0.76256
1.03748
1.88961
4.50147
4.03793
3.43185
3.37882
3.45679
2.56769
2.63564
3.31561
2.81802
2.8285
1.71138
2.69441
2.64215
2.19737
1.57479
1.28416
1.58674
1.79991
1.9628
1.489
1.20583
1.87296
1.85476
1.4968
2.13752
2.56787
2.17508
1.79899
2.69006
2.4351
1.93992
2.15786
2.03331
2.50809
2.45226
1.96281
1.85489
1.89886
2.21502
2.08814
1.85207
1.89784
1.93106
1.89868
1.94065
1.82799
2.08398
2.08769
1.63647
2.12507
1.93374
1.68608
2.41435
2.19724
2.15712
2.00419
2.07591
2.50698
2.02478
1.63972
1.84273
2.19054
1.85083
1.97973
2.05672
1.76456
2.19477
2.47833
2.33851
1.53391
2.04481
2.10787
1.53261
2.20441
2.02187
1.9821
2.17309
2.15552
1.58746
1.9563
1.91555
1.80894
1.56409
1.8861
1.86604
2.08641
1.29642
1.93393
1.62029
1.42241
1.89575
1.67196
1.81076
1.93405
1.72826
1.8073
1.52016
1.72676
1.5999
1.56179
1.56077
1.28901
1.77878
1.64958
1.73509
1.61372
1.56794
1.69638
1.39819
1.28074
1.45012
1.64305
1.7531
1.64333
1.29734
1.4968
1.47041
1.74045
1.69639
1.55942
1.53468
1.54354
1.50994
1.45819
1.12651
1.90912
1.64877
0.951019
0.738534
