44.197800
36.624000
32.867400
19.032800
37.094600
34.137500
12.617400
40.938900
10.402600
17.959600
41.016600
33.891800
24.648300
16.844600
39.412100
35.094000
22.032900
35.132400
19.817800
39.930200
24.667500
20.740300
34.828700
20.194200
19.630400
35.695700
35.745400
15.154700
23.003500
38.823400
29.681300
45.770700
26.287600
35.901500
33.090000
35.289500
43.060100
40.113300
18.457200
21.278200
15.656600
18.467000
15.557100
18.097000
12.578500
17.181600
17.002800
19.368100
23.037900
19.969300
19.173900
16.752800
17.814800
19.291000
9.792470
13.187300
22.091400
16.792600
20.285600
31.235700
25.715400
21.859300
21.668400
18.819800
22.952300
34.082400
31.962200
29.370400
29.190800
30.567700
23.406300
18.240600
17.513600
19.383100
25.231200
20.732600
22.482200
26.680300
27.941200
42.202900
26.907300
18.626200
24.271400
22.510200
15.864400
21.712600
13.865200
25.895900
30.342600
16.959400
22.005800
19.768400
20.767400
20.592400
20.160300
19.559800
17.555500
17.765700
21.786600
20.555700
20.383000
25.489000
13.402400
16.785300
18.766500
18.667300
24.219500
21.072200
16.104100
15.367200
17.346000
16.546300
13.712800
13.174500
15.311400
10.555000
13.389600
19.129500
16.860800
13.826700
10.894300
11.993300
10.488500
10.757400
9.154270
9.965350
8.816860
9.165970
5.983360
12.246800
6.852620
5.695160
5.877310
6.698600
5.411830
5.055180
5.603690
6.668190
7.437370
6.687850
4.748920
8.031930
7.537210
6.474070
7.148330
6.244080
6.992330
5.896610
5.511050
5.486930
5.613710
4.253750
3.496020
