0.246352
0.287524
0.257883
0.258205
0.253772
0.27562
0.291947
0.300694
0.278995
0.28195
0.264169
0.275532
0.281252
0.301402
0.293969
0.280608
0.28695
0.301634
0.304955
0.288517
0.295118
0.314841
0.363971
0.367251
0.355942
0.376504
0.37924
0.410981
0.367277
0.367497
0.422853
0.345774
0.370823
0.36223
0.407974
0.470461
0.379731
0.456213
0.471358
0.474091
0.398814
0.544665
0.361904
0.439959
0.638559
0.610383
0.485618
0.481742
0.405326
0.532355
0.554535
0.577845
0.498433
0.450294
0.548835
0.576389
0.447447
0.398472
0.465536
0.362741
0.427097
0.561038
0.570475
0.554712
0.591245
0.554696
0.520768
0.61496
0.603648
0.64195
0.574557
0.527816
0.528755
0.697112
0.510876
0.547192
0.656409
0.797895
0.484004
0.513741
0.700195
0.588773
0.620453
0.646458
0.746438
0.582415
0.781966
0.721438
0.741619
0.576591
0.582647
0.952331
0.636899
0.647324
0.767488
0.681878
0.795612
0.714962
0.650018
0.670675
0.872755
1.00987
0.865694
0.849335
0.784755
0.971891
0.886419
0.856888
0.852825
0.76291
0.739726
0.815145
0.827566
1.04371
0.951345
0.868959
1.34758
1.13686
1.46348
0.943135
0.955363
1.12653
1.32727
1.11509
1.33829
1.40806
1.31814
1.26635
1.6007
1.2968
1.55916
1.19379
1.18532
1.47522
1.32427
1.14465
1.29332
1.43205
1.31643
1.13156
1.19736
1.78286
1.2887
1.58784
1.52999
1.51078
1.84003
1.5907
1.41747
1.33049
1.41247
1.33995
1.10427
1.50398
1.13756
1.4776
1.51167
1.29113
1.50835
0.98965
1.47416
1.48812
1.25171
1.35266
1.45967
1.45597
1.97764
1.52812
1.54741
1.56833
1.53992
1.55255
1.26937
1.27544
1.58429
1.5407
1.3621
1.3054
1.63441
1.50103
1.53225
1.59984
1.42774
1.49388
1.40493
1.64394
1.58591
1.31717
1.65043
1.35704
1.39539
1.46099
1.69097
1.51242
1.82279
1.72272
1.60584
1.53064
1.32525
1.66374
1.61422
1.48163
1.26378
0.987269
1.33733
1.32025
1.57918
1.62861
1.79343
1.92063
1.41428
1.39285
1.61208
1.78006
1.60093
1.65496
1.53711
1.88569
1.83087
1.26246
1.36324
1.56746
1.61878
1.46765
1.4576
1.35132
1.84666
1.69039
1.40316
1.58955
1.61824
1.8734
2.33703
1.51303
2.32987
1.50944
1.40824
1.83029
1.59333
1.75383
1.65671
2.07391
1.52063
1.39233
1.61189
1.43919
1.46883
1.73203
1.18161
1.33628
1.95963
1.6574
1.55252
0.956692
1.01246
1.30062
1.45835
2.59151
2.79742
1.93976
2.27741
1.78958
1.42518
1.07411
0.99015
0.882726
1.24774
1.32412
1.74305
1.23601
1.65362
2.11921
2.19327
1.62095
0.576119
0.437962
0.410673
0.446208
0.594046
0.584893
0.442371
0.413947
0.420995
0.428546
0.449883
0.453869
0.45101
0.436257
