0.297265
0.431403
0.475893
0.358788
0.319896
0.412991
0.403949
0.427964
0.443389
0.423978
0.560141
0.51986
0.35724
0.549971
0.632931
0.522442
0.580042
0.591
0.530144
0.520604
0.898079
0.816769
1.0316
0.876425
0.931917
0.889058
0.584611
0.452826
0.598355
0.807351
0.495053
0.838289
0.851214
1.04378
0.679641
0.637689
0.762228
0.723718
1.06941
0.682176
0.93764
0.602329
0.75089
0.589996
0.98289
1.26636
1.03776
1.37884
0.718723
0.80867
0.743768
1.27647
1.60488
0.764803
1.35106
1.23014
1.35134
1.52629
1.46715
1.0358
1.16957
1.25602
1.44714
1.15244
1.83588
1.20712
1.44446
1.15805
1.18557
1.30662
1.38026
1.56249
1.59293
2.22674
2.01055
1.80031
1.79576
1.76357
1.83672
1.9735
2.29458
2.77458
2.61998
2.09048
2.08585
2.3729
1.96169
1.9331
2.21068
2.32869
2.18067
2.05433
2.15383
1.77568
1.69918
1.35298
1.5168
1.77476
1.59485
1.66207
1.28544
1.4633
1.48499
1.91337
1.75685
2.13821
2.29203
2.01916
2.04886
1.93829
1.82494
2.18915
2.1848
1.90105
2.08989
2.03476
2.61522
1.97733
2.29938
1.68098
2.08209
2.38304
2.08866
1.94544
2.21828
1.76036
1.9625
1.87797
2.13763
2.04775
2.30119
2.50395
1.91533
1.86895
2.02484
2.14254
3.02299
2.28765
2.04477
1.98427
1.82131
2.31059
1.90491
1.90592
2.21707
2.4468
1.81233
2.25336
2.15278
2.36705
2.08024
1.53736
1.89521
1.90014
2.44006
1.82019
