1.912220
1.892590
1.764280
2.328040
5.567920
8.597420
7.661160
5.935960
6.086430
6.059310
7.864350
8.734190
7.296210
8.294590
10.885900
5.705850
4.377770
4.132590
7.045840
4.145690
4.212400
5.320210
3.851370
3.977820
4.146680
4.185600
5.037920
4.351070
4.307500
4.875280
5.874230
4.368100
4.654400
4.210170
4.231510
4.102340
3.418660
3.747400
4.253150
5.905620
4.532250
4.785790
4.649270
5.075870
4.172520
4.669800
5.926350
3.730230
4.182800
5.724300
4.206510
4.062310
4.281890
5.575440
5.309210
4.091280
4.366880
3.649020
4.560480
4.734860
3.024920
3.888580
4.087720
4.676960
3.548760
2.703630
3.735250
5.465660
4.256570
2.797570
3.811670
4.721170
3.378330
2.873520
3.421450
3.906400
3.931000
3.370870
2.179640
2.510210
2.702310
3.076250
2.572950
2.783440
3.591700
3.014730
2.828110
3.771820
5.325940
3.878300
2.626520
3.686410
3.037040
2.960950
4.953930
4.307830
3.779320
3.065600
2.772620
2.574020
2.093270
2.807260
3.262060
2.607190
2.838190
3.058340
3.458900
2.950680
3.988690
3.368660
3.022680
4.921740
5.469310
4.102020
4.338520
4.404500
6.038180
6.247300
4.802620
3.884960
4.347260
4.895020
3.897580
3.048620
3.869260
3.319340
3.313500
3.769180
3.102960
3.243880
3.520420
3.247950
3.327370
4.755970
4.568020
3.757540
4.309460
4.145390
5.600390
5.112640
4.522040
4.360790
4.680940
4.150590
4.667750
3.806220
4.058230
3.456700
3.366270
3.258460
3.518990
3.656920
3.481100
3.489120
2.838930
3.292690
3.907440
3.340530
3.642870
2.949300
2.727250
2.716590
3.011820
2.952560
2.832550
2.824840
2.698880
3.169100
2.622950
2.603550
2.665650
2.884800
2.865980
2.790290
3.191320
2.971810
3.446330
2.805380
3.229720
2.744910
3.052550
2.897650
2.632530
2.479940
3.075070
2.743170
2.901330
2.791760
2.457600
2.534030
2.675180
2.434300
2.629370
2.452000
2.569520
2.605440
2.215830
2.615880
1.932200
3.241030
3.659850
3.211250
4.103250
2.716720
2.651470
3.563900
3.215220
2.813350
2.790720
2.412380
2.508880
2.191720
1.792530
2.301520
1.932240
2.488640
2.485100
2.131810
1.982510
1.933080
1.969190
1.959480
1.941640
1.978820
2.414380
2.272530
2.023350
2.061480
1.595970
2.399770
1.483190
2.176000
1.937600
1.723000
2.737720
2.685850
2.199140
2.530770
2.189940
2.350280
1.983610
2.347950
2.502720
2.663460
2.640870
2.715850
2.275820
2.174700
2.523760
2.327500
1.866990
2.306980
2.079750
2.324930
2.567010
2.912810
2.514500
2.400040
2.173260
2.074360
2.401720
2.241340
2.266260
2.251850
2.099670
2.454590
1.546380
1.573820
1.384290
1.806870
2.095320
