0.429816
0.398682
0.412427
0.437683
0.480725
0.456358
0.487322
0.984153
1.77487
2.31246
2.84877
3.09119
2.35064
2.33886
2.31992
2.45286
1.99922
1.20689
2.05323
1.86853
2.08033
2.20356
2.04996
1.84992
1.90133
1.85382
1.86171
2.06321
2.02795
1.92188
1.81365
1.79237
1.6462
1.53203
1.52584
1.46134
1.50891
1.45788
1.50226
1.96293
1.81097
2.07263
2.05059
1.61555
1.92326
2.06927
1.76255
1.46062
1.30145
1.43205
1.36191
1.33192
1.47426
1.76333
1.88553
1.83276
1.47279
1.50888
1.38125
1.29685
1.37677
1.40878
1.36807
1.49604
1.30065
1.26349
1.45852
1.61495
1.83619
1.62056
1.52173
1.80713
1.76861
1.58059
1.46119
1.48034
1.36211
1.43052
1.3252
1.31907
1.4845
1.45968
1.90983
1.89901
1.61034
1.77785
1.75227
1.69282
1.82989
1.70125
1.36408
1.28521
1.18909
1.16303
1.25499
1.08696
1.16947
1.14567
1.12184
1.08638
1.29183
1.09691
1.17837
1.44765
1.44696
1.42495
1.5137
1.27208
1.38979
1.19098
1.13294
0.993852
1.04844
0.943263
0.871722
1.00387
1.25339
1.36529
1.3007
1.29779
1.45643
1.31276
1.15441
1.53199
1.40359
1.24663
1.06105
1.04931
0.982567
1.26326
1.3348
1.05388
1.11225
1.34601
1.06613
1.02891
1.23047
1.30357
1.45347
1.34051
1.59596
1.33554
1.14828
1.1935
1.16649
1.04252
0.974013
1.19096
1.39392
1.15001
1.04151
1.14046
1.07087
1.18288
1.18411
1.25761
1.19223
1.15688
1.30854
1.11315
1.14181
0.977213
1.02823
1.18143
1.0531
1.15139
1.06116
0.999947
0.966152
0.980607
1.00058
0.986788
0.934201
1.11862
1.1251
1.05585
1.11801
1.06135
0.913686
0.896746
0.973694
0.822702
0.965236
0.911781
0.998486
0.970995
0.967692
0.813908
0.773078
0.785637
0.744903
0.727409
0.846659
0.880863
0.771889
0.782809
0.780104
0.839588
0.835286
0.933548
0.776448
0.982079
0.828206
0.775385
0.922831
0.763488
0.871034
1.01986
1.0204
0.783325
0.802996
0.783998
0.775767
0.889237
0.729573
0.774046
0.97048
0.761562
0.737261
0.953002
0.813389
0.888998
0.801952
0.811373
0.859406
0.710032
0.709867
0.895028
0.723486
0.90946
0.999198
0.793039
0.751963
0.72172
0.741728
0.79583
0.70142
0.740142
0.803575
0.793606
0.796675
0.835444
0.745679
0.722648
0.807492
0.848307
0.927151
0.681819
0.787759
0.845349
0.761317
0.756204
0.764547
0.792887
0.744033
0.869887
0.781063
0.713973
0.779896
0.807919
0.816146
0.821549
0.863739
0.747746
0.763359
0.766812
0.678908
0.734338
0.798159
0.781584
0.747915
0.882682
0.753861
0.805903
0.814325
0.764613
0.844807
0.722532
0.728525
0.707265
0.861991
0.740273
0.849799
0.82402
0.807295
0.826212
0.988564
0.86845
0.709766
0.802815
0.843176
0.785444
0.766603
0.768867
0.839408
0.756175
0.798645
0.662174
0.692867
0.768762
0.599163
0.854771
0.73563
0.683986
0.742738
0.699368
0.738762
0.76323
0.685089
0.697248
0.65698
0.864685
0.76947
0.713023
0.535934
0.830503
0.734943
0.680142
0.783319
0.681424
0.705247
0.768678
0.667679
0.629415
0.64868
0.569429
0.567931
0.559276
0.533541
0.52754
0.557876
0.538506
0.584396
0.57307
0.487744
0.593939
0.574555
0.584927
0.471244
0.464567
0.487922
0.494922
0.499535
0.469201
0.54381
0.467219
0.556022
0.481456
0.515209
0.484492
0.507526
0.537061
0.494511
0.427931
0.450454
0.472442
0.446935
0.358682
0.428855
0.417284
0.408538
0.468537
0.42112
0.515589
0.444748
0.457012
0.525051
0.371377
0.507352
0.408284
0.444291
0.422143
0.463506
0.476746
0.450477
0.458627
0.449476
0.458519
0.437341
0.452607
0.324252
0.385034
0.395171
0.466477
0.403175
0.471964
0.479147
0.390114
0.424113
0.45345
0.469515
0.449204
0.4202
0.396371
0.367049
0.411455
0.383078
0.385297
0.405031
0.344577
0.418873
0.520171
0.408505
0.504076
0.388769
0.423778
0.472907
0.348809
0.45606
0.420449
0.380508
0.442333
0.393333
0.463794
0.462349
0.436893
0.497364
0.427447
0.446405
0.477589
0.395602
0.410763
0.488533
0.370849
0.387275
0.39344
0.436906
0.440563
0.433
0.351674
0.420068
0.361224
0.387507
0.348184
0.377424
0.394771
0.398056
0.393959
0.334363
0.447394
0.378428
0.407838
0.394032
0.402345
0.326053
0.399212
0.357794
0.408628
0.345889
0.333282
0.369104
0.431053
0.385426
0.344722
0.325029
0.402887
0.397546
0.360921
0.340751
0.302938
0.379916
0.392993
0.338802
0.348653
0.297832
0.279554
0.28913
0.323795
0.304697
0.292655
0.323138
0.332206
0.305973
0.348998
0.345037
0.374818
0.349054
0.348301
0.327095
0.323993
0.312609
0.30911
0.299772
0.336872
0.382714
0.385356
0.404437
0.384127
0.316785
0.349218
0.361213
0.405001
0.37101
0.341025
0.407128
0.351008
0.407815
0.399355
0.36737
0.383912
0.331042
0.312093
0.351864
0.350177
0.363868
0.302724
0.304986
0.349042
0.3505
0.336081
0.323569
0.369778
0.345031
0.324268
0.367295
0.337777
0.345615
0.342859
0.323558
0.335604
0.337996
0.331302
0.322949
0.322887
0.357569
0.320951
0.337038
0.37681
0.351536
0.3659
0.344446
0.361366
0.36398
0.304487
0.339022
0.36176
0.335073
0.322427
0.319591
0.342266
0.293717
0.300806
0.332185
0.266298
0.289963
0.306736
0.344794
0.362485
0.327876
0.296465
0.340902
0.317889
0.378502
0.352531
0.307118
0.314577
0.328808
0.283569
0.308916
0.290433
0.304235
0.288484
0.292125
0.301543
0.254803
0.279404
0.252038
0.274382
0.314484
0.282695
0.246041
0.262694
0.296939
0.299102
0.283552
0.276245
0.240198
0.232597
0.24069
0.218033
0.239967
0.205853
0.209688
0.219361
0.214101
0.219916
0.214638
0.216131
0.22101
0.22781
0.214707
0.235094
0.234132
0.237013
0.225575
0.22966
0.215227
0.254807
0.219187
0.220095
0.204699
0.215473
0.237105
0.213912
0.218366
0.248323
0.236808
0.229493
0.220191
0.212599
0.224601
0.227239
0.229244
0.235381
0.235859
0.240389
0.237274
0.23339
0.218193
0.225148
0.211355
0.225592
0.208625
0.206244
0.21783
0.207379
0.235589
0.246552
0.222549
0.233899
0.242939
0.242181
0.256673
0.252186
0.255758
0.259497
0.259097
0.258282
0.271942
0.252529
0.266263
0.268436
0.250754
0.252937
0.268135
0.274636
0.291406
0.268987
0.287055
0.291214
0.335222
0.342963
0.311282
0.316159
0.317566
0.354307
0.348185
0.342415
0.365391
0.381239
0.345204
0.353944
0.352115
0.365166
0.379429
0.371818
0.366709
0.412606
0.398892
0.381744
0.366223
0.342085
0.34103
0.318235
0.351921
0.32462
0.383145
0.379816
0.368708
0.421508
0.37885
0.376594
0.379169
0.42635
0.393411
0.376772
0.343396
0.377389
0.399973
0.383253
0.404113
0.367774
0.397556
0.404683
0.376409
0.368541
0.357626
0.388944
0.368218
0.355078
0.389639
0.372881
0.317749
0.319912
0.349298
0.339642
0.348497
0.345989
0.32085
0.322851
0.350785
0.321652
0.356875
0.36778
0.381632
0.333614
0.353869
0.341967
0.357631
0.338219
0.322227
0.34331
0.291769
0.274933
0.25602
0.169382
0.137519
0.116298
0.119125
0.119664
0.136478
0.135968
