0.183732
0.154687
0.165716
0.163733
0.175764
0.17534
0.235363
0.287206
0.178484
0.265972
0.240987
0.259851
0.262294
0.350412
0.246068
0.238839
0.228828
0.211113
0.297027
0.327866
0.211473
0.242291
0.228107
0.276926
0.535635
0.416526
0.450086
0.431297
0.595089
0.422299
0.388052
0.390327
0.600145
0.628097
0.738233
0.71834
0.758242
1.00025
0.825191
0.973916
0.890616
0.99668
0.988449
1.05655
0.792352
0.917223
0.951281
0.947372
0.737302
0.617273
0.973919
0.954654
0.660491
0.88675
1.24169
1.5696
1.37972
1.26947
1.05447
0.749209
0.929116
1.09913
0.962
0.966968
1.67865
1.39654
1.77471
1.45081
2.25882
2.06754
1.97124
2.04707
2.21434
2.16023
1.58721
1.26965
1.56973
1.58236
1.35348
1.54337
1.95243
1.94228
1.79963
2.01299
1.93358
2.12753
1.97051
2.02463
1.61581
1.6461
1.58911
1.81278
1.81939
2.0726
1.82668
2.04104
2.09695
2.24462
1.72811
2.08817
2.2379
1.80059
2.03807
2.27824
2.23144
2.29238
1.87096
1.74257
1.99948
1.83565
1.8225
2.71959
1.76297
2.12344
1.91811
2.16735
1.67779
2.93197
1.77691
2.0632
2.20358
1.70569
2.04894
1.56878
1.62244
1.5278
1.53263
1.7522
1.8411
1.77838
1.72786
1.63562
1.83592
1.73866
1.68792
1.42449
1.13976
1.56201
1.87141
1.81213
1.84222
1.32112
2.67899
1.98015
2.08727
1.9767
3.27996
1.4012
1.56639
1.41654
1.61812
2.55428
2.70235
2.19187
2.10804
2.47519
2.66226
