3.31235
3.787
4.11465
3.7669
3.86357
4.34537
3.84987
5.15674
4.00968
4.23269
4.07486
3.49017
4.51457
4.78475
4.53423
3.94545
3.43111
3.16006
2.81874
2.88892
2.58615
2.71181
2.66181
3.77743
2.96264
3.19796
3.36241
2.85437
2.90052
2.67295
3.47557
3.30315
3.72421
3.2068
3.78472
2.90582
2.95947
3.46495
2.62843
3.25873
3.0866
2.59041
2.39506
2.97987
3.27039
2.94856
3.05648
2.81098
3.00901
2.92773
2.74843
3.10879
2.89161
2.43823
3.00103
3.14045
2.55133
3.13979
2.35894
2.92469
3.03266
2.69569
2.95877
2.70142
2.26309
3.15144
2.51685
2.74269
2.80473
2.81612
2.32817
2.41114
3.17954
2.73096
2.61558
2.98739
2.29514
2.46937
2.0772
2.34512
2.87143
2.89744
2.92005
2.91674
2.15874
2.32767
2.74247
2.70921
2.23935
2.22817
1.65403
1.5884
1.76687
2.10543
1.76706
2.43566
2.39792
2.3687
2.06037
2.4979
2.34114
2.02264
1.78249
2.06893
2.32819
2.21064
1.78062
1.96369
1.76043
1.95785
2.05838
1.74759
2.10334
2.2031
2.36145
2.05906
2.43719
2.26236
1.96864
1.92319
1.93169
1.62369
2.00802
1.96097
1.77871
1.64129
1.69511
1.58382
1.39059
1.4291
1.7287
1.59746
2.00025
2.02105
1.98239
2.73971
1.84338
1.21936
1.61058
1.8697
1.56581
2.08203
1.83614
2.0808
1.98236
2.01053
2.07345
1.952
1.8034
2.21373
1.5295
2.1597
1.87643
3.19968
1.82915
1.63106
1.67514
1.39589
2.10276
2.85129
1.92485
1.84124
1.64916
1.45883
1.37929
1.27433
0.833405
1.11736
1.3084
1.03257
