0.258184
0.453266
0.378046
0.390868
0.400827
0.44435
0.482323
0.464939
0.538614
0.433594
0.428028
0.5182
0.267584
0.262591
0.241725
0.194558
0.250338
0.257968
0.224216
0.599431
0.638828
0.669131
0.629214
0.552532
0.595333
0.685393
0.605409
0.548147
0.584376
0.596839
0.636482
0.255819
0.210818
0.200854
0.203134
0.213698
0.191641
0.1992
0.189856
0.259669
0.190318
0.182723
0.191598
0.210692
0.189095
0.228947
0.235437
0.453267
0.62724
0.558673
0.605921
0.684603
0.688782
0.65712
0.663568
0.628508
0.595331
0.58519
0.625991
0.762334
0.682706
0.678129
0.701232
0.660574
0.598313
0.601403
0.635608
0.571795
0.543577
0.586742
0.625737
0.597209
0.5349
0.555075
0.563611
0.580795
0.574046
0.650083
0.615549
0.640537
0.662121
0.643381
0.652762
0.591129
0.679238
0.708232
0.780467
0.777475
0.814359
0.796161
0.692796
0.691703
0.63377
0.713153
0.71594
0.620612
0.741037
0.594782
0.693965
0.670103
0.689802
0.736182
0.609595
0.731308
0.699329
0.649781
0.792838
0.690384
0.669878
0.729748
0.711845
0.628754
0.77701
0.662727
0.666773
0.806606
0.744601
0.698391
0.761206
0.718426
0.747962
0.713497
0.627064
0.716843
0.784526
0.740059
0.684941
0.634846
0.637706
0.598713
0.712426
0.471939
0.656212
0.653032
0.818525
0.665756
0.685374
0.578199
0.5638
0.645685
0.701457
0.709778
0.599348
0.715149
0.626796
0.630643
0.473901
0.412063
0.429164
0.421845
0.380101
0.407902
0.383973
0.371198
0.349679
0.382175
0.325906
0.377675
0.327439
0.319303
0.337834
0.321334
0.315721
0.323749
0.271364
0.305811
0.326783
0.334697
0.29376
0.302582
0.289463
0.295922
0.301752
0.325774
0.253684
0.26955
0.292179
0.320865
0.281543
0.260782
0.264864
0.264042
0.290882
0.266681
0.260355
0.254008
0.292855
0.222237
0.230676
0.239268
0.255987
0.273177
0.221109
0.22826
0.239501
0.208883
0.196586
0.204997
0.223182
0.24413
0.239881
0.184443
0.215742
0.210622
0.23747
0.20422
0.207765
0.218188
0.208248
0.220014
0.197103
0.221417
0.216777
0.230696
0.197489
0.188588
0.196976
0.228701
0.22424
0.217698
0.22386
0.171313
0.210553
0.206182
0.226076
0.176861
0.195877
0.197733
0.195902
0.169257
0.193821
0.194843
0.179444
0.20663
0.191423
0.200998
0.198124
0.197636
0.193727
0.196776
0.184797
0.166044
0.162163
0.163857
0.185716
0.18096
0.163826
0.157007
0.196351
0.172586
0.166987
0.182865
0.188305
0.164336
0.144951
0.175888
0.163754
0.155496
0.19474
0.198129
0.161867
0.164843
0.143134
0.184703
0.182368
0.166272
0.157665
0.171269
0.179055
0.160417
0.165499
0.187719
0.160624
0.145086
0.162674
0.180435
0.181715
0.172262
0.184084
0.194785
0.148244
0.167838
0.177097
0.169144
0.148446
0.146532
0.1797
0.164065
0.162087
0.158832
0.155292
0.171874
0.164786
0.16179
0.198616
0.18205
0.160567
0.189594
0.170844
0.189841
0.167566
0.171495
0.175496
0.169136
0.189687
0.180813
0.189876
0.180306
0.212788
0.193754
0.222628
0.204221
0.204219
0.205164
0.204797
0.212208
0.208632
0.251874
0.193761
0.239413
0.189205
0.165135
0.22499
0.207399
0.221258
0.21912
0.202067
0.199367
0.191115
0.199431
0.197671
0.200518
0.207939
0.173628
0.223635
0.241425
0.235424
0.247687
0.257203
0.248557
0.237704
0.216218
0.187668
0.298793
0.36166
0.20265
0.215669
0.222875
0.227932
0.31386
0.296387
0.271106
0.259048
0.250912
0.205434
0.256149
0.217545
0.22196
0.219034
0.25269
0.217443
0.212345
0.204123
0.224646
0.235643
0.235591
0.213984
0.215673
0.243057
0.214716
0.217195
0.218206
0.21914
0.207785
0.220366
0.228959
0.156469
0.175676
0.217256
0.203274
0.187652
0.207056
0.2179
0.190436
0.214536
0.181826
0.18902
0.193293
0.224294
0.19951
0.229333
0.260195
0.210609
0.218455
0.18823
0.16877
0.169977
0.170295
0.167454
0.175448
0.203202
0.189282
0.185967
0.211575
0.209819
0.19615
0.251898
0.197959
0.216525
0.213211
0.197144
0.219691
0.214428
0.224014
0.220521
0.205637
0.247637
0.222187
0.207205
0.241226
0.237802
0.197643
0.202576
0.232356
0.197966
0.208854
0.225305
0.236577
0.249021
0.273149
0.278962
0.221662
0.242118
0.210859
0.340638
0.306509
0.229116
0.216904
0.238367
0.213659
0.244614
0.195732
0.177523
0.178073
0.216521
0.210199
0.226418
0.214631
0.211248
0.211511
0.210166
0.185986
0.182321
0.222704
0.175334
0.218972
0.209314
0.228738
0.212109
0.192604
0.182439
0.169472
0.153733
0.1865
0.228028
0.25144
0.196932
0.162859
0.189877
0.217366
0.207182
0.220643
0.213097
0.16326
0.193267
0.176109
0.192364
0.160286
0.189169
0.159833
0.167393
0.168409
0.19854
0.207624
0.193029
0.216737
0.194914
0.19456
0.222816
0.209534
0.230091
0.19513
0.220904
0.21384
0.184357
0.246503
0.231747
0.206004
0.251954
0.213296
0.204163
0.224763
0.216862
0.243717
0.269768
0.246607
0.17683
0.23033
0.234984
0.236849
0.269136
0.174967
0.194182
0.228393
0.255577
0.256964
0.284554
0.239298
0.225577
0.217246
0.229829
0.265649
0.262945
0.224947
0.298233
0.238105
0.23152
0.214987
0.179606
0.200685
0.179109
0.232297
0.22256
0.215013
0.206131
0.188488
0.167985
0.248349
0.203579
0.165057
0.226461
0.225094
0.188167
0.205806
0.246351
0.191828
0.164387
0.172702
0.190013
0.192452
0.234171
0.313702
0.266221
0.242489
0.206939
0.245242
0.236372
0.204105
0.203572
0.191252
0.223292
0.221675
0.213419
0.182673
0.197452
0.14919
0.169667
0.200713
0.191336
0.180772
0.151444
0.163954
0.191375
0.188725
0.185937
0.175098
0.16673
0.176568
0.171569
0.161216
0.166732
0.16827
0.163047
0.15916
0.154612
0.147488
0.16413
0.156238
0.139391
0.168279
0.158447
0.202629
0.166511
0.191555
0.176231
0.189062
0.180663
0.185605
0.18221
0.186626
0.194195
0.19989
0.180288
0.206668
0.143703
0.149738
0.171051
0.151544
0.119918
0.153771
0.128234
0.179618
0.219073
0.200358
0.138715
0.190629
0.183793
0.208521
0.21084
0.185671
0.2902
0.264201
0.246058
0.246256
0.25672
0.199386
0.199972
0.194986
0.232994
0.214798
0.168532
0.234661
0.203993
0.149485
0.204052
0.186251
0.168758
0.179094
0.21303
0.156278
0.132057
0.146614
0.149607
0.182956
0.161789
0.197103
0.152014
0.150385
0.197725
0.158265
0.134415
0.142426
0.150054
0.134454
0.210835
0.250999
0.221577
0.25435
0.289869
0.136841
0.111155
0.103358
0.144747
0.168118
0.13518
0.121817
0.14365
0.168464
0.132208
0.123106
0.128833
0.156432
0.126061
0.141166
0.120381
0.119051
0.123859
0.124269
0.126505
0.126015
0.12147
0.101958
0.0990951
0.127702
0.115078
0.118099
0.117481
0.127902
0.191409
0.172657
0.209471
0.158996
0.152661
0.106134
0.11003
0.103707
0.130814
0.12066
0.0945055
0.0975493
0.104595
0.0928041
0.112286
0.133034
0.127944
0.143417
0.123989
0.123456
0.10393
0.0984519
0.0956487
0.136028
0.111892
0.102714
0.111497
0.102273
0.0930728
0.101639
0.0844299
0.100823
0.104282
0.116012
0.16212
0.164708
0.129085
0.133271
0.106454
0.128147
0.118394
0.0935545
0.100006
0.103409
0.137793
0.163583
0.140629
0.131136
0.147724
0.152896
0.157046
0.174375
0.152556
0.142316
0.137647
0.145419
0.131714
0.128602
0.140771
0.12886
0.115215
0.128696
0.15267
0.148253
0.150521
0.172024
0.168667
0.158492
0.173364
0.163197
