0.597514
0.595959
0.552341
0.615556
0.748355
0.768732
0.784735
0.71589
0.753559
0.727592
0.68598
1.70584
0.900231
0.908853
1.24603
1.46642
1.46387
1.87147
1.40172
0.960472
1.17971
1.43255
1.47506
1.6121
1.6986
1.24951
1.63598
1.00301
1.36249
1.1858
1.21456
1.68523
1.11257
1.24408
0.943527
1.1831
1.5246
1.52436
1.15077
1.20943
0.951071
1.10564
0.991878
1.10614
1.19972
1.89777
0.906825
1.48292
1.93845
2.55834
1.91301
1.24881
1.26075
1.30048
1.93062
1.43807
1.62146
1.5266
1.31166
2.30228
2.47868
1.96355
1.08919
1.05561
1.08625
1.12553
1.36954
2.05866
1.16124
1.39422
1.38026
1.30817
1.19122
1.2284
1.30165
1.2026
1.1128
1.3914
1.07082
1.02362
1.02429
1.003
1.01171
1.12807
1.33046
1.00896
0.884643
0.911466
0.781167
0.742123
0.956703
