0.109925
0.103741
0.106317
0.114184
0.114462
0.127961
0.142022
0.129677
0.138589
0.123074
0.145983
0.155501
0.173342
0.288762
0.506603
1.27217
0.822994
1.22378
1.24179
2.37636
0.864742
1.80951
1.34508
1.16615
1.17848
1.49426
1.40502
1.26505
1.95351
1.32852
1.9126
0.930913
0.914359
1.73095
2.02209
1.91409
1.92211
0.832814
0.925991
0.715679
0.902281
0.776881
1.0947
0.947791
0.768135
0.997936
0.896065
0.734666
0.869881
1.09034
0.741424
0.762319
0.701873
0.676937
1.05556
0.76615
0.784505
1.23076
0.798391
0.677665
0.675767
0.819517
0.752447
0.829119
0.955301
0.876305
0.83044
0.707412
1.16957
0.677356
1.2235
0.636628
0.880321
0.87789
0.844192
0.922487
1.21951
0.918399
1.13617
0.764873
1.08293
0.771734
0.683546
1.09147
0.762517
0.902828
0.878694
0.966999
1.02689
0.864716
0.776085
0.674733
1.02902
1.05689
0.828716
0.500418
0.805594
0.766583
0.794458
0.612512
0.709085
0.993152
0.81564
0.712363
0.929585
0.808512
0.884614
0.715551
1.07037
0.85713
0.870483
0.888493
0.721801
0.851683
0.99152
0.894073
0.9087
0.956202
0.796526
1.07276
0.911419
0.645748
0.855142
0.894667
0.874209
0.761127
0.689452
0.684192
0.622927
0.909948
0.773311
0.625763
0.558375
0.574352
0.639481
0.536138
0.532032
0.593175
0.659228
0.479576
0.641048
0.701637
0.568988
0.806702
0.639071
0.699599
0.714275
0.566592
0.933405
0.729936
0.684049
0.529267
0.423343
0.505436
0.553571
0.523127
0.599509
0.66544
0.893916
0.825309
0.769576
0.668136
0.486314
0.582558
0.715361
0.594405
0.510642
0.501047
0.725435
0.6982
