0.605637
0.733997
0.742083
0.557149
0.543547
0.515542
0.461201
0.494709
0.519568
0.542136
0.530259
0.433547
0.688397
0.189251
0.160682
0.149167
0.202487
0.480713
0.232451
0.302569
0.249829
1.29363
1.44288
0.44362
0.600445
0.661412
0.765618
0.691209
0.70167
0.877477
0.796011
0.575191
0.391888
0.278622
0.605602
0.392758
0.40618
0.747943
1.2814
1.00391
0.238169
0.797512
1.46886
0.404926
0.48261
0.826672
1.08168
1.32752
1.52532
1.29895
1.07893
0.761751
1.18909
0.550165
0.715077
1.06645
1.25318
0.276102
0.402698
1.38597
1.31521
0.681633
1.80544
0.367153
0.464206
1.08475
0.856107
0.79847
0.872273
1.0094
0.719453
0.957543
1.02439
0.831632
0.886904
0.852447
0.308084
0.946661
0.934168
0.926176
0.438519
0.94378
0.737711
0.834335
1.49352
1.46642
1.21181
0.62377
1.26795
1.17878
2.1945
0.54543
0.784049
0.997869
1.61565
0.871151
1.03213
0.70153
0.794714
0.730301
0.746386
0.547769
0.490144
0.620171
0.799451
0.419059
0.521921
0.668711
0.843965
0.53521
0.579409
0.943671
0.994348
0.684577
0.481304
0.692702
0.658329
0.758885
0.782169
0.673385
0.809646
0.201932
0.55583
0.292621
0.598727
0.372654
0.238087
0.280456
0.438257
0.626265
0.498053
0.48743
