0.954296
0.87674
0.689569
0.744549
0.723408
0.473663
0.82755
0.794744
0.652309
0.745199
0.724172
0.732515
0.739067
0.653553
0.643881
0.795768
0.656548
0.686163
0.614463
0.665432
0.617192
0.626959
0.708216
0.644582
0.680029
0.677621
0.714445
0.862622
0.568722
0.715532
0.660775
0.666779
0.685605
0.661525
0.664471
0.652468
0.685009
0.695968
0.684049
0.651478
0.69035
0.680088
0.660235
0.644404
0.641464
0.601818
0.628429
0.671586
0.53885
0.654664
0.741265
0.654507
0.679718
0.563762
0.693656
0.632908
0.5921
0.599046
0.660192
0.571923
0.536483
0.506635
0.623362
0.624787
0.550062
0.547555
0.6522
0.637568
0.666064
0.562601
0.670146
0.54366
0.615007
0.636672
0.615765
0.666656
0.681386
0.590423
0.619647
0.558898
0.673421
0.642138
0.637596
0.658117
0.633395
0.510808
0.519837
0.537634
0.631968
0.646079
0.574465
0.592386
0.626548
0.657241
0.554967
0.559321
0.455065
0.524283
0.524434
0.492276
0.532992
0.598591
0.555771
0.542978
0.530144
0.550192
0.670574
0.50776
0.512391
0.60475
0.568281
0.535898
0.467128
0.567187
0.573415
0.492215
0.452597
0.560497
0.542641
0.480284
0.448946
0.497145
0.519974
0.432575
0.485046
0.514264
0.363423
0.417394
0.431092
0.427535
0.365662
0.493712
0.420697
0.422205
0.409666
0.419208
0.383521
0.516473
0.444352
0.451765
0.375709
0.327772
0.413079
0.399562
0.394822
0.41187
0.33201
0.316383
0.376227
0.339315
0.376122
0.351667
0.462696
0.502452
0.418413
0.48793
0.419968
0.410303
0.399229
0.372583
0.333791
0.283274
0.33377
0.349024
0.312663
0.334819
0.36805
0.391739
0.431154
0.409025
0.366716
0.437257
0.389852
0.45561
0.361624
0.409098
0.32942
0.28355
0.245159
0.319881
0.268898
0.270822
0.326742
0.26902
0.268966
0.369333
0.346337
0.30194
0.309676
0.324086
0.356865
0.349323
0.315903
0.347462
0.348609
0.288445
0.296058
0.31038
0.252962
0.248357
0.327656
0.358154
0.315957
0.373129
0.283833
0.284431
0.333752
0.276598
0.262787
0.355656
0.215834
0.239579
0.219701
0.225452
0.194015
0.212265
0.259975
0.308839
0.30453
0.300602
0.276627
0.318444
0.26095
0.241753
0.272527
0.206783
0.22976
0.263409
0.265384
0.233479
0.251441
0.320606
0.273986
0.200122
0.31707
0.272367
0.280745
0.27632
0.269061
0.266893
0.236922
0.238355
0.275369
0.269975
0.272935
0.298117
0.301911
0.336293
0.301927
0.268504
0.246591
0.217048
0.257573
0.298762
0.243641
0.250587
0.204419
0.215584
0.249332
0.247958
0.267087
0.270543
0.222462
0.248238
0.207168
0.261316
0.310024
0.261467
0.243515
0.237538
0.2818
0.256801
0.268988
0.214922
0.203668
0.174754
0.204026
0.280005
0.22054
0.218293
0.212746
0.239382
0.256732
0.228148
0.209836
0.233169
0.271011
0.277718
0.263154
0.262153
0.294845
0.286441
0.272301
0.215682
0.191346
0.216502
0.249081
0.235096
0.259399
0.208254
0.231728
0.284899
0.263614
0.240654
0.258878
0.245061
0.228983
0.240785
0.24965
0.261117
0.283319
0.248697
0.246522
0.224587
0.256701
0.253696
0.26041
0.254551
0.285261
0.312486
0.287017
0.305396
0.276679
0.237524
0.242089
0.33666
0.208337
0.188475
0.191275
0.213313
0.217479
0.267282
0.241809
0.239531
0.26492
0.270658
0.313172
0.285773
0.271013
0.308481
0.297804
0.269866
0.24911
0.262835
0.248113
0.240342
0.263851
0.233208
0.196357
0.223558
0.226236
0.190326
0.177245
0.221763
0.235938
0.265277
0.256728
0.228863
0.284834
0.244888
0.255674
0.234403
0.19071
0.256952
0.229996
0.2735
0.231364
0.241411
0.224116
0.247588
0.240091
0.221998
0.223256
0.247543
0.241961
0.236748
0.222988
0.258864
0.241455
0.261308
0.240982
0.215677
0.229636
0.277558
0.266788
0.242032
0.237008
0.221678
0.231978
0.22919
0.2366
0.261085
0.254653
0.233157
0.213527
0.23394
0.221354
0.25482
0.263036
0.249505
0.236151
0.266618
0.259298
0.203704
0.235004
0.273096
0.269874
0.310163
0.261827
0.256591
0.226184
0.247446
0.273867
0.242956
0.230657
0.241251
0.210312
0.234562
0.239645
0.25529
0.278051
0.313825
0.35145
0.316549
0.240458
0.232672
0.250694
0.32102
0.339878
0.262575
0.267268
0.292766
0.249111
0.265175
0.262075
0.256781
0.260156
0.256313
0.260027
0.315394
0.328311
0.280184
0.296383
0.247212
0.281715
0.281583
0.228974
0.225157
0.221401
0.229923
0.239474
0.257212
0.269163
0.233066
0.261287
0.23116
0.228635
0.259527
0.268753
0.20605
0.199598
0.204272
0.193139
0.202994
0.160121
0.261321
0.223821
0.225394
0.217565
0.220714
0.266991
0.203876
0.209039
0.179755
0.18625
0.161578
0.21308
0.256938
0.203864
0.235649
0.285697
0.277087
0.285663
0.283674
0.340994
0.274741
0.293819
0.288165
0.325419
0.302681
0.316349
0.322321
0.370712
0.325574
0.287501
0.304757
0.317551
0.302606
0.296854
0.298129
0.266815
0.30077
0.314829
0.277079
0.285978
0.287436
0.289937
0.324913
0.283004
0.24345
0.273107
0.251717
0.266147
0.281473
0.271648
0.296447
0.302061
0.297134
0.313282
0.317491
0.303401
0.281356
0.313882
0.321639
0.311455
0.282135
0.275667
0.255685
0.253422
0.255777
0.22299
0.252735
0.255406
0.237575
0.238445
0.231425
