1.607600
1.533530
1.796900
1.724600
1.698070
1.719760
1.736720
1.652820
1.578460
1.630600
1.762830
1.707040
1.738050
1.806530
1.854270
1.643000
1.773660
1.706900
1.536930
1.552240
1.512630
1.838650
1.831510
1.611570
1.585140
1.683690
1.646620
1.490260
1.534240
1.574620
1.638750
1.548560
1.726380
1.688330
1.842090
1.749330
1.907750
1.837280
1.983310
1.881780
1.865210
1.727480
1.692710
1.737240
1.749980
1.766130
1.897450
1.991530
1.878660
1.808060
1.788480
1.958810
2.070260
1.849340
1.813790
1.919220
2.033880
1.943820
2.224290
1.997610
1.959400
1.899690
1.967510
2.032110
1.803760
2.089110
1.913190
1.862870
1.995190
2.147480
2.273420
2.856880
2.458190
2.572910
2.203240
2.215420
2.193690
1.976440
2.062180
2.229820
2.298640
2.139470
2.276540
2.572480
2.546260
2.663660
2.369530
2.044260
2.560980
2.759270
3.106350
3.031700
2.688690
3.359350
3.689530
3.358780
3.237880
2.582530
3.239960
3.535730
3.648190
3.021630
2.824640
3.164040
2.709770
3.571480
3.389620
3.016260
2.949340
2.922970
3.293190
3.637770
3.133440
2.607440
2.378220
2.275620
2.342640
2.447440
2.345000
2.370100
2.216510
2.825560
2.342270
2.108630
1.994220
2.129760
2.348690
2.592630
2.331160
2.340930
2.253860
1.990370
2.301580
2.230770
2.321630
2.352690
2.166620
2.484700
2.216500
2.229290
2.857940
2.108590
2.124390
2.438240
2.183410
2.269550
1.939930
3.212360
2.614200
2.122470
2.583150
3.078420
2.499920
2.753140
3.079060
2.949820
2.610100
2.497700
2.592800
2.962020
2.725410
2.405860
2.543900
2.269550
2.359960
2.072780
1.886680
1.968120
2.872600
3.065260
3.083940
3.018180
2.633310
2.700610
2.834080
2.292250
2.510040
2.722530
2.764880
2.607530
2.769630
2.646880
2.292120
2.514830
2.406760
2.178440
2.358360
2.194380
2.219500
1.947190
2.084480
2.628200
2.014480
2.330660
2.091220
2.460910
2.303220
2.695530
2.728320
2.480090
3.087680
2.874520
2.605300
2.795740
2.405500
2.900730
2.957640
2.890910
3.543660
3.217090
3.236420
2.906320
2.916840
2.749500
3.152460
3.203480
3.648650
3.763790
2.909660
3.013720
3.643480
3.204070
4.192100
3.155100
4.184630
2.660150
2.685180
2.559360
2.817800
2.736950
2.692970
3.668400
3.720290
3.551330
4.448250
4.730100
3.679550
3.233700
4.168880
3.394340
3.001760
3.437370
3.040250
2.833030
2.519500
2.709710
2.715710
2.168770
2.257380
2.278600
2.130350
2.346660
2.372700
2.067610
2.321330
1.979800
1.924190
1.796400
2.346590
3.294500
3.163510
3.368630
2.833530
2.614950
2.380020
2.454740
3.538440
3.582400
2.834880
3.894660
3.242820
3.799790
3.639770
3.209960
3.058320
2.844490
3.099770
4.106320
2.648740
4.076760
4.607850
4.795860
4.550570
4.279430
5.030030
5.185400
3.831530
4.721570
4.398400
4.056390
4.157850
4.346520
4.681920
3.897860
4.296110
3.516370
3.415650
3.068110
3.219190
4.396940
3.749440
3.202840
3.977180
3.526680
3.614250
3.647830
3.693950
2.956510
2.874730
2.473880
2.515120
3.329790
3.731180
3.530980
3.229710
4.373720
4.317500
3.379520
3.054700
3.698270
3.494280
3.188310
3.193180
3.976620
3.931000
4.092850
3.814820
4.720050
4.500730
5.454570
4.663960
5.168250
4.133090
4.273140
4.112950
4.349020
4.765600
5.470830
4.160310
4.246410
3.877540
4.691060
5.094500
4.200240
4.574680
4.946840
5.717270
4.987440
4.357450
4.878550
4.912910
4.440690
5.477590
6.428170
6.585490
6.228400
6.763400
6.858920
7.461640
5.631260
5.855310
5.842340
6.060790
5.537250
6.429510
5.436580
5.879970
6.378260
6.090290
6.301190
4.982330
5.850400
6.619000
6.401240
6.714170
7.206980
5.630820
5.793830
7.088210
6.619170
7.441750
6.542600
7.059910
7.663900
7.138900
7.565480
7.676850
6.247620
7.358930
7.348760
6.777940
8.235420
7.350970
8.192650
7.428510
6.586640
6.055940
6.848570
6.221010
6.731330
6.073930
6.217820
7.851910
7.714210
8.808110
7.303360
8.620020
9.195340
7.880200
7.613330
7.118720
9.580410
9.192870
7.566290
8.931060
8.975570
8.134530
8.106160
7.150070
7.809120
8.041950
7.908980
7.282510
9.609790
8.799990
6.839270
6.727130
6.363550
6.883650
7.244630
6.703970
6.837640
5.709760
6.092380
6.262900
5.741040
5.715420
6.223260
6.273520
5.246720
5.555380
5.227500
5.526380
5.594060
5.073430
5.263330
5.284290
5.827560
5.500650
5.503120
5.457410
5.280310
5.802330
5.887470
5.409460
5.504960
5.319510
6.863900
6.334680
5.733760
6.393680
6.177190
5.648120
5.984560
7.201550
5.687420
5.952070
6.907930
7.223870
8.553890
8.280600
8.165490
6.740050
9.620570
7.155680
6.754220
7.613400
8.578500
8.176010
7.087880
8.033210
7.532400
5.739100
8.021820
7.071340
6.237000
6.020120
7.272880
7.226640
7.437430
8.161370
8.296150
7.726130
8.480070
7.343330
8.190190
8.178320
6.347160
6.334990
6.315390
6.504620
6.713860
6.744050
7.146410
6.111050
6.866720
6.473320
6.708160
6.387550
7.152920
7.786710
7.222100
7.500430
6.947510
7.846120
8.392760
8.835830
7.956200
8.172870
8.848180
8.460850
8.473850
7.980670
7.599500
8.508600
8.189000
7.582700
7.461720
8.215730
8.443230
6.715170
7.611740
7.295380
8.508560
7.960770
9.479040
9.852840
9.725830
8.674750
8.955880
9.065290
8.523480
7.244560
8.231150
8.798300
8.355570
8.270620
9.282360
9.978200
10.454900
8.119660
6.525950
8.099220
7.632870
7.522010
9.261430
8.426780
8.145280
10.435300
10.913100
7.729910
8.573360
9.601460
8.029410
8.922460
8.243700
11.681800
9.024730
7.517510
10.262800
9.648220
10.799100
8.545050
7.727400
9.343710
7.722990
8.988550
10.510200
8.715690
8.218640
7.493170
13.793200
9.090510
6.557360
7.044220
12.628500
11.359200
6.758970
14.076100
9.831900
14.225300
8.769150
8.947830
9.950240
9.708260
10.740800
10.766900
11.648000
12.196500
9.587470
10.185500
11.400300
11.225900
10.645000
10.203800
10.441300
10.171800
10.492100
7.557960
9.188320
11.711900
7.748540
9.309610
10.137300
11.517000
11.881400
9.604690
11.689100
10.710900
11.433800
10.975400
8.296330
9.069620
8.769620
11.370800
11.975700
11.632000
10.850300
12.738800
11.363200
11.548900
11.402300
10.568600
15.999400
13.997700
14.401400
8.659920
14.725700
12.858800
10.258500
10.966300
9.993830
6.933740
8.776400
4.888730
4.963930
5.210290
4.999770
