0.122041
0.135869
0.122944
0.135614
0.140878
0.149048
0.138924
0.133849
0.125486
0.149328
0.150577
0.142114
0.122417
0.119978
0.116324
0.132843
0.130697
0.107226
0.130419
0.121052
0.146842
0.13148
0.121295
0.179192
0.162475
0.210047
0.216624
0.116428
0.120768
0.225263
0.18692
0.171716
0.201326
0.271519
0.32334
0.226683
0.137708
0.196044
0.140491
0.172509
0.221403
0.177433
0.121918
0.289591
0.308192
0.244249
0.247695
0.176785
0.171747
0.185023
0.196033
0.134278
0.184998
0.18046
0.145503
0.129448
0.159233
0.153116
0.139382
0.137068
0.157643
0.129147
0.147759
0.141489
0.120632
0.107799
0.166247
0.196045
0.170938
0.216317
0.231805
0.164447
0.204026
0.199029
0.288331
0.330415
0.291207
0.273206
0.460703
0.396632
0.382576
0.231916
0.227258
0.239724
0.257659
0.249033
0.265897
0.267587
0.257289
0.262253
0.219582
0.245661
0.225402
0.25862
0.247437
0.303974
0.332362
0.290629
0.264658
0.276066
0.247008
0.238482
0.309305
0.334585
0.397142
0.380893
0.281341
0.268943
0.515715
0.356507
0.369541
0.348482
0.335813
0.429375
0.426833
0.400853
0.265441
0.35937
0.250862
0.251047
0.315524
0.515853
0.74278
0.604032
0.561831
0.58166
0.543871
0.543628
0.652701
0.47467
0.511249
0.563342
0.722235
0.572514
0.474129
0.311531
0.435123
0.591074
0.520941
0.539554
0.459215
0.548045
0.536934
0.580892
0.691817
0.749712
0.551601
0.47664
0.428299
0.50338
0.36502
0.358811
0.386087
0.344298
0.316157
0.339674
0.314043
0.308527
0.34854
0.391071
0.364349
0.318493
0.418867
0.540187
0.558971
0.508681
0.399958
0.552363
0.390377
0.481534
0.552131
0.417803
0.521017
0.567911
0.368928
0.418963
0.493372
0.484142
0.567658
0.529731
0.651269
0.542313
0.616042
0.652868
0.643056
0.727838
0.661494
0.607731
0.972583
0.889573
0.842285
0.837923
0.824275
0.787921
0.788994
0.901525
0.754619
0.665401
0.611497
0.860846
0.835056
0.754927
0.787668
0.783094
0.780476
0.780443
0.687896
0.773109
0.725226
0.737182
0.665604
0.813687
0.859741
0.80649
0.804769
0.673659
0.587859
0.664115
0.68838
0.677338
0.651965
0.71557
0.784165
0.727134
0.708599
0.619978
0.726566
0.769469
0.82224
0.806292
0.723842
0.730153
0.733682
0.846719
0.757462
0.788841
0.66989
0.763258
0.77892
0.854225
0.754299
0.727978
0.800669
0.700013
0.662645
0.732856
0.6525
0.739021
0.752384
0.702885
0.838253
0.773387
0.823496
0.818687
0.801022
0.785288
0.827139
0.847735
0.875663
0.886087
0.749846
0.869929
0.827936
0.82345
0.734426
0.765436
0.810405
0.828325
0.941535
0.853083
0.836768
0.884974
0.867381
0.932015
0.994285
0.891621
0.784528
0.809632
0.908229
0.832391
0.828698
0.739003
0.784852
0.860171
0.77229
0.764246
0.766925
0.819393
0.906587
0.955292
1.0086
0.918572
0.85571
0.793535
0.851046
0.862966
0.993245
0.712022
0.932959
0.94758
0.920094
0.828315
1.00259
0.814569
0.832687
0.876662
0.995503
0.907832
0.882922
0.995142
0.887371
0.966154
0.938158
0.978025
1.01519
0.973799
0.980018
1.11361
1.04261
0.951949
0.914309
0.945843
0.932834
1.03118
1.17266
1.06134
1.08646
1.0339
0.967571
1.01995
1.16131
1.14657
1.05483
1.00523
1.03163
1.05954
1.11021
1.21541
1.23773
1.05931
1.252
1.00735
1.38156
1.1321
1.20362
1.07305
1.2124
1.06327
0.952705
1.22847
1.10828
1.0955
1.08412
1.23545
1.19854
1.05377
1.04956
1.17297
1.04873
0.993905
1.09103
1.03794
1.05892
1.31917
1.41267
1.51304
1.27528
1.42212
1.26603
1.36296
1.39468
1.18973
1.53217
1.52514
1.4548
1.39003
1.61813
1.36814
1.30993
1.57375
1.34053
1.42188
1.44342
1.41133
1.46043
1.47075
1.49294
1.34154
1.51962
1.38942
1.28978
1.37385
1.5261
1.42046
1.30844
1.42712
1.62547
1.43965
1.43801
1.60163
1.55475
1.67968
1.50327
1.69817
1.64046
1.59793
1.45962
1.59874
1.68773
1.60893
1.6018
1.54954
1.83594
1.56309
1.64065
1.79874
1.6612
1.4727
1.69599
1.53891
1.71324
1.71273
1.57993
1.68306
1.66931
1.56085
1.69508
1.78505
1.6025
1.72553
1.60347
1.81509
1.72782
1.75144
1.70927
1.82173
1.78932
1.74534
1.55647
1.89693
1.82185
1.74365
1.70724
1.77136
1.6306
1.74053
1.90322
1.75579
1.58221
2.05325
1.77479
1.69388
1.67811
1.98147
1.73994
1.84466
1.76792
1.73076
1.78203
1.74342
1.80053
1.91615
1.78879
1.83002
1.78152
1.84238
1.7898
1.63916
1.62091
1.97899
1.89805
1.54015
1.64629
1.93005
1.62766
1.83562
1.93747
1.74915
1.77886
1.71124
1.75729
2.16329
1.95233
1.76249
1.71634
1.8244
1.79638
1.88473
1.82226
1.98284
2.04994
2.02385
2.08432
2.16205
1.78744
2.18345
1.96105
1.99524
1.97026
2.08564
1.9455
1.86377
1.9792
2.25177
1.95878
1.93345
1.90383
1.95325
1.8496
1.9058
1.84326
1.99668
1.55016
1.8894
2.07429
2.01294
2.09994
1.89177
1.73295
1.7854
1.98753
1.83673
1.57215
1.84122
1.94244
2.10498
2.03457
2.03383
1.97317
2.03455
1.81084
1.86964
1.74974
2.3923
2.19048
2.04685
2.00637
2.04596
1.76789
2.11626
1.83958
2.43119
2.06069
1.72179
1.88946
1.89616
1.82879
1.6233
1.85529
2.65106
2.51917
2.38954
2.44399
2.38348
2.88876
2.51938
2.71674
2.62877
2.58277
2.33254
2.71357
2.29789
2.21482
1.85732
2.39795
2.74985
2.44287
2.50293
2.6565
2.26293
2.65214
2.52934
2.17737
2.94868
2.32997
3.08516
2.95926
2.70263
2.14791
2.36046
2.12538
1.68563
2.37694
2.24989
2.05018
2.26581
2.23235
2.32502
2.58526
2.31963
2.43242
2.40927
2.11174
2.36737
2.49672
2.75812
3.20444
3.33327
2.72556
2.89202
2.89819
2.45278
3.233
2.76556
2.6665
2.57525
2.21436
2.824
2.07916
2.70938
2.50929
2.26777
2.45396
2.78659
2.63022
3.82967
2.72473
3.23685
2.5679
2.90074
2.62471
2.62709
2.66043
2.55528
2.30608
2.39732
2.78366
2.69733
2.59033
2.69114
2.95581
2.52531
2.80435
2.00567
2.42992
2.36963
1.69731
2.27129
1.49489
2.27898
2.60601
2.27542
2.27777
2.58742
2.61099
2.51021
1.75104
1.37258
1.72865
1.35928
2.1624
2.75907
2.74307
3.32689
3.7606
2.81819
3.20207
3.24459
3.35323
2.95542
1.05789
0.751441
0.376034
0.327874
0.506055
0.33319
