0.118806
0.110727
0.0906241
0.0929379
0.105633
0.123354
0.12499
0.123899
0.126358
0.158117
0.148378
0.110997
0.171575
0.172937
0.27207
0.311859
0.186827
0.227534
0.154165
0.189263
0.181827
0.173685
0.224799
0.213376
0.216251
0.202259
0.201264
0.218431
0.228395
0.244957
0.244698
0.253586
0.300672
0.417912
0.512426
0.454322
0.416189
0.37772
0.399752
0.35599
0.57652
0.472299
0.50804
0.429452
0.462494
0.709485
0.444115
0.331478
0.314414
0.485951
0.523501
0.572545
0.606645
0.582653
0.565146
0.59307
0.498805
0.389226
0.393402
0.429443
0.433062
0.50622
0.531206
0.591814
0.477931
0.513205
0.48068
0.448113
0.478948
0.591881
0.546493
0.557445
0.67424
0.674377
0.631238
0.733098
0.488262
0.474423
0.630838
0.771106
0.496571
0.443271
0.390992
0.498306
0.631459
0.62094
0.669655
0.673397
0.72784
0.66234
0.578572
0.797019
0.535021
0.663127
0.799358
0.686174
0.648484
0.630873
0.72411
0.781033
0.63006
0.687192
0.8392
0.799995
0.869104
0.84276
0.751935
0.59632
0.629078
0.818514
0.760191
0.682116
0.664082
0.702644
0.717989
0.688441
0.715755
0.59946
0.673381
0.597439
0.662006
0.704668
1.05219
0.965235
0.786311
0.892461
0.8273
0.865272
0.967335
0.853211
0.862183
0.725855
0.996652
0.900002
1.04091
0.893176
0.98555
1.03739
0.971013
0.968636
0.978666
1.3206
1.16387
1.0428
1.22513
1.06476
0.888633
1.12642
0.872846
0.813783
0.878661
0.942475
1.00738
1.22665
0.715187
0.858338
0.755543
0.774321
0.957669
0.748228
0.855285
1.00249
1.1899
1.05037
1.34186
1.31153
1.32818
1.0791
1.18056
1.35454
1.20749
1.33573
1.14396
1.17045
1.25008
1.03902
1.35873
1.21565
1.13827
1.25565
1.37251
1.33523
1.57527
1.29604
1.31612
1.17051
1.47801
0.994409
1.36634
1.73884
1.30803
1.46749
1.53707
1.0371
1.19829
1.51728
1.7025
1.31287
1.66413
1.47153
1.36621
1.6633
1.36912
1.31212
1.15582
1.61278
1.43598
1.50438
1.02439
1.51548
1.21057
1.47419
1.3919
1.88955
1.03701
0.990341
1.43616
1.52783
1.92849
1.98662
1.71863
1.50108
1.56462
1.30598
1.48006
1.14375
1.4992
1.2521
1.34626
1.24419
1.33049
1.18643
1.27854
1.46515
1.73522
1.43187
1.58517
1.75404
1.66367
1.09726
1.14607
0.949791
0.954317
0.984153
1.266
1.38927
1.14995
1.14955
1.51677
1.2277
1.69623
2.08965
1.72785
2.18029
1.74372
2.09105
2.27002
2.06044
2.24578
2.10336
1.91718
2.09523
1.85839
1.70896
1.98945
1.26232
1.80656
1.87814
1.35879
1.72969
1.02726
1.23549
0.920162
0.951363
0.368522
