0.451832
0.455818
0.463498
0.444638
0.478825
0.540056
0.519822
0.702208
0.773463
0.630529
0.705541
0.720205
0.821657
1.0855
1.24499
0.969383
2.05003
1.59132
1.94
3.84509
3.14615
2.94981
2.53418
3.16931
2.85961
2.89491
2.43423
2.44113
2.23338
2.14108
1.64634
1.81551
1.79499
1.80794
1.85796
2.12238
2.18308
1.62424
3.93315
1.63425
2.19748
1.74631
1.48566
1.45677
1.47472
0.853072
1.27071
0.687667
0.768983
0.651565
0.576266
0.632696
0.62949
0.690411
0.69398
0.631805
0.881742
1.03338
1.26197
1.23327
1.56174
1.2437
0.935115
1.20067
1.47088
1.31372
1.52385
2.04643
1.20521
1.6871
0.822135
0.766637
0.82162
1.20167
1.21471
1.08863
1.13506
2.16096
1.34694
2.08936
2.22922
2.22187
1.52229
2.02047
1.5426
1.09152
1.49566
1.51753
2.05589
1.84046
2.41984
2.73368
2.74054
2.98938
1.9652
2.00994
1.97001
2.04254
2.67642
1.71433
1.73171
1.85579
2.09958
1.92072
2.31216
1.34727
1.58318
1.6917
1.24644
1.26903
1.42461
1.62102
1.71794
1.41916
0.861173
0.799852
0.721798
0.73063
