5.34165
4.19836
3.81127
3.67229
4.91255
6.7704
1.13711
0.973675
0.909727
0.938278
1.09652
0.974963
1.15455
0.968319
0.990878
0.964783
1.024
1.04123
1.45332
5.20907
5.17136
5.86264
6.3322
3.7405
3.58352
5.31892
5.83895
4.86907
5.42121
4.0869
5.22603
4.185
4.63406
4.59811
5.47366
4.74913
4.72009
3.98399
5.17781
4.30297
3.14021
4.48207
4.5726
4.07174
3.87393
3.97855
3.97476
4.36684
3.88398
3.88719
3.92627
4.02242
3.54466
4.3146
4.00995
4.3639
4.01568
4.17354
3.98795
3.78717
4.54757
4.09375
4.18937
4.76328
4.26345
3.90265
4.23811
3.65819
3.55783
3.77664
3.70982
3.60657
3.61257
3.75585
3.15443
3.85398
3.44401
3.59562
3.51521
3.41129
2.79904
4.01394
3.41188
3.42974
3.83738
4.07085
3.84611
3.77625
4.05603
3.76942
3.89376
3.45908
3.554
3.34913
3.38997
3.43696
3.25933
3.88509
3.47701
3.50567
3.53317
2.9993
3.70329
3.19787
3.54675
3.21507
3.53037
2.96667
3.71158
3.38832
3.4884
3.98755
3.388
3.26385
3.40584
3.80847
3.23226
3.60513
3.32324
3.42008
3.40436
3.09046
3.81555
3.00593
3.37111
3.37809
3.36936
3.06134
3.21434
3.10726
3.62024
2.94632
3.24459
3.32596
3.10396
3.36386
2.98409
3.14062
2.90811
3.24789
2.22152
3.21226
2.93333
2.88717
3.15984
3.07499
2.69647
3.1969
3.09397
3.53875
3.10941
2.71434
2.6993
2.73761
2.42656
2.64363
2.894
2.95232
3.02141
2.66337
2.64922
3.00819
2.86608
2.51555
2.85157
2.77617
2.54208
3.18667
3.11381
2.70448
2.86909
2.49656
2.44933
2.91679
3.51001
2.67831
2.53281
2.80682
2.5826
2.30632
2.80686
2.30598
2.66084
2.68842
3.34161
3.17375
2.06172
1.86129
2.27145
2.5039
2.17327
2.1288
2.18971
2.48212
2.21826
2.15313
2.18767
2.04681
2.35326
2.37869
2.80632
2.284
2.64432
2.33657
2.31697
2.21635
2.65948
2.39696
1.3982
3.12451
2.55684
2.78108
2.80666
2.44983
2.31699
2.30978
2.56164
2.35456
2.70994
2.05421
2.89371
2.56379
1.8908
2.37762
1.83601
2.38836
2.43821
2.12721
2.29579
2.19068
2.40845
2.5622
1.56141
2.43423
2.93504
1.96256
2.92289
2.87831
2.96841
2.63758
1.83453
1.87234
2.1673
2.34472
1.85207
1.7129
2.33351
1.81038
2.30796
2.04121
2.00031
1.92579
2.18303
2.93743
1.83216
2.4129
2.89334
2.56655
1.99563
2.46245
1.74941
1.57515
2.03272
1.79997
1.93097
2.71301
2.28736
2.29459
2.06502
2.09022
2.30295
2.34682
1.86848
2.1821
1.76176
2.00334
2.67722
1.82693
2.15924
2.61428
2.30243
1.7563
2.09996
1.71402
1.8716
1.55994
1.63882
1.69144
1.74744
1.45461
1.79762
1.75079
2.02469
1.69438
1.82827
1.98677
2.29874
2.03231
1.89614
1.6119
1.51774
1.55037
1.4939
1.54954
1.40928
1.86037
1.72573
1.74899
1.55522
1.70759
1.80197
1.51603
1.75795
1.59764
1.75538
1.50699
1.66996
1.64197
1.54582
1.46535
1.4206
1.50966
1.84606
1.55242
1.35157
1.33971
1.38599
1.21184
1.37508
1.53752
1.47773
1.32557
1.35546
1.16526
1.17255
1.38613
1.27981
1.26465
1.1913
1.12349
1.15047
1.20731
1.20918
1.29172
1.24793
1.14122
1.23761
0.985874
0.929705
0.993654
1.06003
1.10314
1.11821
1.04934
0.993834
0.912776
1.10302
0.892473
1.02045
0.975183
0.902968
0.933223
0.922784
0.847011
0.895505
0.913964
0.823507
0.762968
0.742019
0.783476
0.771424
0.69455
0.687424
0.622128
0.663491
0.722231
0.594942
0.579396
0.529402
