0.0408182
0.0421624
0.0414032
0.0383747
0.0405868
0.0617592
0.0593253
0.032539
0.0385809
0.0648513
0.046693
0.0520713
0.0890669
0.103588
0.0707111
0.0972545
0.0986988
0.0887299
0.087719
0.0719589
0.0808112
0.0812447
0.0771759
0.0845965
0.0792165
0.0881588
0.0848004
0.0825697
0.0971502
0.117065
0.129047
0.137323
0.123714
0.142694
0.124368
0.161153
0.19043
0.193294
0.214159
0.184283
0.183677
0.242477
0.232122
0.25739
0.247751
0.248909
0.313624
0.302661
0.337216
0.334768
0.359742
0.378939
0.376445
0.377401
0.440168
0.35328
0.428123
0.583656
0.392018
0.580201
0.429357
0.406241
0.547204
0.659983
0.500339
0.539518
0.542511
0.36781
0.60409
0.3907
0.55611
0.511082
0.762719
0.759648
0.562284
0.799859
0.745347
0.727342
0.797763
0.775763
0.608619
0.624159
0.695467
0.808586
0.812953
0.796807
1.01104
0.673042
0.497128
1.11588
0.854421
0.987722
0.863468
0.749537
0.756661
0.955464
1.01583
0.80957
0.927812
0.862745
0.96527
0.952908
0.836516
0.957329
1.09926
0.856886
0.955051
1.08396
0.937009
1.16488
1.16064
0.97781
1.13201
0.913504
1.05572
1.05285
1.06987
1.04907
1.03249
1.31872
1.14866
1.01394
1.31572
1.3319
1.44145
1.50439
1.49754
1.5915
1.19669
1.06814
1.27232
1.29188
1.19394
1.27246
1.42316
1.20803
1.37289
1.23315
1.11213
1.16614
1.35838
1.45021
1.44763
1.48251
1.32649
1.34004
1.43658
1.68419
1.6762
1.54114
1.49392
1.57317
1.34875
1.28282
1.60982
1.40988
1.33371
1.50406
1.63116
1.42929
1.30063
1.34501
1.33428
1.17362
1.33256
1.33205
1.39663
1.47277
1.78158
1.5629
