5.242280
3.631020
16.230900
11.232500
12.987700
9.818880
9.957890
8.705790
9.496600
9.705890
11.558900
11.038300
6.453930
7.418090
11.277500
8.204820
7.865780
7.727580
11.641300
10.551400
9.686180
12.450300
10.033800
9.600040
8.976870
8.930940
10.500100
8.504020
9.172730
9.572240
9.063020
10.093700
8.558280
9.345190
9.091940
9.695720
8.242960
8.767420
8.004410
9.025530
9.146870
9.704760
9.096740
8.586780
9.464520
9.022930
9.372400
8.867800
8.542390
8.797830
8.128930
7.547340
7.619470
6.988920
6.804950
6.253850
11.125900
10.845400
7.855180
8.671480
7.744970
8.931220
8.950270
7.660700
8.157710
7.103390
7.750820
6.744360
9.273900
8.622360
8.086410
7.814220
6.799350
5.761140
6.370020
6.903490
7.032560
5.483150
6.775370
5.345380
6.526880
5.759890
6.216010
6.659320
8.142880
10.050700
7.843880
7.444810
8.449150
7.833630
7.111360
6.580390
6.084510
6.351080
6.515620
5.422250
7.415860
7.120920
7.918430
7.010400
6.967460
7.606820
7.706790
8.472420
7.992930
6.306230
7.063510
7.617100
7.250130
7.209280
7.595780
7.475330
7.159690
7.403400
6.295560
7.137600
6.534980
6.716860
6.797890
5.939990
6.681750
6.393910
6.709390
7.576390
7.056350
8.441960
8.295820
8.190390
6.884390
6.824600
6.571070
6.245780
6.744590
5.979420
7.078840
6.470480
7.977640
7.238410
7.859140
8.550980
7.631190
8.999810
7.342600
7.443170
6.599920
6.956000
6.412760
7.107880
7.172510
7.288980
7.641920
7.802520
7.505700
6.542440
7.799410
7.959550
8.140050
7.030280
6.652820
7.031620
7.833550
7.594780
7.888550
7.623280
7.252680
7.917210
7.637680
7.147180
7.644410
7.404470
7.399370
7.346330
7.022440
7.529350
8.071780
7.393900
7.931560
7.004420
6.649980
7.189890
6.705200
6.944600
7.694000
6.962540
7.249530
6.602200
7.293910
7.102150
7.365370
6.374990
6.791100
6.610000
6.453120
6.873370
7.717400
6.679820
6.743070
6.697210
6.653180
6.573620
7.201740
6.902350
6.334690
6.893620
6.570330
6.313320
6.833810
6.533570
6.465400
6.427320
6.279860
5.838340
6.099460
6.515980
6.887990
6.365380
6.434850
6.174910
6.328770
6.077720
5.877460
6.477820
6.032620
6.115290
6.339760
6.810700
6.074410
6.733660
6.761150
6.280030
6.639120
6.630580
6.784950
6.707320
6.002520
6.566530
6.415430
6.061670
6.437420
6.437410
6.952770
5.918250
6.234280
6.334650
6.520320
6.484670
6.346000
6.107910
6.304710
6.462050
6.274960
6.394620
6.193110
5.898330
5.898700
6.886610
6.535300
6.199390
6.242080
6.189770
6.749420
5.827520
5.772910
6.085560
5.851730
5.773400
5.670520
6.504990
5.593470
6.436830
5.866670
5.687670
6.044240
5.906730
5.819040
5.829520
5.609690
5.601890
5.788030
5.428880
6.030950
6.028400
6.362770
6.020300
5.838300
5.791140
5.160530
5.802700
5.989480
5.508800
5.126630
5.684360
5.494510
6.615390
5.699830
6.278170
5.058790
5.343390
5.744510
4.979520
5.347730
5.665920
5.895850
5.164910
5.656190
5.758630
5.695750
5.369940
5.902330
4.984430
5.262480
5.927480
5.463350
5.529570
5.121770
5.417630
5.106430
5.559620
5.432940
5.690080
5.326780
5.882720
5.874560
5.502170
5.546400
4.946430
5.735420
5.652680
5.062060
5.253350
4.833220
5.442290
5.035570
6.191970
6.134010
5.352110
5.631120
5.499490
5.546270
5.380930
5.704720
5.799230
5.441150
5.573450
5.696660
5.715700
5.227360
4.928300
5.129020
4.556690
5.350080
5.228210
4.398110
5.392980
4.765050
5.153120
4.879210
4.867410
4.574840
4.989870
4.742950
5.152510
4.658020
5.347360
4.963820
4.805870
4.328920
4.755130
5.413680
5.189420
4.850100
4.493650
4.820000
4.235830
4.749150
5.066200
4.850080
4.686760
4.629970
4.848790
4.989190
5.232680
4.729920
5.263990
5.627650
5.125530
4.724240
4.860520
5.140350
5.254180
5.296440
4.939230
5.803580
4.966600
5.469210
5.247480
5.216980
5.503560
4.942980
5.140730
4.501010
5.518430
5.579890
5.090860
4.822210
4.274700
4.730630
4.481110
4.465030
4.974210
5.131980
4.957950
5.393720
4.514160
4.936120
4.537560
5.112800
5.041710
5.171620
4.524270
4.515620
4.849000
4.159040
4.388630
4.996140
5.023780
5.212510
4.078740
4.722910
4.696920
4.643910
4.238000
3.626190
3.945190
3.811670
3.885900
4.904470
5.504390
4.649580
4.423290
4.497220
5.030540
4.491140
5.217600
4.383260
4.932470
5.522440
4.984470
5.442710
4.633290
3.994290
3.935340
4.080180
4.993220
4.378240
4.159910
3.996450
3.858260
3.955920
3.806420
3.605690
3.607140
3.506170
3.566430
3.938960
3.932110
4.384930
4.151160
3.990450
5.114720
5.272480
4.661830
4.933120
4.813760
4.445130
4.780960
4.752810
4.839900
4.539810
4.460490
4.561070
4.878090
5.247170
4.676060
4.625410
4.974030
5.072810
5.198030
4.982620
5.183010
4.947660
5.067420
4.308240
4.246280
4.583780
4.699960
5.334860
4.615820
5.520690
4.599690
5.106850
4.683410
4.616430
4.416030
4.737070
4.657860
4.506350
4.380810
4.697160
4.851070
4.540080
4.657720
5.067170
5.386320
4.608630
4.357230
4.474480
5.047640
5.062530
4.341680
4.410500
4.270490
4.422670
4.357710
4.457860
4.480580
4.174330
4.458100
4.621250
4.172930
4.157760
4.307900
4.054490
4.242150
4.134830
4.148710
4.417200
4.523870
4.208430
4.299670
4.157050
3.885780
4.274070
4.037220
3.932370
4.332380
4.110990
4.180330
4.111470
4.586550
4.405800
4.396880
4.057350
4.022460
4.502520
4.253140
4.160270
4.461810
4.484770
4.388000
4.434970
4.441680
4.082860
3.965130
3.768090
4.073110
4.126500
3.934830
4.214020
4.090280
3.771520
3.695860
3.916870
3.846010
3.972990
4.270700
3.968870
4.131550
4.366960
4.141670
4.008680
3.940990
4.118690
3.832510
3.950470
4.286110
4.083640
4.382360
4.196210
4.183670
3.884780
3.438510
3.925320
4.374600
4.042460
3.809980
3.830320
3.960000
4.056500
3.886410
3.724690
4.076000
3.881900
3.947070
3.878890
3.693540
3.840080
3.745270
3.759550
3.613960
3.676650
3.762570
3.626200
3.595120
3.426790
3.433370
3.529940
3.653120
3.717520
3.493340
3.422270
3.552840
3.735940
3.630660
3.475660
3.627020
3.453510
