3.024510
3.034960
3.078930
3.289510
3.644800
4.015760
3.881260
4.052040
4.161920
4.281180
4.373880
4.486380
4.355690
4.347310
4.195340
4.345630
4.646620
4.197570
4.291880
4.114310
4.668980
4.055520
4.259080
4.051760
3.726990
3.686920
3.665170
3.614890
3.592140
3.684230
3.612420
4.036230
3.815780
3.783730
3.711730
3.712800
4.019230
3.732480
3.825910
3.999250
3.862120
4.012200
4.559630
4.501700
4.933940
4.680980
4.753060
5.046400
5.133050
5.220620
5.246280
5.282070
5.168610
5.240390
5.054350
5.012940
4.858630
4.916190
4.712620
5.127010
5.110600
5.027830
4.706870
4.687460
4.586730
4.670850
4.416640
3.946800
4.279830
4.346960
3.806520
3.804710
3.959570
4.066430
4.057830
3.693700
3.929800
4.688360
4.141930
4.390520
4.590960
4.102650
4.978270
4.000970
3.927480
4.155820
3.856840
3.618600
3.974170
4.241780
3.840390
4.128600
3.955580
4.267560
4.412450
4.147280
4.284300
4.525560
4.292460
4.137990
3.765060
4.333800
3.689860
4.106220
4.266270
4.203890
4.840820
4.855680
5.752620
5.300110
5.247860
4.987960
4.903080
4.678720
4.878810
5.014860
5.359890
5.089990
5.089790
4.876530
5.146020
5.361020
5.071030
5.304160
4.915690
5.218300
5.726580
6.080890
5.807760
5.780690
5.930320
6.068240
5.377180
5.695230
5.780090
6.312010
5.709390
5.586300
5.732010
5.520520
5.503460
5.070280
5.084330
5.383300
5.017430
5.149380
5.311820
5.261120
4.688680
5.495860
5.216910
4.635960
4.419460
4.137740
4.392440
4.246250
4.467970
4.302410
4.413630
4.048780
4.253540
3.960820
4.480690
4.299100
4.901940
4.309140
4.597190
4.243660
3.770430
3.954780
4.862640
4.665520
4.714840
4.958040
4.724000
4.790090
5.325890
4.961910
4.962020
5.490150
5.481050
5.518120
5.184960
4.589470
5.183660
5.651900
5.280800
5.247060
4.661510
5.156530
4.913200
4.678770
5.314120
4.707360
4.945340
4.756110
4.429830
4.310090
4.864200
4.822140
4.619470
5.594150
5.834880
5.285790
4.918400
5.040140
5.457950
5.424310
6.042730
5.283610
4.779000
4.633640
4.916660
5.007220
5.374640
5.430010
4.561740
5.471900
4.924280
5.813890
6.698730
5.618740
5.830750
6.101280
5.435470
5.047720
5.735350
5.588480
5.351900
6.528150
7.107680
5.048490
4.222360
4.545210
5.266310
5.678790
4.859120
5.370290
5.116040
5.719460
5.591510
6.051370
6.016840
5.620550
6.167760
5.530620
5.317930
5.106430
5.586240
4.561560
4.719350
5.389480
4.667600
4.798540
5.737470
5.496730
5.238380
5.386790
6.960950
5.942240
5.601260
5.605120
5.997770
5.659270
4.953950
5.804430
5.587290
7.509920
5.803980
5.266880
5.455800
5.329270
4.747310
5.173480
7.915270
5.864460
5.622730
7.043890
5.634010
6.172870
6.492600
6.321940
5.751240
5.774530
4.624790
4.790440
4.956670
5.304100
5.812340
6.912810
6.433170
6.085690
5.330350
5.629910
6.386810
6.933650
6.587730
7.577380
7.385110
8.736650
8.153140
6.593140
6.674980
6.834740
7.184960
6.469580
9.644140
10.377200
8.687630
8.754540
9.415040
7.353200
7.281990
8.938670
7.815860
8.835710
8.212760
8.247370
8.066270
9.942020
8.897180
9.270890
8.879450
8.825720
9.172410
9.081180
7.751960
7.953120
8.692530
8.955400
9.477710
8.912670
7.736480
6.905320
8.495090
9.853430
8.215990
8.033320
7.864550
8.188470
9.277970
9.701450
10.276800
8.236650
11.063800
8.351320
9.580520
9.746540
10.734400
10.850500
8.879740
10.245500
11.790500
14.559800
14.076900
11.711900
12.210300
14.713300
12.965900
9.938750
12.999900
13.652900
13.297000
14.893000
11.272400
11.950100
13.143400
11.917100
12.329600
11.489300
11.343500
10.426600
10.436500
11.232300
12.523500
12.146400
11.962900
12.428400
12.140200
13.656400
10.947800
10.641200
12.976000
11.190500
13.861900
13.175400
12.468900
12.977800
11.623600
11.877200
12.711000
11.326800
13.236300
15.344000
14.831400
15.881500
15.736100
14.646600
14.817200
15.189800
14.853900
15.048700
16.125800
16.165700
15.478000
13.883000
14.767300
14.931500
15.283700
14.265000
14.669000
13.596900
13.220900
14.410600
13.956800
14.162000
15.147900
15.114300
14.224000
14.008100
14.820800
13.337800
14.748000
14.738800
14.889200
14.427700
14.459200
15.529200
14.633400
17.212500
16.127800
14.599100
15.386500
17.602900
16.017600
15.965500
16.149100
17.307200
18.021000
17.325300
17.186000
16.682100
17.943200
17.258500
19.193400
19.319600
17.426600
20.269300
20.585200
19.418300
17.908400
21.133800
18.422100
18.970200
18.032900
17.341400
19.757900
18.259400
18.415700
19.081900
18.264700
17.322600
17.542500
19.229800
20.486200
20.416700
21.427000
21.694900
19.287400
20.192900
19.510300
22.246300
18.052400
20.689000
19.970200
19.034900
20.510000
20.326100
21.292500
20.337800
23.974300
21.657600
22.804900
23.596900
23.168200
22.344000
20.114800
19.845900
20.282300
21.996000
20.730400
22.912300
20.066900
22.250500
20.759800
26.288900
20.978700
21.192800
20.307400
21.687700
20.410500
20.268600
22.404400
24.474200
24.916000
24.101500
21.002700
22.882800
24.505300
22.020300
22.340000
28.538100
24.578600
25.372800
25.141500
24.663400
24.003800
24.529900
22.744500
26.703500
28.401900
26.127300
26.570600
26.876400
23.221600
26.167200
26.999000
31.412600
25.418900
24.385900
23.945700
22.350600
20.262000
24.292200
22.544000
26.282600
25.884700
26.081900
26.925400
28.281800
28.300900
27.158600
26.608100
26.650800
24.257700
25.227800
24.692400
24.379800
26.564500
26.217200
25.242700
28.331600
29.282700
31.240800
28.880800
31.488900
34.009000
31.771400
34.746600
32.568500
33.410400
31.751300
32.212800
30.759000
31.833600
33.138700
33.157000
30.089100
31.652500
32.228800
31.268700
35.910700
35.841400
33.935500
34.904200
35.136800
35.659200
36.249400
34.900000
35.479000
33.854600
35.315300
34.947300
31.762700
33.251700
31.238600
29.190300
28.355700
28.410500
29.050800
30.392300
30.744200
28.786400
29.958200
32.182400
30.550200
26.183500
29.093100
27.268600
30.026900
30.023400
30.610400
30.376200
30.613200
32.045400
29.858700
29.618100
28.349900
31.321000
32.629800
32.897300
31.830400
36.344300
31.498700
35.741000
38.592600
35.963500
35.309600
37.499800
36.321800
37.791600
35.466000
34.122300
33.688100
30.975500
23.783000
30.939000
31.731700
26.138200
24.856300
24.318500
26.561800
27.906100
22.096800
22.221400
24.707900
23.619200
24.741400
24.667500
25.179600
21.800300
20.929400
19.926100
19.282200
21.338700
27.375500
25.902900
21.196700
23.099900
20.188200
21.117600
20.191700
20.335400
21.408900
21.067900
15.567700
10.751000
11.593200
13.883100
12.463200
14.028600
15.065100
