0.134414
0.141504
0.131442
0.226986
0.172026
0.237713
0.165075
0.210869
0.164597
0.14664
0.19175
0.130828
0.168205
0.155181
0.134743
0.448262
0.342861
0.262837
0.188699
0.236264
0.280563
0.275277
0.223962
0.236444
0.208767
0.242702
0.280867
0.303807
0.339621
0.315318
0.303766
0.342331
0.386269
0.384339
0.381123
0.420146
0.355079
0.310778
0.358504
0.410952
0.418646
0.378734
0.468172
0.424351
0.466139
0.484562
0.505141
0.494956
0.497584
0.528828
0.469887
0.470441
0.613895
0.556344
0.514921
0.568657
0.608155
0.564023
0.43692
0.526696
0.556506
0.590905
0.578203
0.523283
0.691824
0.472607
0.489901
0.480943
0.596803
0.553183
0.582085
0.60839
0.562316
0.613623
0.755353
0.579904
0.58593
0.492937
0.676398
0.721532
0.715024
0.663324
0.702549
0.663419
0.67478
0.723971
0.654538
0.710336
0.70821
0.68575
0.684001
0.712667
0.65442
0.668203
0.73603
0.812136
0.73138
0.827684
0.748485
0.771093
0.699182
0.629295
0.713533
0.739395
0.727757
0.725914
0.730402
0.701629
0.67386
0.73682
0.765453
0.781921
0.734574
0.755761
0.708101
0.666605
0.691609
0.813938
0.762727
0.775188
0.766069
0.803954
0.819108
0.740352
0.802954
0.816112
0.806905
0.773411
0.725017
0.760344
0.746843
0.834219
0.801746
0.789542
0.85731
0.906518
0.928528
0.734639
0.724639
0.804283
0.769681
0.868243
0.791533
