0.0394297
0.0298965
0.0332424
0.0438255
0.0420004
0.0537013
0.0624219
0.0643722
0.0756772
0.0698729
0.083162
0.0976975
0.115011
0.111878
0.125312
0.106154
0.108354
0.1217
0.130282
0.125068
0.153331
0.155384
0.12363
0.124985
0.104273
0.137584
0.137468
0.161763
0.147308
0.190167
0.236059
0.210394
0.261214
0.289829
0.366227
0.300947
0.2751
0.24994
0.174104
0.206857
0.208463
0.199464
0.164263
0.204018
0.316713
0.239361
0.311404
0.308637
0.374008
0.287222
0.303743
0.277241
0.360859
0.34325
0.331584
0.247779
0.296516
0.292688
0.39298
0.31852
0.347975
0.438777
0.366322
0.336499
0.301604
0.421443
0.472598
0.457833
0.391622
0.373957
0.446955
0.376935
0.452933
0.444208
0.430006
0.450977
0.366367
0.333699
0.493808
0.481223
0.572739
0.428621
0.448228
0.3935
0.423741
0.554729
0.560199
0.350154
0.456522
0.504978
0.429733
0.53138
0.577132
0.513725
0.470471
0.470771
0.484885
0.587564
0.555409
0.546322
0.531537
0.55611
0.563332
0.630635
0.646796
0.605172
0.715522
0.70554
0.739599
0.684597
0.714076
0.718269
0.780724
0.767542
0.799367
0.695773
0.854056
0.766542
0.829793
0.815136
0.832927
0.739121
0.912435
0.987193
0.947184
0.962773
0.919892
1.00106
1.02727
0.935193
1.05012
0.92216
0.830262
0.876175
0.891456
1.03124
0.979339
1.01618
1.04119
1.1218
1.00607
0.921992
1.06936
1.02769
1.26562
1.10147
1.20444
1.05449
0.81826
0.91797
0.829975
0.746718
0.611311
0.610064
0.539131
0.53146
0.495061
