5.961580
5.883090
5.197230
8.218080
6.346520
6.503890
7.339290
6.987120
7.476180
7.099910
8.028610
7.495960
7.761670
7.389210
7.116060
7.751350
5.776400
6.820490
6.639850
8.362040
7.156500
8.983100
7.498680
7.223650
7.691070
6.394550
5.925350
5.059740
4.947630
4.707570
4.345660
4.631600
5.062580
5.285530
5.206580
5.500460
5.122750
4.022030
4.626090
4.340980
4.101690
3.521990
3.413260
3.617890
3.547570
3.900150
3.555640
6.000950
6.134830
5.832820
5.783530
6.768050
5.122640
5.545630
4.907410
4.666900
4.534970
4.787570
5.081380
4.864520
5.613340
4.979690
4.330510
4.842460
4.232850
4.387230
5.477210
4.547460
4.345200
4.833660
5.069750
5.666450
4.823950
4.529560
4.190270
4.582800
4.514340
5.485920
5.092420
4.604250
4.766710
5.091930
5.258840
6.613040
6.896120
6.142960
7.023810
7.186080
7.086420
6.932020
7.139040
6.040960
6.515020
5.336420
4.982620
5.749080
6.785730
6.512450
5.024560
5.457760
5.797090
5.759350
5.485030
4.176020
5.698370
4.554170
4.590950
4.624410
4.519220
4.152230
4.330300
4.090600
4.661140
4.200290
3.716040
5.283000
4.989640
4.172390
4.066770
4.931120
4.933930
3.943840
4.281890
4.324590
5.099470
5.227730
4.479150
5.202900
4.196110
4.481000
4.454860
4.649450
4.871640
5.151330
4.367830
4.780760
5.039540
5.386920
4.960800
4.331510
4.472380
4.598840
3.455110
3.997850
3.519160
3.933550
3.682940
3.654700
5.374020
4.804580
4.620960
3.922050
3.909510
3.289590
3.805240
3.899940
3.831540
3.977960
3.861780
3.762950
3.887440
3.825620
4.024620
3.678510
3.599430
3.430930
4.003890
3.735170
3.457290
3.329510
3.282640
3.583660
3.741200
3.058330
3.923910
3.922510
3.962060
3.735670
4.727460
3.789390
4.396550
3.619490
3.989090
4.008620
4.134710
3.695760
3.771460
4.029830
3.704490
5.048620
5.080610
3.891810
3.794050
3.540790
3.914060
4.453400
4.522450
4.623570
3.797780
4.397010
4.079910
4.153430
3.757000
3.624950
3.739570
3.959970
3.884940
3.774730
3.268760
4.011310
3.891410
4.015560
3.770530
3.469830
3.566300
3.529000
4.134060
3.577200
3.597200
3.366400
3.844260
3.534980
3.704030
3.228720
3.137790
3.657950
3.156160
3.325720
2.942220
3.002350
2.923050
3.046680
3.139490
3.254210
3.035250
3.270150
3.395420
3.172890
3.473580
3.210320
3.252050
3.384290
3.007470
3.328910
3.309880
3.253900
3.307020
3.314040
2.985750
3.458140
3.351460
3.531930
3.318630
3.205630
3.468810
3.777490
3.747890
3.611360
3.522230
3.662690
3.538810
3.973470
3.582760
3.726490
3.797270
3.589210
3.960350
3.211860
2.668820
3.177680
3.368680
3.136030
3.477480
3.283410
3.132440
3.085140
2.942020
2.591660
3.026990
2.736200
2.938550
3.391050
3.208930
2.955160
2.781930
2.927630
2.643750
2.380800
2.963110
3.029280
3.270330
2.942780
2.538540
2.439100
2.269860
2.588970
2.808520
3.151960
3.143950
2.875200
2.790280
2.041350
3.022820
3.107260
3.255880
3.359510
2.763910
3.511620
3.393200
2.964330
2.883210
3.409190
2.667300
2.269660
2.819110
3.471840
3.249020
2.984780
2.651180
2.400890
2.318870
3.127160
2.537450
2.800990
2.476970
2.926990
2.049290
2.669530
2.271780
2.941800
2.703690
2.662010
2.761980
2.565980
2.321520
2.106230
2.172600
3.292110
2.618640
2.693510
2.229240
2.713620
2.433580
3.665570
3.045160
3.112940
3.025990
2.604910
2.778070
2.379330
3.069460
2.801300
2.540950
2.883880
2.738200
2.617890
3.051810
2.485780
2.741270
3.123760
3.008090
2.551020
2.232640
2.613930
2.434090
2.492700
2.456290
2.563840
2.626600
2.709150
2.646210
2.599210
2.502270
2.451280
2.247350
2.822910
2.340990
3.047160
2.690220
2.536030
2.843100
2.614880
2.719860
2.663930
2.635400
2.804500
2.520440
2.524710
2.677080
2.811760
2.565830
2.879980
2.545820
2.583610
2.710750
2.491970
2.910190
2.279900
2.760830
2.524250
2.920050
2.558700
2.572350
2.488930
2.738370
2.744260
2.742090
3.124480
2.907410
2.639860
2.654290
2.380440
2.930140
2.582050
2.545480
2.995970
2.899300
2.606950
2.342810
2.411990
2.466680
2.705030
2.351900
1.965390
2.390860
2.486770
2.411450
2.362590
2.515020
2.621240
2.578900
2.728830
2.584100
2.199490
2.384250
2.427750
2.106680
2.263490
2.484440
2.184130
2.470650
2.408120
2.398650
2.601530
2.585380
2.517490
2.609170
2.334220
1.969390
2.075610
2.322660
2.209230
2.204030
1.608900
1.454510
1.419620
1.524040
1.825290
1.689070
2.101270
1.674320
1.754750
1.884090
1.819920
1.949740
2.663680
2.431530
1.780860
2.006600
1.332460
1.622810
1.469310
1.711660
1.548020
1.629840
1.728770
1.858080
1.870260
1.599090
1.957970
1.719030
1.528990
1.866660
2.069630
1.815450
2.004820
1.487660
1.630630
1.449120
1.595390
2.092960
1.208790
1.962160
2.029460
1.432210
1.937350
1.512850
1.449050
1.942300
2.024380
1.812390
1.956390
2.075790
1.889410
2.153780
2.093580
1.505010
1.642380
1.698230
1.458400
1.864820
1.508970
1.276170
